0.000000000000000000e+00 0.000000000000000000e+00 0.000000000000000000e+00 0.000000000000000000e+00 0.000000000000000000e+00 0.000000000000000000e+00 -9.666340631182697414e-12 -3.495707866987003502e-11 -2.996897200195466861e-11 -1.879542978290729240e-11 -1.766658042513184633e-11 -1.306984776291417395e-11 -9.257504126927555437e-12 -3.233433312041445258e-12 -3.080508102309523693e-12 -3.261413781788406828e-12 2.544202201960845437e-12 1.622814040043974895e-09 2.440446473753317099e-07 0.000000000000000000e+00
0.000000000000000000e+00 0.000000000000000000e+00 0.000000000000000000e+00 0.000000000000000000e+00 0.000000000000000000e+00 0.000000000000000000e+00 -1.738021542513490376e-12 -4.494639026120140443e-12 -9.033958220992424432e-12 -6.823324746033569166e-12 -9.183549179911751938e-12 -1.274523264304745539e-11 -1.065763327244015385e-11 -1.131047227862219934e-11 -1.070836398925735380e-11 -8.948925630562133182e-11 -2.570878187113386997e-07 1.607779506609000059e-09 2.437243519870777966e-07 0.000000000000000000e+00
0.000000000000000000e+00 0.000000000000000000e+00 0.000000000000000000e+00 0.000000000000000000e+00 0.000000000000000000e+00 0.000000000000000000e+00 -4.028578861838334205e-12 -1.315256005129200187e-11 -1.261055945327127357e-11 -9.503095601525679359e-12 -1.019189790253187325e-11 -1.110442102147781430e-11 -1.142398906227952036e-11 -9.989868198066882840e-12 -8.128856640038586439e-12 -6.176171335643302936e-12 -5.088333514162743696e-12 -3.020056155165312403e-09 3.526666914082228210e+00 0.000000000000000000e+00
0.000000000000000000e+00 0.000000000000000000e+00 0.000000000000000000e+00 0.000000000000000000e+00 0.000000000000000000e+00 0.000000000000000000e+00 5.763911721967753794e-13 -4.962203947249107332e-12 -3.634339940400602124e-12 -3.484558724470160443e-12 -2.644847228062430228e-12 -3.833672789399822785e-12 -5.865603276551887603e-12 -7.708293041192232747e-12 -7.581265828757346036e-12 -6.942183244424557979e-12 -7.014625200463744215e-12 -3.912309788744498031e-09 5.645584703878443023e+00 0.000000000000000000e+00
0.000000000000000000e+00 0.000000000000000000e+00 0.000000000000000000e+00 0.000000000000000000e+00 0.000000000000000000e+00 0.000000000000000000e+00 -6.350368700690548223e-10 -4.395293245021803843e-11 -3.559354320872868000e-10 -1.162093091830805962e-10 -1.494692248788507014e-10 -9.583876416069460626e-11 -2.974648051443839859e-12 -9.409957420727311789e-12 -4.241963983971144625e-12 -1.665584895673642699e-12 1.366891832136054114e-12 1.772506608206789874e-11 5.735227125420457708e-11 0.000000000000000000e+00
0.000000000000000000e+00 0.000000000000000000e+00 0.000000000000000000e+00 0.000000000000000000e+00 0.000000000000000000e+00 0.000000000000000000e+00 8.824839862984402247e-11 2.674086719754252069e-10 -1.376521701313453307e-10 -6.922741268834914704e-11 -1.577536665301040201e-12 -6.174690993243723646e-12 -7.684179386687397365e-12 -1.620233392374426908e-12 -6.838304165799669541e-13 -4.722318434665953532e-12 -1.065311411685462172e-10 1.855769151408669875e-11 5.684369231086159534e-11 0.000000000000000000e+00
0.000000000000000000e+00 0.000000000000000000e+00 0.000000000000000000e+00 0.000000000000000000e+00 0.000000000000000000e+00 0.000000000000000000e+00 1.452319103126809177e-10 1.266675876522533649e-10 -1.510404583738074898e-10 -6.941531517833826059e-11 2.448000893311387864e-12 5.448646499829253656e-12 -2.934158871641151785e-12 -1.511176787011356980e-12 1.375759635363826646e-12 -3.347185955709330625e-13 9.648120766186623958e-14 2.497250364312393813e-12 -5.762353988342098204e-08 0.000000000000000000e+00
0.000000000000000000e+00 0.000000000000000000e+00 0.000000000000000000e+00 0.000000000000000000e+00 0.000000000000000000e+00 0.000000000000000000e+00 4.016853645077893472e-10 1.856637701045587574e-10 -7.300804910245400252e-11 -4.814942072697633223e-11 5.714946926511208573e-11 4.293597219818894350e-11 -3.276921556016082800e-12 1.479006375627843114e-12 3.296248662314994927e-12 3.202916310526071843e-13 -6.458503471438105940e-13 -1.224738265656711348e-12 -7.071855580832319738e-08 0.000000000000000000e+00
0.000000000000000000e+00 0.000000000000000000e+00 0.000000000000000000e+00 0.000000000000000000e+00 0.000000000000000000e+00 0.000000000000000000e+00 -3.235387422178479835e-09 -1.685270688633553913e-10 -9.984233617625678513e-10 -3.604394794334450332e-10 -3.718538508220862140e-10 -3.662080093542887481e-10 -3.008402858055868508e-10 -5.142981012922418179e-11 -1.078251378177099194e-10 -3.885087743908755012e-11 3.879163903394553295e-11 4.011660581337427572e-10 3.113470554499775443e-10 0.000000000000000000e+00
0.000000000000000000e+00 0.000000000000000000e+00 0.000000000000000000e+00 0.000000000000000000e+00 0.000000000000000000e+00 0.000000000000000000e+00 -4.747455164188104994e-10 9.603823085466352872e-10 -6.623689076321505577e-11 -1.591814587527298998e-10 1.477868137976436761e-10 -5.196461699873354473e-11 -1.352621482610186348e-11 -1.106754149277503413e-11 -9.668315013074527113e-12 -7.985933005859409838e-11 1.044114663462496673e-09 4.399495573308846394e-10 3.038863782382271245e-10 0.000000000000000000e+00
0.000000000000000000e+00 0.000000000000000000e+00 0.000000000000000000e+00 0.000000000000000000e+00 0.000000000000000000e+00 0.000000000000000000e+00 7.483684584669932657e-11 4.738666276666724046e-10 -1.990331105050663833e-10 -1.464574394117917368e-10 1.260935439051251801e-10 3.474076790014164338e-11 1.626409806742345719e-11 7.905741418914693768e-12 4.080308636873558138e-12 -9.744660859647122218e-12 1.184197164940996700e-11 -3.753201862134932547e-11 -3.013255091688800262e-07 0.000000000000000000e+00
0.000000000000000000e+00 0.000000000000000000e+00 0.000000000000000000e+00 0.000000000000000000e+00 0.000000000000000000e+00 0.000000000000000000e+00 1.284619546244899579e-09 6.781701952106225036e-10 7.983305557743623530e-11 -5.745871306687472984e-11 3.064811024042524589e-10 1.678674690141961420e-10 1.297124159149176587e-10 2.650521435583529312e-11 4.278641699558534479e-11 3.635581478399336883e-12 -4.657665636234813712e-12 -1.531715077012943702e-10 -2.280218651264166120e-07 0.000000000000000000e+00
0.000000000000000000e+00 0.000000000000000000e+00 0.000000000000000000e+00 0.000000000000000000e+00 0.000000000000000000e+00 0.000000000000000000e+00 -1.633869179879420286e-11 2.124176379909638871e-11 -6.611882692165135714e-12 -2.905292717860205801e-11 1.323078401577206860e-11 2.177254961089803785e-11 1.116326010905407007e-11 -2.843100484979913637e-12 4.533732790554614326e-12 9.931501342958407549e-12 -2.046016099056740957e-11 -7.967629108330938002e-10 -4.176810627041957018e-06 0.000000000000000000e+00
0.000000000000000000e+00 0.000000000000000000e+00 0.000000000000000000e+00 0.000000000000000000e+00 0.000000000000000000e+00 0.000000000000000000e+00 -1.023993997804714119e-11 6.589648400898395635e-11 -1.145249283102204246e-10 -8.789853170738368925e-11 8.661204247347656837e-11 2.087376610758242943e-11 3.324043453731053258e-11 1.511766171473881987e-11 1.756547637289054476e-11 -2.134822952758008176e-10 -7.169761845897572785e-06 -9.180572311475443529e-10 -4.178355444244193919e-06 0.000000000000000000e+00
0.000000000000000000e+00 0.000000000000000000e+00 0.000000000000000000e+00 0.000000000000000000e+00 0.000000000000000000e+00 0.000000000000000000e+00 1.011490893928971669e-11 -1.131263906992316770e-11 1.904703271779233369e-12 -4.249250972829443470e-11 1.311529817505859716e-11 1.281309797517541847e-11 9.705414638868644027e-12 -9.588108185136186996e-13 1.178250676759775598e-12 8.619548118169829216e-12 -1.080173897846304070e-11 -1.230860753563551422e-09 -2.542799657443763905e+01 0.000000000000000000e+00
0.000000000000000000e+00 0.000000000000000000e+00 0.000000000000000000e+00 0.000000000000000000e+00 0.000000000000000000e+00 0.000000000000000000e+00 2.260016670878881737e-11 -1.723733955646381941e-11 3.463534477357841979e-14 -4.706727243540474649e-11 1.767188332718631543e-11 6.570919668240937426e-12 1.135823439055979184e-11 2.404463557993566544e-12 1.928171336920009285e-12 9.979306476929815802e-12 1.663719612165772465e-12 -1.141949846344213167e-09 -4.081976659572838884e+01 0.000000000000000000e+00
0.000000000000000000e+00 0.000000000000000000e+00 0.000000000000000000e+00 0.000000000000000000e+00 0.000000000000000000e+00 0.000000000000000000e+00 1.301489607326664623e-15 3.787758985367858489e-16 8.895861086787067310e-17 9.033082240421426098e-16 7.725304400664450362e-16 1.071183377478148126e-15 1.032368082768923077e-15 7.046271754363320709e-16 4.593349330833407590e-16 1.176858927435021530e-16 2.016241276875313738e-16 5.687572862698227295e-13 1.723583994503971291e-09 0.000000000000000000e+00
0.000000000000000000e+00 0.000000000000000000e+00 0.000000000000000000e+00 0.000000000000000000e+00 0.000000000000000000e+00 0.000000000000000000e+00 5.074553753036520974e-16 3.341842160640343927e-16 -5.193110167643181469e-17 1.709249628139190310e-16 4.693095978066935411e-16 9.232072753087277804e-16 7.057211956368980332e-16 3.732890705182907529e-16 2.141098916107734182e-16 2.167464508417537528e-16 6.414907288499738673e-13 6.422484508836483400e-13 1.723768908984105201e-09 0.000000000000000000e+00
0.000000000000000000e+00 0.000000000000000000e+00 0.000000000000000000e+00 0.000000000000000000e+00 0.000000000000000000e+00 0.000000000000000000e+00 -2.893156356252030651e-16 3.558330250235330553e-16 4.889849806026224817e-16 1.836246066060587523e-16 2.215286711136950071e-16 5.402358727380579397e-16 6.628353062299455739e-16 5.216497907827706471e-16 4.779685113395321887e-16 2.108419927877298924e-16 4.503304948113753432e-16 2.547227590634716105e-12 2.595826069376989259e-03 0.000000000000000000e+00
0.000000000000000000e+00 0.000000000000000000e+00 0.000000000000000000e+00 0.000000000000000000e+00 0.000000000000000000e+00 0.000000000000000000e+00 -4.527034599559342379e-16 3.021176109646247384e-16 9.523046142093600854e-16 2.055729023728454588e-16 3.351143631914350448e-16 8.769646997782761444e-16 9.347966479316222234e-16 7.661924545943135708e-16 6.573819067013515955e-16 2.858879650550627561e-16 9.343246597737605237e-16 3.483307046368122097e-12 4.114176258421163579e-03 0.000000000000000000e+00
0.000000000000000000e+00 0.000000000000000000e+00 0.000000000000000000e+00 0.000000000000000000e+00 0.000000000000000000e+00 0.000000000000000000e+00 -1.676187568499409955e-11 3.320677445279879309e-12 1.941015297946312746e-12 -3.621966949664436111e-12 -2.171617545989921478e-12 -2.112778914325747947e-12 -4.802738978557022446e-13 -3.749177902299584705e-13 -1.720920950160337274e-13 -4.440904831094249905e-14 4.159076999022063923e-14 7.942401753984676599e-13 3.096185919043200614e-12 0.000000000000000000e+00
0.000000000000000000e+00 0.000000000000000000e+00 0.000000000000000000e+00 0.000000000000000000e+00 0.000000000000000000e+00 0.000000000000000000e+00 -9.467259053533007998e-12 9.990745697158725025e-12 1.279355367572721116e-12 3.830985790037436819e-14 5.283665568992885460e-13 -4.354520642489268983e-13 1.372977268974230833e-13 6.137654396493546416e-14 7.021063945473577954e-14 4.139857752679071933e-14 -6.654101032448054775e-14 8.663875243206981087e-13 3.101430544118241739e-12 0.000000000000000000e+00
0.000000000000000000e+00 0.000000000000000000e+00 0.000000000000000000e+00 0.000000000000000000e+00 0.000000000000000000e+00 0.000000000000000000e+00 -6.216570879466239878e-12 3.739817475618604546e-12 7.620067544976588143e-13 1.216076228137208535e-12 9.938578731438230159e-13 3.583916090817047170e-13 2.735554194012768774e-13 3.478864650542684871e-14 8.742506884561060348e-14 1.318259254440770256e-14 -1.983917275406883685e-14 -1.354316959841861607e-13 -1.091405191240094218e-09 0.000000000000000000e+00
0.000000000000000000e+00 0.000000000000000000e+00 0.000000000000000000e+00 0.000000000000000000e+00 0.000000000000000000e+00 0.000000000000000000e+00 -2.347706989295068543e-12 5.348214489636079279e-12 -1.500332675599518962e-14 2.655040872871293975e-12 2.080723145763527289e-12 1.027521040482499099e-12 4.862179765401607874e-13 1.947388341130458444e-13 1.638287778290715881e-13 3.286148679934450907e-14 -5.186823738066950564e-14 -3.573597271222146066e-13 -1.256971575076531100e-09 0.000000000000000000e+00
0.000000000000000000e+00 0.000000000000000000e+00 0.000000000000000000e+00 0.000000000000000000e+00 0.000000000000000000e+00 0.000000000000000000e+00 -9.483837366807358822e-11 1.627433737761914099e-11 5.939273835313989226e-12 -1.016807198093309818e-11 -1.220974628350347044e-11 -6.973582937192852993e-12 -2.790535212064212340e-12 -2.336744208213994762e-12 -1.246064213185509021e-12 -2.421466674937259360e-13 3.692566532717382463e-13 6.983617323680877704e-12 1.771951786690043969e-11 0.000000000000000000e+00
0.000000000000000000e+00 0.000000000000000000e+00 0.000000000000000000e+00 0.000000000000000000e+00 0.000000000000000000e+00 0.000000000000000000e+00 -5.032919754588908629e-11 3.036896364219787935e-11 5.481499528551663687e-12 -4.661821565454635142e-12 8.779338051039527241e-14 -3.204876228724115160e-13 9.988746053885634848e-13 1.210826610761285048e-13 3.832680837870225586e-13 3.709636499484090555e-13 -1.466721726478484038e-13 8.029380749886630910e-12 1.804406506199048931e-11 0.000000000000000000e+00
0.000000000000000000e+00 0.000000000000000000e+00 0.000000000000000000e+00 0.000000000000000000e+00 0.000000000000000000e+00 0.000000000000000000e+00 -3.394893725158569409e-11 2.540249387591012178e-11 8.380556143498689345e-13 -4.964301071505920809e-13 1.931775046366115642e-12 1.134227002170190519e-12 2.339231208560308594e-12 4.130181570127087773e-13 4.039539199910403692e-13 1.797916694894897623e-13 -2.452626561864674657e-13 -4.928068507940809647e-13 2.481264937581696714e-08 0.000000000000000000e+00
0.000000000000000000e+00 0.000000000000000000e+00 0.000000000000000000e+00 0.000000000000000000e+00 0.000000000000000000e+00 0.000000000000000000e+00 -1.100333116671347143e-11 2.967149529663107416e-11 -2.198481619639764888e-12 2.050095238403531237e-12 7.133898553448262828e-12 3.525373860174627035e-12 3.814522987541127088e-12 1.262064995634867978e-12 8.967478696538370639e-13 3.484412484534412419e-13 -5.638290954238912639e-13 -2.944431135471615466e-12 3.356582812691298701e-08 0.000000000000000000e+00
0.000000000000000000e+00 0.000000000000000000e+00 0.000000000000000000e+00 0.000000000000000000e+00 0.000000000000000000e+00 0.000000000000000000e+00 1.284341703394856398e-12 -6.793745352759744274e-13 -1.151243248695601512e-12 -1.353778157722380944e-12 -2.143927753034179617e-13 5.528347040946044804e-13 -7.332524377328671441e-14 2.289933167366294785e-13 -2.237028944193397694e-13 -8.620135016529979274e-14 -8.208902912035470185e-14 -1.758757873140642795e-11 -2.169355809489768461e-07 0.000000000000000000e+00
0.000000000000000000e+00 0.000000000000000000e+00 0.000000000000000000e+00 0.000000000000000000e+00 0.000000000000000000e+00 0.000000000000000000e+00 -2.220886859862210336e-12 -4.155615136804034181e-12 -3.501276134185326527e-12 -1.180277588669980451e-12 1.264576992979499567e-12 1.537186489435221585e-12 2.887298103711115667e-13 4.661672643746350645e-14 -1.475830171738917461e-13 1.276655778699117488e-12 -2.427492772941534902e-08 -1.228481849391697648e-11 -2.170249687491247158e-07 0.000000000000000000e+00
0.000000000000000000e+00 0.000000000000000000e+00 0.000000000000000000e+00 0.000000000000000000e+00 0.000000000000000000e+00 0.000000000000000000e+00 2.497200290296479513e-13 -1.386427017293258884e-12 -1.163735920848837028e-12 -1.159165303429667434e-12 -3.945363903803459248e-13 3.478772783898662431e-13 3.878129430023098826e-14 1.432260780683844948e-13 -1.977359841164063747e-13 -1.313351132982244237e-13 3.146367845797639152e-14 -9.060169298295283262e-11 -1.016307965391339385e+00 0.000000000000000000e+00
0.000000000000000000e+00 0.000000000000000000e+00 0.000000000000000000e+00 0.000000000000000000e+00 0.000000000000000000e+00 0.000000000000000000e+00 -6.059321404438181106e-13 -1.265075508875175136e-12 -1.240259069779667273e-12 -9.907517937995627999e-13 -3.112874349874425390e-13 1.995506989822062762e-13 1.173233904965345568e-13 5.072502240987589048e-14 -1.903123979302153538e-13 -1.639243083934371989e-13 -1.072174229975806833e-14 -1.267156197125662478e-10 -1.616349627385472942e+00 0.000000000000000000e+00
0.000000000000000000e+00 0.000000000000000000e+00 0.000000000000000000e+00 0.000000000000000000e+00 0.000000000000000000e+00 0.000000000000000000e+00 2.250069730402084104e-12 1.333179499683230512e-12 4.479402395965599884e-13 8.965352514082326030e-13 1.046961553013927175e-12 1.573875927352578427e-12 1.518401658239342736e-12 1.210352195509762374e-12 7.525598693280372868e-13 2.811544312764471128e-13 8.984776794112791782e-13 8.148169093978188441e-11 8.870737555021037976e-09 0.000000000000000000e+00
0.000000000000000000e+00 0.000000000000000000e+00 0.000000000000000000e+00 0.000000000000000000e+00 0.000000000000000000e+00 0.000000000000000000e+00 3.002292453231322219e-13 1.611312293835365896e-13 4.273774815680855317e-13 3.525412825481064026e-13 5.145207482038673098e-13 6.139753158996045733e-13 4.219508567529182130e-13 3.230167444443874375e-13 3.292944238694078658e-13 2.147798122619714606e-12 4.901263078105752425e-09 9.694483903470027694e-11 8.867546976344756948e-09 0.000000000000000000e+00
0.000000000000000000e+00 0.000000000000000000e+00 0.000000000000000000e+00 0.000000000000000000e+00 0.000000000000000000e+00 0.000000000000000000e+00 6.013909727067933974e-13 4.504577932085752710e-13 2.079293277431282074e-13 3.595759636298145759e-13 4.125434265451276280e-13 6.716062175148901400e-13 6.355014266759639302e-13 5.099462461848506784e-13 3.533418289115054620e-13 1.894025714065616728e-13 5.089103649098072513e-13 5.825789113889581773e-11 1.526570582491608430e-02 0.000000000000000000e+00
0.000000000000000000e+00 0.000000000000000000e+00 0.000000000000000000e+00 0.000000000000000000e+00 0.000000000000000000e+00 0.000000000000000000e+00 1.604938301700337153e-13 1.729393582070580598e-13 1.635261885223615434e-13 2.017929114639468483e-13 2.525835437776434492e-13 4.292337690715552391e-13 4.237155104712713098e-13 3.488628772595735783e-13 2.661306544813326259e-13 1.704069685692664836e-13 3.199371993964070008e-13 6.715839512959782597e-11 2.403052410445767617e-02 0.000000000000000000e+00
0.000000000000000000e+00 0.000000000000000000e+00 0.000000000000000000e+00 0.000000000000000000e+00 0.000000000000000000e+00 0.000000000000000000e+00 -4.645802632884467361e-10 -2.500072433869919932e-10 -7.601565985419427095e-11 -1.044795675120337297e-10 -2.296979592822523234e-11 -5.217770248404552405e-11 -3.548039724932904483e-11 -1.585945593675769308e-11 -9.242671344108012901e-12 -2.423468213327303549e-12 3.044040246157838714e-12 1.857577228167482916e-11 2.288846370970600454e-11 0.000000000000000000e+00
0.000000000000000000e+00 0.000000000000000000e+00 0.000000000000000000e+00 0.000000000000000000e+00 0.000000000000000000e+00 0.000000000000000000e+00 6.106875311947337899e-11 -2.131412686173103463e-11 3.336536613856537735e-11 -3.643868762779061007e-11 -2.076382371013968818e-11 1.375227360830059345e-12 4.824009439067057157e-12 -8.904565929006667364e-13 -1.408035820540138334e-12 -2.629989141436858781e-12 1.080608002188577884e-11 2.110069120236712446e-11 2.263461654738251091e-11 0.000000000000000000e+00
0.000000000000000000e+00 0.000000000000000000e+00 0.000000000000000000e+00 0.000000000000000000e+00 0.000000000000000000e+00 0.000000000000000000e+00 -1.897031933406369341e-10 -1.315753718505606879e-10 -4.669601483609876718e-11 -4.952800900429752977e-11 -1.137522061776527160e-11 -2.194661212763377613e-11 -1.182573518778198630e-11 -5.626661226886346692e-12 -3.193006675703498170e-12 -5.246420514816099725e-13 1.525903700046831939e-12 4.385424045434170241e-12 5.650932537906524145e-10 0.000000000000000000e+00
0.000000000000000000e+00 0.000000000000000000e+00 0.000000000000000000e+00 0.000000000000000000e+00 0.000000000000000000e+00 0.000000000000000000e+00 -3.236959419117803355e-11 -6.055879881301638499e-11 -2.017833788558108701e-11 -2.341104517148567443e-11 -6.573772343609392734e-12 -5.152634772304923140e-12 7.888223049996629714e-13 -6.071390103940798600e-13 -2.350073295853917616e-13 6.182807625242915671e-13 3.587294164828804467e-13 -1.279100345684851657e-13 2.898854654625667198e-10 0.000000000000000000e+00
0.000000000000000000e+00 0.000000000000000000e+00 0.000000000000000000e+00 0.000000000000000000e+00 0.000000000000000000e+00 0.000000000000000000e+00 -9.155263362700356915e-10 -9.639127571693204507e-10 -1.613936493932465270e-10 -4.458100560257673124e-10 -1.154575093373395286e-10 -2.129032160286351621e-10 -8.102066947180884184e-11 -6.192165514642246823e-13 3.400921947413617389e-12 -6.228253731345348899e-13 -1.782815577122303054e-12 1.039276003749927123e-11 -6.635024967094765364e-11 0.000000000000000000e+00
0.000000000000000000e+00 0.000000000000000000e+00 0.000000000000000000e+00 0.000000000000000000e+00 0.000000000000000000e+00 0.000000000000000000e+00 6.613590443703370532e-10 -2.192707379322660138e-10 1.264435086127825459e-10 -9.915620107254635786e-11 -3.964124946204645808e-11 -6.654439964970018143e-11 7.508128674634323040e-12 4.342247324673637335e-13 1.068575820216588971e-11 -1.888839416425162566e-12 2.334500085093228755e-10 1.538831225010836185e-11 -6.715449198771979667e-11 0.000000000000000000e+00
0.000000000000000000e+00 0.000000000000000000e+00 0.000000000000000000e+00 0.000000000000000000e+00 0.000000000000000000e+00 0.000000000000000000e+00 -1.240570376228072356e-10 -6.006917631264382131e-10 -6.975145442580674682e-11 -1.997572536033484349e-10 -3.688845598526918822e-11 -1.113444010917689562e-10 -3.596000664477192778e-11 4.153403789505097738e-12 8.398515825309448001e-12 3.620804813154081893e-13 -1.186632396987691882e-12 1.705817215307006803e-14 -8.143212113130438700e-08 0.000000000000000000e+00
0.000000000000000000e+00 0.000000000000000000e+00 0.000000000000000000e+00 0.000000000000000000e+00 0.000000000000000000e+00 0.000000000000000000e+00 2.972502562601124497e-10 -3.754685095785169200e-10 6.304559038593269224e-12 -7.817269412188748430e-11 -5.550218388729099342e-13 -6.207275741952952167e-11 -1.017848196655785686e-11 5.193747745920587225e-12 1.019794927130934040e-11 9.316486662769418249e-13 -7.282035583583049601e-13 -4.811996037041817700e-12 -1.063024825291499088e-07 0.000000000000000000e+00
0.000000000000000000e+00 0.000000000000000000e+00 0.000000000000000000e+00 0.000000000000000000e+00 0.000000000000000000e+00 0.000000000000000000e+00 -3.657027878748080446e-11 3.528926548885475681e-11 4.530937638872935566e-13 -1.794188293007188575e-11 -1.433762773171017159e-12 8.861958909468565731e-12 -3.664039605138609924e-12 -7.073753173624903956e-12 -2.783064684675615969e-12 -1.043075383075818231e-12 -1.069533969779044768e-11 -4.094345305756830870e-10 -3.046703628969020954e-07 0.000000000000000000e+00
0.000000000000000000e+00 0.000000000000000000e+00 0.000000000000000000e+00 0.000000000000000000e+00 0.000000000000000000e+00 0.000000000000000000e+00 -1.549594968038162438e-10 -3.568335931024802899e-12 -4.410204872684603039e-12 1.047499870460101500e-11 2.977431398402636050e-11 -5.869914922939431694e-12 -7.668282180768405959e-12 -1.744854529180023827e-11 -8.826113995566560039e-12 1.906775245515609627e-11 6.819610964985741859e-07 -4.835985082959765524e-10 -3.049425567408287109e-07 0.000000000000000000e+00
0.000000000000000000e+00 0.000000000000000000e+00 0.000000000000000000e+00 0.000000000000000000e+00 0.000000000000000000e+00 0.000000000000000000e+00 -4.444939781409950715e-11 3.933225472661463399e-11 -4.267820582806511591e-13 -1.780042627546157060e-11 -1.847968580963264424e-12 6.571614096060397286e-12 -2.759987346995248574e-12 -9.451702860467520947e-12 -3.673281386292676449e-12 -2.132696897785789989e-12 -7.887327384414766750e-12 -4.809751435300957200e-10 -2.375837239179157123e+00 0.000000000000000000e+00
0.000000000000000000e+00 0.000000000000000000e+00 0.000000000000000000e+00 0.000000000000000000e+00 0.000000000000000000e+00 0.000000000000000000e+00 -5.524264856502899311e-11 4.905981350157747417e-11 -1.289556316091160506e-12 -1.612692184834523686e-11 -1.442396390287359081e-12 4.660174855303063688e-12 -4.011451053859504415e-12 -1.164229520671957569e-11 -4.334824377549189705e-12 -2.789997245595177263e-12 -6.351514828727018783e-12 -3.984868898291132611e-10 -3.796746907038894836e+00 0.000000000000000000e+00
0.000000000000000000e+00 0.000000000000000000e+00 0.000000000000000000e+00 0.000000000000000000e+00 0.000000000000000000e+00 0.000000000000000000e+00 6.915181274233065733e-15 2.968931538938352202e-15 -2.060941769086646978e-15 -4.506220302907605642e-16 -4.634398467412848628e-15 -9.513002341345661943e-15 -6.960815905714560583e-15 -4.550639926187332040e-15 -3.197742116520941757e-15 -1.923471193581919435e-15 -1.555475801705093414e-15 8.828899502931503642e-14 1.244217856103246485e-09 0.000000000000000000e+00
0.000000000000000000e+00 0.000000000000000000e+00 0.000000000000000000e+00 0.000000000000000000e+00 0.000000000000000000e+00 0.000000000000000000e+00 -2.056316235807608324e-15 1.889159890483774605e-15 -2.249884659784454147e-15 -9.559475332310446322e-16 -3.165387356187349683e-15 -4.729885057947626234e-15 -2.727721401584044355e-15 -3.251673737736333221e-15 -3.545910035533670772e-15 -1.640406684214889942e-14 2.765462611876589218e-11 6.213276743440320517e-14 1.244398270293205243e-09 0.000000000000000000e+00
0.000000000000000000e+00 0.000000000000000000e+00 0.000000000000000000e+00 0.000000000000000000e+00 0.000000000000000000e+00 0.000000000000000000e+00 -4.305152660031390026e-16 -1.774028739183346328e-15 -2.534015272199338454e-15 -2.097141535795852692e-15 -3.118447100924363294e-15 -5.634341620962857261e-15 -4.130452230939603042e-15 -2.998994003727555837e-15 -2.373525708588051509e-15 -1.807837801075401030e-15 -3.659812443608217593e-16 9.528282991613857948e-13 2.064500292879070317e-03 0.000000000000000000e+00
0.000000000000000000e+00 0.000000000000000000e+00 0.000000000000000000e+00 0.000000000000000000e+00 0.000000000000000000e+00 0.000000000000000000e+00 1.055106742242115942e-15 -1.887401549047802268e-15 -4.419261346145893536e-16 -9.566364100152218164e-16 -1.947445764140391381e-15 -3.221879092710509870e-15 -2.455958403589706883e-15 -2.365612831917830985e-15 -2.205491748851298566e-15 -1.905437957301435455e-15 3.070342616660140848e-16 1.305935513707244882e-12 3.298007067782599347e-03 0.000000000000000000e+00
0.000000000000000000e+00 0.000000000000000000e+00 0.000000000000000000e+00 0.000000000000000000e+00 0.000000000000000000e+00 0.000000000000000000e+00 -4.104145345912455032e-11 -7.976228243713456457e-12 -7.497285048652156675e-13 -1.165862772600887628e-11 -3.387171890824586177e-12 -3.318240777267127019e-12 -1.417691792560159876e-12 -5.690653156685746464e-13 -2.240527701449053756e-13 -2.252087644225700508e-14 7.916952350827389427e-14 1.109404021788221259e-12 2.716950652285078386e-12 0.000000000000000000e+00
0.000000000000000000e+00 0.000000000000000000e+00 0.000000000000000000e+00 0.000000000000000000e+00 0.000000000000000000e+00 0.000000000000000000e+00 -2.468613030980540516e-11 -1.434911711062410957e-12 1.625861945495525184e-12 -2.968000107788231546e-13 -1.056712129756780330e-12 -1.677954874338414970e-12 -4.547491515042247835e-13 1.328417015347864104e-13 3.428213695147124010e-14 5.093308543898851718e-13 -3.960609141531415702e-12 1.263764434619378854e-12 2.662360805193449068e-12 0.000000000000000000e+00
0.000000000000000000e+00 0.000000000000000000e+00 0.000000000000000000e+00 0.000000000000000000e+00 0.000000000000000000e+00 0.000000000000000000e+00 -4.833337329312548283e-12 -3.291798222019482414e-12 -2.889307590453460045e-13 -2.421421822512487598e-12 -6.424959918451091210e-13 -9.770069513928293240e-13 -7.380702698160266497e-13 2.598030867521278000e-14 3.290703152970830282e-14 5.547885511483123039e-14 5.777159771718626791e-15 4.902197368266754284e-14 1.224369973726969011e-09 0.000000000000000000e+00
0.000000000000000000e+00 0.000000000000000000e+00 0.000000000000000000e+00 0.000000000000000000e+00 0.000000000000000000e+00 0.000000000000000000e+00 6.626212634051654272e-12 -9.505180778894450474e-13 -4.327120072168395152e-13 2.027424927319487820e-12 6.407807967833288370e-13 -7.249739939275004163e-14 -4.190697759490682526e-13 2.583252024053034690e-13 1.273489375421903514e-13 8.884381334473138707e-14 -4.254597090245437546e-14 -2.855016754692221938e-13 1.568908946172683892e-09 0.000000000000000000e+00
0.000000000000000000e+00 0.000000000000000000e+00 0.000000000000000000e+00 0.000000000000000000e+00 0.000000000000000000e+00 0.000000000000000000e+00 -2.173967930250038576e-10 -6.618078180546862359e-11 -2.226919397075074838e-12 -3.201693319993397742e-11 -5.296978451762411114e-12 -7.821876081944578621e-12 -1.161451613111496081e-12 -1.487986451169648506e-12 -8.097629571574100284e-13 -1.301584535644753578e-13 2.209267593654927958e-13 1.925197216851496625e-12 -6.588259683990598870e-12 0.000000000000000000e+00
0.000000000000000000e+00 0.000000000000000000e+00 0.000000000000000000e+00 0.000000000000000000e+00 0.000000000000000000e+00 0.000000000000000000e+00 -1.784234789150735358e-10 -3.538000167780597764e-11 1.134788686450236458e-11 -1.861331017784476428e-11 7.265815880459019927e-12 -9.476469222047917466e-12 -3.316653803782947641e-13 4.412748004533612057e-13 -1.905366131951204021e-13 2.383562841096950885e-12 -3.512581478799185145e-11 2.339642484481118867e-12 -6.481310490333479577e-12 0.000000000000000000e+00
0.000000000000000000e+00 0.000000000000000000e+00 0.000000000000000000e+00 0.000000000000000000e+00 0.000000000000000000e+00 0.000000000000000000e+00 -6.394062872564644288e-11 -3.220848397437907733e-11 -2.370096568024199002e-13 -1.317462820333137394e-11 3.873791693578113812e-13 -4.991118543022729729e-12 -8.522304221074871647e-13 4.917225972657028222e-13 -1.776740079341969337e-13 -5.231665337854941536e-14 -1.505166343647753400e-14 1.570697755398345140e-12 -1.950114096631041166e-08 0.000000000000000000e+00
0.000000000000000000e+00 0.000000000000000000e+00 0.000000000000000000e+00 0.000000000000000000e+00 0.000000000000000000e+00 0.000000000000000000e+00 -1.659669361164622854e-11 -1.262421089395868973e-11 -3.520813369160680579e-13 -5.058987950192799789e-12 4.814225518758681169e-12 -4.385810126566993848e-12 -5.889755331884474054e-13 1.197945028931422153e-12 2.620049390759972184e-15 -2.855024631024208908e-14 -1.092014581685539222e-13 1.674968559014195123e-12 -2.367209935245539587e-08 0.000000000000000000e+00
0.000000000000000000e+00 0.000000000000000000e+00 0.000000000000000000e+00 0.000000000000000000e+00 0.000000000000000000e+00 0.000000000000000000e+00 -1.902038603906767006e-12 8.381658184635446494e-13 1.839365959795485892e-12 3.157702723053512068e-12 4.473935932234895735e-13 1.605399057932719137e-13 1.270997954299180119e-12 -3.676353093220679179e-13 -2.844024312559841042e-14 -2.937658922729106603e-13 -6.680978472318268742e-13 -4.187937629437765368e-11 -2.146482583497531788e-07 0.000000000000000000e+00
0.000000000000000000e+00 0.000000000000000000e+00 0.000000000000000000e+00 0.000000000000000000e+00 0.000000000000000000e+00 0.000000000000000000e+00 3.315362751811075695e-12 4.639145354985616895e-12 7.707137469292154457e-12 1.706869493200044534e-12 -1.051939824925389721e-12 4.934066962624776703e-12 2.460539475861909308e-12 -3.102096485663437272e-13 9.052745427794383886e-13 -1.329236289536069511e-12 3.056057250616881907e-07 -4.390164580176754769e-11 -2.147879304460651937e-07 0.000000000000000000e+00
0.000000000000000000e+00 0.000000000000000000e+00 0.000000000000000000e+00 0.000000000000000000e+00 0.000000000000000000e+00 0.000000000000000000e+00 -6.317666083165312312e-14 2.525451395493629790e-12 2.229718249781369171e-12 2.142347895907202876e-12 -1.541203805221828395e-13 4.612995502796929751e-13 1.101166736206588382e-12 -4.215918673854808544e-13 1.628565360732744924e-13 -2.533054790221913973e-13 -1.772882508202593811e-13 -1.071843970294250603e-10 -9.312457927256786450e-01 0.000000000000000000e+00
0.000000000000000000e+00 0.000000000000000000e+00 0.000000000000000000e+00 0.000000000000000000e+00 0.000000000000000000e+00 0.000000000000000000e+00 1.717341668736396741e-12 4.338532778945447230e-12 2.592706112611360749e-12 1.443939363811017496e-12 -5.433875412350391020e-13 9.946769717479267284e-13 1.171802958765608113e-12 -4.123263241172154424e-13 1.881034404214066560e-13 -1.653943179776293008e-13 2.505987238404504863e-13 -1.235585169355604601e-10 -1.475020787810639611e+00 0.000000000000000000e+00
0.000000000000000000e+00 0.000000000000000000e+00 0.000000000000000000e+00 0.000000000000000000e+00 0.000000000000000000e+00 0.000000000000000000e+00 2.074762884441242794e-12 1.265836100400873370e-12 4.784673970522098063e-13 8.851347641737641323e-13 9.715016651094030393e-13 1.493339911149583147e-12 1.460117167764228734e-12 1.174448206390536778e-12 7.285408543945036628e-13 2.682071753491210188e-13 8.769711508819884021e-13 7.783775561902768370e-11 1.422526911165645192e-08 0.000000000000000000e+00
0.000000000000000000e+00 0.000000000000000000e+00 0.000000000000000000e+00 0.000000000000000000e+00 0.000000000000000000e+00 0.000000000000000000e+00 2.690537070635447224e-13 1.320577827072091342e-13 3.580245279254896422e-13 3.769249357599214228e-13 4.736922388064938650e-13 5.815053642325201619e-13 4.031870493191244189e-13 3.103297024893013309e-13 3.212147584744085444e-13 2.150762121589363517e-12 4.692847458432670830e-09 9.171360719413346769e-11 1.422520086045214039e-08 0.000000000000000000e+00
0.000000000000000000e+00 0.000000000000000000e+00 0.000000000000000000e+00 0.000000000000000000e+00 0.000000000000000000e+00 0.000000000000000000e+00 5.814301042886467638e-13 4.045342154801007203e-13 2.170992803982863868e-13 3.722741845653493144e-13 3.781384525508794610e-13 6.446258934005096311e-13 6.198996928015447728e-13 5.009189576204840404e-13 3.399362087848534308e-13 1.792024280710891417e-13 4.970626950942460885e-13 6.153625970966917024e-11 3.001372749343785701e-02 0.000000000000000000e+00
0.000000000000000000e+00 0.000000000000000000e+00 0.000000000000000000e+00 0.000000000000000000e+00 0.000000000000000000e+00 0.000000000000000000e+00 1.457739862571564581e-13 1.346077910020618366e-13 1.485927669192835642e-13 2.237418205978691117e-13 2.262253258288695207e-13 4.063229310078504034e-13 4.058425710505789473e-13 3.368857001165591925e-13 2.534434533474520127e-13 1.600247431835477573e-13 3.098131495393249420e-13 7.134600405954082058e-11 4.783907921667546193e-02 0.000000000000000000e+00
0.000000000000000000e+00 0.000000000000000000e+00 0.000000000000000000e+00 0.000000000000000000e+00 0.000000000000000000e+00 0.000000000000000000e+00 -4.459870426651504719e-10 -2.266550049645337793e-10 -7.745500120734848488e-11 -1.070993846821620511e-10 -2.244243889520951072e-11 -5.085536860661462209e-11 -3.387685939958539507e-11 -1.497400967081538672e-11 -8.863425878897311509e-12 -2.324556233048488145e-12 2.964684048296721786e-12 1.699109845224686497e-11 2.019596089854911230e-11 0.000000000000000000e+00
0.000000000000000000e+00 0.000000000000000000e+00 0.000000000000000000e+00 0.000000000000000000e+00 0.000000000000000000e+00 0.000000000000000000e+00 9.628162470414669533e-11 5.590445273215842881e-12 3.386746897813403739e-11 -3.979101674799691708e-11 -2.339723878678396439e-11 7.944575143025925638e-13 4.844036178775892734e-12 -7.214214073880953821e-13 -1.486687200419225271e-12 -2.577678920321881423e-12 1.350355066571383026e-11 1.925819299174026279e-11 2.000669749729442200e-11 0.000000000000000000e+00
0.000000000000000000e+00 0.000000000000000000e+00 0.000000000000000000e+00 0.000000000000000000e+00 0.000000000000000000e+00 0.000000000000000000e+00 -1.927824483897929114e-10 -1.162199661724631189e-10 -4.640216933060297936e-11 -4.855593323199018561e-11 -1.265705474287518560e-11 -2.183891056667483529e-11 -1.178946566314259026e-11 -5.478529200988296680e-12 -3.149367056038597249e-12 -5.204041052254609105e-13 1.509308663866171372e-12 3.705639707751280288e-12 -8.115971254364505624e-10 0.000000000000000000e+00
0.000000000000000000e+00 0.000000000000000000e+00 0.000000000000000000e+00 0.000000000000000000e+00 0.000000000000000000e+00 0.000000000000000000e+00 -3.907154582319313731e-11 -4.648397045279504344e-11 -1.872520730294118808e-11 -2.256634584380966615e-11 -9.033496699881169470e-12 -5.679631462134541407e-12 2.648021400062985038e-13 -6.949030468555224204e-13 -3.604705551288928897e-13 5.704102262607912933e-13 3.833247691157542381e-13 -4.292216538355990451e-13 -1.495677084566064453e-09 0.000000000000000000e+00
0.000000000000000000e+00 0.000000000000000000e+00 0.000000000000000000e+00 0.000000000000000000e+00 0.000000000000000000e+00 0.000000000000000000e+00 -8.866339256094103008e-10 -9.222825965090450549e-10 -1.576981322474746708e-10 -4.389750091001536588e-10 -1.122838278893687405e-10 -2.064139972250425650e-10 -7.922846356705608363e-11 -4.185664318504817414e-13 3.029107700696044707e-12 -1.979252285390448469e-14 -1.752660706021727968e-12 1.207365178720909594e-11 -9.710949933632732303e-11 0.000000000000000000e+00
0.000000000000000000e+00 0.000000000000000000e+00 0.000000000000000000e+00 0.000000000000000000e+00 0.000000000000000000e+00 0.000000000000000000e+00 6.516094885019226501e-10 -1.397641524960163307e-10 9.719564435350381966e-11 -1.069721555386663642e-10 -5.189384746940439459e-11 -6.305506672768963709e-11 9.321792481322966806e-12 1.618020101988240546e-12 1.080859553985835822e-11 -1.063076988573173976e-12 2.448247885228423431e-10 1.522290932263497291e-11 -9.738723712492957948e-11 0.000000000000000000e+00
0.000000000000000000e+00 0.000000000000000000e+00 0.000000000000000000e+00 0.000000000000000000e+00 0.000000000000000000e+00 0.000000000000000000e+00 -1.669386150927104573e-10 -5.293375733194088844e-10 -6.415569991306713097e-11 -1.935379680597603108e-10 -3.415153297774280498e-11 -1.060155403318999233e-10 -3.603165785954960261e-11 4.700948197755389113e-12 8.467299279902851421e-12 8.211649739492387393e-13 -1.260595267877020921e-12 -1.136444511447554491e-11 -3.646441551949961818e-08 0.000000000000000000e+00
0.000000000000000000e+00 0.000000000000000000e+00 0.000000000000000000e+00 0.000000000000000000e+00 0.000000000000000000e+00 0.000000000000000000e+00 2.303512613679465147e-10 -2.899553648721860997e-10 1.019990903132862573e-11 -7.788506858096448540e-11 -1.113149765602216307e-12 -5.829468523177109284e-11 -1.066867936896983372e-11 5.953624913749627808e-12 1.028701707618192503e-11 1.296302117134555089e-12 -9.404830511046926307e-13 -1.819318781909236806e-11 -4.500914801258448472e-08 0.000000000000000000e+00
0.000000000000000000e+00 0.000000000000000000e+00 0.000000000000000000e+00 0.000000000000000000e+00 0.000000000000000000e+00 0.000000000000000000e+00 -2.710436194048781529e-11 2.685468514438695409e-11 3.236978226520364016e-12 -1.570284202999395726e-11 -1.570413590391322813e-12 1.110332631168000834e-11 -3.424541844542021721e-12 -6.365325606022530974e-12 -3.047086914380045752e-12 -1.709946465966118984e-12 -9.731786019500909147e-12 -3.597029540521353281e-10 -4.437971490966290666e-07 0.000000000000000000e+00
0.000000000000000000e+00 0.000000000000000000e+00 0.000000000000000000e+00 0.000000000000000000e+00 0.000000000000000000e+00 0.000000000000000000e+00 -1.305992713327431912e-10 7.140839607478190816e-12 -6.382345116191970584e-12 1.468508964698143113e-11 3.931199686899784936e-11 7.153179635680834966e-13 -5.541897108038226947e-12 -1.592200374678403805e-11 -8.750083466308295708e-12 2.126884698654871005e-11 6.891494319193970374e-07 -4.551980496616898385e-10 -4.440817645474122309e-07 0.000000000000000000e+00
0.000000000000000000e+00 0.000000000000000000e+00 0.000000000000000000e+00 0.000000000000000000e+00 0.000000000000000000e+00 0.000000000000000000e+00 -3.300049012308039183e-11 3.555498819949159403e-11 1.809326693969890936e-12 -1.399413160515913879e-11 5.203484990768948522e-13 9.616853853910542757e-12 -2.263881081356497748e-12 -8.007555807768170525e-12 -4.360223899832946679e-12 -2.895714109948428052e-12 -7.004309038618683341e-12 -5.100977679843636294e-10 -1.635783708485591514e+00 0.000000000000000000e+00
0.000000000000000000e+00 0.000000000000000000e+00 0.000000000000000000e+00 0.000000000000000000e+00 0.000000000000000000e+00 0.000000000000000000e+00 -4.449324279802158183e-11 4.602984072927157290e-11 4.838075388689618283e-13 -1.205571587944429390e-11 1.969660455439786254e-12 8.204413148548071415e-12 -3.234647104084703589e-12 -9.737333046844046070e-12 -5.209540078726107041e-12 -3.696619822720695294e-12 -5.671047915777028024e-12 -4.482432614540416451e-10 -2.596442094066663486e+00 0.000000000000000000e+00
0.000000000000000000e+00 0.000000000000000000e+00 0.000000000000000000e+00 0.000000000000000000e+00 0.000000000000000000e+00 0.000000000000000000e+00 -1.263160419931094524e-11 -1.983454566314704351e-11 -1.962365718909325568e-11 -2.180053104195152578e-11 -2.085688806486474063e-11 -1.930175176169389960e-11 -1.100961288109590391e-11 -3.452561350117943065e-12 -3.315328576611558017e-12 -2.533562975964287477e-12 3.199429757278547686e-12 1.612036537698869606e-09 -1.294217667711768627e-07 0.000000000000000000e+00
0.000000000000000000e+00 0.000000000000000000e+00 0.000000000000000000e+00 0.000000000000000000e+00 0.000000000000000000e+00 0.000000000000000000e+00 -7.211445482979525558e-12 -6.439815157075383019e-12 -5.921383607431517867e-12 -7.413719555573682091e-12 -8.893106385861364692e-12 -1.261311488986797187e-11 -1.050587136035269600e-11 -9.727436586456937009e-12 -1.074827751136360297e-11 -9.368045276288488043e-11 -9.374434690448150767e-08 1.533051960469736678e-09 -1.299628620545330262e-07 0.000000000000000000e+00
0.000000000000000000e+00 0.000000000000000000e+00 0.000000000000000000e+00 0.000000000000000000e+00 0.000000000000000000e+00 0.000000000000000000e+00 -1.042817086226013386e-11 -8.100222332313754595e-12 -9.888158743243271526e-12 -1.002976410437055681e-11 -1.251402663278670772e-11 -1.441406801205197573e-11 -1.301020561788583037e-11 -9.880276063269337475e-12 -8.466343721292420772e-12 -5.605172441399005714e-12 -4.577215923202651063e-12 -3.333924705869066735e-09 6.966007323880833546e+00 0.000000000000000000e+00
0.000000000000000000e+00 0.000000000000000000e+00 0.000000000000000000e+00 0.000000000000000000e+00 0.000000000000000000e+00 0.000000000000000000e+00 -4.703721617457562201e-12 -5.157735150315441994e-12 -3.404744331923790880e-12 -3.388359455185600510e-12 -3.905484083777085813e-12 -5.458776337225854045e-12 -6.798761521391705764e-12 -7.218683575508532443e-12 -7.970624810317988996e-12 -6.574854077930081665e-12 -6.896811197512654427e-12 -4.392816054149351486e-09 1.113873696519655709e+01 0.000000000000000000e+00
0.000000000000000000e+00 0.000000000000000000e+00 0.000000000000000000e+00 0.000000000000000000e+00 0.000000000000000000e+00 0.000000000000000000e+00 -1.156218892755163033e-09 -4.948877502340918451e-10 -4.612232347663957919e-10 -2.938814337550985082e-10 -1.634571745691092641e-10 -1.705182335409716267e-10 -4.553653791713215142e-11 -2.687561929535155166e-11 -1.446722021564785071e-11 -3.980443662961510281e-12 4.568079974884668126e-12 3.697997583336480510e-11 1.063207459897233329e-10 0.000000000000000000e+00
0.000000000000000000e+00 0.000000000000000000e+00 0.000000000000000000e+00 0.000000000000000000e+00 0.000000000000000000e+00 0.000000000000000000e+00 2.309225944859399693e-10 -4.892289442176633479e-11 -2.575704674931719703e-10 -1.238448381909809301e-10 -1.107714850541205761e-11 -1.320639112792086570e-11 -5.723068187445717011e-12 -2.557426070761504827e-12 -5.582430631786166754e-13 -6.714939359309678778e-12 -1.240392420664295898e-10 4.029315636733159090e-11 1.052602649299601212e-10 0.000000000000000000e+00
0.000000000000000000e+00 0.000000000000000000e+00 0.000000000000000000e+00 0.000000000000000000e+00 0.000000000000000000e+00 0.000000000000000000e+00 -4.644581878104689646e-11 -1.683836213295314959e-10 -2.307660384241458503e-10 -1.455854789560598484e-10 -4.713270216411820613e-12 -2.658233417194565606e-11 -1.921422886425823253e-11 -7.802597570639603943e-12 -1.244420409954693259e-12 -7.819309230696750961e-13 1.599210747430228765e-12 3.939195929571963043e-12 -4.418451327786800876e-08 0.000000000000000000e+00
0.000000000000000000e+00 0.000000000000000000e+00 0.000000000000000000e+00 0.000000000000000000e+00 0.000000000000000000e+00 0.000000000000000000e+00 3.913461912617625225e-10 -2.997104558216444502e-11 -1.418961556119083633e-10 -7.871544561392276326e-11 5.183849460378649257e-11 3.326637548030214460e-11 -4.921539296853716808e-12 6.979155953018378829e-13 3.962371258428155098e-12 1.051999743541750429e-12 -3.751666341995210160e-13 -4.527373090647610133e-12 -5.122571184338471226e-08 0.000000000000000000e+00
0.000000000000000000e+00 0.000000000000000000e+00 0.000000000000000000e+00 0.000000000000000000e+00 0.000000000000000000e+00 0.000000000000000000e+00 -4.275706284220679859e-09 -1.660439471688388978e-09 -1.171626425850339719e-09 -9.462385172866396123e-10 -4.136342557330472307e-10 -6.168885327353091590e-10 -3.830883582629244897e-10 -4.934811124928326391e-11 -1.100264880638343636e-10 -4.137576864459235394e-11 3.907124942775475743e-11 4.306295720586733445e-10 4.779980226972606909e-10 0.000000000000000000e+00
0.000000000000000000e+00 0.000000000000000000e+00 0.000000000000000000e+00 0.000000000000000000e+00 0.000000000000000000e+00 0.000000000000000000e+00 8.992545525319376867e-10 3.266301901839357137e-10 -2.916953744799293287e-10 -2.129889758596200922e-10 9.480554051531132098e-11 -2.022965345130212848e-10 -7.998717549562275517e-12 -1.649322368413055205e-11 6.824156809476719134e-12 -1.086481829153615991e-10 4.225287385957375149e-10 4.685934724656248993e-10 4.586620610968589884e-10 0.000000000000000000e+00
0.000000000000000000e+00 0.000000000000000000e+00 0.000000000000000000e+00 0.000000000000000000e+00 0.000000000000000000e+00 0.000000000000000000e+00 7.301839167346406776e-11 -4.936997054318141190e-10 -1.907544700048988697e-10 -3.845730598666172607e-10 1.078182749834938969e-10 -1.059057868033279772e-10 -3.055186361865543373e-11 1.864259464652877845e-11 1.303278203145878141e-11 -1.165104185969843283e-11 1.020189827269805227e-11 -4.546264666458376131e-11 -6.494376440516205708e-07 0.000000000000000000e+00
0.000000000000000000e+00 0.000000000000000000e+00 0.000000000000000000e+00 0.000000000000000000e+00 0.000000000000000000e+00 0.000000000000000000e+00 1.833469507971639987e-09 -6.461269010193433346e-12 1.215727039840772743e-10 -1.224085782452777281e-10 2.957303846836435650e-10 7.421307610405540485e-11 1.113786855329869302e-10 3.658687227418998145e-11 5.571047434801901057e-11 2.344189274135138964e-12 -6.908016677477565052e-12 -1.696797540342425916e-10 -6.403059300425735176e-07 0.000000000000000000e+00
0.000000000000000000e+00 0.000000000000000000e+00 0.000000000000000000e+00 0.000000000000000000e+00 0.000000000000000000e+00 0.000000000000000000e+00 -9.012762948445282520e-11 1.290331413280877384e-10 2.449060691879069586e-11 -3.351434494771661798e-11 2.084182433255190193e-11 5.025584499037196836e-11 2.918751680779474201e-12 -1.181082295841397379e-11 -4.236111697835406351e-13 8.998393053034291685e-12 -2.960008173310783798e-11 -1.401906757731802117e-09 -5.413097479992958684e-06 0.000000000000000000e+00
0.000000000000000000e+00 0.000000000000000000e+00 0.000000000000000000e+00 0.000000000000000000e+00 0.000000000000000000e+00 0.000000000000000000e+00 -2.972864376887027132e-10 3.132344663557773543e-10 -1.061630941428135996e-10 -1.146193330044136388e-10 2.037789608998941960e-10 3.872481878736407892e-11 3.362208311292209257e-11 -2.570692564959094961e-12 4.424383134302328131e-12 -1.639302349419231415e-10 -7.302154048841896020e-06 -1.597612068696152781e-09 -5.414556096635304131e-06 0.000000000000000000e+00
0.000000000000000000e+00 0.000000000000000000e+00 0.000000000000000000e+00 0.000000000000000000e+00 0.000000000000000000e+00 0.000000000000000000e+00 -5.993394845513607086e-11 1.183029297836753056e-10 1.589550327714330670e-11 -4.812641862719031856e-11 1.248623065764514953e-11 4.812153393066859470e-11 -1.153042656485665918e-12 -6.393073140680411444e-12 -4.186511650648104738e-12 7.554659604491903154e-12 -1.592846743602357431e-11 -2.610241097968471520e-09 -1.484439716087591954e+01 0.000000000000000000e+00
0.000000000000000000e+00 0.000000000000000000e+00 0.000000000000000000e+00 0.000000000000000000e+00 0.000000000000000000e+00 0.000000000000000000e+00 -6.234844749468022895e-11 1.382317954603955000e-10 8.819140407983292708e-12 -5.340594218483945614e-11 1.942352018565758860e-11 4.360510639323386708e-11 -7.631819447135536571e-14 -2.058851397071706978e-12 -4.395208348157613984e-12 8.350106815331497830e-12 -8.419302932198511365e-13 -2.702401926522745507e-09 -2.368659102468392419e+01 0.000000000000000000e+00
