0.000000000000000000e+00 0.000000000000000000e+00 0.000000000000000000e+00 0.000000000000000000e+00 0.000000000000000000e+00 0.000000000000000000e+00 -1.509920023356299738e-11 -1.151761842700190335e-11 -1.153106281446657379e-11 -2.258135259423500995e-11 -2.431104636609707306e-11 -2.622690524327916869e-11 -1.250531680524496167e-11 -6.505096600624878685e-12 -4.616182532773006593e-12 -3.337055664155267004e-12 5.756698297575196093e-13 1.369578764102034977e-09 7.508991627452886316e-08 0.000000000000000000e+00
0.000000000000000000e+00 0.000000000000000000e+00 0.000000000000000000e+00 0.000000000000000000e+00 0.000000000000000000e+00 0.000000000000000000e+00 -1.371665216730976744e-11 -6.314810783593181416e-12 -9.192641198424352383e-12 -8.106126190276019887e-12 -1.130780557888728837e-11 -1.386547524469466721e-11 -1.255751116562565274e-11 -1.170642376130652768e-11 -1.284534339094520423e-11 -1.078763765668580156e-10 -1.234140787323345095e-07 1.276738642773172654e-09 7.461044470571489709e-08 0.000000000000000000e+00
0.000000000000000000e+00 0.000000000000000000e+00 0.000000000000000000e+00 0.000000000000000000e+00 0.000000000000000000e+00 0.000000000000000000e+00 -6.131121069466274839e-12 -8.654759696780021749e-12 -6.868683247385631483e-12 -1.054709909290721145e-11 -1.331213823748167364e-11 -1.564611571605397860e-11 -1.357343572667211161e-11 -1.121066540695192203e-11 -9.070501594707074307e-12 -6.003635755700412221e-12 -6.183434885580365862e-12 -3.109398998575872222e-09 -1.096544495859692603e+00 0.000000000000000000e+00
0.000000000000000000e+00 0.000000000000000000e+00 0.000000000000000000e+00 0.000000000000000000e+00 0.000000000000000000e+00 0.000000000000000000e+00 -2.075319361519152132e-12 -4.338436146435214299e-12 -3.142565189918826014e-12 -3.219212571899255156e-12 -5.068174127696320576e-12 -6.018892704605442320e-12 -7.976927088917328697e-12 -8.295221582631713703e-12 -8.526651412064150771e-12 -6.853799266545781287e-12 -8.054161047642687407e-12 -4.042668097200383512e-09 -1.344967736566577088e+00 0.000000000000000000e+00
0.000000000000000000e+00 0.000000000000000000e+00 0.000000000000000000e+00 0.000000000000000000e+00 0.000000000000000000e+00 0.000000000000000000e+00 -1.294354613304697744e-10 3.079115216839614938e-10 -2.486543523819713214e-10 -9.746334471604073862e-11 8.071204043249087908e-11 -9.910751499040256030e-11 -3.484502333289105423e-11 7.089148817305479980e-12 -6.445619048214447860e-12 -3.804211848969297274e-12 2.276254530620673185e-12 2.008974436438756080e-11 2.896884230775059358e-11 0.000000000000000000e+00
0.000000000000000000e+00 0.000000000000000000e+00 0.000000000000000000e+00 0.000000000000000000e+00 0.000000000000000000e+00 0.000000000000000000e+00 -1.014895025404821129e-10 1.802742943290752456e-10 3.040749771665839782e-11 3.802214591512023107e-12 -6.059712185830657724e-12 -3.669096938995062350e-12 -1.653240811726218779e-12 1.072668968164490950e-12 -1.900478521823426875e-12 -8.129917037258979908e-12 -1.593332180046742332e-11 2.213415531933216409e-11 2.968476843546913715e-11 0.000000000000000000e+00
0.000000000000000000e+00 0.000000000000000000e+00 0.000000000000000000e+00 0.000000000000000000e+00 0.000000000000000000e+00 0.000000000000000000e+00 -1.175715141976009849e-10 1.289520696614185583e-10 2.643983086796795155e-11 2.574584504547360849e-11 -1.105365590844493450e-11 -1.494735198517966716e-11 -5.043073353986683147e-12 2.231692190808368289e-13 -5.648207910276464579e-14 -1.470470401710223707e-12 7.350709936423268581e-13 -1.936529960905900990e-12 -6.827904548076173285e-09 0.000000000000000000e+00
0.000000000000000000e+00 0.000000000000000000e+00 0.000000000000000000e+00 0.000000000000000000e+00 0.000000000000000000e+00 0.000000000000000000e+00 -1.134140973733521626e-10 6.258799634545513589e-11 1.280700507541603327e-10 6.917253283972772090e-11 -4.341232585348447116e-11 2.050676139696776929e-11 6.353854097002428703e-12 -2.472554400267657265e-12 2.110934020159882371e-12 -3.764802724463229890e-13 -1.567148891495133427e-13 -7.492488909082034672e-12 -9.794108089213111122e-09 0.000000000000000000e+00
0.000000000000000000e+00 0.000000000000000000e+00 0.000000000000000000e+00 0.000000000000000000e+00 0.000000000000000000e+00 0.000000000000000000e+00 -5.609774599075321856e-10 1.893425092834604590e-10 -1.676713418789872377e-10 9.724410830319810154e-11 -2.814599453952772420e-10 -2.616969847530284224e-10 -1.208062957930140024e-10 -8.831790909559811630e-11 -2.814879003411092560e-11 -3.337968496886586954e-11 2.766666361218845102e-11 3.082969917065987586e-10 8.825930957214910049e-10 0.000000000000000000e+00
0.000000000000000000e+00 0.000000000000000000e+00 0.000000000000000000e+00 0.000000000000000000e+00 0.000000000000000000e+00 0.000000000000000000e+00 -2.949743446644176701e-10 3.438367445655791664e-10 -2.159564478109513231e-10 -6.774881958458665480e-11 5.473351874425517097e-11 8.593335149774543525e-11 2.181170081957483469e-11 -1.153285011622398907e-12 -2.722175815003019882e-12 -8.449530215718745926e-11 1.381746922420283365e-09 3.330695224940878418e-10 8.813737175932549914e-10 0.000000000000000000e+00
0.000000000000000000e+00 0.000000000000000000e+00 0.000000000000000000e+00 0.000000000000000000e+00 0.000000000000000000e+00 0.000000000000000000e+00 -4.735140566261434285e-10 3.646497613534681698e-10 -2.810722022758709476e-10 1.816327150307476490e-12 6.145968742197490028e-11 3.300644574391995365e-11 -2.837106990382622443e-13 -1.601348987338650766e-12 -3.481335504022131412e-12 -1.453937772370130472e-11 3.793076869814174966e-12 5.037896235871621879e-12 8.587573229962047881e-07 0.000000000000000000e+00
0.000000000000000000e+00 0.000000000000000000e+00 0.000000000000000000e+00 0.000000000000000000e+00 0.000000000000000000e+00 0.000000000000000000e+00 -3.543878963651688373e-10 4.145875554431094134e-10 -3.047004532261972059e-10 6.163958187077305743e-13 1.800462023751515911e-10 1.522593946777620657e-10 5.010360718301459737e-11 2.695224224400293244e-11 6.199878751878212655e-12 -5.957777242888287332e-12 -1.119710590377622550e-11 -6.140450605368401464e-11 9.267363355547815320e-07 0.000000000000000000e+00
0.000000000000000000e+00 0.000000000000000000e+00 0.000000000000000000e+00 0.000000000000000000e+00 0.000000000000000000e+00 0.000000000000000000e+00 -1.078435005172544647e-11 3.821912629585404276e-11 -2.012438343193893087e-11 -2.120605815314424715e-11 -2.136819248697833527e-11 -8.807107041481506982e-12 -2.617846240563815482e-11 -3.888530617465777002e-12 -9.126727851395096444e-12 -7.455439072308676453e-12 -3.278024705182236382e-11 -9.298257231018979777e-10 -3.609673980410637325e-06 0.000000000000000000e+00
0.000000000000000000e+00 0.000000000000000000e+00 0.000000000000000000e+00 0.000000000000000000e+00 0.000000000000000000e+00 0.000000000000000000e+00 6.370442721847201926e-12 -7.738882086918576920e-11 -9.003957255462348127e-11 -6.781458389179552614e-12 3.473005918586567516e-11 1.157807527088644371e-11 5.631143610396886669e-13 2.037768243125252966e-11 2.637772594663792866e-11 -2.742557670550082707e-10 3.701470234770542090e-05 -1.035129741152297337e-09 -3.611778888732774505e-06 0.000000000000000000e+00
0.000000000000000000e+00 0.000000000000000000e+00 0.000000000000000000e+00 0.000000000000000000e+00 0.000000000000000000e+00 0.000000000000000000e+00 -1.546747950930973196e-11 4.455598429852059172e-11 -1.862619874183955228e-11 -2.912553812116540640e-11 -1.210512448306994314e-11 -3.312701579317695704e-12 -2.002024866918788781e-11 6.174052786719827646e-12 -2.674904059540913794e-12 -3.751922811534964204e-12 -1.701512751664716956e-11 -3.893623400283794491e-10 1.758125400341536526e+00 0.000000000000000000e+00
0.000000000000000000e+00 0.000000000000000000e+00 0.000000000000000000e+00 0.000000000000000000e+00 0.000000000000000000e+00 0.000000000000000000e+00 -3.219988269555311849e-11 4.784812805815233516e-11 -1.916874066643589635e-11 -3.446296256993071235e-11 -4.419856916324860075e-12 2.426478437229336934e-12 -1.557340808792092758e-11 1.084883859463646402e-11 -6.611100161239817160e-14 -2.541307243445959857e-12 -4.885407857136042566e-12 -3.699613899543270373e-10 3.749654171375519152e+00 0.000000000000000000e+00
0.000000000000000000e+00 0.000000000000000000e+00 0.000000000000000000e+00 0.000000000000000000e+00 0.000000000000000000e+00 0.000000000000000000e+00 1.557340682021671286e-15 1.139312979939522989e-15 1.251613451925473795e-15 1.070531381179150441e-15 1.166107920202774635e-15 1.006268792864109302e-15 9.950542065027217468e-16 7.598458113815382924e-16 4.679885645773872943e-16 1.432948769134038855e-16 2.225748836595329324e-16 5.793308710824208359e-13 2.136256403819293390e-09 0.000000000000000000e+00
0.000000000000000000e+00 0.000000000000000000e+00 0.000000000000000000e+00 0.000000000000000000e+00 0.000000000000000000e+00 0.000000000000000000e+00 -1.090382458670348647e-15 1.479439509928799707e-15 2.145774284653534435e-16 4.065490720973774624e-16 1.000631101203970213e-15 9.734294006589574371e-16 7.552450323623992907e-16 3.714327387492267217e-16 2.162033472542402768e-16 2.235909741204413135e-16 9.835707120144712597e-13 6.614873396843126997e-13 2.136666400254747966e-09 0.000000000000000000e+00
0.000000000000000000e+00 0.000000000000000000e+00 0.000000000000000000e+00 0.000000000000000000e+00 0.000000000000000000e+00 0.000000000000000000e+00 -5.023651226657554603e-16 6.705872874398594256e-16 1.213158901065974603e-16 3.338633642007762740e-16 5.277973112104781756e-16 6.830731105840391925e-16 6.965048954957561686e-16 4.587857578619937553e-16 4.802535948020384201e-16 2.189794784898882091e-16 4.676697896706242468e-16 2.510759844235854517e-12 3.828140994843852105e-03 0.000000000000000000e+00
0.000000000000000000e+00 0.000000000000000000e+00 0.000000000000000000e+00 0.000000000000000000e+00 0.000000000000000000e+00 0.000000000000000000e+00 -7.798397804723231769e-16 1.004745035786077916e-15 2.747107629939416484e-17 6.720892716309294673e-16 7.284151732263447562e-16 9.679075322902243672e-16 1.061133521532269918e-15 6.899047996753698854e-16 6.537472718927154702e-16 2.873656864308187141e-16 9.679826918812335904e-16 3.402999687156315504e-12 5.920203568777076403e-03 0.000000000000000000e+00
0.000000000000000000e+00 0.000000000000000000e+00 0.000000000000000000e+00 0.000000000000000000e+00 0.000000000000000000e+00 0.000000000000000000e+00 -5.906553157947766512e-12 5.253001409966933797e-12 -6.898672002049293187e-12 -3.654157539515288686e-12 -1.757740927057763103e-12 -1.982875296071366509e-12 -7.425082360946767111e-13 -4.411959808420462053e-13 -1.627634880446075050e-13 -4.480769293559267440e-14 4.370496483392601876e-14 6.965788805536481259e-13 -6.622096815818365287e-13 0.000000000000000000e+00
0.000000000000000000e+00 0.000000000000000000e+00 0.000000000000000000e+00 0.000000000000000000e+00 0.000000000000000000e+00 0.000000000000000000e+00 4.450808352110996479e-13 -3.445177043759496903e-13 -2.359458877988554159e-12 -1.649786272330392765e-12 5.561519190780459824e-13 -1.520840309420920123e-13 -8.711445714298787030e-15 -1.013583820043599373e-14 6.150008044876989404e-14 4.053017898087985878e-14 -1.898939521167305951e-13 7.480692621521855376e-13 -6.521399078855314888e-13 0.000000000000000000e+00
0.000000000000000000e+00 0.000000000000000000e+00 0.000000000000000000e+00 0.000000000000000000e+00 0.000000000000000000e+00 0.000000000000000000e+00 -7.246588944838952297e-13 6.240816723298999184e-13 -8.183846524930520386e-13 1.991944430278718330e-12 2.451719305903040830e-13 3.618600146517941343e-13 1.803572493252092185e-13 1.446698757748538602e-14 5.832384039069902765e-14 1.115041170673067185e-14 -2.034232330431553279e-14 -1.667230752583896133e-13 -7.390436222845274333e-10 0.000000000000000000e+00
0.000000000000000000e+00 0.000000000000000000e+00 0.000000000000000000e+00 0.000000000000000000e+00 0.000000000000000000e+00 0.000000000000000000e+00 9.063893588451027398e-13 -1.901970962179878248e-12 1.190282794714431253e-12 3.496057939885341671e-12 1.079444047353272868e-12 1.078124996154237113e-12 4.771350267030462167e-13 1.612842443627312585e-13 1.311303738315879291e-13 3.209881500542559177e-14 -5.378388181146895276e-14 -3.719465783451134366e-13 -7.979711464638559662e-10 0.000000000000000000e+00
0.000000000000000000e+00 0.000000000000000000e+00 0.000000000000000000e+00 0.000000000000000000e+00 0.000000000000000000e+00 0.000000000000000000e+00 -2.545792494422102651e-11 6.453227391078633004e-12 -2.102843689492894324e-11 -2.023623057085816008e-11 -1.312421994494285882e-11 -7.110173267304266260e-12 -3.523014325393369641e-12 -2.387643797095068396e-12 -1.164097123320988968e-12 -3.539433304582055004e-13 3.603250272140720942e-13 7.803030102393480404e-12 -1.575046297451471682e-11 0.000000000000000000e+00
0.000000000000000000e+00 0.000000000000000000e+00 0.000000000000000000e+00 0.000000000000000000e+00 0.000000000000000000e+00 0.000000000000000000e+00 3.793725712810965365e-13 7.326922985365749774e-12 -1.505695431485710128e-11 -1.121592980075827798e-11 -3.837317952617084831e-12 2.894169937536769996e-13 9.117469141230186957e-13 -5.963613591163015581e-13 3.153246734411593404e-13 3.752878747771946757e-13 -5.504988261376009130e-12 8.229801407540241141e-12 -1.562094509232811267e-11 0.000000000000000000e+00
0.000000000000000000e+00 0.000000000000000000e+00 0.000000000000000000e+00 0.000000000000000000e+00 0.000000000000000000e+00 0.000000000000000000e+00 -7.012542583818170429e-12 1.008690508816555715e-11 -3.962911017015157197e-12 6.347605829505193428e-12 7.075430696401729472e-13 1.857686151764038319e-12 1.430482166593610239e-12 -2.970323622077201918e-13 4.582207545669162334e-13 1.556630958838750937e-13 -2.356966112289795433e-13 -3.288661161698482291e-12 4.297359867184813969e-08 0.000000000000000000e+00
0.000000000000000000e+00 0.000000000000000000e+00 0.000000000000000000e+00 0.000000000000000000e+00 0.000000000000000000e+00 0.000000000000000000e+00 2.438410422071923763e-12 8.093876422097071635e-12 3.991249258986548794e-13 1.384682005460017332e-11 4.831967978579485666e-12 4.693399644859124166e-12 3.196249737242011421e-12 3.740760647688094587e-13 9.375824543902040811e-13 3.425561102260204002e-13 -5.256398098520812255e-13 -5.828599411052201776e-12 4.857206193906945887e-08 0.000000000000000000e+00
0.000000000000000000e+00 0.000000000000000000e+00 0.000000000000000000e+00 0.000000000000000000e+00 0.000000000000000000e+00 0.000000000000000000e+00 -1.172119413754972709e-13 -9.371843444010007694e-13 -1.325197992342701529e-12 -2.242156033246142108e-13 -1.992934823003418827e-13 3.722910445962171956e-13 2.614750247764837342e-14 -1.890392949003408186e-13 -1.951261553153821868e-13 -1.403205500921281407e-13 -1.204651621002525492e-13 -2.439439984074933977e-11 -7.147007090207957359e-08 0.000000000000000000e+00
0.000000000000000000e+00 0.000000000000000000e+00 0.000000000000000000e+00 0.000000000000000000e+00 0.000000000000000000e+00 0.000000000000000000e+00 -1.666782211737512300e-12 -4.881330497437219220e-12 -7.569986653983073188e-13 -1.798869335990528273e-12 -1.091026980047727837e-12 1.343737354631028187e-12 -9.332302958235741995e-14 -1.460743050810287415e-13 -6.988298433580966262e-14 7.981769556377734552e-13 1.476962123773976771e-09 -3.845551228637238005e-11 -7.151496046581738103e-08 0.000000000000000000e+00
0.000000000000000000e+00 0.000000000000000000e+00 0.000000000000000000e+00 0.000000000000000000e+00 0.000000000000000000e+00 0.000000000000000000e+00 -7.526024604066842069e-13 -2.345536512757551778e-13 -1.596768929912218587e-12 -4.316558233008874289e-13 -3.549345633008137172e-13 2.872154482958676453e-13 -1.172055325762997812e-13 -1.463607024496118224e-13 -2.140539790441896690e-13 -1.996525554642956228e-13 -5.839439854942139133e-16 -4.626793781151126916e-11 -5.062542813764138172e-01 0.000000000000000000e+00
0.000000000000000000e+00 0.000000000000000000e+00 0.000000000000000000e+00 0.000000000000000000e+00 0.000000000000000000e+00 0.000000000000000000e+00 -1.021817116041033511e-12 -5.259862958608258257e-13 -1.704293514025059132e-12 -4.410183751973145788e-13 -4.801609819317897932e-13 2.334219422962082026e-13 -2.057198752320962164e-13 -1.575971899071566689e-13 -2.216707704614226954e-13 -2.587509386098791482e-13 2.892987396139509750e-14 -5.368628079257635388e-11 -7.876900231820631593e-01 0.000000000000000000e+00
0.000000000000000000e+00 0.000000000000000000e+00 0.000000000000000000e+00 0.000000000000000000e+00 0.000000000000000000e+00 0.000000000000000000e+00 4.336048953544885430e-13 3.658008594601439740e-13 7.900035355990127231e-13 6.097997788639903152e-13 7.372398821217923543e-13 1.233611731904048662e-12 1.058630818027315333e-12 8.779475903690801258e-13 5.062761769654455093e-13 1.646919858454577678e-13 6.459925489708183021e-13 5.441719953091266373e-11 6.401509629981984378e-09 0.000000000000000000e+00
0.000000000000000000e+00 0.000000000000000000e+00 0.000000000000000000e+00 0.000000000000000000e+00 0.000000000000000000e+00 0.000000000000000000e+00 8.607368951837152395e-14 1.349654319428636442e-13 1.339019747961986248e-13 1.564403855709326280e-13 1.225330605442184660e-13 2.573700332713883521e-13 1.511476803964682187e-13 1.482663436211640630e-13 2.200328018061429587e-13 1.684684630195957930e-12 3.286859922216398621e-09 6.555421535848338451e-11 6.402110372366922032e-09 0.000000000000000000e+00
0.000000000000000000e+00 0.000000000000000000e+00 0.000000000000000000e+00 0.000000000000000000e+00 0.000000000000000000e+00 0.000000000000000000e+00 2.761546334180149777e-13 1.209796647812304522e-13 3.589033342017859076e-13 2.238500154544694863e-13 2.641081967300491605e-13 5.236977415585037027e-13 4.433487661124288163e-13 3.526556231375940990e-13 1.979883856571555200e-13 1.033526645967705827e-13 3.394334557782854878e-13 3.462385921130624449e-11 9.097120442353522074e-03 0.000000000000000000e+00
0.000000000000000000e+00 0.000000000000000000e+00 0.000000000000000000e+00 0.000000000000000000e+00 0.000000000000000000e+00 0.000000000000000000e+00 1.640482015886014909e-13 6.784913102944234116e-14 1.696337426518058781e-13 1.086689361978312776e-13 1.158746640966745969e-13 2.705764881198541192e-13 2.435880903983979844e-13 1.969343901852915417e-13 1.332932347493722867e-13 1.025432963567947168e-13 2.090286842142288013e-13 4.150317731412898896e-11 1.464279290086040186e-02 0.000000000000000000e+00
0.000000000000000000e+00 0.000000000000000000e+00 0.000000000000000000e+00 0.000000000000000000e+00 0.000000000000000000e+00 0.000000000000000000e+00 4.403515600488896141e-12 -1.827995627739101268e-11 -1.245358397930154934e-10 -5.655292041589800459e-11 -9.054495258999938731e-11 -5.911953883730177803e-11 -2.032527830508839895e-11 -1.517477185339052390e-11 -8.756294221413066637e-12 -2.780650259864782324e-12 2.608642910364952069e-12 1.714181660601748714e-11 2.151327784855274954e-11 0.000000000000000000e+00
0.000000000000000000e+00 0.000000000000000000e+00 0.000000000000000000e+00 0.000000000000000000e+00 0.000000000000000000e+00 0.000000000000000000e+00 5.688051445499894292e-11 9.290048513994211800e-11 -5.737952756427674333e-11 3.972244249043589355e-13 1.066453903925700469e-11 -1.374953900294530079e-11 -5.865424619197861658e-13 -1.775782508767435302e-12 -1.789635459071053877e-12 -2.002190829372758280e-12 1.754247384669436844e-12 1.935911999147272836e-11 2.152650393006984758e-11 0.000000000000000000e+00
0.000000000000000000e+00 0.000000000000000000e+00 0.000000000000000000e+00 0.000000000000000000e+00 0.000000000000000000e+00 0.000000000000000000e+00 2.930334584726713335e-11 5.920334332248442900e-12 -7.412961417341142670e-11 -1.689230008995637208e-11 -4.571681916024295065e-11 -3.013648187766299602e-11 -8.257307345179251739e-12 -7.294712104874537509e-12 -3.600082061628059266e-12 -1.097931581794501384e-12 1.147232983486066352e-12 5.179143980326688074e-12 6.953213797704041708e-09 0.000000000000000000e+00
0.000000000000000000e+00 0.000000000000000000e+00 0.000000000000000000e+00 0.000000000000000000e+00 0.000000000000000000e+00 0.000000000000000000e+00 4.250094726850236725e-11 2.437233659537563748e-11 -4.791300044048005362e-11 2.871298793315445435e-12 -1.748172640953378204e-11 -1.386104268074635546e-11 -1.838825485116072716e-12 -2.905811305732486911e-12 -8.419148676271495518e-13 -5.711582266365193846e-14 6.669716885751169689e-14 1.397269625653847852e-12 8.964999567186876100e-09 0.000000000000000000e+00
0.000000000000000000e+00 0.000000000000000000e+00 0.000000000000000000e+00 0.000000000000000000e+00 0.000000000000000000e+00 0.000000000000000000e+00 -3.670825199273554424e-10 3.736063755284516731e-11 -7.191663091997802141e-10 -3.864080671637074852e-10 -2.128910142941580709e-10 -1.374884680673098345e-10 -1.245442738027254654e-11 -2.797279689574122542e-11 2.466749119178947938e-12 -1.168303017849111966e-12 1.776483894122911332e-13 3.004500710355768097e-12 -1.164954907473901560e-10 0.000000000000000000e+00
0.000000000000000000e+00 0.000000000000000000e+00 0.000000000000000000e+00 0.000000000000000000e+00 0.000000000000000000e+00 0.000000000000000000e+00 2.123880501741988877e-10 7.993594352494678336e-11 -2.779795308776275981e-10 -2.257383985602845775e-11 5.398216721303934033e-11 -1.573528292405312907e-11 7.367419462713353444e-12 -1.056039222174373210e-11 2.997136404806060957e-12 2.509334056093175654e-12 3.989228583301183338e-11 6.142975543992114913e-12 -1.162317550423409011e-10 0.000000000000000000e+00
0.000000000000000000e+00 0.000000000000000000e+00 0.000000000000000000e+00 0.000000000000000000e+00 0.000000000000000000e+00 0.000000000000000000e+00 -2.960027592290678783e-10 2.480378320371730826e-11 -4.401896693463010151e-10 -1.867739511719236011e-10 -9.328260708358086150e-11 -6.697557884105593817e-11 4.270680476453504572e-12 -1.609497253223786901e-11 2.812784724751916051e-12 4.212226160162615207e-13 -1.021935172119839327e-12 -6.742680727033291247e-12 -1.321173656912898645e-07 0.000000000000000000e+00
0.000000000000000000e+00 0.000000000000000000e+00 0.000000000000000000e+00 0.000000000000000000e+00 0.000000000000000000e+00 0.000000000000000000e+00 -1.823115367441742237e-10 1.894976347631602155e-11 -2.751470281452672794e-10 -7.780392218691247880e-11 -1.973746333044149426e-11 -2.630412194394492676e-11 1.117624429311664127e-11 -1.041989521590370940e-11 2.696873407879447807e-12 1.461888755745877879e-12 -1.725680080939998132e-12 -9.966958224662902855e-12 -1.670318782605090499e-07 0.000000000000000000e+00
0.000000000000000000e+00 0.000000000000000000e+00 0.000000000000000000e+00 0.000000000000000000e+00 0.000000000000000000e+00 0.000000000000000000e+00 -3.155730779766328151e-11 5.188140279277165460e-12 -9.503680470873597016e-12 -2.013550108462542519e-11 -1.058416836356800689e-12 2.956331780681004958e-12 -3.578109642060904847e-12 -3.352643253122372954e-12 -4.574237888215606648e-12 -3.501970784942572743e-12 -1.386475017460360839e-11 -3.625160174017913765e-10 -2.602323202580851619e-07 0.000000000000000000e+00
0.000000000000000000e+00 0.000000000000000000e+00 0.000000000000000000e+00 0.000000000000000000e+00 0.000000000000000000e+00 0.000000000000000000e+00 -1.280142848194802658e-11 -3.008121338199391663e-11 -4.564641927322322299e-11 -2.651859494989861628e-11 -1.334916353406901644e-11 -2.355383130367287938e-11 -1.406124145626858188e-11 -1.110723584042499653e-11 -1.362877772224984611e-12 5.484681868298197907e-11 -1.817591327665553102e-08 -4.804462606320240120e-10 -2.605034127003695356e-07 0.000000000000000000e+00
0.000000000000000000e+00 0.000000000000000000e+00 0.000000000000000000e+00 0.000000000000000000e+00 0.000000000000000000e+00 0.000000000000000000e+00 -2.551235859935869163e-11 9.926246963065661788e-12 -1.082998535158230859e-11 -1.763057624290052816e-11 7.511437437706377206e-13 2.216920460782063879e-12 -3.793377317088415894e-12 -3.929842463451924490e-12 -5.220815237962628263e-12 -3.987603936808039935e-12 -1.049240752345199965e-11 -7.401638198169942653e-10 1.682668896095502076e+00 0.000000000000000000e+00
0.000000000000000000e+00 0.000000000000000000e+00 0.000000000000000000e+00 0.000000000000000000e+00 0.000000000000000000e+00 0.000000000000000000e+00 -1.958664603222783844e-11 1.270282902312110543e-11 -1.255616199430198981e-11 -1.631148306549611526e-11 1.458264358512747092e-12 -9.360584289987640009e-13 -5.015002571223928389e-12 -5.426073505579033664e-12 -6.127484346670667652e-12 -4.536567135691762066e-12 -7.369652023955802176e-12 -8.553819036917000252e-10 2.728529078207500458e+00 0.000000000000000000e+00
0.000000000000000000e+00 0.000000000000000000e+00 0.000000000000000000e+00 0.000000000000000000e+00 0.000000000000000000e+00 0.000000000000000000e+00 1.561516954001880266e-14 2.377997697936196779e-14 1.510842460696313739e-14 -2.735268249436186410e-16 1.864057253019126350e-15 -7.208081143550050743e-15 -6.798011102627968617e-15 -6.259310779055753413e-15 -5.881617781077511338e-15 -3.922800921430051383e-15 -1.337980464607097192e-15 -5.239851450567105983e-14 1.406537683216344976e-09 0.000000000000000000e+00
0.000000000000000000e+00 0.000000000000000000e+00 0.000000000000000000e+00 0.000000000000000000e+00 0.000000000000000000e+00 0.000000000000000000e+00 2.549697659377701734e-14 2.572961069069159779e-14 1.718512652826760691e-14 9.454958136974657341e-15 1.356310458064875034e-14 4.503254552838831858e-15 -1.162401346059384058e-16 -5.579138663823471169e-15 -7.366610958715477900e-15 -1.161739561154537122e-14 -9.237818351216359728e-11 -1.139920719000574398e-13 1.406521711471241414e-09 0.000000000000000000e+00
0.000000000000000000e+00 0.000000000000000000e+00 0.000000000000000000e+00 0.000000000000000000e+00 0.000000000000000000e+00 0.000000000000000000e+00 -2.702814741701295459e-15 4.196706264821764168e-15 4.627068213685318329e-15 -2.053069604499553073e-15 -1.128355729131699261e-16 -2.385558177963865978e-15 -3.644603270133745353e-15 -4.225874538933781267e-15 -4.917804476363487248e-15 -3.822305996111406716e-15 6.042756793477465505e-16 5.956917279051762950e-13 1.088574551965298259e-03 0.000000000000000000e+00
0.000000000000000000e+00 0.000000000000000000e+00 0.000000000000000000e+00 0.000000000000000000e+00 0.000000000000000000e+00 0.000000000000000000e+00 -3.459691947907570570e-15 5.156454609136946293e-15 4.714065037628205089e-15 -3.674917269668626222e-16 6.113949799768340658e-16 -1.002707915363991129e-16 -1.805956795322649286e-15 -3.598000092225788867e-15 -4.959865652811362082e-15 -4.067660954634348909e-15 1.488387797117866819e-15 4.520697098754006953e-13 1.668235931664541205e-03 0.000000000000000000e+00
0.000000000000000000e+00 0.000000000000000000e+00 0.000000000000000000e+00 0.000000000000000000e+00 0.000000000000000000e+00 0.000000000000000000e+00 1.261368945428978555e-11 2.055558885969284688e-11 -4.038325951678255258e-12 -5.499961559205798867e-12 -4.299224991786838870e-12 -1.651056683744287545e-12 -1.920274666759735112e-12 -5.239144620768189499e-13 -3.400889847379506234e-13 -2.307897721757756186e-14 5.460693960582526672e-14 1.030374150785867377e-12 5.646429194093506684e-13 0.000000000000000000e+00
0.000000000000000000e+00 0.000000000000000000e+00 0.000000000000000000e+00 0.000000000000000000e+00 0.000000000000000000e+00 0.000000000000000000e+00 1.062872577648323993e-11 2.289426106873844678e-13 -3.549082428352857610e-13 -2.999277725804558373e-12 -3.308600187295303055e-12 1.089216783502343174e-12 -8.863479545802942174e-13 -1.092076630406173061e-13 1.021785230842420465e-13 3.748681559439555356e-13 -1.092361642228049613e-12 1.144524527055155921e-12 4.706862220829586049e-13 0.000000000000000000e+00
0.000000000000000000e+00 0.000000000000000000e+00 0.000000000000000000e+00 0.000000000000000000e+00 0.000000000000000000e+00 0.000000000000000000e+00 4.676898638930494582e-12 -1.467659745139070995e-12 1.770571751579677275e-12 4.984247631153400145e-13 -1.394191705492936793e-12 2.678552804079870192e-13 -8.241672893439614424e-13 -1.506134230120530599e-13 -3.093351653726672479e-14 4.998845127735144501e-14 -1.988611827557515228e-14 2.746076420054841470e-13 -9.073180691963514462e-10 0.000000000000000000e+00
0.000000000000000000e+00 0.000000000000000000e+00 0.000000000000000000e+00 0.000000000000000000e+00 0.000000000000000000e+00 0.000000000000000000e+00 2.342058245456550561e-12 -9.033906057226738916e-12 3.441861664620249892e-12 2.279837108471508901e-12 -4.175042759525072421e-13 1.066484805094240330e-12 -4.013475339770487203e-13 -2.761040155307065731e-14 8.898917057873593154e-14 8.761117987058297046e-14 -6.573398928401045759e-14 3.875728286124445374e-14 -1.096106892075093464e-09 0.000000000000000000e+00
0.000000000000000000e+00 0.000000000000000000e+00 0.000000000000000000e+00 0.000000000000000000e+00 0.000000000000000000e+00 0.000000000000000000e+00 -5.107916665796957665e-11 3.381931739125531742e-11 -6.650571131858032570e-11 -2.442464690437462420e-11 -5.550288828620476543e-12 -7.325831949927300206e-12 -4.500902654777446909e-12 6.372182568252876452e-13 -1.189006233930379411e-13 -4.655508190781796303e-14 1.361419502490630022e-14 6.580637259723940418e-12 2.187048745595299570e-11 0.000000000000000000e+00
0.000000000000000000e+00 0.000000000000000000e+00 0.000000000000000000e+00 0.000000000000000000e+00 0.000000000000000000e+00 0.000000000000000000e+00 9.502843527019513666e-11 6.177821422385607179e-11 -6.007373341130260465e-11 2.141923804699902429e-11 9.538770349420228337e-12 1.013119402193101005e-13 5.443460415125206052e-13 1.268984197662565215e-12 -6.168976498428548518e-14 5.669655775177456577e-13 -1.065554353811916318e-10 6.389138721920069374e-12 2.078503113022537766e-11 0.000000000000000000e+00
0.000000000000000000e+00 0.000000000000000000e+00 0.000000000000000000e+00 0.000000000000000000e+00 0.000000000000000000e+00 0.000000000000000000e+00 4.103310674751040241e-12 2.820139057258568192e-11 -2.322904790048709615e-11 1.931335325944565716e-11 4.882463545309780720e-12 -2.733720814650272413e-12 -7.514993442331976796e-13 1.101256939103719378e-12 4.148581227950364863e-15 5.666376276474407643e-14 -2.134329558933115199e-14 2.256879194551561956e-12 3.820905715992849246e-08 0.000000000000000000e+00
0.000000000000000000e+00 0.000000000000000000e+00 0.000000000000000000e+00 0.000000000000000000e+00 0.000000000000000000e+00 0.000000000000000000e+00 3.198922991054283912e-11 2.842213183554287818e-11 -8.939478345012573919e-12 3.636907139517985039e-11 9.268709580482295970e-12 -1.227246661984228188e-12 1.085382822448335401e-12 1.209430127543372880e-12 -1.339232050260775699e-14 1.310499828984547105e-13 -3.416687021247917657e-14 1.131134422574294043e-12 5.019390006791328247e-08 0.000000000000000000e+00
0.000000000000000000e+00 0.000000000000000000e+00 0.000000000000000000e+00 0.000000000000000000e+00 0.000000000000000000e+00 0.000000000000000000e+00 4.496631323073740664e-12 1.329965730985959138e-12 4.513543782694244458e-13 -3.422597723019307820e-13 5.077039186610045627e-13 -1.636917324938377596e-12 -3.853998857876445881e-13 -3.880542412594417963e-13 -3.566859815777726606e-13 -2.366857981606280705e-13 -2.829215630842623582e-13 -1.611853695492385919e-11 -1.348842873533946534e-07 0.000000000000000000e+00
0.000000000000000000e+00 0.000000000000000000e+00 0.000000000000000000e+00 0.000000000000000000e+00 0.000000000000000000e+00 0.000000000000000000e+00 5.618758453135919750e-12 1.093724144894939054e-11 1.662073542395221975e-12 -1.886989810194527386e-12 -1.648320239440344103e-12 -3.527767032173244761e-12 -1.157359419168610638e-12 -6.615510940312977959e-14 -5.257984502268458567e-13 4.511896909578467572e-12 4.611383188893555822e-07 -2.447755287399545628e-11 -1.349682516755855695e-07 0.000000000000000000e+00
0.000000000000000000e+00 0.000000000000000000e+00 0.000000000000000000e+00 0.000000000000000000e+00 0.000000000000000000e+00 0.000000000000000000e+00 4.732989383230705238e-12 1.865075804864688324e-12 4.299895955244489388e-14 -8.397856062698450517e-13 -1.335962301131978704e-13 -1.162729712330700272e-12 -9.874544367284657972e-13 -1.393809961634190420e-13 -4.051389693857257004e-13 -2.720671340840690399e-13 -5.209641432335538084e-14 -1.074275125720481612e-10 -2.874821548023503981e-01 0.000000000000000000e+00
0.000000000000000000e+00 0.000000000000000000e+00 0.000000000000000000e+00 0.000000000000000000e+00 0.000000000000000000e+00 0.000000000000000000e+00 4.544640644977351123e-12 2.264636214427356844e-12 -5.657177648608899496e-13 -1.284224842096010889e-12 -6.541778212122886822e-13 -9.768635750250918691e-13 -1.261652112500839892e-12 1.194613386737087981e-13 -4.378065413599353853e-13 -3.073205041805072354e-13 9.132165552352402564e-14 -1.563295804817646272e-10 -4.362181302646816472e-01 0.000000000000000000e+00
0.000000000000000000e+00 0.000000000000000000e+00 0.000000000000000000e+00 0.000000000000000000e+00 0.000000000000000000e+00 0.000000000000000000e+00 4.010723396012884276e-13 3.664886316660896740e-13 7.211485937123698534e-13 6.210539623161298562e-13 7.208749469654472978e-13 1.197981824273140840e-12 1.035459464696427468e-12 8.495008730242315131e-13 4.916388513724249688e-13 1.597535270811579627e-13 6.273234720776552935e-13 5.282867347385482427e-11 9.857321302537136683e-09 0.000000000000000000e+00
0.000000000000000000e+00 0.000000000000000000e+00 0.000000000000000000e+00 0.000000000000000000e+00 0.000000000000000000e+00 0.000000000000000000e+00 4.279138013565296693e-14 9.347061084091282127e-14 1.269208053612944107e-13 1.679673645673511715e-13 1.447302809833972662e-13 2.486885248085672431e-13 1.569198351694099998e-13 1.474148296009430372e-13 2.208444178198725064e-13 1.683252761045108554e-12 3.259546064862863924e-09 6.421105171083757831e-11 9.861578024530187023e-09 0.000000000000000000e+00
0.000000000000000000e+00 0.000000000000000000e+00 0.000000000000000000e+00 0.000000000000000000e+00 0.000000000000000000e+00 0.000000000000000000e+00 2.470368971376359549e-13 1.259163559874828927e-13 3.182948263658482190e-13 2.367155487924165539e-13 2.554530380568593349e-13 5.339006712122200813e-13 4.373278170031118970e-13 3.457118759071093829e-13 1.980480261616169894e-13 1.022566224842227663e-13 3.335797271317598229e-13 3.793298650422247946e-11 1.186169839414781546e-02 0.000000000000000000e+00
0.000000000000000000e+00 0.000000000000000000e+00 0.000000000000000000e+00 0.000000000000000000e+00 0.000000000000000000e+00 0.000000000000000000e+00 1.570192381679394947e-13 6.435304768247195437e-14 1.483347824587269784e-13 1.156328772849163781e-13 1.159580932497471289e-13 2.862429724121588912e-13 2.406378804093307104e-13 1.945026389989957510e-13 1.353094932574788126e-13 1.021588363766809040e-13 2.067271080042256028e-13 4.553619959631040809e-11 1.764581384299598876e-02 0.000000000000000000e+00
0.000000000000000000e+00 0.000000000000000000e+00 0.000000000000000000e+00 0.000000000000000000e+00 0.000000000000000000e+00 0.000000000000000000e+00 1.151463274320707301e-12 -1.199080462348672033e-11 -1.188300758888617547e-10 -5.178324180250977424e-11 -8.860674258552081572e-11 -5.816359812838114397e-11 -1.984442725900398145e-11 -1.427512301233587410e-11 -8.383236817808559121e-12 -2.594115034824487358e-12 2.496091585598197698e-12 1.608762126659653038e-11 1.932498589284958915e-11 0.000000000000000000e+00
0.000000000000000000e+00 0.000000000000000000e+00 0.000000000000000000e+00 0.000000000000000000e+00 0.000000000000000000e+00 0.000000000000000000e+00 6.555446087696048252e-11 8.346118524251947554e-11 -5.408697861368574021e-11 8.279965313947212287e-12 1.541689771017393638e-11 -1.135811365114694251e-11 7.338368161489968156e-14 -1.153892712991844293e-12 -1.641227060369703149e-12 -1.965883204015789743e-12 8.149947652947289233e-13 1.822024454359963843e-11 1.929871705048047066e-11 0.000000000000000000e+00
0.000000000000000000e+00 0.000000000000000000e+00 0.000000000000000000e+00 0.000000000000000000e+00 0.000000000000000000e+00 0.000000000000000000e+00 4.143872547187501796e-11 9.379439433532756101e-13 -6.510430977958028400e-11 -1.283784998574176083e-11 -4.094746090664803382e-11 -3.032895061438464043e-11 -7.889779617633122313e-12 -6.594255455843028570e-12 -3.363606145500170428e-12 -9.921425677589931165e-13 1.116628739296396110e-12 4.723418861546379329e-12 2.866137182346352857e-09 0.000000000000000000e+00
0.000000000000000000e+00 0.000000000000000000e+00 0.000000000000000000e+00 0.000000000000000000e+00 0.000000000000000000e+00 0.000000000000000000e+00 5.931368774448824778e-11 1.341789726763271512e-11 -3.907018013237671946e-11 6.985336386410168273e-12 -1.252730610652073427e-11 -1.410444312068440994e-11 -1.480388596867364951e-12 -2.306577853360905938e-12 -6.709334382118064007e-13 8.017328045122334197e-15 9.431389517086654331e-14 1.032948580566136047e-12 3.284172238562733871e-09 0.000000000000000000e+00
0.000000000000000000e+00 0.000000000000000000e+00 0.000000000000000000e+00 0.000000000000000000e+00 0.000000000000000000e+00 0.000000000000000000e+00 -4.450662861384101503e-10 9.268756328277725066e-11 -6.718208537736313770e-10 -3.808996444338005766e-10 -2.017439339704136645e-10 -1.409682751692990543e-10 -1.172481569509346880e-11 -2.823020571469300714e-11 1.649306013045584065e-12 -1.008651252636313533e-12 6.338254398175508860e-13 8.056025470811884158e-12 -1.577979065213559459e-10 0.000000000000000000e+00
0.000000000000000000e+00 0.000000000000000000e+00 0.000000000000000000e+00 0.000000000000000000e+00 0.000000000000000000e+00 0.000000000000000000e+00 1.581962470670553370e-10 4.390198041841052429e-11 -2.216287091858898297e-10 2.823767938468525518e-13 5.321127138283063865e-11 -2.195546961669670177e-11 1.065042272601530859e-11 -9.612377645264496551e-12 3.422551709847278195e-12 3.123066780902756102e-12 7.342252580089948880e-12 1.118227496032310600e-11 -1.579299618764053693e-10 0.000000000000000000e+00
0.000000000000000000e+00 0.000000000000000000e+00 0.000000000000000000e+00 0.000000000000000000e+00 0.000000000000000000e+00 0.000000000000000000e+00 -2.948523613705369845e-10 6.222518269659115231e-11 -3.714879248355573075e-10 -1.794489412720960355e-10 -7.083229741158325964e-11 -6.862070148201660141e-11 8.184823212488730968e-12 -1.538452919671262271e-11 3.414091550808096623e-12 8.736734229621112234e-13 -7.486702319109885082e-13 -7.718953038309808687e-12 -2.196822259406795503e-07 0.000000000000000000e+00
0.000000000000000000e+00 0.000000000000000000e+00 0.000000000000000000e+00 0.000000000000000000e+00 0.000000000000000000e+00 0.000000000000000000e+00 -1.513686221285420408e-10 3.615090651082685303e-11 -2.026602249088202900e-10 -6.808595660328815246e-11 4.997328089982577408e-13 -2.782275820918428636e-11 1.603163656510011237e-11 -9.186588089418444737e-12 3.748887940672090443e-12 2.007255177794622140e-12 -1.548017569639625591e-12 -1.248057445721662633e-11 -2.831371656919709327e-07 0.000000000000000000e+00
0.000000000000000000e+00 0.000000000000000000e+00 0.000000000000000000e+00 0.000000000000000000e+00 0.000000000000000000e+00 0.000000000000000000e+00 -4.699792173033207804e-11 -3.735003046742110264e-12 -1.778815976895282260e-13 -2.056898175782743734e-11 -3.730511208691099364e-12 3.847763638433296651e-12 -1.645392672924148499e-12 -3.410326986596664596e-12 -4.938034216667090479e-12 -3.358499895762343443e-12 -1.237697546145620656e-11 -3.330542540677822195e-10 -3.416290236757104475e-07 0.000000000000000000e+00
0.000000000000000000e+00 0.000000000000000000e+00 0.000000000000000000e+00 0.000000000000000000e+00 0.000000000000000000e+00 0.000000000000000000e+00 -1.596840700187956326e-11 -3.938623616676099859e-11 -4.580083059656448059e-11 -3.093392583306054918e-11 -1.940129947757897814e-11 -1.406368369814799736e-11 -1.285105228495039505e-11 -1.082019095998916061e-11 -2.064916728993408053e-12 5.275425315370748157e-11 -1.593994738928782800e-08 -4.529051369971464018e-10 -3.418660732341604837e-07 0.000000000000000000e+00
0.000000000000000000e+00 0.000000000000000000e+00 0.000000000000000000e+00 0.000000000000000000e+00 0.000000000000000000e+00 0.000000000000000000e+00 -3.590347324608914191e-11 1.044495007738030862e-12 -4.184522241260747276e-12 -2.025444683193742988e-11 -2.190149284557031033e-12 3.268934440744816309e-12 -2.282254594842051196e-12 -4.073575706269707983e-12 -5.518244479037909100e-12 -3.750493337108974614e-12 -8.940986384490451761e-12 -8.042093792285647288e-10 1.227677938557641957e-01 0.000000000000000000e+00
0.000000000000000000e+00 0.000000000000000000e+00 0.000000000000000000e+00 0.000000000000000000e+00 0.000000000000000000e+00 0.000000000000000000e+00 -2.833823458670339269e-11 4.540768472273043788e-12 -7.692533630043418151e-12 -1.984885795059454528e-11 -2.289306722050799197e-12 4.446745642896862577e-13 -3.673617413150453931e-12 -5.846052067571053055e-12 -6.430430851661581871e-12 -4.227448332437705113e-12 -5.881792466489792927e-12 -9.000428352361127503e-10 2.734845259668290951e-01 0.000000000000000000e+00
0.000000000000000000e+00 0.000000000000000000e+00 0.000000000000000000e+00 0.000000000000000000e+00 0.000000000000000000e+00 0.000000000000000000e+00 -4.144523692347542763e-11 -4.088187099122098952e-12 -4.883056000086147740e-11 -3.762528099913988077e-11 -5.290557601897337790e-11 -4.788603409861035315e-11 -2.928466207546782731e-11 -1.333576731669092178e-11 -6.336581345921584392e-12 -5.444273262650485933e-12 -1.304891441461702106e-12 1.009209028834796263e-09 4.730822862745535331e-07 0.000000000000000000e+00
0.000000000000000000e+00 0.000000000000000000e+00 0.000000000000000000e+00 0.000000000000000000e+00 0.000000000000000000e+00 0.000000000000000000e+00 -3.371566337071164456e-12 -5.302762729659009853e-12 -7.896824990430399928e-12 -1.656426070142726091e-11 -1.564757115649846094e-11 -2.157234662367113387e-11 -1.381009614940575402e-11 -1.416009300618833508e-11 -1.435574736240592091e-11 -1.713389587893812560e-10 -2.287978843086196153e-07 7.904769947979982526e-10 4.729047595446969885e-07 0.000000000000000000e+00
0.000000000000000000e+00 0.000000000000000000e+00 0.000000000000000000e+00 0.000000000000000000e+00 0.000000000000000000e+00 0.000000000000000000e+00 -1.963644308546807288e-11 -8.267144977023920214e-12 -1.948474466849377525e-11 -1.566830426338941528e-11 -2.440395235540445216e-11 -2.568136695228266418e-11 -2.092713352238779707e-11 -1.544015109049491325e-11 -1.067008163515578574e-11 -8.616946594490447216e-12 -7.812919365812929267e-12 -4.234734696904434720e-09 -1.514096237851056515e+00 0.000000000000000000e+00
0.000000000000000000e+00 0.000000000000000000e+00 0.000000000000000000e+00 0.000000000000000000e+00 0.000000000000000000e+00 0.000000000000000000e+00 -6.626895795296095642e-12 -5.484477640513104256e-12 -6.165724508571373419e-12 -5.757922969116321926e-12 -8.740336493177133896e-12 -1.099496426160868206e-11 -1.071199802395142747e-11 -1.117870087839438342e-11 -1.032456376853952549e-11 -9.964396227427456093e-12 -1.010264948503791072e-11 -5.673181983253529007e-09 -2.858720323240234507e+00 0.000000000000000000e+00
0.000000000000000000e+00 0.000000000000000000e+00 0.000000000000000000e+00 0.000000000000000000e+00 0.000000000000000000e+00 0.000000000000000000e+00 -1.259637486662991686e-10 3.028116246144505609e-10 -3.869423035585900547e-10 -1.468013248398380413e-10 4.827772118113758712e-12 -1.663060032851159918e-10 -5.864141276334823960e-11 -6.400007631209091269e-12 -1.533357749177213214e-11 -6.151896779778857291e-12 4.792066778319542394e-12 3.778339370330109883e-11 5.485979033322174173e-11 0.000000000000000000e+00
0.000000000000000000e+00 0.000000000000000000e+00 0.000000000000000000e+00 0.000000000000000000e+00 0.000000000000000000e+00 0.000000000000000000e+00 -4.157191447055973251e-11 2.574908587308587116e-10 -4.086358287525591818e-11 -1.780520643746302586e-11 1.454539299791900038e-12 -2.309380713646167718e-11 -3.666258711893482170e-12 2.076790344172967250e-12 -2.884762769833980309e-12 -1.696814944327760710e-13 -4.997451416836046242e-11 4.226071401934612910e-11 5.537906453359270282e-11 0.000000000000000000e+00
0.000000000000000000e+00 0.000000000000000000e+00 0.000000000000000000e+00 0.000000000000000000e+00 0.000000000000000000e+00 0.000000000000000000e+00 -4.055011350131470904e-11 1.378530684624875191e-10 -2.124721396256882862e-11 2.023034068039045291e-11 -5.043890225148497698e-11 -4.351204567529656292e-11 -1.714771349885892236e-11 -5.772468926899989565e-12 -3.347968520423785504e-12 -2.033980328531385465e-12 1.605673782316197162e-12 9.190662910407376437e-13 3.221435879950737262e-08 0.000000000000000000e+00
0.000000000000000000e+00 0.000000000000000000e+00 0.000000000000000000e+00 0.000000000000000000e+00 0.000000000000000000e+00 0.000000000000000000e+00 -1.170739961956858807e-11 8.158355748682984309e-11 1.191734737381650916e-10 8.227928446319520261e-11 -6.079820469450766317e-11 1.055569814728502853e-11 6.627431581948516331e-13 -3.818598513737365519e-12 1.737398634543624249e-12 1.507633850589691788e-13 -4.619773574756367095e-13 -9.171632465256709421e-12 4.067414327811403694e-08 0.000000000000000000e+00
0.000000000000000000e+00 0.000000000000000000e+00 0.000000000000000000e+00 0.000000000000000000e+00 0.000000000000000000e+00 0.000000000000000000e+00 -1.120447147279181192e-09 2.638473372269190934e-10 -8.156524768999529418e-10 -3.068203429563660976e-10 -4.501963588395028488e-10 -4.193700730579810233e-10 -1.473090007459897570e-10 -9.699894959960881037e-11 -3.511756606170787513e-11 -3.686215856278122292e-11 2.830359626301806037e-11 2.988864451518095862e-10 1.777611836631421730e-10 0.000000000000000000e+00
0.000000000000000000e+00 0.000000000000000000e+00 0.000000000000000000e+00 0.000000000000000000e+00 0.000000000000000000e+00 0.000000000000000000e+00 -1.640857206266334487e-10 4.065728100405189041e-10 -2.998272821320766084e-10 -7.690633764323799872e-11 7.283458866970927746e-11 4.993396823162186001e-11 3.540174986866934586e-11 5.472078971968660591e-12 -6.914220275662929678e-13 -7.549470935687263855e-11 2.169882972491455342e-09 3.335577959625874775e-10 1.762612026374649068e-10 0.000000000000000000e+00
0.000000000000000000e+00 0.000000000000000000e+00 0.000000000000000000e+00 0.000000000000000000e+00 0.000000000000000000e+00 0.000000000000000000e+00 -4.965149354067324995e-10 4.146911458370721676e-10 -4.459562166393268263e-10 -2.007901888928911853e-10 -1.156501543632939617e-11 -5.168503792750892652e-12 -7.011997834965178092e-12 -3.100541618135094571e-12 -2.879724811471000367e-12 -1.661013736733427234e-11 2.291688681079412627e-13 -2.325144437102591236e-11 7.723059470513718867e-07 0.000000000000000000e+00
0.000000000000000000e+00 0.000000000000000000e+00 0.000000000000000000e+00 0.000000000000000000e+00 0.000000000000000000e+00 0.000000000000000000e+00 -1.750820786105340763e-10 4.457147362324046117e-10 -2.531731770300135588e-10 -9.399523512131255815e-11 1.598118602164409866e-10 1.656864717996630119e-10 5.284835191254336576e-11 2.959041675718137002e-11 9.714304376087246942e-12 -6.479606661869850927e-12 -1.748388624931964393e-11 -1.081815704528496389e-10 8.174757984983175189e-07 0.000000000000000000e+00
0.000000000000000000e+00 0.000000000000000000e+00 0.000000000000000000e+00 0.000000000000000000e+00 0.000000000000000000e+00 0.000000000000000000e+00 -4.315357761372895393e-11 5.425573198160804644e-11 2.992290490152385900e-11 -3.985347276826109103e-11 -4.081659896920030047e-11 1.316141265374056816e-11 -1.977765098089251843e-11 -1.079657961024556630e-11 -1.050004046826189097e-11 -1.573529565612079294e-11 -5.017334752068194176e-11 -1.174497893537716791e-09 -4.611304074039450097e-06 0.000000000000000000e+00
0.000000000000000000e+00 0.000000000000000000e+00 0.000000000000000000e+00 0.000000000000000000e+00 0.000000000000000000e+00 0.000000000000000000e+00 9.310821284639046449e-11 -1.417653327349503479e-10 -1.860032136854553032e-10 -5.516925170471611168e-11 -3.171014755824056061e-12 1.422982622547001913e-11 6.550159665637762472e-12 1.068662652345527018e-11 3.589815079094382524e-11 -2.396793518125109133e-10 3.574041662585942896e-05 -1.425393611042052284e-09 -4.614152428137678880e-06 0.000000000000000000e+00
0.000000000000000000e+00 0.000000000000000000e+00 0.000000000000000000e+00 0.000000000000000000e+00 0.000000000000000000e+00 0.000000000000000000e+00 -2.801174028560600895e-11 4.977038920117739293e-11 2.523888684626277891e-11 -5.115981991262704488e-11 -2.386910870803749421e-11 1.571708765731023036e-11 -1.679067775852012794e-11 -1.231846274937281006e-12 -4.138877050775823666e-12 -1.287491583374826523e-11 -3.390009977487275392e-11 -2.074850732784007326e-09 -4.501614557783691239e+00 0.000000000000000000e+00
0.000000000000000000e+00 0.000000000000000000e+00 0.000000000000000000e+00 0.000000000000000000e+00 0.000000000000000000e+00 0.000000000000000000e+00 -3.610903908181114780e-11 3.733791211258642259e-11 1.691439853662483268e-11 -6.134786603440376899e-11 -9.677668342437138305e-12 1.369433868644076699e-11 -1.375911036599588108e-11 4.216365041932033014e-12 -2.514568478192324028e-12 -1.198920125745586491e-11 -2.048840930944891760e-11 -2.706621500201313395e-09 -5.840777918161400351e+00 0.000000000000000000e+00
