0.000000000000000000e+00 0.000000000000000000e+00 0.000000000000000000e+00 0.000000000000000000e+00 0.000000000000000000e+00 0.000000000000000000e+00 4.055145164861338133e-11 7.060156545407061177e-11 1.101374475848755005e-10 6.584198300722051433e-11 1.053641451061487472e-10 1.048710309424466368e-10 1.020514939221741649e-10 8.386417061789298176e-11 5.109646806723422240e-11 1.189096722355067353e-11 1.606569979938311485e-10 1.255428604548036171e-08 8.374083865759069659e-08 0.000000000000000000e+00
0.000000000000000000e+00 0.000000000000000000e+00 0.000000000000000000e+00 0.000000000000000000e+00 0.000000000000000000e+00 0.000000000000000000e+00 5.340796707609782680e-12 8.594795541667645250e-12 3.300176545517942901e-11 1.525499778029755167e-11 2.486025848066772530e-11 1.099346208952928678e-11 1.210886033801714213e-11 1.398392919073266233e-11 2.553576223261481339e-11 8.474223641116907866e-11 8.879402031112952231e-08 1.245041359880360084e-08 8.382431019290374293e-08 0.000000000000000000e+00
0.000000000000000000e+00 0.000000000000000000e+00 0.000000000000000000e+00 0.000000000000000000e+00 0.000000000000000000e+00 0.000000000000000000e+00 6.252346416149523750e-12 2.524475954444513736e-11 2.949478837813648354e-11 1.429075683123679618e-11 3.209007585394326625e-11 2.991667631394675222e-11 3.348932756098888768e-11 2.997296901710744155e-11 2.243070576083825254e-11 7.700894929156056231e-12 7.800501586981370358e-11 1.932694822588561901e-07 -8.734127958790152135e-01 0.000000000000000000e+00
0.000000000000000000e+00 0.000000000000000000e+00 0.000000000000000000e+00 0.000000000000000000e+00 0.000000000000000000e+00 0.000000000000000000e+00 -3.064860539894329451e-12 1.691303575819392106e-11 2.020156809067747985e-11 8.451733897877073073e-12 2.031807316188391795e-11 1.529743172220161362e-11 2.044070658889069306e-11 1.802180744244127937e-11 1.395697310803380452e-11 5.701438768605862854e-12 4.383423538247505529e-11 2.805009557164021237e-07 -5.077184647393064409e+00 0.000000000000000000e+00
0.000000000000000000e+00 0.000000000000000000e+00 0.000000000000000000e+00 0.000000000000000000e+00 0.000000000000000000e+00 0.000000000000000000e+00 7.175711668301426861e-12 -8.317761588385258740e-10 -1.005621542835997128e-09 -7.738904711396037596e-10 -6.751613902644893069e-10 -4.610061880319192869e-10 -2.961785812014550626e-10 -1.310107937828883549e-10 -7.654061984847852624e-11 -1.751124203360492885e-11 4.571998705340589240e-11 2.339669225472135160e-10 5.562570387121603176e-11 0.000000000000000000e+00
0.000000000000000000e+00 0.000000000000000000e+00 0.000000000000000000e+00 0.000000000000000000e+00 0.000000000000000000e+00 0.000000000000000000e+00 2.276188108209968005e-10 -5.642517787709644572e-10 -3.528561097960583100e-10 2.456437300580154616e-10 -2.011275375968162155e-10 -7.291237021718540258e-11 -2.739822598121760139e-11 -2.745607714820986508e-11 -3.125941017849234694e-11 -4.059339266917989914e-11 5.506093801939407048e-11 2.337797250006947371e-10 5.594306429039951339e-11 0.000000000000000000e+00
0.000000000000000000e+00 0.000000000000000000e+00 0.000000000000000000e+00 0.000000000000000000e+00 0.000000000000000000e+00 0.000000000000000000e+00 -6.663985873995758109e-11 -2.136679172169446367e-10 -5.301180104184392928e-10 -3.945194135912302787e-11 -3.143496510852005766e-10 -1.962878306526445752e-10 -1.179901814191873647e-10 -6.239046232684262078e-11 -3.885880092806566111e-11 -1.238104255320762807e-11 2.230298636252217352e-11 -3.839576884034548699e-11 -1.049225448008311045e-07 0.000000000000000000e+00
0.000000000000000000e+00 0.000000000000000000e+00 0.000000000000000000e+00 0.000000000000000000e+00 0.000000000000000000e+00 0.000000000000000000e+00 8.305270783699042746e-12 -1.121123704472994923e-10 -3.850816889355201490e-10 1.476356633986945193e-10 -2.088989787048265268e-10 -1.134612494635133370e-10 -5.778914407128812333e-11 -3.569143797330795892e-11 -1.915199598889641384e-11 -4.269806696292588684e-12 8.267728679929152301e-12 -9.932807258708683171e-11 -1.630549628269408437e-07 0.000000000000000000e+00
0.000000000000000000e+00 0.000000000000000000e+00 0.000000000000000000e+00 0.000000000000000000e+00 0.000000000000000000e+00 0.000000000000000000e+00 1.867354855254386974e-09 -6.303048116691977722e-09 -4.560044182095170231e-09 -1.233067471174794024e-09 -2.551331687973821916e-09 -5.883714497642263867e-10 -5.601483970043238261e-10 -5.373864571006915022e-11 -3.191162777747574807e-11 -8.585463502808894984e-12 5.151995158447533666e-11 5.456099915356184118e-10 -5.103794688799202809e-10 0.000000000000000000e+00
0.000000000000000000e+00 0.000000000000000000e+00 0.000000000000000000e+00 0.000000000000000000e+00 0.000000000000000000e+00 0.000000000000000000e+00 -3.912097003507587464e-10 -4.050597226286324992e-09 -9.634855342627515107e-10 2.250143271423554348e-10 -6.986240476113076986e-10 1.512386310443083729e-10 1.501887093376592409e-11 1.938002341700801519e-11 -4.193724769696119080e-12 -1.200083576038109402e-11 -1.189052952838492318e-11 5.006638360907842846e-10 -5.239641382138475563e-10 0.000000000000000000e+00
0.000000000000000000e+00 0.000000000000000000e+00 0.000000000000000000e+00 0.000000000000000000e+00 0.000000000000000000e+00 0.000000000000000000e+00 2.646150116407616767e-09 -2.697003021169733375e-09 -1.482562224270100152e-09 -2.487272956408861867e-11 -1.170382064355076685e-09 -1.295571858674235568e-10 -1.070999539575922689e-10 5.056036857603447473e-11 -2.752135334174211455e-12 2.418439987933311978e-14 2.651134347447551417e-11 1.128384964422418321e-09 -6.962268275901542306e-07 0.000000000000000000e+00
0.000000000000000000e+00 0.000000000000000000e+00 0.000000000000000000e+00 0.000000000000000000e+00 0.000000000000000000e+00 0.000000000000000000e+00 2.366033915019129083e-09 -1.963960742409971169e-09 -5.377084721738171104e-10 3.056519771022365993e-10 -7.655140084111172058e-10 1.902451845865111864e-11 1.952446766538219873e-11 7.669105844548746247e-11 9.242891171370919021e-12 1.073595413870880580e-11 1.690147059776790181e-11 1.414919317632614237e-09 9.589480699412255163e-09 0.000000000000000000e+00
0.000000000000000000e+00 0.000000000000000000e+00 0.000000000000000000e+00 0.000000000000000000e+00 0.000000000000000000e+00 0.000000000000000000e+00 -2.891405395643387808e-10 5.255413436459008100e-10 -2.804333048124547060e-10 -9.575192290468623733e-11 7.953694009729353472e-11 -1.552626011641540808e-10 -7.714824028781862348e-11 -3.050206682712418496e-11 -8.814688028943184951e-11 -3.819320283713379213e-11 -2.781642146746613436e-10 2.550461365549401866e-09 -2.007625473432609294e-07 0.000000000000000000e+00
0.000000000000000000e+00 0.000000000000000000e+00 0.000000000000000000e+00 0.000000000000000000e+00 0.000000000000000000e+00 0.000000000000000000e+00 -6.946381247120982255e-11 1.195761264060670617e-09 -1.697131426118961491e-10 -6.310014110216536359e-10 -1.765882136159550576e-10 -3.864817032980274364e-10 -1.949000508862026733e-10 -4.412680924963178047e-11 -1.220492985779743615e-10 3.471239117921715646e-10 -3.769937931817508085e-07 2.908289793099701136e-09 -2.032298746284934377e-07 0.000000000000000000e+00
0.000000000000000000e+00 0.000000000000000000e+00 0.000000000000000000e+00 0.000000000000000000e+00 0.000000000000000000e+00 0.000000000000000000e+00 -2.152645757731310540e-10 4.785988666812880134e-10 -3.991582347138339624e-10 -1.864910196660878803e-10 6.259937359629215899e-11 -1.999981294996592568e-10 -1.084402026881000309e-10 -4.697540503528059649e-11 -1.035402309907650288e-10 -4.201985613562072848e-11 -2.167848467834532274e-10 -3.545527901199505238e-07 -1.703409270449007451e+01 0.000000000000000000e+00
0.000000000000000000e+00 0.000000000000000000e+00 0.000000000000000000e+00 0.000000000000000000e+00 0.000000000000000000e+00 0.000000000000000000e+00 -1.819420030266516238e-10 6.148040810541298813e-10 -4.395740393125886833e-10 -2.121763253869754623e-10 3.948542149598319888e-11 -2.222284880770947558e-10 -1.357515624487733802e-10 -5.506040116118016891e-11 -1.215808806971416415e-10 -5.094791554370469300e-11 -1.860342058517214784e-10 -5.917536563319052172e-07 -8.186692526829382643e+01 0.000000000000000000e+00
