0.000000000000000000e+00 0.000000000000000000e+00 0.000000000000000000e+00 0.000000000000000000e+00 0.000000000000000000e+00 0.000000000000000000e+00 5.015017365095168204e-11 1.078849473157508528e-10 7.675616361603959796e-11 6.051686486342300176e-11 6.087832826476892549e-11 9.600684728574655265e-11 8.218901547779058156e-11 6.972480964484637584e-11 4.021346155962019360e-11 8.354277551017617563e-12 1.208773370526591784e-10 1.212578542889504001e-08 6.544447458117134034e-08 0.000000000000000000e+00
0.000000000000000000e+00 0.000000000000000000e+00 0.000000000000000000e+00 0.000000000000000000e+00 0.000000000000000000e+00 0.000000000000000000e+00 5.770839814401350135e-12 1.572604596926757345e-11 6.722522521175671155e-12 2.511234872659808608e-11 1.896254760646658344e-11 1.807519171090237984e-11 1.441438061123132645e-11 1.344098496076357380e-11 1.791629584972181562e-11 7.783922447823998099e-11 8.293444227268147393e-08 1.234494690771381686e-08 6.533675150748692079e-08 0.000000000000000000e+00
0.000000000000000000e+00 0.000000000000000000e+00 0.000000000000000000e+00 0.000000000000000000e+00 0.000000000000000000e+00 0.000000000000000000e+00 2.525100515800063658e-11 2.360617891226847553e-11 1.313983967613975441e-11 1.756871623349820979e-11 1.636607289842475288e-11 2.606696436647772287e-11 2.607252520644468434e-11 2.408825524727158057e-11 1.560618474839493798e-11 5.093368052939406724e-12 5.247005989995340629e-11 4.207302184981351854e-07 1.447614570897827413e+00 0.000000000000000000e+00
0.000000000000000000e+00 0.000000000000000000e+00 0.000000000000000000e+00 0.000000000000000000e+00 0.000000000000000000e+00 0.000000000000000000e+00 1.885521996822049969e-11 1.136034099765349844e-11 7.395127674908757379e-12 1.173991595273564745e-11 1.106200407225507813e-11 1.504788908612353985e-11 1.678998551629335685e-11 1.603161309096265998e-11 9.654612410509824423e-12 3.861589312518016537e-12 2.676653147528834059e-11 5.851811963706081491e-07 5.261027712854261296e+00 0.000000000000000000e+00
0.000000000000000000e+00 0.000000000000000000e+00 0.000000000000000000e+00 0.000000000000000000e+00 0.000000000000000000e+00 0.000000000000000000e+00 6.494223317699718705e-10 -1.934251953571674292e-09 -1.120264067403046151e-09 -5.248814170503265327e-10 -5.356487934630929569e-10 -4.759200567162221169e-10 -3.247335567814133656e-10 -1.377337925101453580e-10 -7.605629224853423326e-11 -1.441856144387330619e-11 4.499839338059742175e-11 2.202454693521488591e-10 4.385438004112326879e-11 0.000000000000000000e+00
0.000000000000000000e+00 0.000000000000000000e+00 0.000000000000000000e+00 0.000000000000000000e+00 0.000000000000000000e+00 0.000000000000000000e+00 -8.188463538586119537e-10 -6.478980336323267956e-10 1.536124269103099551e-10 3.308404131362213093e-10 1.669138179098795404e-10 -2.625920684186203330e-11 -3.421493221339639798e-11 -2.420194726527493602e-11 -2.541584475390231662e-11 -4.422117731676737233e-11 1.650336174188206582e-10 2.232769056729161010e-10 4.413802323371714678e-11 0.000000000000000000e+00
0.000000000000000000e+00 0.000000000000000000e+00 0.000000000000000000e+00 0.000000000000000000e+00 0.000000000000000000e+00 0.000000000000000000e+00 4.220823024426010317e-10 -1.049466469170734776e-09 -1.698202045345781657e-10 -1.062814538391555631e-10 -1.925382635403936050e-11 -1.738965269889038958e-10 -1.422128045054843943e-10 -6.148080981509581305e-11 -3.456434673143686342e-11 -1.031279829543864264e-11 2.132034629457851933e-11 1.988274523344856826e-10 -1.079380273928878438e-07 0.000000000000000000e+00
0.000000000000000000e+00 0.000000000000000000e+00 0.000000000000000000e+00 0.000000000000000000e+00 0.000000000000000000e+00 0.000000000000000000e+00 1.787262835111254917e-10 -7.896232422714111487e-10 3.594628980777997595e-11 6.294419425334142904e-11 1.214933038574390981e-10 -7.927807466982394715e-11 -7.781782652171648135e-11 -3.044026795479585257e-11 -1.363223222495540902e-11 -2.977402762747702824e-12 7.400454805307204522e-12 1.818185047141350997e-10 -1.823365775259317047e-07 0.000000000000000000e+00
0.000000000000000000e+00 0.000000000000000000e+00 0.000000000000000000e+00 0.000000000000000000e+00 0.000000000000000000e+00 0.000000000000000000e+00 -1.472145232500478460e-09 -6.930136592897409916e-09 -5.587548694327947476e-09 -3.977542049726979661e-09 -2.639996380481907967e-09 -9.059700795303929916e-10 -1.727918329170219166e-10 -1.246956997623814791e-10 -1.025808179841485343e-10 4.274715363817088361e-13 -1.051227636015920290e-11 -1.224805731618134474e-10 -7.856154581663903518e-10 0.000000000000000000e+00
0.000000000000000000e+00 0.000000000000000000e+00 0.000000000000000000e+00 0.000000000000000000e+00 0.000000000000000000e+00 0.000000000000000000e+00 -1.497619808775981583e-09 -2.135068025591400990e-09 -8.124701605693037239e-10 -2.475522044451065015e-10 2.327934735213341351e-10 5.409081389342717645e-11 1.831718429783827754e-11 2.473563786424884256e-11 -2.428896857225338640e-11 -3.449370657347188084e-11 -9.600839820964131666e-10 -1.243276833847221800e-10 -7.783929455274268249e-10 0.000000000000000000e+00
0.000000000000000000e+00 0.000000000000000000e+00 0.000000000000000000e+00 0.000000000000000000e+00 0.000000000000000000e+00 0.000000000000000000e+00 1.259028575310922049e-10 -3.544299581638423981e-09 -1.648826275449915151e-09 -1.853207290655138810e-09 -3.946255867340820904e-10 -1.741639613212698687e-10 -4.245518257239442946e-11 -5.565459962897763181e-12 -2.306306293652221128e-11 4.355746160785976455e-12 -2.366435343007823686e-11 -1.346666991803580209e-10 -2.575322006710704721e-07 0.000000000000000000e+00
0.000000000000000000e+00 0.000000000000000000e+00 0.000000000000000000e+00 0.000000000000000000e+00 0.000000000000000000e+00 0.000000000000000000e+00 1.199338112920752537e-10 -2.543839299863387359e-09 -7.498947655992182297e-10 -1.102514516360717177e-09 1.385064171962387918e-10 2.799261327126386315e-11 -1.358003218419589923e-11 3.510806226081648494e-11 1.078145478419098736e-11 1.324393157910688852e-11 -2.901977190507999517e-11 -3.920325270200339079e-11 -1.886823139591093957e-06 0.000000000000000000e+00
0.000000000000000000e+00 0.000000000000000000e+00 0.000000000000000000e+00 0.000000000000000000e+00 0.000000000000000000e+00 0.000000000000000000e+00 3.719174029692964776e-10 -1.755696371087676700e-10 -4.057384981427260193e-11 -4.250236891773131047e-11 1.421847633935086715e-10 6.443731961161418741e-11 -4.016590051650751097e-11 -7.593858365989741295e-12 -3.726527680096361199e-11 -2.820779962163895919e-11 -2.004430939156769214e-10 -1.248357357725993895e-08 1.707428278815933111e-06 0.000000000000000000e+00
0.000000000000000000e+00 0.000000000000000000e+00 0.000000000000000000e+00 0.000000000000000000e+00 0.000000000000000000e+00 0.000000000000000000e+00 4.546111003335634087e-10 -6.761685926982241029e-11 7.892524502590073499e-12 -9.359874233508545334e-11 -3.048886110843028613e-10 -1.950477805742986771e-10 -8.836044931882123144e-11 -5.929712718739210078e-11 -7.603382104127479736e-11 4.400284276289081287e-11 -5.845893007245137847e-07 -1.414426967392620573e-08 1.703203983554105449e-06 0.000000000000000000e+00
0.000000000000000000e+00 0.000000000000000000e+00 0.000000000000000000e+00 0.000000000000000000e+00 0.000000000000000000e+00 0.000000000000000000e+00 7.587637847627352156e-10 -1.027651707472245732e-10 1.525652008141371030e-10 -1.025919108537465378e-11 1.126732890823856145e-10 2.234295627835459080e-11 -5.382449429957945081e-11 -3.220993924801233017e-11 -6.574841814891025296e-11 -2.590676149171368169e-11 -1.262151828332229623e-10 1.644307981297645386e-06 3.261573503866248558e+01 0.000000000000000000e+00
0.000000000000000000e+00 0.000000000000000000e+00 0.000000000000000000e+00 0.000000000000000000e+00 0.000000000000000000e+00 0.000000000000000000e+00 7.900875996620195525e-10 -1.165474051759990336e-10 1.837385730848270879e-10 9.976184727632429102e-12 8.273714669386556479e-11 8.621183123838548363e-12 -5.919354535774548427e-11 -3.987236347419205330e-11 -8.064044726518187606e-11 -2.980278132908403496e-11 -6.894923521040250989e-11 2.405712154799395330e-06 1.002345969762573219e+02 0.000000000000000000e+00
