0.000000000000000000e+00 0.000000000000000000e+00 0.000000000000000000e+00 0.000000000000000000e+00 0.000000000000000000e+00 0.000000000000000000e+00 4.440153760222611638e-11 6.543937233600616252e-11 1.021361084206682173e-10 6.902782989435050895e-11 7.952942067218671167e-11 9.653567606877326489e-11 9.900877523272413722e-11 8.446052898947974896e-11 5.091806522450214776e-11 9.939045666528564729e-12 1.675682901532133183e-10 1.031939070939795472e-08 5.217807826882919672e-08 0.000000000000000000e+00
0.000000000000000000e+00 0.000000000000000000e+00 0.000000000000000000e+00 0.000000000000000000e+00 0.000000000000000000e+00 0.000000000000000000e+00 2.534170452650283928e-11 4.527085062279974952e-11 2.469177086026424875e-11 2.108889649056037109e-11 1.682813862382520546e-11 1.894900664411382470e-11 1.551360295700311194e-11 1.638657830700895343e-11 3.333637565759241103e-11 1.412449713811915823e-10 2.531104542093246851e-07 1.002947614078862465e-08 5.231746810502304092e-08 0.000000000000000000e+00
0.000000000000000000e+00 0.000000000000000000e+00 0.000000000000000000e+00 0.000000000000000000e+00 0.000000000000000000e+00 0.000000000000000000e+00 1.513094765847863331e-11 3.474113247073186076e-11 2.545092592883008267e-11 1.556210407346705300e-11 2.674714667494425546e-11 2.924799324850814656e-11 3.481094347554368050e-11 3.028767758592876262e-11 2.070751624517999399e-11 5.453850940378556186e-12 7.919798479032593705e-11 3.469503928027134959e-07 2.271251599220336814e+00 0.000000000000000000e+00
0.000000000000000000e+00 0.000000000000000000e+00 0.000000000000000000e+00 0.000000000000000000e+00 0.000000000000000000e+00 0.000000000000000000e+00 1.509831072164680824e-11 2.777627533896439948e-11 1.409794617801079156e-11 7.890710218030308776e-12 1.626055496326024104e-11 1.579124744852641563e-11 2.176107382872890079e-11 1.794903757604283669e-11 1.142973554473930617e-11 3.026400536365951552e-12 4.087644062648192134e-11 5.035216302017406247e-07 9.287351987980098755e+00 0.000000000000000000e+00
0.000000000000000000e+00 0.000000000000000000e+00 0.000000000000000000e+00 0.000000000000000000e+00 0.000000000000000000e+00 0.000000000000000000e+00 -2.535243751461902333e-10 2.946123366920205756e-10 -5.152597454979029014e-10 -8.009412746664781095e-10 -7.715360416125567002e-10 -1.449561910866981065e-10 -1.932497633898649605e-10 -1.134244231033656089e-10 -7.950479773199357273e-11 -1.250221778050147197e-11 3.996025191306625823e-11 2.209800587227492576e-10 -2.128296653496352190e-11 0.000000000000000000e+00
0.000000000000000000e+00 0.000000000000000000e+00 0.000000000000000000e+00 0.000000000000000000e+00 0.000000000000000000e+00 0.000000000000000000e+00 7.940975867855753072e-10 -3.875245822849073098e-10 2.440587829661344086e-10 -2.032636670934330050e-10 -1.720021549890491212e-10 6.198519512425314808e-11 -3.831787276956800889e-11 -1.877505796812675900e-11 -2.848367864977725949e-11 -3.404625047825610856e-11 1.795364706505856417e-10 2.215635489431873828e-10 -2.155858035466300837e-11 0.000000000000000000e+00
0.000000000000000000e+00 0.000000000000000000e+00 0.000000000000000000e+00 0.000000000000000000e+00 0.000000000000000000e+00 0.000000000000000000e+00 5.874793048617090787e-10 -6.602275960324407692e-10 -1.036227818455878977e-10 -8.985471764708844673e-11 -3.085922136082890500e-10 -3.034792644948900987e-11 -8.104453764317499676e-11 -4.988975786259520376e-11 -3.839818772555396977e-11 -7.495591667144611993e-12 1.744354786505880800e-11 1.523317377132671600e-10 1.034982535903806235e-07 0.000000000000000000e+00
0.000000000000000000e+00 0.000000000000000000e+00 0.000000000000000000e+00 0.000000000000000000e+00 0.000000000000000000e+00 0.000000000000000000e+00 7.930420444157733906e-10 -7.305518093287008740e-10 1.285539985576060559e-11 5.748709418387611361e-11 -1.821285110252900863e-10 3.114927399654627911e-12 -4.691322231664857858e-11 -2.609234871247720452e-11 -1.757270309637018628e-11 -4.438918507918055626e-13 4.010511428966564144e-12 1.168815210875050398e-10 2.078792208036980093e-07 0.000000000000000000e+00
0.000000000000000000e+00 0.000000000000000000e+00 0.000000000000000000e+00 0.000000000000000000e+00 0.000000000000000000e+00 0.000000000000000000e+00 -8.630049553687971789e-09 -1.531660466748117356e-09 -6.967825746785589176e-09 -4.332807479821914627e-09 -1.697255167994873436e-09 -6.159320989435702195e-10 -3.210163833027689706e-10 3.525262376493892572e-11 -9.763583642016556358e-11 -3.615624275472504166e-11 8.898597556465884842e-11 7.240077351893053590e-13 -7.030031931919286791e-10 0.000000000000000000e+00
0.000000000000000000e+00 0.000000000000000000e+00 0.000000000000000000e+00 0.000000000000000000e+00 0.000000000000000000e+00 0.000000000000000000e+00 -3.118710155682643048e-09 1.354323562826460923e-09 -3.901702864573588418e-10 8.889845374486239816e-10 3.832141921542957094e-10 1.118903962198047364e-10 1.409065876930571621e-10 1.717290769792446569e-10 -3.140180459108026344e-11 -1.134176676994361104e-10 1.050374803232319544e-09 4.809128330500998066e-11 -7.068694903459618423e-10 0.000000000000000000e+00
0.000000000000000000e+00 0.000000000000000000e+00 0.000000000000000000e+00 0.000000000000000000e+00 0.000000000000000000e+00 0.000000000000000000e+00 -3.735299884647750016e-09 -6.085537072397129953e-10 -2.593172555703574970e-09 -7.334869360083256315e-10 -2.867122182667647769e-10 -1.954345834980962732e-10 -6.742001562302906289e-13 1.535370872437075443e-10 -4.846080344691962144e-11 -1.974146556263170282e-11 4.209045184411700192e-11 -1.575811153670448651e-09 2.993503770597366626e-07 0.000000000000000000e+00
0.000000000000000000e+00 0.000000000000000000e+00 0.000000000000000000e+00 0.000000000000000000e+00 0.000000000000000000e+00 0.000000000000000000e+00 -2.636786634752928961e-09 -2.364417444069128052e-11 -1.195815579449689011e-09 3.561624009984472504e-10 1.168796636816351664e-10 -7.049479668322048637e-11 8.932787704508516821e-11 1.881819011445653947e-10 -2.622145791248535999e-11 -2.682719464140795338e-12 1.486039772002893237e-11 -2.016525561200061985e-09 1.413778117749020909e-06 0.000000000000000000e+00
0.000000000000000000e+00 0.000000000000000000e+00 0.000000000000000000e+00 0.000000000000000000e+00 0.000000000000000000e+00 0.000000000000000000e+00 6.036198935677871009e-10 -8.486451740035472000e-12 -2.526983710288784265e-11 -1.850631352165936363e-10 -7.502729384841288444e-11 -1.152809773818487787e-10 -4.250409835801431149e-11 1.806883400079153202e-11 -3.046456685934351747e-11 -5.780685697840323853e-11 -1.691997018140562255e-10 -1.297186274217343579e-08 4.389147804303929841e-07 0.000000000000000000e+00
0.000000000000000000e+00 0.000000000000000000e+00 0.000000000000000000e+00 0.000000000000000000e+00 0.000000000000000000e+00 0.000000000000000000e+00 1.264292600656469959e-09 1.118269720426519449e-09 -1.261018371225855334e-10 3.270680896061974151e-10 -9.950930967785557330e-11 -2.068848143114049766e-10 -9.576606377316516733e-11 2.387446934068400818e-11 -8.685620425759662545e-12 8.558340360678411844e-13 1.054695730642711299e-07 -1.525307295627887682e-08 4.361327373057290289e-07 0.000000000000000000e+00
0.000000000000000000e+00 0.000000000000000000e+00 0.000000000000000000e+00 0.000000000000000000e+00 0.000000000000000000e+00 0.000000000000000000e+00 6.184299020348309847e-10 -1.424362141540169201e-10 -5.681528333944377642e-11 -1.647614597009077476e-10 -1.552167115885704155e-10 -1.591394167800691916e-10 -1.426923461474239521e-10 -5.114758676668854204e-12 -4.499271688682794279e-11 -5.777533226632338676e-11 -1.389010293744597254e-10 2.460933792555675417e-06 8.708686894834356096e+00 0.000000000000000000e+00
0.000000000000000000e+00 0.000000000000000000e+00 0.000000000000000000e+00 0.000000000000000000e+00 0.000000000000000000e+00 0.000000000000000000e+00 6.729476855687947876e-10 -4.711968789122034247e-11 -5.989545652236764123e-11 -1.640889072203414971e-10 -1.649798366861687982e-10 -1.508549764188394696e-10 -1.582550389616641501e-10 -1.020593204227633541e-11 -5.008804068618208509e-11 -6.062598937365633303e-11 -1.218624673650556282e-10 3.560078775178666138e-06 3.509101872561952007e+01 0.000000000000000000e+00
