0.000000000000000000e+00 0.000000000000000000e+00 0.000000000000000000e+00 0.000000000000000000e+00 0.000000000000000000e+00 0.000000000000000000e+00 6.390639968470354491e-11 4.234798272506232836e-11 3.086555653972511264e-11 2.112791685171987662e-11 1.962754979145640546e-11 3.051631701892434958e-11 2.715569647030244562e-11 2.044533633930024643e-11 1.100949919071434129e-11 2.663750919191053025e-12 3.320348253779466053e-11 4.639472293050540741e-09 4.488633002030438728e-08 0.000000000000000000e+00
0.000000000000000000e+00 0.000000000000000000e+00 0.000000000000000000e+00 0.000000000000000000e+00 0.000000000000000000e+00 0.000000000000000000e+00 -1.021820486411837099e-12 3.547496288278006439e-11 1.728205690226146555e-11 9.852293979760638177e-12 1.033772744435677833e-11 1.315831215495502465e-11 5.897710338400519092e-12 3.757791243121230448e-12 4.074966607397755320e-12 9.855800109104454820e-12 -1.458120434386954425e-09 4.719033185166661188e-09 4.493893847115253755e-08 0.000000000000000000e+00
0.000000000000000000e+00 0.000000000000000000e+00 0.000000000000000000e+00 0.000000000000000000e+00 0.000000000000000000e+00 0.000000000000000000e+00 1.366885612044082216e-11 1.585913989698487674e-11 1.362826963671547961e-11 7.370670189322722209e-12 7.213236933580436896e-12 1.126682686999282673e-11 8.518399605109378629e-12 6.334530901033031237e-12 4.486608422065739854e-12 1.862239750547781990e-12 1.440806074020673926e-11 1.083712229724959929e-07 2.435599298775474431e+00 0.000000000000000000e+00
0.000000000000000000e+00 0.000000000000000000e+00 0.000000000000000000e+00 0.000000000000000000e+00 0.000000000000000000e+00 0.000000000000000000e+00 6.930586319414788208e-12 1.255155936900049853e-11 1.021738607977415904e-11 5.383870446636209471e-12 6.129670520985881887e-12 9.475202328001946268e-12 6.071369108440105163e-12 4.314712024980400764e-12 3.347789464214036074e-12 1.647991522489962639e-12 9.160421046725094674e-12 1.537785828661900094e-07 9.701954262299647525e+00 0.000000000000000000e+00
0.000000000000000000e+00 0.000000000000000000e+00 0.000000000000000000e+00 0.000000000000000000e+00 0.000000000000000000e+00 0.000000000000000000e+00 1.943984704805971875e-09 -5.402080538752751377e-10 -1.177651218424111144e-09 -5.101904853475482709e-10 -3.374845781270493072e-10 -3.435798961920659703e-10 -1.399811906945987013e-10 -9.494820649075913985e-11 -3.746704103100773650e-11 -5.997163065278922573e-12 2.454299872028291693e-11 1.424688980849624840e-10 -3.365262518145116443e-11 0.000000000000000000e+00
0.000000000000000000e+00 0.000000000000000000e+00 0.000000000000000000e+00 0.000000000000000000e+00 0.000000000000000000e+00 0.000000000000000000e+00 4.978613504622574688e-10 3.571416425458176330e-10 -4.587445003686035171e-10 -1.884364278839208951e-10 -7.214105141178193600e-11 -7.215697108581535083e-11 -2.347228899258875956e-11 -6.691689049393773538e-12 -9.647050476068230703e-12 -1.367383149914143637e-11 7.464832131930817171e-11 1.436604602750158195e-10 -3.271688439664263136e-11 0.000000000000000000e+00
0.000000000000000000e+00 0.000000000000000000e+00 0.000000000000000000e+00 0.000000000000000000e+00 0.000000000000000000e+00 0.000000000000000000e+00 1.018145414592567424e-09 1.136584436221546544e-10 -3.526648466270853310e-10 -1.952191454287005080e-10 -1.141688676347186806e-10 -1.179939985108836958e-10 -5.031895647622688321e-11 -3.889816415900746484e-11 -1.329814183837294774e-11 -2.413646701546891594e-12 8.649508550539573324e-12 1.921487490695328784e-10 -1.186172861945421742e-07 0.000000000000000000e+00
0.000000000000000000e+00 0.000000000000000000e+00 0.000000000000000000e+00 0.000000000000000000e+00 0.000000000000000000e+00 0.000000000000000000e+00 6.776174740559541777e-10 2.913473556469204689e-10 -1.683165594035388511e-10 -1.102975262188305823e-10 -6.774241513785061358e-11 -5.134871613581728353e-11 -2.259764859073890964e-11 -1.656474319686789695e-11 -1.521445195989828593e-12 2.292271259849426356e-12 -4.983806525010783397e-13 2.016182834775175592e-10 -2.298442623664478678e-07 0.000000000000000000e+00
0.000000000000000000e+00 0.000000000000000000e+00 0.000000000000000000e+00 0.000000000000000000e+00 0.000000000000000000e+00 0.000000000000000000e+00 3.614667897667276683e-09 -2.495386201774406258e-09 -4.050865401560328443e-09 -3.312792208290953673e-09 -1.379149065663375081e-09 -7.991320745808717710e-10 -1.833274967397284713e-10 -1.360771977628313255e-10 -5.024458728121197627e-11 6.115219351676422367e-12 5.635279512495766674e-12 -1.260232700149646105e-10 4.331413478017501323e-10 0.000000000000000000e+00
0.000000000000000000e+00 0.000000000000000000e+00 0.000000000000000000e+00 0.000000000000000000e+00 0.000000000000000000e+00 0.000000000000000000e+00 1.420935789342738124e-09 3.966110554040387935e-09 -1.086425538638512954e-09 -3.440197976308905730e-10 -6.357716849629955864e-10 7.932768039202690072e-11 -1.625256783015276051e-11 -7.515212588239922148e-11 -5.671915410524076458e-12 -4.414168791752131297e-12 1.324136769430939365e-10 -1.050241993809889245e-10 4.279748047151910890e-10 0.000000000000000000e+00
0.000000000000000000e+00 0.000000000000000000e+00 0.000000000000000000e+00 0.000000000000000000e+00 0.000000000000000000e+00 0.000000000000000000e+00 1.868980785406327634e-09 1.262221488915799306e-09 -1.215755686496152652e-09 -9.265408328346830912e-10 -6.036620671363541553e-10 -3.133083028670897932e-11 -3.289075292495994944e-11 -1.115522017680529436e-10 1.337621292029306452e-12 1.298384503884695399e-11 1.241130753935402250e-12 -1.650932926035062378e-09 5.582958621502916375e-07 0.000000000000000000e+00
0.000000000000000000e+00 0.000000000000000000e+00 0.000000000000000000e+00 0.000000000000000000e+00 0.000000000000000000e+00 0.000000000000000000e+00 1.359924187465494249e-09 2.273286601658352234e-09 -5.410702173841844376e-10 -3.399927884345055816e-10 -4.982019003116715031e-10 1.566425258161271193e-10 4.337180026933289433e-12 -9.025690742183181535e-11 2.212280125576609845e-11 1.802386117224039600e-11 -1.427201831885689375e-12 -1.870063007465660072e-09 9.334366433226807726e-07 0.000000000000000000e+00
0.000000000000000000e+00 0.000000000000000000e+00 0.000000000000000000e+00 0.000000000000000000e+00 0.000000000000000000e+00 0.000000000000000000e+00 4.185362398867604579e-10 1.421956347907409647e-10 -2.773572843500048890e-11 1.123645926615992923e-11 -1.104073589494549902e-10 -9.765579118177446030e-11 -1.092919706781614706e-11 -5.023960818205220262e-11 7.902173058307380330e-12 -9.797286494205808370e-12 -1.111762578622073189e-10 -1.597758235967762695e-08 -5.638823807016871179e-07 0.000000000000000000e+00
0.000000000000000000e+00 0.000000000000000000e+00 0.000000000000000000e+00 0.000000000000000000e+00 0.000000000000000000e+00 0.000000000000000000e+00 6.062353774545819964e-10 1.292965370696623269e-10 -4.393278947896800780e-10 -1.623228264214602361e-10 1.134650069497335558e-10 -1.108582370772671372e-10 -2.600337227769685416e-11 -7.186929857602203285e-11 -1.040322584056280980e-11 -2.690610166594257132e-10 -3.178971779233609766e-06 -2.009073565414931032e-08 -5.637845108161756808e-07 0.000000000000000000e+00
0.000000000000000000e+00 0.000000000000000000e+00 0.000000000000000000e+00 0.000000000000000000e+00 0.000000000000000000e+00 0.000000000000000000e+00 3.792401429742660095e-10 1.168680963273554274e-10 -6.834095433460208137e-11 -5.983747488806061387e-11 -9.423887273558493619e-11 -1.688237805128522086e-11 -3.160684116294833807e-11 -5.656292660504703528e-11 -9.506867733225923613e-12 -1.027474508225128053e-11 -9.093371484773273050e-11 8.411663772855309890e-07 3.089410188262041856e+01 0.000000000000000000e+00
0.000000000000000000e+00 0.000000000000000000e+00 0.000000000000000000e+00 0.000000000000000000e+00 0.000000000000000000e+00 0.000000000000000000e+00 3.432985281035464915e-10 2.806247477559319756e-11 -7.644590516803858750e-11 -5.083266320348566139e-11 -9.884737206701563498e-11 1.375796663658587239e-11 -3.843142724010813316e-11 -5.898629213713216019e-11 -1.810327328525663018e-11 -1.371001969086439962e-11 -9.220444018989454102e-11 1.194020492050001975e-06 1.096198591177068948e+02 0.000000000000000000e+00
