0.000000000000000000e+00 0.000000000000000000e+00 0.000000000000000000e+00 0.000000000000000000e+00 0.000000000000000000e+00 0.000000000000000000e+00 1.411640663224816497e-10 7.495431937120070137e-11 6.093728803483613958e-11 7.147237310610438905e-11 5.428691422189197767e-11 8.974586605017645776e-11 7.809418799690807574e-11 6.481730281950929637e-11 3.904143242221488668e-11 7.509279784981732601e-12 1.189391222112794306e-10 1.238754087658409087e-08 8.747062380519964284e-08 0.000000000000000000e+00
0.000000000000000000e+00 0.000000000000000000e+00 0.000000000000000000e+00 0.000000000000000000e+00 0.000000000000000000e+00 0.000000000000000000e+00 2.813020130146729620e-11 1.096533943241472006e-11 2.037115637359412510e-11 1.088790657734298408e-11 1.043385503859068216e-11 1.026948420456307074e-11 9.151043359046016550e-12 7.564048806327549175e-12 1.121037751107935801e-11 5.031085837030556971e-11 6.689543506058720213e-08 1.252549019923476735e-08 8.768825764135798524e-08 0.000000000000000000e+00
0.000000000000000000e+00 0.000000000000000000e+00 0.000000000000000000e+00 0.000000000000000000e+00 0.000000000000000000e+00 0.000000000000000000e+00 2.507738599795059112e-11 1.240926497268449248e-11 1.267629530933324095e-11 1.233680001941209902e-11 8.488905361783020780e-12 1.844132518080028394e-11 1.912682906870588444e-11 1.713426932733584644e-11 1.292767276742285350e-11 3.962845607947158442e-12 4.473469009605290086e-11 4.458516322187684166e-07 -1.040603571019621310e+00 0.000000000000000000e+00
0.000000000000000000e+00 0.000000000000000000e+00 0.000000000000000000e+00 0.000000000000000000e+00 0.000000000000000000e+00 0.000000000000000000e+00 1.563277265366066009e-11 3.552106253496244612e-12 9.040279020168871594e-12 6.063199442677551587e-12 3.720907831012783245e-12 1.021051402717645576e-11 1.085499001034678705e-11 1.004943885809319104e-11 6.987240844152313008e-12 2.449045172901210941e-12 1.959978998817864921e-11 6.616050771511363423e-07 -4.236242519680581964e+00 0.000000000000000000e+00
0.000000000000000000e+00 0.000000000000000000e+00 0.000000000000000000e+00 0.000000000000000000e+00 0.000000000000000000e+00 0.000000000000000000e+00 -2.206588753050853384e-09 -1.246256864909341407e-09 -8.984739116932590530e-11 -8.132912220421277250e-10 -2.576321639116966102e-10 -4.935419011843527751e-10 -2.233455063672535225e-10 -1.678589634418925026e-10 -7.391680080017416342e-11 -1.595869359725843687e-11 4.615840722833560524e-11 2.275173409316624896e-10 -2.806502731989816737e-11 0.000000000000000000e+00
0.000000000000000000e+00 0.000000000000000000e+00 0.000000000000000000e+00 0.000000000000000000e+00 0.000000000000000000e+00 0.000000000000000000e+00 3.821248558333085078e-10 -2.358425333875951911e-10 5.356667128839166064e-10 5.198014281918547474e-11 4.435306010726825479e-11 -1.085652381944609181e-10 -1.711105809603976266e-11 -1.579521843643619335e-11 -3.102194278248199180e-11 -4.140303707811688438e-11 6.032979256875286769e-11 2.269890608269206288e-10 -2.821584299989385105e-11 0.000000000000000000e+00
0.000000000000000000e+00 0.000000000000000000e+00 0.000000000000000000e+00 0.000000000000000000e+00 0.000000000000000000e+00 0.000000000000000000e+00 -3.798382883294402378e-10 -1.084923234453663801e-09 4.850667766465073176e-10 -4.024005084404625968e-10 -5.589242523179452016e-11 -2.210216540557204254e-10 -9.537512668354174796e-11 -6.187623446829631722e-11 -3.941120073225431293e-11 -1.015004091380269068e-11 2.185236261925950902e-11 2.851834709929901982e-10 -7.567910461551468146e-08 0.000000000000000000e+00
0.000000000000000000e+00 0.000000000000000000e+00 0.000000000000000000e+00 0.000000000000000000e+00 0.000000000000000000e+00 0.000000000000000000e+00 1.333140069172140801e-10 -8.672503885965269548e-10 6.043032344341358853e-10 -2.316035457860917385e-10 6.250886760998231165e-13 -1.326197418899904033e-10 -5.002766356485803560e-11 -2.370337921831079827e-11 -2.148910028334623940e-11 -2.198600590228473303e-12 7.378801867551366512e-12 2.760272290910763582e-10 -1.508480539447640675e-07 0.000000000000000000e+00
0.000000000000000000e+00 0.000000000000000000e+00 0.000000000000000000e+00 0.000000000000000000e+00 0.000000000000000000e+00 0.000000000000000000e+00 -1.680484859911757230e-08 -3.681570174862151787e-09 -2.996415574866850923e-09 -4.814330835164236667e-09 -1.725355418944956351e-09 -1.301963904895213632e-09 -4.236944890358025089e-10 5.871675147613384312e-11 -3.763396838431929881e-11 -1.363663508507516520e-12 3.171343687387439503e-11 7.955083574967592613e-10 -8.763440164876938371e-10 0.000000000000000000e+00
0.000000000000000000e+00 0.000000000000000000e+00 0.000000000000000000e+00 0.000000000000000000e+00 0.000000000000000000e+00 0.000000000000000000e+00 -4.562177645042365489e-11 -4.483405542348278610e-10 3.028161514573018303e-09 -1.179778286990922949e-11 7.605619026862384270e-10 -1.580049473521611241e-10 -7.793635356618198048e-11 5.895975051735442106e-11 -1.903721731483996834e-11 -4.955373867617405695e-12 -3.484156104988831315e-10 7.617860648737838807e-10 -8.763342441387075974e-10 0.000000000000000000e+00
0.000000000000000000e+00 0.000000000000000000e+00 0.000000000000000000e+00 0.000000000000000000e+00 0.000000000000000000e+00 0.000000000000000000e+00 -3.763524517138018898e-09 -3.378483763674319634e-09 7.509422511106156911e-10 -1.444678998930633633e-09 -1.809261602049645465e-10 -6.024166368345251709e-10 -1.508541196658508287e-10 9.689385652933430695e-11 -2.574725769545355542e-11 4.141866496437953083e-12 3.580710751531732937e-12 -2.537145211496141462e-09 -9.093783363409219798e-07 0.000000000000000000e+00
0.000000000000000000e+00 0.000000000000000000e+00 0.000000000000000000e+00 0.000000000000000000e+00 0.000000000000000000e+00 0.000000000000000000e+00 -3.409784686023377897e-10 -2.765785719937069113e-09 1.790156776929231435e-09 -4.439613243364800120e-10 2.768737231021985329e-10 -3.599928202950348664e-10 -7.801512646078978448e-11 9.039890849069596871e-11 -1.540614761423706513e-11 8.343865744477398958e-12 -1.720156876075592509e-11 -3.174889174363088019e-09 -1.193215715464212179e-06 0.000000000000000000e+00
0.000000000000000000e+00 0.000000000000000000e+00 0.000000000000000000e+00 0.000000000000000000e+00 0.000000000000000000e+00 0.000000000000000000e+00 -1.808891824183950766e-10 -2.007912046089251653e-10 4.901596990595089803e-10 -4.072992558698567358e-12 6.350520097878936791e-11 -1.550162825438495755e-10 -1.316273721332866594e-10 -7.148391236474126308e-11 -3.135384596210085650e-11 -1.228436708798548840e-11 -2.035939278164911289e-10 -2.112933459943791846e-08 -2.866842925328853749e-06 0.000000000000000000e+00
0.000000000000000000e+00 0.000000000000000000e+00 0.000000000000000000e+00 0.000000000000000000e+00 0.000000000000000000e+00 0.000000000000000000e+00 -2.565877562482599721e-10 -1.296196236027344941e-10 3.083347946287351996e-10 -2.534808573562771430e-10 4.877550102739497394e-11 -8.211770880105663800e-11 -2.343432928100218905e-10 -9.135755695087547555e-11 -3.356743508470112271e-11 1.971469412755694541e-10 6.390949786319682570e-07 -2.091220911216945907e-08 -2.865888439895400273e-06 0.000000000000000000e+00
0.000000000000000000e+00 0.000000000000000000e+00 0.000000000000000000e+00 0.000000000000000000e+00 0.000000000000000000e+00 0.000000000000000000e+00 -1.402874602733853590e-10 -5.616877744849295892e-10 2.786113046581029417e-10 -7.419345706625410702e-11 2.343040227024975752e-10 -9.584611179771307992e-12 -1.691297595539437389e-10 -8.786126988448914257e-11 -4.894570019355581941e-11 -1.416708055767369574e-11 -1.662201500581151426e-10 -4.943320122626746044e-07 1.970252315263552711e+00 0.000000000000000000e+00
0.000000000000000000e+00 0.000000000000000000e+00 0.000000000000000000e+00 0.000000000000000000e+00 0.000000000000000000e+00 0.000000000000000000e+00 -1.180300313127074656e-10 -5.915503716878018454e-10 2.376370446871983295e-10 -9.697865279117643388e-11 2.833285113646479089e-10 1.491978437931030667e-11 -1.711648865593048886e-10 -1.073773024697060727e-10 -5.511256457131897741e-11 -2.310295928677892543e-11 -1.393297388532382131e-10 -9.753488349055367859e-07 -2.614606327259135554e+00 0.000000000000000000e+00
