0.000000000000000000e+00 0.000000000000000000e+00 0.000000000000000000e+00 0.000000000000000000e+00 0.000000000000000000e+00 0.000000000000000000e+00 3.393795673206939272e-11 3.151658702098037539e-11 3.856147401167703563e-11 4.130702628966976444e-11 4.010146731743495069e-11 5.571402853183805554e-11 5.478244712746122446e-11 4.159078373489407648e-11 2.111827669588680328e-11 5.367559517195992713e-12 6.438189653833181549e-11 9.368610961958269150e-09 2.529281981138672251e-08 0.000000000000000000e+00
0.000000000000000000e+00 0.000000000000000000e+00 0.000000000000000000e+00 0.000000000000000000e+00 0.000000000000000000e+00 0.000000000000000000e+00 -1.532999629566177837e-11 2.196404971410128003e-11 1.113857169885253493e-11 4.930571235971092317e-12 5.514743596774293328e-12 7.539036767373528351e-12 7.428691933224156630e-12 4.355852162516980931e-12 4.875991269962276639e-12 2.437954388965579218e-11 4.425938445916903943e-08 9.564694383598492560e-09 2.537023230918006480e-08 0.000000000000000000e+00
0.000000000000000000e+00 0.000000000000000000e+00 0.000000000000000000e+00 0.000000000000000000e+00 0.000000000000000000e+00 0.000000000000000000e+00 -7.603553897211053611e-12 -5.663806167020674609e-12 2.776498285154258716e-12 9.246123898661276453e-12 4.700077940886977374e-12 1.045891541235808421e-11 1.074864692967897469e-11 1.013887952319059273e-11 7.472840642231823542e-12 3.628978378458717218e-12 2.414759853941990133e-11 3.359173575927568338e-07 5.054437981018522485e-01 0.000000000000000000e+00
0.000000000000000000e+00 0.000000000000000000e+00 0.000000000000000000e+00 0.000000000000000000e+00 0.000000000000000000e+00 0.000000000000000000e+00 -9.381460512767723979e-12 -7.373668115670717527e-12 1.087111753458692153e-12 4.879024791057273949e-12 2.540806369387389998e-12 5.769613249090955515e-12 6.202722787342563096e-12 6.417876872579015545e-12 5.336682774691655322e-12 3.284400618190132591e-12 1.549760805457382928e-11 5.007526451688132363e-07 2.295732892273111503e+00 0.000000000000000000e+00
0.000000000000000000e+00 0.000000000000000000e+00 0.000000000000000000e+00 0.000000000000000000e+00 0.000000000000000000e+00 0.000000000000000000e+00 -6.879705637638759622e-10 -8.450860895774373475e-10 -7.448382136236465213e-11 -6.670594020919797687e-10 -4.418477242932668397e-10 -2.097297597538535641e-10 -2.158303053051345277e-10 -1.213903049367941426e-10 -5.218975038362546305e-11 -7.179182179586537322e-12 4.164605173803640606e-11 2.403214377539390161e-10 -1.012520509314405918e-13 0.000000000000000000e+00
0.000000000000000000e+00 0.000000000000000000e+00 0.000000000000000000e+00 0.000000000000000000e+00 0.000000000000000000e+00 0.000000000000000000e+00 1.873980170574914625e-10 3.146739546313975134e-10 1.119346625077498992e-09 2.561628859683493258e-10 8.659756283130611604e-11 9.595998861670942050e-11 -1.141695431738773613e-11 3.759192675261857784e-12 -5.070091252812280163e-12 -2.372247828705380829e-11 1.922329820185591224e-11 2.411396026587575635e-10 8.821366784753352650e-14 0.000000000000000000e+00
0.000000000000000000e+00 0.000000000000000000e+00 0.000000000000000000e+00 0.000000000000000000e+00 0.000000000000000000e+00 0.000000000000000000e+00 -3.132423428475054389e-10 1.782443814930036635e-10 2.671353413057659563e-10 -6.322595131230291246e-11 -3.397621834873461223e-11 -1.796378808224300371e-12 -8.116848901426228956e-11 -3.333373536604169682e-11 -1.370432066980607709e-11 -1.731992961289876434e-12 1.846450193431639007e-11 2.535283070761971259e-10 -7.163597399987396946e-08 0.000000000000000000e+00
0.000000000000000000e+00 0.000000000000000000e+00 0.000000000000000000e+00 0.000000000000000000e+00 0.000000000000000000e+00 0.000000000000000000e+00 -1.610950068829453465e-10 3.883755606915639149e-10 4.507630110642049990e-10 7.751338339727391703e-11 5.643103290522728162e-11 6.765061530667733480e-11 -3.439557976668161711e-11 -2.421189102046598307e-12 3.793029839583714363e-12 5.390949015185210023e-12 5.095619341764418649e-12 2.523638997601813644e-10 -1.329904410057559198e-07 0.000000000000000000e+00
0.000000000000000000e+00 0.000000000000000000e+00 0.000000000000000000e+00 0.000000000000000000e+00 0.000000000000000000e+00 0.000000000000000000e+00 -4.266732129787901364e-09 -4.697668073617069592e-09 -1.362905879828507727e-09 -8.543013694194608018e-10 -1.383204846433210470e-09 -8.580676199173723718e-10 -3.421252032364178759e-10 -8.567700984229845673e-11 -8.863897109526389433e-11 -7.202850874842893289e-12 2.924018855398490504e-11 4.145201692440872156e-10 -7.102693864306597868e-11 0.000000000000000000e+00
0.000000000000000000e+00 0.000000000000000000e+00 0.000000000000000000e+00 0.000000000000000000e+00 0.000000000000000000e+00 0.000000000000000000e+00 1.963081558857703825e-09 -1.382375406945473215e-09 2.563502231021398377e-09 1.108796923914984697e-09 -5.548871568003052777e-11 3.440330948554155334e-10 3.126446405072265916e-11 5.409590178125973085e-11 -1.298651338614098355e-11 -3.333333537937718774e-11 4.067353328292440171e-10 4.027901934498976552e-10 -7.479428971834334945e-11 0.000000000000000000e+00
0.000000000000000000e+00 0.000000000000000000e+00 0.000000000000000000e+00 0.000000000000000000e+00 0.000000000000000000e+00 0.000000000000000000e+00 -1.653291278627720805e-10 2.157202848745052843e-10 2.933876633659608937e-10 1.129829797204707681e-09 -2.984689901174896869e-10 1.731150431806765250e-11 -9.837421634643229687e-11 2.750053892025905840e-11 -1.801220144299513444e-11 -5.534833353959316228e-12 5.131126569457306275e-13 2.898763210153013582e-09 -6.158591766568339612e-07 0.000000000000000000e+00
0.000000000000000000e+00 0.000000000000000000e+00 0.000000000000000000e+00 0.000000000000000000e+00 0.000000000000000000e+00 0.000000000000000000e+00 1.033589477619296757e-09 9.781902142392075968e-10 9.641295124613939389e-10 1.373954060667185775e-09 -5.921080290465498773e-11 2.692229905974502832e-10 -8.149586520670944030e-12 5.972149246641750802e-11 4.254282409056347451e-12 -2.951819738271402151e-12 -1.031519182980649172e-11 3.356934892039993215e-09 -1.173416926002351417e-06 0.000000000000000000e+00
0.000000000000000000e+00 0.000000000000000000e+00 0.000000000000000000e+00 0.000000000000000000e+00 0.000000000000000000e+00 0.000000000000000000e+00 2.269216967778205999e-10 -1.998296065622949061e-10 -1.485377197223155335e-10 -3.548105694589735959e-11 3.807203954025709874e-11 -1.446209542343238874e-10 2.772675580767633513e-11 -5.983683680544494858e-11 -3.069077115364085521e-11 -2.001410640560972502e-11 -1.387656142594588387e-10 -1.317423992976198466e-08 -2.515287558425184336e-07 0.000000000000000000e+00
0.000000000000000000e+00 0.000000000000000000e+00 0.000000000000000000e+00 0.000000000000000000e+00 0.000000000000000000e+00 0.000000000000000000e+00 5.282226014452295591e-10 1.798160388714334632e-10 -6.617720963391466889e-10 -1.061874704703605879e-10 -2.926980730026273845e-10 -3.097388698117574628e-10 -1.017189128343991115e-10 -8.054060754531467843e-11 -5.759517207395428137e-11 2.108641162876543139e-10 -3.760222746917489299e-07 -1.218032489231123036e-08 -2.512483983154209765e-07 0.000000000000000000e+00
0.000000000000000000e+00 0.000000000000000000e+00 0.000000000000000000e+00 0.000000000000000000e+00 0.000000000000000000e+00 0.000000000000000000e+00 2.794116018578172705e-10 -1.550869820182062909e-11 -3.583298551378939731e-10 -6.467816542871571453e-11 -1.059502395958356393e-10 -1.467043295363691958e-10 1.698925450240758703e-11 -5.538192720923499461e-11 -4.892840596277615838e-11 -2.398448394148111190e-11 -9.102449006030263636e-11 -6.746837760669390977e-07 -1.558037626769734274e+01 0.000000000000000000e+00
0.000000000000000000e+00 0.000000000000000000e+00 0.000000000000000000e+00 0.000000000000000000e+00 0.000000000000000000e+00 0.000000000000000000e+00 3.685186422866156158e-10 3.760216252147843852e-11 -4.180904690163034003e-10 -6.643299125147616515e-11 -1.618095336201875209e-10 -1.532364566828349865e-10 -6.648329728943733465e-12 -5.516635628878276719e-11 -6.375055134424269004e-11 -2.741115198386330076e-11 -7.129966203094698583e-11 -1.029605695747415381e-06 -4.438234537083490494e+01 0.000000000000000000e+00
