0.000000000000000000e+00 0.000000000000000000e+00 0.000000000000000000e+00 0.000000000000000000e+00 0.000000000000000000e+00 0.000000000000000000e+00 5.756843514820262120e-09 4.970306763155732102e-09 4.454117041355286597e-09 3.298014490464761573e-09 3.693123405130309827e-09 4.203915561254946486e-09 3.511846901144844717e-09 2.955106581168314249e-09 1.746337594806724213e-09 6.063392416619291240e-10 1.619738896166952258e-10 1.403650375023049721e-08 1.259182996809415575e-04 0.000000000000000000e+00
0.000000000000000000e+00 0.000000000000000000e+00 0.000000000000000000e+00 0.000000000000000000e+00 0.000000000000000000e+00 0.000000000000000000e+00 3.076987994119578323e-10 9.521368110373904072e-10 2.155504013348926041e-09 8.227506707550016220e-10 5.987256473111972220e-10 8.744102148544709188e-10 6.963563931960835181e-10 4.843255602256090583e-10 2.907254153632468374e-10 2.565788758133997941e-10 3.087940271714007884e-06 2.089753030645893104e-08 1.259758082753859249e-04 0.000000000000000000e+00
0.000000000000000000e+00 0.000000000000000000e+00 0.000000000000000000e+00 0.000000000000000000e+00 0.000000000000000000e+00 0.000000000000000000e+00 2.979063502534414527e-10 8.364331479101667979e-10 1.324178058040739912e-09 6.578672512799817366e-10 7.124583338502426940e-10 1.031708108491165906e-09 1.068629220396468598e-09 9.555924011340811070e-10 6.489638483215627397e-10 3.116817622890222561e-10 1.013241021015895616e-10 5.982726024462313217e-09 -9.524010161831574806e+01 0.000000000000000000e+00
0.000000000000000000e+00 0.000000000000000000e+00 0.000000000000000000e+00 0.000000000000000000e+00 0.000000000000000000e+00 0.000000000000000000e+00 -2.665195831226667999e-10 2.712359482796629914e-10 1.178021858460149983e-09 4.122415574773951964e-10 4.500386964326812739e-10 6.563819892944086668e-10 7.687415119423494081e-10 6.853675749074000611e-10 4.791298044770177861e-10 2.423631336960132350e-10 8.057917697689266218e-11 5.409184997780302258e-09 1.280870098032391979e+02 0.000000000000000000e+00
0.000000000000000000e+00 0.000000000000000000e+00 0.000000000000000000e+00 0.000000000000000000e+00 0.000000000000000000e+00 0.000000000000000000e+00 -2.965633722324907508e-08 -1.545687117903905734e-08 -1.013394150348444655e-08 -9.030348819945954151e-09 -7.529983755457698847e-09 -4.129512791107790842e-09 -1.694774292348495640e-09 -1.096443868816178050e-09 -5.411613937403097346e-10 -2.288351232446466962e-10 1.449622601657923356e-11 2.907261871430834178e-10 1.505195692473604382e-09 0.000000000000000000e+00
0.000000000000000000e+00 0.000000000000000000e+00 0.000000000000000000e+00 0.000000000000000000e+00 0.000000000000000000e+00 0.000000000000000000e+00 3.484645452755486432e-09 -6.385203424606645521e-09 -2.113072982752388545e-09 -7.671958775030780288e-10 -1.516927062603731910e-09 -2.026033177510008185e-10 2.252315227446369768e-10 -9.227890860379357978e-11 -3.760868318827364437e-11 -6.557457726572013809e-11 2.799131419445524652e-10 3.137493212436576215e-10 1.546582177211025363e-09 0.000000000000000000e+00
0.000000000000000000e+00 0.000000000000000000e+00 0.000000000000000000e+00 0.000000000000000000e+00 0.000000000000000000e+00 0.000000000000000000e+00 -9.132901963110014448e-09 -8.661859220984986355e-09 -4.711620776308812882e-09 -1.981111713454419111e-09 -3.191565246735722075e-09 -1.106484640225769517e-09 -3.503548300089528797e-10 -3.600843630583898817e-10 -1.750051014492798484e-10 -1.003867157679873213e-10 2.065874388716747208e-12 9.644807493858245412e-11 -5.053282866019191507e-07 0.000000000000000000e+00
0.000000000000000000e+00 0.000000000000000000e+00 0.000000000000000000e+00 0.000000000000000000e+00 0.000000000000000000e+00 0.000000000000000000e+00 -8.014788140270215686e-10 -6.252467963189190334e-09 -2.616252112248062280e-09 2.963442118599873862e-10 -1.496387390502404270e-09 -5.481049989890236717e-11 1.255898189176664565e-10 -9.485788447225561209e-11 -2.311050286171223705e-11 -1.735564496026738276e-11 5.062146224127018739e-12 6.512548875137010583e-12 -4.622575933255448463e-07 0.000000000000000000e+00
0.000000000000000000e+00 0.000000000000000000e+00 0.000000000000000000e+00 0.000000000000000000e+00 0.000000000000000000e+00 0.000000000000000000e+00 -1.728026711041662457e-07 -8.278678794220014988e-08 -5.003510536794478080e-08 -3.552861361446325561e-08 -2.547722830305463779e-08 -9.705695186447648015e-09 -5.177318161524910083e-09 -2.530028722310584579e-09 -4.779116031503384045e-10 -1.639635214759759113e-10 8.394015855438556865e-12 2.686547398172732892e-10 -1.266049868195678774e-08 0.000000000000000000e+00
0.000000000000000000e+00 0.000000000000000000e+00 0.000000000000000000e+00 0.000000000000000000e+00 0.000000000000000000e+00 0.000000000000000000e+00 6.363577065987695544e-08 -3.924036864899251242e-08 -4.029873788024546277e-09 1.372962552002184643e-09 -6.318384169734645854e-09 -4.364438368071174616e-10 1.789928360695407200e-09 -2.262055431844421795e-10 1.561094057429601878e-10 8.688825607520714305e-11 1.556567639151494015e-09 2.687409361018688610e-10 -1.258945383867292719e-08 0.000000000000000000e+00
0.000000000000000000e+00 0.000000000000000000e+00 0.000000000000000000e+00 0.000000000000000000e+00 0.000000000000000000e+00 0.000000000000000000e+00 -5.145375310120731750e-08 -3.137664522052107024e-08 -1.464361847870689811e-08 -7.399307467400924753e-09 -9.718009022328432986e-09 -1.702293569600259905e-09 -4.261086280496031251e-10 -5.939893278627607668e-10 1.208423411573102302e-10 4.488020576533324207e-11 -1.494308187675374089e-11 4.160150700555746585e-11 2.036307035202087167e-05 0.000000000000000000e+00
0.000000000000000000e+00 0.000000000000000000e+00 0.000000000000000000e+00 0.000000000000000000e+00 0.000000000000000000e+00 0.000000000000000000e+00 1.079953717432204943e-09 -1.500390518552414351e-08 -1.748897599110640313e-09 2.303454010227886003e-09 -4.049021391571442088e-09 8.559789812755860003e-10 1.386826845250279381e-09 4.481565570560965098e-11 3.391434019975988665e-10 1.576242940941016220e-10 -5.056845941138808998e-12 -1.156825197104729583e-10 3.288105790029774851e-05 0.000000000000000000e+00
0.000000000000000000e+00 0.000000000000000000e+00 0.000000000000000000e+00 0.000000000000000000e+00 0.000000000000000000e+00 0.000000000000000000e+00 7.128178028428996454e-09 1.157098133880857440e-09 -1.361365088092756500e-09 -6.994216673196251861e-10 2.019340186006812679e-10 -4.033722820206319890e-10 -2.232085553888650734e-10 7.502296328000525243e-11 -3.044397019911687937e-10 -8.264228718766089556e-11 -1.568724443095382609e-10 -4.022430569528086006e-09 -4.899800939892171877e-05 0.000000000000000000e+00
0.000000000000000000e+00 0.000000000000000000e+00 0.000000000000000000e+00 0.000000000000000000e+00 0.000000000000000000e+00 0.000000000000000000e+00 9.813945734994815784e-09 2.334799031177695361e-10 -2.659827009708330764e-09 7.088768971849224793e-10 -1.250681725153186817e-09 1.398440384518480785e-10 -7.249324372457597825e-10 -1.272085004737483922e-10 -1.845940487810920636e-10 -6.800830196285445461e-11 8.415746788040313743e-07 -6.379697469657038410e-09 -4.896559500207551928e-05 0.000000000000000000e+00
0.000000000000000000e+00 0.000000000000000000e+00 0.000000000000000000e+00 0.000000000000000000e+00 0.000000000000000000e+00 0.000000000000000000e+00 7.684758685322062024e-09 2.059013065831457355e-09 -2.386276934259063978e-09 -1.908451319717311799e-10 -2.003479389519996567e-10 -3.052954703688590710e-10 -2.680479245542698806e-10 8.752623491971773846e-11 -2.694186996330820005e-10 -7.568526253376524238e-11 -1.344324764122742385e-10 -3.093672781768241358e-09 -4.343298854955372690e+02 0.000000000000000000e+00
0.000000000000000000e+00 0.000000000000000000e+00 0.000000000000000000e+00 0.000000000000000000e+00 0.000000000000000000e+00 0.000000000000000000e+00 7.109713309353036306e-09 1.913429494187011742e-09 -2.813866785385866492e-09 2.493343938000778422e-11 -3.863630369683646449e-10 -2.700877522443520376e-10 -3.294728317345355438e-10 5.499726117392033273e-11 -2.574745212091813199e-10 -8.897759271790905063e-11 -1.288268761631207298e-10 -2.566351037397942512e-09 -6.484713965528267181e+02 0.000000000000000000e+00
