0.000000000000000000e+00 0.000000000000000000e+00 0.000000000000000000e+00 0.000000000000000000e+00 0.000000000000000000e+00 0.000000000000000000e+00 1.096820494556158474e-08 1.087061185094211873e-08 1.358778797962695930e-08 9.005687680673053450e-09 1.420202020066218972e-08 1.379445215858181556e-08 1.246452701101493643e-08 1.078032620267539923e-08 6.848552689727489981e-09 2.276761127072833397e-09 5.215952280567206005e-10 5.154468903956036885e-08 1.342283540422531049e-04 0.000000000000000000e+00
0.000000000000000000e+00 0.000000000000000000e+00 0.000000000000000000e+00 0.000000000000000000e+00 0.000000000000000000e+00 0.000000000000000000e+00 4.921310657676650954e-10 -2.075340708051608792e-09 8.417415288742613899e-10 1.474230940039055576e-09 1.698010643086959019e-09 2.090517383013621886e-09 1.842651395580650134e-09 1.212697123335831384e-09 7.617480186252887399e-10 7.188483494272389944e-10 6.917236378474531637e-06 7.519663036941709087e-08 1.343834970826372766e-04 0.000000000000000000e+00
0.000000000000000000e+00 0.000000000000000000e+00 0.000000000000000000e+00 0.000000000000000000e+00 0.000000000000000000e+00 0.000000000000000000e+00 -4.443746140374299490e-10 3.586523497443249678e-09 2.177206815677229879e-09 2.310974315636460291e-09 2.937530388009403679e-09 3.551054258461317097e-09 3.391183005101127705e-09 2.949120110458319395e-09 2.165246916804997176e-09 9.918159348982193344e-10 2.505793958535758121e-10 1.340967231947338546e-08 1.185886078441522841e+03 0.000000000000000000e+00
0.000000000000000000e+00 0.000000000000000000e+00 0.000000000000000000e+00 0.000000000000000000e+00 0.000000000000000000e+00 0.000000000000000000e+00 -1.438470096615909327e-09 1.267323748629311556e-09 7.491993301613686390e-10 1.117445426507379805e-09 1.381913245450982094e-09 1.932272037088093023e-09 2.041278551876205440e-09 1.751961646650402756e-09 1.269641832446020072e-09 5.931386809180742107e-10 1.337762323386732288e-10 7.502747958530233206e-09 1.885687625936403492e+03 0.000000000000000000e+00
0.000000000000000000e+00 0.000000000000000000e+00 0.000000000000000000e+00 0.000000000000000000e+00 0.000000000000000000e+00 0.000000000000000000e+00 -2.430018572083358979e-08 -8.823238529923289019e-09 -2.354848729259078939e-08 -9.496542249924466271e-09 -4.840923164396024361e-09 -5.862691956070615183e-09 -3.034189505530373744e-09 -1.925958740221092564e-09 -1.075522728601407969e-09 -4.127887881258771162e-10 1.181927873039159612e-11 5.044923355387709005e-10 3.836530430695009805e-09 0.000000000000000000e+00
0.000000000000000000e+00 0.000000000000000000e+00 0.000000000000000000e+00 0.000000000000000000e+00 0.000000000000000000e+00 0.000000000000000000e+00 1.241085923413145321e-08 -1.575343292121764423e-09 5.563796689696675452e-09 1.617023325691699224e-10 1.920021792185955944e-09 2.692243946573015660e-10 -5.508460565845779231e-11 1.232033614794704858e-11 -1.432006430735346731e-10 -1.513953605203249351e-10 6.778910756304792388e-11 5.396070157629632735e-10 3.913771591170562796e-09 0.000000000000000000e+00
0.000000000000000000e+00 0.000000000000000000e+00 0.000000000000000000e+00 0.000000000000000000e+00 0.000000000000000000e+00 0.000000000000000000e+00 -3.365553978146408883e-10 -7.558762961652636984e-09 -5.565496324043330394e-09 -4.856292679165313483e-09 -8.357202459229801634e-10 -1.721961469059223346e-09 -1.012934854149632225e-09 -6.240089050958509818e-10 -4.413497026044061158e-10 -2.162275623202573084e-10 -4.888350713415610051e-12 1.845830483879656460e-10 -1.118743011484423689e-06 0.000000000000000000e+00
0.000000000000000000e+00 0.000000000000000000e+00 0.000000000000000000e+00 0.000000000000000000e+00 0.000000000000000000e+00 0.000000000000000000e+00 8.342021555925720680e-09 -6.276841956818762267e-09 1.518605381942619490e-09 -2.666667409145167253e-09 6.719027946397144198e-10 -2.027128713445930002e-10 -2.590459806538423101e-10 -1.287239368301400255e-10 -1.679153836718426115e-10 -8.284924533516271509e-11 2.731495155970283357e-12 3.774298233491800432e-11 -1.770432279577064185e-06 0.000000000000000000e+00
0.000000000000000000e+00 0.000000000000000000e+00 0.000000000000000000e+00 0.000000000000000000e+00 0.000000000000000000e+00 0.000000000000000000e+00 -1.771245567149769343e-07 -3.058755025876731253e-08 -1.013521452609818656e-07 -5.768224136073427314e-08 -3.687600379789303534e-08 -1.935030091002469071e-08 -6.696420777620646899e-09 -1.057210519976476382e-09 -7.880438768558676902e-10 -2.792486906393562248e-10 7.330607844828567434e-11 2.017618291210347465e-10 2.763156287637841517e-08 0.000000000000000000e+00
0.000000000000000000e+00 0.000000000000000000e+00 0.000000000000000000e+00 0.000000000000000000e+00 0.000000000000000000e+00 0.000000000000000000e+00 5.549871129952558394e-08 -2.182748321837653434e-10 8.993664258089166974e-09 -3.396376175058676296e-09 -5.125811371686568336e-10 2.339830757233399986e-09 -1.204006321832802392e-10 1.853818960631510040e-09 3.101320304064188459e-10 3.343482828358214490e-11 9.744953715362304741e-09 1.924911741057692761e-10 2.785758341197915676e-08 0.000000000000000000e+00
0.000000000000000000e+00 0.000000000000000000e+00 0.000000000000000000e+00 0.000000000000000000e+00 0.000000000000000000e+00 0.000000000000000000e+00 -3.343922205205959502e-08 -2.898135740453507199e-08 -3.046972451965945014e-08 -2.173752739897246373e-08 -1.208447331443010081e-08 -4.338307828627208300e-09 -1.889499038149005126e-09 1.769366686967433246e-09 2.521900749314090544e-10 2.962932071501836634e-11 4.256774164851298277e-11 -5.171213469059525135e-10 1.564989451648167109e-05 0.000000000000000000e+00
0.000000000000000000e+00 0.000000000000000000e+00 0.000000000000000000e+00 0.000000000000000000e+00 0.000000000000000000e+00 0.000000000000000000e+00 2.054157707086313411e-08 -2.393481287014485851e-08 -2.349345802413404762e-09 -8.830779999594981747e-09 -2.806438535452508604e-09 1.127523704139802176e-09 -8.406414701663603807e-11 2.592930309044987304e-09 6.205411813521663944e-10 2.117347416376870199e-10 5.295352658855023270e-11 -7.010055442457525724e-10 1.624250135753192110e-05 0.000000000000000000e+00
0.000000000000000000e+00 0.000000000000000000e+00 0.000000000000000000e+00 0.000000000000000000e+00 0.000000000000000000e+00 0.000000000000000000e+00 9.115107308449125047e-10 2.717607027600695933e-10 -1.450074668484836788e-09 -9.235207613598299257e-10 -6.148447993500552397e-10 2.863554876953651098e-10 -5.796818528745544529e-10 -5.088260975835074258e-10 -2.428039849405048252e-10 -1.374246932906175686e-10 -2.107311703010981331e-10 -6.349196179679366904e-09 -1.205902969751560475e-05 0.000000000000000000e+00
0.000000000000000000e+00 0.000000000000000000e+00 0.000000000000000000e+00 0.000000000000000000e+00 0.000000000000000000e+00 0.000000000000000000e+00 -1.221015604710749781e-09 -2.585310857168580764e-09 -1.707758440299970621e-09 -1.435455912579544235e-09 -1.786118333769656683e-09 -6.769364638405226457e-10 -1.459276591501749772e-09 -1.099080041818409406e-09 -4.755875027915532472e-10 -2.436203358368270643e-10 -1.009071536472189489e-05 -9.077838735594576188e-09 -1.207536222071367121e-05 0.000000000000000000e+00
0.000000000000000000e+00 0.000000000000000000e+00 0.000000000000000000e+00 0.000000000000000000e+00 0.000000000000000000e+00 0.000000000000000000e+00 9.572319591652542586e-10 -2.203701745235185975e-10 -1.044455546144291298e-09 -8.613974541085762796e-10 -3.268607792348554460e-11 2.699000305641452405e-10 -1.697302767985626410e-10 -4.518383219548761743e-10 -3.379845764605938726e-10 -1.926842707452253120e-10 -1.799285119755025678e-10 -4.433518809623075800e-09 -3.268847455074119353e+02 0.000000000000000000e+00
0.000000000000000000e+00 0.000000000000000000e+00 0.000000000000000000e+00 0.000000000000000000e+00 0.000000000000000000e+00 0.000000000000000000e+00 8.825683308197859162e-10 -7.481526711479072284e-10 -1.033031492300169996e-09 -7.476276084228143489e-10 -7.354350671054617520e-11 9.506372148261361876e-11 -2.166676494321797105e-10 -5.261420510030703715e-10 -4.488033815250422412e-10 -2.671338295541451392e-10 -1.788681740092774940e-10 -3.032734219212578559e-09 -4.500983287349536681e+02 0.000000000000000000e+00
