0.000000000000000000e+00 0.000000000000000000e+00 0.000000000000000000e+00 0.000000000000000000e+00 0.000000000000000000e+00 0.000000000000000000e+00 3.960893810606455503e-09 2.743083182475237587e-09 3.564001846454602428e-09 3.132300119610999856e-09 3.888417100867013087e-09 3.978741954705281314e-09 3.768676112505413958e-09 2.975169757518727348e-09 1.614579842695098295e-09 4.596096739505986371e-10 6.739268667595941725e-10 6.445371718694812076e-08 8.678047738269514789e-06 0.000000000000000000e+00
0.000000000000000000e+00 0.000000000000000000e+00 0.000000000000000000e+00 0.000000000000000000e+00 0.000000000000000000e+00 0.000000000000000000e+00 5.692309169909101522e-10 -3.401907174559375178e-10 6.635079553276371484e-10 9.431269822694384785e-10 5.379545274407620231e-10 9.953180791158431454e-10 5.598011395942190871e-10 4.993929570891371780e-10 4.086832886635950635e-10 4.928342420212219378e-10 1.024749145454578934e-05 6.861614721671664956e-08 8.686019933795118008e-06 0.000000000000000000e+00
0.000000000000000000e+00 0.000000000000000000e+00 0.000000000000000000e+00 0.000000000000000000e+00 0.000000000000000000e+00 0.000000000000000000e+00 1.217980609912961155e-10 6.004766385185165271e-11 1.255604408956392839e-09 1.032737911538586843e-09 9.505793166357237996e-10 1.208431971073825213e-09 1.197193624714182211e-09 1.066466393424847634e-09 6.886982629514854915e-10 2.942678236167416244e-10 3.439367648305053323e-10 4.508877467716706912e-08 4.844466793370789048e+01 0.000000000000000000e+00
0.000000000000000000e+00 0.000000000000000000e+00 0.000000000000000000e+00 0.000000000000000000e+00 0.000000000000000000e+00 0.000000000000000000e+00 5.294775005134735491e-11 -5.976589062900507874e-11 8.992311438009114761e-10 7.118153371036224860e-10 6.394981948115224904e-10 9.014066928053042916e-10 8.213664703371064153e-10 7.634184302685853095e-10 5.109300254893132323e-10 2.418345859763918819e-10 2.475491418513636280e-10 5.239782209218638737e-08 7.102345435139640983e+01 0.000000000000000000e+00
0.000000000000000000e+00 0.000000000000000000e+00 0.000000000000000000e+00 0.000000000000000000e+00 0.000000000000000000e+00 0.000000000000000000e+00 -8.167722575795221240e-09 -2.259700563651473894e-08 -2.743109325107768651e-09 -5.864953716273694985e-09 -3.216576196760677693e-09 -2.123875794781714372e-09 -2.208993584640635089e-09 -8.169291248589188881e-10 -4.692984118063182043e-10 -1.518007511010438688e-10 7.852537209547954828e-11 5.629491798868421803e-10 7.539782077295672733e-10 0.000000000000000000e+00
0.000000000000000000e+00 0.000000000000000000e+00 0.000000000000000000e+00 0.000000000000000000e+00 0.000000000000000000e+00 0.000000000000000000e+00 1.454306658465384880e-09 -5.257277686750737478e-09 7.072605623598315458e-09 1.519742111970917307e-09 1.637466496272639842e-09 3.725878889378908519e-10 -5.096825713107432400e-11 1.855579768191733587e-12 -7.159186598156425055e-11 -7.753825921006005548e-11 2.317174219953454292e-10 5.396323350091500513e-10 7.507722544723714713e-10 0.000000000000000000e+00
0.000000000000000000e+00 0.000000000000000000e+00 0.000000000000000000e+00 0.000000000000000000e+00 0.000000000000000000e+00 0.000000000000000000e+00 -9.354900960583767169e-10 -4.958868124877665448e-09 4.422514982155165028e-09 6.472939089025325292e-10 -1.115880415920086789e-10 -4.040951851399921357e-10 -8.600365350529409359e-10 -2.563750687972150325e-10 -1.839880128354791393e-10 -7.916581866328997289e-11 2.684443820831731483e-11 2.007777638443648615e-10 -1.672780994506670684e-07 0.000000000000000000e+00
0.000000000000000000e+00 0.000000000000000000e+00 0.000000000000000000e+00 0.000000000000000000e+00 0.000000000000000000e+00 0.000000000000000000e+00 8.272192347659707187e-10 -1.544144735048638949e-09 5.946131963003653758e-09 1.977609995297702134e-09 6.524720902471270594e-10 7.624700087922456310e-11 -4.472429743390306976e-10 -7.757765279893439178e-11 -6.083962239847278729e-11 -1.639939566569040906e-11 6.243021170581721448e-12 7.508852571618426172e-11 -2.038603652448220100e-07 0.000000000000000000e+00
0.000000000000000000e+00 0.000000000000000000e+00 0.000000000000000000e+00 0.000000000000000000e+00 0.000000000000000000e+00 0.000000000000000000e+00 -2.232423818154509604e-08 -8.926453985868581200e-08 -5.257913862456422516e-08 -2.965045057841387705e-08 -1.932716240605586580e-08 -4.453977259686224497e-09 -3.532355839001329614e-09 -7.486094840965980483e-10 -5.908667655974004990e-10 -1.878239717220674073e-11 9.380743904659032622e-11 4.337042611695212152e-10 3.559496409624291976e-09 0.000000000000000000e+00
0.000000000000000000e+00 0.000000000000000000e+00 0.000000000000000000e+00 0.000000000000000000e+00 0.000000000000000000e+00 0.000000000000000000e+00 2.138696240090912390e-08 -4.138201263075793051e-08 1.252849905859157018e-08 -5.755216723238540491e-09 4.900824223503043119e-09 7.431892018254145743e-10 3.278094743524097245e-10 -1.794682151552135001e-10 -8.935638328580041571e-11 4.001909671384029544e-11 -4.829800061357070722e-09 3.722662153378392159e-10 3.635383422272349357e-09 0.000000000000000000e+00
0.000000000000000000e+00 0.000000000000000000e+00 0.000000000000000000e+00 0.000000000000000000e+00 0.000000000000000000e+00 0.000000000000000000e+00 9.162041236916348923e-09 -1.606717902436350151e-08 -3.492418464130945756e-09 -2.474775386435183205e-09 -4.009535596671859521e-09 -1.093101516849794956e-09 -9.530642156404918156e-10 -3.387371252340046642e-10 -1.045394875083805544e-10 1.698259909707313474e-11 2.621933910919237809e-11 3.188168120926489708e-10 -6.396149499032243725e-06 0.000000000000000000e+00
0.000000000000000000e+00 0.000000000000000000e+00 0.000000000000000000e+00 0.000000000000000000e+00 0.000000000000000000e+00 0.000000000000000000e+00 1.492596075461107267e-08 -4.931342451265214528e-09 8.579280050828741695e-09 2.916685676121276875e-09 1.735386245869880517e-10 -9.901990302892739771e-11 -1.914068371641234557e-10 -2.154027589832555868e-10 6.304376788093361943e-11 5.354549176397896671e-11 -7.416323633860097866e-13 2.788921556177607532e-10 -7.773508691357051135e-06 0.000000000000000000e+00
0.000000000000000000e+00 0.000000000000000000e+00 0.000000000000000000e+00 0.000000000000000000e+00 0.000000000000000000e+00 0.000000000000000000e+00 -1.544701555524922251e-09 -6.467807232442449787e-10 9.960538100930889189e-12 -1.888379067531417850e-09 -8.176816236440228956e-10 -2.848994057333773024e-10 -2.860341220174250585e-10 -5.541015660159922615e-10 -2.619881179130690601e-10 -9.351100537195693658e-11 -2.856121518156006178e-10 -1.689621070922070857e-08 2.192957378456133789e-06 0.000000000000000000e+00
0.000000000000000000e+00 0.000000000000000000e+00 0.000000000000000000e+00 0.000000000000000000e+00 0.000000000000000000e+00 0.000000000000000000e+00 1.515986671041205022e-09 5.266238385077313207e-09 -6.015165081898144612e-11 -3.137819484817448174e-09 -1.975401895617116738e-09 -1.580548518768284548e-09 -4.090366336756942499e-10 -7.972128392273511825e-10 -2.065666301801714374e-10 -8.351150086176462455e-11 -8.612073617427462547e-05 -1.762469533008034470e-08 2.189400161065776985e-06 0.000000000000000000e+00
0.000000000000000000e+00 0.000000000000000000e+00 0.000000000000000000e+00 0.000000000000000000e+00 0.000000000000000000e+00 0.000000000000000000e+00 -1.252600868499663884e-09 1.365766310680165835e-09 7.249446525038503967e-10 -1.658657384820620065e-09 -7.373678858492661243e-10 -5.168779079491946544e-10 -3.961106302262250615e-10 -6.928201292255628554e-10 -2.340316085679302818e-10 -9.480259346192579350e-11 -1.759731354677509079e-10 -2.971403582309532152e-08 4.391756562242353823e+01 0.000000000000000000e+00
0.000000000000000000e+00 0.000000000000000000e+00 0.000000000000000000e+00 0.000000000000000000e+00 0.000000000000000000e+00 0.000000000000000000e+00 -7.559325369089594725e-10 2.356711627041708320e-09 6.447183818430848014e-10 -1.590193628008412858e-09 -7.349472635913112589e-10 -7.508704915142547423e-10 -4.507481159978035695e-10 -7.697198554974598863e-10 -2.629836360005605810e-10 -1.048555923108417711e-10 -1.196287251469346889e-10 -3.310445907735910274e-08 6.483393615800825671e+01 0.000000000000000000e+00
