0.000000000000000000e+00 0.000000000000000000e+00 0.000000000000000000e+00 0.000000000000000000e+00 0.000000000000000000e+00 0.000000000000000000e+00 1.642403892609196273e-09 9.838598131406361791e-10 3.208601918821939852e-09 1.863940215942851795e-09 2.237070474323446243e-09 2.784367463581713382e-09 2.366865927594584402e-09 1.765824141959799987e-09 9.031135282032706570e-10 2.447659757962298225e-10 3.326013286735227258e-10 4.534546519302936498e-08 3.554750748766573180e-06 0.000000000000000000e+00
0.000000000000000000e+00 0.000000000000000000e+00 0.000000000000000000e+00 0.000000000000000000e+00 0.000000000000000000e+00 0.000000000000000000e+00 -2.207581003262601806e-10 7.953800281622123290e-10 1.734680016857995737e-10 3.362930046789312207e-10 1.739267886707197304e-10 7.534692248784865948e-10 5.100661784924356435e-10 2.332547524528555867e-10 1.482772698921118068e-10 1.690769357405827065e-10 7.916783434127267545e-06 4.760477451049961299e-08 3.550061556519604731e-06 0.000000000000000000e+00
0.000000000000000000e+00 0.000000000000000000e+00 0.000000000000000000e+00 0.000000000000000000e+00 0.000000000000000000e+00 0.000000000000000000e+00 6.678507405653083752e-10 3.134184077306463667e-10 4.591599957413293183e-10 3.283876075799676678e-10 4.104232514178514875e-10 7.398200774219289557e-10 6.691242598612503935e-10 4.622028558723233912e-10 3.072758188420523382e-10 1.386496606504510367e-10 1.239674752318268364e-10 3.010414134096088195e-08 1.838311215091333395e+01 0.000000000000000000e+00
0.000000000000000000e+00 0.000000000000000000e+00 0.000000000000000000e+00 0.000000000000000000e+00 0.000000000000000000e+00 0.000000000000000000e+00 3.970231011185447943e-10 4.165868106935060152e-10 2.016975185783131025e-10 2.455325682724785285e-10 2.446436780531994603e-10 5.616400632964785174e-10 5.136019749015514177e-10 3.134164506203268793e-10 2.215865904308094828e-10 1.136188296919094990e-10 7.903676577579791654e-11 3.612724137643453494e-08 2.699609660810709499e+01 0.000000000000000000e+00
0.000000000000000000e+00 0.000000000000000000e+00 0.000000000000000000e+00 0.000000000000000000e+00 0.000000000000000000e+00 0.000000000000000000e+00 -6.234458762805671996e-09 -2.980632034214249909e-09 -4.449440072691937701e-09 -4.245231285094098895e-09 -4.822979490601895315e-09 -1.935368313362310339e-09 -1.396125035230513239e-09 -1.027263332701879978e-09 -4.096242090418833821e-10 -1.179329985548078072e-10 7.304566131760460903e-11 5.372272084784937985e-10 6.734816339760954465e-10 0.000000000000000000e+00
0.000000000000000000e+00 0.000000000000000000e+00 0.000000000000000000e+00 0.000000000000000000e+00 0.000000000000000000e+00 0.000000000000000000e+00 -1.728348458691827404e-09 3.674533045811219693e-09 1.556829246027273676e-09 2.900178423049503279e-09 1.651266833404617570e-10 5.106512119900780629e-10 1.608008136572850566e-10 5.951023243035515350e-12 -2.127562237511934376e-11 -4.860428150184914795e-11 6.766162217845217919e-11 5.181211839707378930e-10 6.763429694781230236e-10 0.000000000000000000e+00
0.000000000000000000e+00 0.000000000000000000e+00 0.000000000000000000e+00 0.000000000000000000e+00 0.000000000000000000e+00 0.000000000000000000e+00 -1.900731889666363993e-09 2.842760051556874918e-09 -2.429432472809416377e-09 1.603973026563053231e-09 -1.480727207636275662e-09 -1.790306672435224167e-10 -3.434818933076800781e-10 -3.358621281950514677e-10 -1.300140675435835755e-10 -5.086061408730649512e-11 2.537767270292577457e-11 1.385913151427396044e-10 -6.792894772621763893e-08 0.000000000000000000e+00
0.000000000000000000e+00 0.000000000000000000e+00 0.000000000000000000e+00 0.000000000000000000e+00 0.000000000000000000e+00 0.000000000000000000e+00 -1.170143235023547238e-09 3.995804249699015760e-09 -1.408997966825458910e-09 2.901724165488549030e-09 -5.289019583006165210e-10 3.181913115927093429e-10 -2.128413019179077144e-11 -1.104610609591397052e-10 -8.991113087412542826e-12 7.400490099255424520e-12 5.146076480926433044e-12 8.579999464610297974e-12 -8.262481706317092139e-08 0.000000000000000000e+00
0.000000000000000000e+00 0.000000000000000000e+00 0.000000000000000000e+00 0.000000000000000000e+00 0.000000000000000000e+00 0.000000000000000000e+00 -1.338681833501792958e-08 -3.803868061690392694e-08 -3.598997969707075011e-08 -2.071242601389053028e-08 -1.195564268470653715e-08 -7.267265869512347123e-09 -2.714766329127571070e-09 -1.351943512757412061e-09 -2.953729516214753095e-10 -1.358562528691722566e-11 9.353264198028214589e-11 7.212427951304030848e-10 8.297183304005167271e-10 0.000000000000000000e+00
0.000000000000000000e+00 0.000000000000000000e+00 0.000000000000000000e+00 0.000000000000000000e+00 0.000000000000000000e+00 0.000000000000000000e+00 -7.109888837313362807e-09 1.188627276746705331e-08 -6.793643184008196120e-10 7.408603077480583947e-09 -5.117411872354771517e-10 1.731403897395845015e-09 8.479763518960886050e-10 -5.293229257322464533e-11 4.510602180952213235e-11 8.375968904490996023e-11 1.584187063178341808e-08 6.102388153998658792e-10 8.059892905070076037e-10 0.000000000000000000e+00
0.000000000000000000e+00 0.000000000000000000e+00 0.000000000000000000e+00 0.000000000000000000e+00 0.000000000000000000e+00 0.000000000000000000e+00 -5.231179944761445440e-09 1.673522795456600026e-08 -1.373764150514988276e-08 1.961985689997384657e-09 -3.499223004452470837e-09 -2.644885211690409257e-10 -1.755042111556174846e-10 -2.069544433062137383e-10 2.001757766021123272e-11 5.392592863581655562e-11 -1.221145912093152877e-11 -2.688879062903171382e-10 -2.313504674341764848e-06 0.000000000000000000e+00
0.000000000000000000e+00 0.000000000000000000e+00 0.000000000000000000e+00 0.000000000000000000e+00 0.000000000000000000e+00 0.000000000000000000e+00 -4.193448003737655730e-09 2.620606016857598346e-08 -6.707506672830031360e-09 7.473634450227449585e-09 -1.322623485419009004e-09 1.579333189738410240e-09 5.631697563641330936e-10 6.687878957785396312e-11 1.185487367097724456e-10 1.215113028150592801e-10 -6.819303387072545381e-11 -4.874888437888813997e-10 -2.814073413077951057e-06 0.000000000000000000e+00
0.000000000000000000e+00 0.000000000000000000e+00 0.000000000000000000e+00 0.000000000000000000e+00 0.000000000000000000e+00 0.000000000000000000e+00 -5.148506158539536419e-10 -1.358709831380931941e-09 -1.311252681269125990e-09 5.962900754351064513e-10 2.053342303515447317e-10 -3.880870480018581607e-10 -2.572248181597469752e-10 -1.879206531071103423e-10 -1.028025464082226854e-10 -1.099137459769297671e-10 -2.980158724559561874e-10 -9.066584220365222279e-09 7.362907833552967235e-07 0.000000000000000000e+00
0.000000000000000000e+00 0.000000000000000000e+00 0.000000000000000000e+00 0.000000000000000000e+00 0.000000000000000000e+00 0.000000000000000000e+00 8.241945365821683780e-10 -6.110859453181180257e-09 -3.594489795160114124e-09 6.175115604632530842e-10 -5.157269756346437987e-12 -7.002698401562095565e-10 -7.658691723775740103e-10 -2.806845630314345025e-10 -2.521913266186879168e-10 -1.110853465932991228e-10 1.060619660196407990e-04 -8.913923510608930546e-09 7.374947971342492219e-07 0.000000000000000000e+00
0.000000000000000000e+00 0.000000000000000000e+00 0.000000000000000000e+00 0.000000000000000000e+00 0.000000000000000000e+00 0.000000000000000000e+00 8.186268747679722519e-10 -2.737865367811391799e-10 -5.042976083470607076e-10 7.952974463102794498e-10 -3.725027731148221018e-10 -2.033097329245524569e-10 -5.700071342224389911e-10 -1.682519468971895473e-10 -2.318713142139774515e-10 -1.148931780866894614e-10 -1.787860421510161803e-10 -9.007228306061514184e-09 7.021550664695500643e+01 0.000000000000000000e+00
0.000000000000000000e+00 0.000000000000000000e+00 0.000000000000000000e+00 0.000000000000000000e+00 0.000000000000000000e+00 0.000000000000000000e+00 1.242599951022219683e-09 -5.295556227238450721e-10 -5.486455106334887431e-10 8.346112556027933777e-10 -4.211812095572498198e-10 -1.769962594046910335e-10 -6.557846425135691071e-10 -2.055183263931392557e-10 -2.940030575241178370e-10 -1.215098519436746040e-10 -1.149567599064783010e-10 -8.897393447409479480e-09 1.030596130424270456e+02 0.000000000000000000e+00
