0.000000000000000000e+00 0.000000000000000000e+00 0.000000000000000000e+00 0.000000000000000000e+00 0.000000000000000000e+00 0.000000000000000000e+00 9.551378694260197611e-09 6.200128316112125528e-09 9.502644894432660976e-09 9.936526195437947798e-09 9.620368826507847665e-09 1.198794037792019239e-08 1.147142872449083597e-08 9.831597263930404557e-09 5.728654202617482517e-09 1.937235196746893806e-09 2.715200500216074926e-09 1.917237610602322052e-07 4.949779037259827890e-06 0.000000000000000000e+00
0.000000000000000000e+00 0.000000000000000000e+00 0.000000000000000000e+00 0.000000000000000000e+00 0.000000000000000000e+00 0.000000000000000000e+00 5.137939371257223157e-09 2.451224410763154082e-09 1.685514764064304182e-09 1.921039357383503086e-09 3.664566170413898009e-09 2.693579856049598719e-09 1.806192086537914903e-09 1.533567219915780743e-09 1.534667842808891461e-09 2.021188046600881107e-09 5.767548408586590830e-05 2.008224249804544795e-07 4.947815399591873526e-06 0.000000000000000000e+00
0.000000000000000000e+00 0.000000000000000000e+00 0.000000000000000000e+00 0.000000000000000000e+00 0.000000000000000000e+00 0.000000000000000000e+00 3.391537299162953214e-09 1.899486623923364237e-09 1.533331337866476508e-09 2.355224788418685541e-09 2.814108837040608451e-09 3.442747239256630192e-09 3.220397397431792964e-09 3.231786228303825231e-09 2.437103421384823725e-09 1.221690148141580755e-09 1.402462095896508336e-09 6.834648615412263242e-08 -1.244285779169499619e+02 0.000000000000000000e+00
0.000000000000000000e+00 0.000000000000000000e+00 0.000000000000000000e+00 0.000000000000000000e+00 0.000000000000000000e+00 0.000000000000000000e+00 3.315917489198436393e-09 1.416783083995491648e-09 5.888719501180249789e-10 1.423196467544029002e-09 2.005445440863218278e-09 2.321318900396441678e-09 2.109530314027865199e-09 2.154974345669631940e-09 1.653966874897718770e-09 8.442778988521090117e-10 8.222124178505798876e-10 5.497877225334683880e-08 -1.818021902030703814e+02 0.000000000000000000e+00
0.000000000000000000e+00 0.000000000000000000e+00 0.000000000000000000e+00 0.000000000000000000e+00 0.000000000000000000e+00 0.000000000000000000e+00 -2.544841893101513392e-08 -2.287116004219734328e-08 -8.172974172539309155e-09 -9.806572763154420045e-09 -8.583470056143831008e-09 -5.217058484715722371e-09 -3.566993456452525526e-09 -1.508296563120131508e-09 -8.173500576845854291e-10 -2.439965421980928688e-10 1.308704485937665382e-10 8.244056891820990934e-10 1.398887911923416103e-09 0.000000000000000000e+00
0.000000000000000000e+00 0.000000000000000000e+00 0.000000000000000000e+00 0.000000000000000000e+00 0.000000000000000000e+00 0.000000000000000000e+00 4.543153844799493940e-09 -5.443972589952434972e-09 1.325222561347210379e-09 1.296515029631629563e-09 -1.516592202203965987e-09 -1.120589643492625384e-09 -1.188581343556345809e-10 2.800348743589388586e-12 -1.715574865784242247e-10 -1.625159782708012415e-10 1.016583776894410469e-09 7.923839911019385768e-10 1.401568615559352851e-09 0.000000000000000000e+00
0.000000000000000000e+00 0.000000000000000000e+00 0.000000000000000000e+00 0.000000000000000000e+00 0.000000000000000000e+00 0.000000000000000000e+00 -6.119084603058369358e-09 -7.837033983207363587e-09 -4.321920243712324691e-09 -2.062470424207805761e-09 -3.389914406352193398e-09 -2.401897360398267172e-09 -1.328594313374810488e-09 -5.509807775309982766e-10 -3.728355348740019262e-10 -1.431507009267104298e-10 5.364403638285041861e-11 2.050310387533924895e-10 3.939576590636665368e-07 0.000000000000000000e+00
0.000000000000000000e+00 0.000000000000000000e+00 0.000000000000000000e+00 0.000000000000000000e+00 0.000000000000000000e+00 0.000000000000000000e+00 -4.339570296798202773e-10 -3.719829864625734774e-09 -2.772251277724557792e-09 -5.819897049166293409e-12 -1.998981890421739277e-09 -1.569046013008799049e-09 -6.443492927199836742e-10 -2.178502072324850299e-10 -1.730045849253787970e-10 -5.418780275853592450e-11 2.221986887434135226e-11 -1.616447623586209883e-12 4.755951351944291386e-07 0.000000000000000000e+00
0.000000000000000000e+00 0.000000000000000000e+00 0.000000000000000000e+00 0.000000000000000000e+00 0.000000000000000000e+00 0.000000000000000000e+00 -1.114419186807514659e-07 -1.772535445199727149e-07 -5.869386067941211275e-08 -2.967981739230832188e-08 -2.670584162143863569e-08 -1.507408066074765688e-08 -7.995841666691570953e-09 -9.863425659597616160e-10 -8.127610958074888658e-10 -5.377765047962448472e-11 2.427824833208619631e-11 6.609421388141107719e-10 9.774289833534878211e-09 0.000000000000000000e+00
0.000000000000000000e+00 0.000000000000000000e+00 0.000000000000000000e+00 0.000000000000000000e+00 0.000000000000000000e+00 0.000000000000000000e+00 8.344974761296979670e-08 -9.539336947667744041e-08 1.019206164815795167e-08 -2.974162835013915152e-09 -4.204954577924135011e-09 1.491161692666847385e-10 -2.676803098249683090e-10 4.907500318854280445e-10 -1.279929217701500135e-10 1.360609920422107396e-10 -1.214099153578905936e-08 5.977838022702909201e-10 9.880340472269399426e-09 0.000000000000000000e+00
0.000000000000000000e+00 0.000000000000000000e+00 0.000000000000000000e+00 0.000000000000000000e+00 0.000000000000000000e+00 0.000000000000000000e+00 2.842536148618350712e-09 -9.513789112764911219e-08 -2.026224852930969035e-08 -8.103765330473554393e-09 -1.120919329245507063e-08 -4.686479798449063308e-09 -2.285029224192707372e-09 4.042879237205635233e-10 -1.791016457595744886e-10 1.382958200175849073e-11 -7.730058631690841161e-11 3.356372640717701331e-10 3.157155820543758584e-06 0.000000000000000000e+00
0.000000000000000000e+00 0.000000000000000000e+00 0.000000000000000000e+00 0.000000000000000000e+00 0.000000000000000000e+00 0.000000000000000000e+00 3.687816253129099346e-08 -7.253989435945378266e-08 -7.790471129679430859e-09 -2.528169136086817243e-09 -6.644357738564941582e-09 -1.735545774085296819e-09 -7.449587182351261685e-10 7.403402459063358053e-10 3.393852345147599418e-11 4.596768365674205469e-11 -9.909725874571918669e-11 1.450655308003023747e-10 3.750175465978554236e-06 0.000000000000000000e+00
0.000000000000000000e+00 0.000000000000000000e+00 0.000000000000000000e+00 0.000000000000000000e+00 0.000000000000000000e+00 0.000000000000000000e+00 2.450703077110083328e-10 -3.476331922202988767e-09 -4.324767170649808847e-09 -7.698284658299507031e-12 -7.962794102635221891e-10 -9.933583487944751041e-10 -6.293180348653176135e-10 -3.118655475424117180e-10 -2.408834050650522433e-10 -4.890193437626430348e-11 -3.069837936522155453e-10 -2.183577011111372967e-08 -7.758940995793404011e-06 0.000000000000000000e+00
0.000000000000000000e+00 0.000000000000000000e+00 0.000000000000000000e+00 0.000000000000000000e+00 0.000000000000000000e+00 0.000000000000000000e+00 -4.263780032228758610e-09 -7.772422602212589779e-09 -1.004736398935122666e-08 -8.371357442560064956e-10 -3.482079288393488253e-10 -3.052909639271928039e-09 -1.348595259389125727e-09 -8.759861990391818660e-10 -4.399415702392711395e-10 -2.114513011517708650e-10 4.595417523045836972e-04 -2.552814149510985956e-08 -7.761682187553863431e-06 0.000000000000000000e+00
0.000000000000000000e+00 0.000000000000000000e+00 0.000000000000000000e+00 0.000000000000000000e+00 0.000000000000000000e+00 0.000000000000000000e+00 -2.160783879704722137e-09 -2.731209710524738846e-09 -1.912505910626623874e-09 4.171444379317263311e-10 1.088650853510614952e-10 -1.448498209412473050e-09 -1.707611482389822021e-10 -4.900010501262239226e-10 -3.126872182690615015e-10 -1.021317099578350681e-10 -1.248985296752496098e-10 -1.546145244992273611e-08 -3.836710618632272229e+01 0.000000000000000000e+00
0.000000000000000000e+00 0.000000000000000000e+00 0.000000000000000000e+00 0.000000000000000000e+00 0.000000000000000000e+00 0.000000000000000000e+00 -3.435364138743079466e-09 -2.464763635214043568e-09 -1.640287335660554743e-09 4.830407910934001338e-10 4.133399206340150145e-10 -1.534354782070926667e-09 -1.992299581914146682e-10 -6.677554730102908446e-10 -3.534529632539721483e-10 -1.650988270768271963e-10 -5.190823953306454315e-12 -8.964747411675920784e-09 -5.311934113888182196e+01 0.000000000000000000e+00
