0.000000000000000000e+00 0.000000000000000000e+00 0.000000000000000000e+00 0.000000000000000000e+00 0.000000000000000000e+00 0.000000000000000000e+00 1.149232355306004649e-08 9.119115696430812555e-09 2.425831025717821962e-09 3.251429788567206035e-09 3.696059316710871829e-09 4.106576200373299711e-09 3.815059980988213829e-09 2.681591363311911956e-09 1.255324739314404569e-09 3.862964132528074531e-10 4.928316349893659595e-10 5.461807055130149418e-08 1.086075714679366101e-05 0.000000000000000000e+00
0.000000000000000000e+00 0.000000000000000000e+00 0.000000000000000000e+00 0.000000000000000000e+00 0.000000000000000000e+00 0.000000000000000000e+00 3.121275965502626699e-09 1.456528592890419758e-09 5.191225406683261649e-10 7.904813287157560602e-10 9.417633040679969940e-10 1.115216159808269106e-09 8.793947008772202306e-10 7.200545191145322955e-10 3.991674737078142220e-10 4.397286872589803377e-10 1.303674411804824128e-05 5.855523749775009372e-08 1.086222568337808506e-05 0.000000000000000000e+00
0.000000000000000000e+00 0.000000000000000000e+00 0.000000000000000000e+00 0.000000000000000000e+00 0.000000000000000000e+00 0.000000000000000000e+00 4.142591222903625963e-09 3.308494399630012632e-09 9.113260872586993066e-10 7.637547810333887445e-10 1.072625222538252568e-09 1.259512991948113128e-09 1.374019984851510340e-09 1.082728235808479030e-09 5.848345741839300219e-10 2.910304418620606652e-10 2.727761680139337784e-10 5.009375125516393244e-08 -7.228979317969859153e+00 0.000000000000000000e+00
0.000000000000000000e+00 0.000000000000000000e+00 0.000000000000000000e+00 0.000000000000000000e+00 0.000000000000000000e+00 0.000000000000000000e+00 2.447459983641460047e-09 2.310103395772217812e-09 6.467147686303158610e-10 5.505283119182455710e-10 6.978634996260506561e-10 9.026728716349020195e-10 1.008112833348764339e-09 8.497214500146421155e-10 4.819517182887436232e-10 2.821455720301022456e-10 2.226291691572059756e-10 6.103645099073987806e-08 -1.081727818368747762e+01 0.000000000000000000e+00
0.000000000000000000e+00 0.000000000000000000e+00 0.000000000000000000e+00 0.000000000000000000e+00 0.000000000000000000e+00 0.000000000000000000e+00 -4.580298312159901209e-08 -1.831794067031125525e-08 -5.050151861353152496e-09 -1.099179247508349697e-08 -3.086272977662864016e-09 -3.915572052500690434e-09 -2.279134118464754352e-09 -9.028306460522404850e-10 -4.428955509851866048e-10 -1.157944120053751447e-10 7.568989749048541457e-11 5.174096049003383570e-10 6.595129975284588331e-10 0.000000000000000000e+00
0.000000000000000000e+00 0.000000000000000000e+00 0.000000000000000000e+00 0.000000000000000000e+00 0.000000000000000000e+00 0.000000000000000000e+00 -1.247854417776740790e-09 4.698314614315196263e-09 -3.503638391757215938e-09 -9.525431268862708888e-10 -1.776635079502584019e-09 2.962511858274617929e-10 2.341405603546085987e-10 1.097904394489637072e-10 -3.405981465749232846e-11 -5.019881008343426703e-11 -2.120238331649088896e-10 4.977163603511902116e-10 6.658719911201919434e-10 0.000000000000000000e+00
0.000000000000000000e+00 0.000000000000000000e+00 0.000000000000000000e+00 0.000000000000000000e+00 0.000000000000000000e+00 0.000000000000000000e+00 -2.335866308130851177e-08 -3.361360089641214803e-09 -3.374633422400537997e-09 -3.651586005917265637e-09 -1.249114617501490771e-09 -7.526649941246345495e-10 -8.060901447773468428e-10 -2.544913144114313009e-10 -1.436186999455968383e-10 -4.620161145572024222e-11 3.031419519109750246e-11 1.163419358201823880e-10 -1.187928049818425694e-07 0.000000000000000000e+00
0.000000000000000000e+00 0.000000000000000000e+00 0.000000000000000000e+00 0.000000000000000000e+00 0.000000000000000000e+00 0.000000000000000000e+00 -1.490979703739568801e-08 5.782772889325568347e-10 -2.769935798327642175e-09 -1.659475174483658201e-09 -8.541739995651740974e-10 1.111948493211470635e-10 -3.291418288956259911e-10 -2.974499294230647769e-11 -1.490487120849967416e-11 1.369826300349014557e-11 1.180733847283050557e-11 -1.893430493736432646e-11 -1.449588595884722880e-07 0.000000000000000000e+00
0.000000000000000000e+00 0.000000000000000000e+00 0.000000000000000000e+00 0.000000000000000000e+00 0.000000000000000000e+00 0.000000000000000000e+00 -1.490333787934027153e-07 -5.857863039176448985e-08 -1.130325026138692851e-08 -3.732627537504151706e-08 -1.210944092837208427e-08 -1.428780214711098164e-08 -5.089621847443865308e-09 -8.269018385177887457e-10 -5.513723005628033890e-10 2.828446092859898586e-11 4.647574708871013624e-11 4.884795492192479122e-10 -2.633441580547002921e-09 0.000000000000000000e+00
0.000000000000000000e+00 0.000000000000000000e+00 0.000000000000000000e+00 0.000000000000000000e+00 0.000000000000000000e+00 0.000000000000000000e+00 1.765146451077037915e-08 2.877748100792211850e-08 -4.909093305159763515e-09 -1.275788621677704935e-09 -1.899800018177143409e-09 -8.323487587089584025e-10 1.248112294951689067e-09 1.687521559951776302e-10 1.912367190538503913e-10 5.729016164679452453e-11 -1.819487871559996165e-09 4.714388093990434112e-10 -2.535397267699428520e-09 0.000000000000000000e+00
0.000000000000000000e+00 0.000000000000000000e+00 0.000000000000000000e+00 0.000000000000000000e+00 0.000000000000000000e+00 0.000000000000000000e+00 -6.072815872511834733e-08 5.491142847842948090e-09 -8.243185579140301991e-10 -1.179578181733148372e-08 -2.509938378090810836e-09 -3.551158302147140679e-09 -1.287095787706683828e-09 1.732926880430612173e-10 -1.076461752109652582e-11 9.354584477801113039e-11 -2.001308237764783456e-11 -1.148689975645879872e-09 4.998315174519764248e-06 0.000000000000000000e+00
0.000000000000000000e+00 0.000000000000000000e+00 0.000000000000000000e+00 0.000000000000000000e+00 0.000000000000000000e+00 0.000000000000000000e+00 -2.937692389180410540e-08 2.012500945975442522e-08 1.634697329685479097e-09 -5.117995748826306188e-09 -3.035080397899060377e-11 -8.288364366924607968e-10 -7.830722901296276875e-11 3.987496520796982564e-10 2.110536489594008807e-10 1.530114295151250344e-10 -4.924828778544569079e-11 -1.586142335883000854e-09 6.088837653966941627e-06 0.000000000000000000e+00
0.000000000000000000e+00 0.000000000000000000e+00 0.000000000000000000e+00 0.000000000000000000e+00 0.000000000000000000e+00 0.000000000000000000e+00 1.838942701913661970e-09 3.209759345691778763e-09 5.364484160640949780e-10 -3.532727321953924802e-10 -5.889909504923455963e-10 -3.526329371160305733e-10 -3.607329573988018409e-10 -3.948788040883923057e-10 -6.140204052076050252e-11 -1.098108670583297618e-10 -3.222317022412058103e-10 -1.362615486942464059e-08 -4.065478693199837918e-06 0.000000000000000000e+00
0.000000000000000000e+00 0.000000000000000000e+00 0.000000000000000000e+00 0.000000000000000000e+00 0.000000000000000000e+00 0.000000000000000000e+00 4.532414161214143963e-09 2.289820941284437275e-09 -3.781479811015494727e-10 -3.412046388827464726e-09 -2.145658565437449845e-09 -1.014870232739548593e-09 -9.161273632839150404e-10 -7.976296659075813499e-10 -2.761959456433992447e-10 -9.695273576891196231e-11 -8.968148393387039095e-05 -1.312828689493752789e-08 -4.059780233441612749e-06 0.000000000000000000e+00
0.000000000000000000e+00 0.000000000000000000e+00 0.000000000000000000e+00 0.000000000000000000e+00 0.000000000000000000e+00 0.000000000000000000e+00 2.233676607315641830e-09 2.469532321843511630e-09 3.005452727462182128e-10 -8.235396189314991573e-10 2.215968986670256201e-10 -4.396693899111901822e-10 -5.025839962443302224e-10 -4.783350426442563863e-10 -2.278770194846050904e-10 -1.486820203973964882e-10 -2.579853087202939477e-10 -2.668274077240147111e-08 -3.758069926212801004e+00 0.000000000000000000e+00
0.000000000000000000e+00 0.000000000000000000e+00 0.000000000000000000e+00 0.000000000000000000e+00 0.000000000000000000e+00 0.000000000000000000e+00 2.445996439990050975e-09 2.545949672356104716e-09 1.954223657753007725e-10 -8.503109504796554910e-10 2.090420223171840863e-10 -5.514317995484283334e-10 -5.837736731977380277e-10 -5.713103706569200202e-10 -3.154215505664819871e-10 -1.911962453731403924e-10 -2.188074339346854540e-10 -3.231423202550805496e-08 -5.755420459642285103e+00 0.000000000000000000e+00
