0.000000000000000000e+00 0.000000000000000000e+00 0.000000000000000000e+00 0.000000000000000000e+00 0.000000000000000000e+00 0.000000000000000000e+00 1.324008003864971183e-08 1.455679453122421020e-08 8.857063469690432999e-09 6.793734253461767386e-09 8.421292069898525515e-09 6.522484630943988181e-09 6.406767103634280990e-09 5.147910490484644884e-09 2.301535561114733374e-09 1.142839021979797997e-09 1.434063160285801575e-09 1.278374449249545300e-07 8.016971399462264605e-06 0.000000000000000000e+00
0.000000000000000000e+00 0.000000000000000000e+00 0.000000000000000000e+00 0.000000000000000000e+00 0.000000000000000000e+00 0.000000000000000000e+00 -8.528856594168546673e-10 4.517768493808206671e-10 3.410947552181741534e-10 1.076286072955289351e-09 1.271365119941726057e-09 1.266876593921126425e-09 9.961689769265015456e-10 1.000411659947865508e-09 1.157885784986502026e-09 1.983105759580849719e-09 1.199349492929372476e-04 1.355134092591929605e-07 8.026829249983751338e-06 0.000000000000000000e+00
0.000000000000000000e+00 0.000000000000000000e+00 0.000000000000000000e+00 0.000000000000000000e+00 0.000000000000000000e+00 0.000000000000000000e+00 1.697700441603904796e-09 1.470950104185120519e-09 4.527355343651694787e-10 6.284138399765387260e-10 9.740224397766819402e-10 8.939085365469290295e-10 1.091385152972144724e-09 1.293337456590244117e-09 1.201608068993320817e-09 1.219288130050906534e-09 1.525230746862887900e-09 8.835119162568497349e-08 -5.989513874798831239e+00 0.000000000000000000e+00
0.000000000000000000e+00 0.000000000000000000e+00 0.000000000000000000e+00 0.000000000000000000e+00 0.000000000000000000e+00 0.000000000000000000e+00 1.192296815851112484e-10 5.094555238604671341e-10 2.537398582186864977e-10 4.170593093990614869e-10 6.749599688689989310e-10 8.730836907724588366e-10 9.782987560510282583e-10 1.121205085903402435e-09 1.264386849112538438e-09 1.433383244950509729e-09 1.808131443564557879e-09 1.153376331638073202e-07 -9.109193677428947922e+00 0.000000000000000000e+00
0.000000000000000000e+00 0.000000000000000000e+00 0.000000000000000000e+00 0.000000000000000000e+00 0.000000000000000000e+00 0.000000000000000000e+00 -2.341542861190499103e-08 -5.359418574990084635e-09 -1.447202749691075270e-08 -2.572044383253873564e-09 -5.178869817410175205e-09 -2.263128795705359583e-09 -2.051743151397313155e-09 -1.167527562871549936e-09 -5.143629235227685139e-10 -1.354133401016755835e-10 6.272412114734635307e-11 4.741081872064585926e-10 4.826408383915441133e-10 0.000000000000000000e+00
0.000000000000000000e+00 0.000000000000000000e+00 0.000000000000000000e+00 0.000000000000000000e+00 0.000000000000000000e+00 0.000000000000000000e+00 -3.988591716304355946e-09 1.958550661606480178e-11 -4.223522235751972978e-09 -3.490705650619848820e-10 4.043518924961863955e-10 1.009196158687883767e-09 -1.659732818732239383e-10 -1.412361505076405179e-10 -1.109010439119281363e-10 -9.518793010984258369e-11 -1.218998044781622774e-09 4.514622452713629407e-10 4.825746217151357601e-10 0.000000000000000000e+00
0.000000000000000000e+00 0.000000000000000000e+00 0.000000000000000000e+00 0.000000000000000000e+00 0.000000000000000000e+00 0.000000000000000000e+00 -1.180658314880186006e-08 -2.965803246609033294e-10 -4.303261865239611291e-09 -2.276317330726683132e-10 -9.009156415176450647e-10 -9.549233819545006434e-11 -6.517138617715501219e-10 -4.118241345863913359e-10 -1.982495561845256830e-10 -7.499523484232271064e-11 2.056926740508861174e-11 1.311025812309971156e-10 6.488118045873756097e-08 0.000000000000000000e+00
0.000000000000000000e+00 0.000000000000000000e+00 0.000000000000000000e+00 0.000000000000000000e+00 0.000000000000000000e+00 0.000000000000000000e+00 -7.829456403833029289e-09 4.390700457527062421e-10 -1.871861747120005185e-09 2.676884499153667624e-10 1.560581553874707374e-10 4.879379156764695350e-10 -2.741045534936838788e-10 -1.754705302310531018e-10 -6.585532009178971765e-11 -2.293133481937597574e-11 5.935951776242541785e-12 1.571814434822814196e-11 7.769068672739990950e-08 0.000000000000000000e+00
0.000000000000000000e+00 0.000000000000000000e+00 0.000000000000000000e+00 0.000000000000000000e+00 0.000000000000000000e+00 0.000000000000000000e+00 -9.401452534974245419e-08 -6.649650599467593255e-08 -1.005230568896918137e-07 -1.624884945605625375e-08 -9.502210715553601780e-09 -3.360342694878246986e-09 -4.742515502652836146e-09 -8.993593008635895551e-10 9.895488125836182344e-11 -1.383393656048919521e-10 2.229593827213527182e-10 1.378956994746017622e-09 1.105336171092972903e-09 0.000000000000000000e+00
0.000000000000000000e+00 0.000000000000000000e+00 0.000000000000000000e+00 0.000000000000000000e+00 0.000000000000000000e+00 0.000000000000000000e+00 -1.660100714684404360e-08 -3.270934209453657476e-09 -2.385757801363677924e-08 -8.884632312911554893e-10 -3.168404531180068326e-09 8.478549413354629430e-10 5.237769265163628662e-10 -1.172079724366357591e-09 3.173248465552127925e-10 -1.123425540424129727e-10 -5.148469912022406314e-11 1.367169738794536691e-09 1.165715197998926955e-09 0.000000000000000000e+00
0.000000000000000000e+00 0.000000000000000000e+00 0.000000000000000000e+00 0.000000000000000000e+00 0.000000000000000000e+00 0.000000000000000000e+00 -5.744616358864688941e-08 -9.864894864993351433e-09 -3.457241820056958113e-08 -8.873018592591646771e-10 -3.053253151224029764e-09 -1.315357672961309960e-09 -1.147960770436844991e-09 -1.116678812605610852e-09 3.541602447821536112e-10 -9.414065586720428367e-11 1.148921306677397452e-10 4.310607874520033631e-10 -4.868851126166373405e-06 0.000000000000000000e+00
0.000000000000000000e+00 0.000000000000000000e+00 0.000000000000000000e+00 0.000000000000000000e+00 0.000000000000000000e+00 0.000000000000000000e+00 -4.168544530643062488e-08 2.145936042582250534e-09 -1.784189113044048667e-08 2.438849891469329438e-09 -1.655698408125279442e-09 -5.553674167542130705e-10 -4.510551743224489974e-11 -1.148340249301876173e-09 4.303528359122222570e-10 -4.869754401642521032e-11 7.272477940424358668e-11 1.111157345167857077e-10 -5.903748379577218395e-06 0.000000000000000000e+00
0.000000000000000000e+00 0.000000000000000000e+00 0.000000000000000000e+00 0.000000000000000000e+00 0.000000000000000000e+00 0.000000000000000000e+00 1.250492687666610429e-09 2.408173120684820151e-09 1.109743255502903747e-09 1.065562571201743981e-10 4.451245989917779108e-10 -2.935963408654529475e-11 -3.799800537117304595e-10 -2.355933100680505677e-10 -4.163336579840914849e-10 -1.739507880025061959e-10 -3.090255100844944034e-10 -1.272277926469101632e-08 5.191806850843884806e-07 0.000000000000000000e+00
0.000000000000000000e+00 0.000000000000000000e+00 0.000000000000000000e+00 0.000000000000000000e+00 0.000000000000000000e+00 0.000000000000000000e+00 5.091247529383613886e-10 2.259824225260667629e-09 2.848294764892998318e-09 -1.418289811212495871e-09 1.543924760183032619e-10 -5.445172456259600654e-10 -7.378790287415588082e-10 -2.786765935024672493e-10 -2.810851626174523232e-10 2.525088994105688675e-11 -1.243868855720417347e-04 -1.314016062698115964e-08 5.303635632305642740e-07 0.000000000000000000e+00
0.000000000000000000e+00 0.000000000000000000e+00 0.000000000000000000e+00 0.000000000000000000e+00 0.000000000000000000e+00 0.000000000000000000e+00 6.791008027096961731e-11 1.559833324831059532e-09 4.166291164857149436e-10 1.225757811246248591e-10 4.335470542966757039e-10 1.536861196096070150e-10 -5.617317551731008236e-10 -3.825993300740913074e-10 -4.318407530899865427e-10 -1.496245450023962414e-10 -2.299320483568486832e-10 -2.467806277048403964e-08 4.421418188817288097e+00 0.000000000000000000e+00
0.000000000000000000e+00 0.000000000000000000e+00 0.000000000000000000e+00 0.000000000000000000e+00 0.000000000000000000e+00 0.000000000000000000e+00 -2.689333028815014877e-10 1.622608564208640611e-09 3.618812680513536248e-10 -8.352377377235404734e-11 3.641313516962493712e-10 2.727023156963888282e-11 -5.980908575512003022e-10 -4.107899854398494861e-10 -4.561287544527180146e-10 -1.481534699732215528e-10 -1.896841702513836273e-10 -3.207673708307315551e-08 6.310212043176314900e+00 0.000000000000000000e+00
