0.000000000000000000e+00 0.000000000000000000e+00 0.000000000000000000e+00 0.000000000000000000e+00 0.000000000000000000e+00 0.000000000000000000e+00 8.808641245668088507e-09 7.793678104401904629e-09 8.911105229224575563e-09 9.998617455998548745e-09 9.472622407898837263e-09 1.201699286650087303e-08 1.138981472377671138e-08 9.814392085464655207e-09 5.741765796369142834e-09 1.939674368945561451e-09 2.711858871408412215e-09 1.913519694779736762e-07 6.042758202149468892e-06 0.000000000000000000e+00
0.000000000000000000e+00 0.000000000000000000e+00 0.000000000000000000e+00 0.000000000000000000e+00 0.000000000000000000e+00 0.000000000000000000e+00 4.136700365606280652e-09 4.589129004560359569e-09 1.271757644462471066e-09 1.992722404410571757e-09 3.690485127943093150e-09 2.718702909773192109e-09 1.638215849625510599e-09 1.551140684308965182e-09 1.540480750285484090e-09 2.020784397175101571e-09 5.995847545133486207e-05 2.003294827217207968e-07 6.047328379124705514e-06 0.000000000000000000e+00
0.000000000000000000e+00 0.000000000000000000e+00 0.000000000000000000e+00 0.000000000000000000e+00 0.000000000000000000e+00 0.000000000000000000e+00 3.197360283427121584e-09 2.647406756518758386e-09 1.266802956580571173e-09 2.457957124365106592e-09 2.858207746219775816e-09 3.530743179450045506e-09 3.136954990664629806e-09 3.233618934474663133e-09 2.453139020529071179e-09 1.223424393273488086e-09 1.405745753932157642e-09 6.704193191045370561e-08 -9.660239258608902446e+01 0.000000000000000000e+00
0.000000000000000000e+00 0.000000000000000000e+00 0.000000000000000000e+00 0.000000000000000000e+00 0.000000000000000000e+00 0.000000000000000000e+00 3.236403420327811724e-09 1.950767002223138629e-09 4.591894536271036206e-10 1.448555839435165186e-09 2.058235719102045482e-09 2.415993611960835572e-09 2.006126130884835004e-09 2.162902540057709279e-09 1.673777643778460759e-09 8.449110646781665845e-10 8.281223794182093239e-10 5.391795211427192258e-08 -1.411129546494696569e+02 0.000000000000000000e+00
0.000000000000000000e+00 0.000000000000000000e+00 0.000000000000000000e+00 0.000000000000000000e+00 0.000000000000000000e+00 0.000000000000000000e+00 -2.670964785606441844e-08 -1.881165497338250829e-08 -1.114989781291930163e-08 -8.194592445853181342e-09 -7.371760260140819339e-09 -5.211517883313115066e-09 -2.877477885645490248e-09 -1.713291734631246564e-09 -8.664792612234393157e-10 -2.550665448532504500e-10 1.292106809127445537e-10 8.193074943585878621e-10 1.364185891769461664e-09 0.000000000000000000e+00
0.000000000000000000e+00 0.000000000000000000e+00 0.000000000000000000e+00 0.000000000000000000e+00 0.000000000000000000e+00 0.000000000000000000e+00 8.070631718418628867e-09 -6.108907403328746579e-09 3.478173840537407186e-09 2.250394338892264559e-09 -1.274748258553104225e-09 -4.131945203561955735e-10 9.416697714024302124e-11 -6.022707856657225687e-11 -2.179912224177103985e-10 -1.680393448382632089e-10 6.150144217825968348e-10 7.867206656309911697e-10 1.366933039807873087e-09 0.000000000000000000e+00
0.000000000000000000e+00 0.000000000000000000e+00 0.000000000000000000e+00 0.000000000000000000e+00 0.000000000000000000e+00 0.000000000000000000e+00 -5.018129345829306258e-09 -7.129336198597847116e-09 -5.256184112690383277e-09 -1.077456298862356355e-09 -2.787686682913704430e-09 -2.159666333121429566e-09 -8.746875229229817861e-10 -6.743104268262319360e-10 -4.316142213623170475e-10 -1.507506415620832347e-10 5.254481395526325532e-11 2.191090977613469060e-10 4.500401631104498480e-07 0.000000000000000000e+00
0.000000000000000000e+00 0.000000000000000000e+00 0.000000000000000000e+00 0.000000000000000000e+00 0.000000000000000000e+00 0.000000000000000000e+00 1.362374782146770382e-09 -3.917036217857018291e-09 -2.835780561177682180e-09 8.665438180725746112e-10 -1.540677678691666109e-09 -1.225877325701642601e-09 -2.843172979483285453e-10 -3.103864056344903489e-10 -2.315182205824233225e-10 -5.940577982764320480e-11 2.163038013407923077e-11 1.623618377533853836e-11 5.421118532371214474e-07 0.000000000000000000e+00
0.000000000000000000e+00 0.000000000000000000e+00 0.000000000000000000e+00 0.000000000000000000e+00 0.000000000000000000e+00 0.000000000000000000e+00 -1.114819252569858501e-07 -1.772869360632717174e-07 -5.873067105990702323e-08 -2.967897377228808846e-08 -2.670187129655489547e-08 -1.507834516067334414e-08 -7.997744999101636849e-09 -9.879203113468288862e-10 -8.123593432243605034e-10 -5.362870219754766832e-11 2.435677771212098915e-11 6.615650153608625515e-10 9.795576020064345400e-09 0.000000000000000000e+00
0.000000000000000000e+00 0.000000000000000000e+00 0.000000000000000000e+00 0.000000000000000000e+00 0.000000000000000000e+00 0.000000000000000000e+00 8.337546206591757187e-08 -9.548605104671926545e-08 1.012967386457179215e-08 -2.993339297344660184e-09 -4.182162018299874039e-09 1.512721102364750669e-10 -2.700023823339720430e-10 4.886429112841219216e-10 -1.280629384842312960e-10 1.360917307249903018e-10 -1.212528786223390960e-08 5.984769633937807998e-10 9.913871522101146661e-09 0.000000000000000000e+00
0.000000000000000000e+00 0.000000000000000000e+00 0.000000000000000000e+00 0.000000000000000000e+00 0.000000000000000000e+00 0.000000000000000000e+00 2.780401542309852508e-09 -9.519784046790373155e-08 -2.031594782295831979e-08 -8.107558984675050366e-09 -1.119519423371537820e-08 -4.683288986427537747e-09 -2.287925251263497410e-09 4.022441779120369092e-10 -1.792085696762748887e-10 1.380796148827254319e-11 -7.734604824005069885e-11 3.377975185375266623e-10 3.336703095516373802e-06 0.000000000000000000e+00
0.000000000000000000e+00 0.000000000000000000e+00 0.000000000000000000e+00 0.000000000000000000e+00 0.000000000000000000e+00 0.000000000000000000e+00 3.682300876403218295e-08 -7.261518043832707950e-08 -7.844172253457805323e-09 -2.537552729463042066e-09 -6.627450104716075066e-09 -1.732053974791476097e-09 -7.479932474217318190e-10 7.383060675414150875e-10 3.366636605688849458e-11 4.592674010967273212e-11 -9.919715038954637604e-11 1.474560907734985089e-10 4.075341438420774990e-06 0.000000000000000000e+00
0.000000000000000000e+00 0.000000000000000000e+00 0.000000000000000000e+00 0.000000000000000000e+00 0.000000000000000000e+00 0.000000000000000000e+00 -1.452070666060674774e-09 9.632284914280531776e-10 2.756767027273242487e-11 -8.902667182890254341e-10 -2.804506584145350533e-10 -5.017366459063105835e-10 -7.734983802451400278e-10 -1.003604860958366977e-09 -4.485046047831342763e-10 -1.831636176274992431e-10 -3.291782130758278698e-10 -1.314842394570887979e-08 -6.943127023647143279e-06 0.000000000000000000e+00
0.000000000000000000e+00 0.000000000000000000e+00 0.000000000000000000e+00 0.000000000000000000e+00 0.000000000000000000e+00 0.000000000000000000e+00 7.347691390709140363e-09 2.152877249054415582e-09 7.061877719427113315e-10 -6.892952879561107089e-11 -1.950820902736903213e-09 -1.869005283518581900e-09 -1.833126522320790312e-09 -1.104466567358003151e-09 -5.774242386549669196e-10 -2.659751619631787087e-10 -1.043023042937966000e-04 -1.421672144006844826e-08 -6.946388197715223143e-06 0.000000000000000000e+00
0.000000000000000000e+00 0.000000000000000000e+00 0.000000000000000000e+00 0.000000000000000000e+00 0.000000000000000000e+00 0.000000000000000000e+00 3.978332956739012700e-09 -7.719846817118611537e-10 -6.258075539285536755e-10 2.477184122545396429e-10 -3.413711157709067241e-10 -5.391541280917615742e-10 -1.029339511475347525e-09 -7.057062744616600913e-10 -5.574536734727114044e-10 -2.279107951900259966e-10 -1.392426322071576613e-10 -3.332687219354901051e-08 1.351523131600783145e+01 0.000000000000000000e+00
0.000000000000000000e+00 0.000000000000000000e+00 0.000000000000000000e+00 0.000000000000000000e+00 0.000000000000000000e+00 0.000000000000000000e+00 6.084572653513353520e-09 -1.316637296763038862e-09 -4.375779458098494717e-10 6.277927202157111043e-10 -3.965400608371233402e-10 -5.343779819651355316e-10 -1.153879681830301892e-09 -7.051032424865887085e-10 -6.393630888487882004e-10 -2.696146626617467419e-10 -5.221363370109856093e-11 -3.827736927940516763e-08 2.042793793801446967e+01 0.000000000000000000e+00
