0.000000000000000000e+00 0.000000000000000000e+00 0.000000000000000000e+00 0.000000000000000000e+00 0.000000000000000000e+00 0.000000000000000000e+00 1.203411519669326022e-08 6.773563079700252075e-09 6.863515438934758304e-09 7.936933014779257859e-09 1.342868856645296301e-08 1.181846243045466977e-08 1.191603540699703345e-08 9.566213570314214663e-09 5.904624382479196260e-09 2.077198195857157375e-09 4.425414020467526352e-10 4.844762982115216225e-08 1.233856634451407832e-04 0.000000000000000000e+00
0.000000000000000000e+00 0.000000000000000000e+00 0.000000000000000000e+00 0.000000000000000000e+00 0.000000000000000000e+00 0.000000000000000000e+00 2.286750387446673018e-10 1.570890279997812673e-10 1.284298277637783505e-09 1.204413551659060929e-09 1.642295612055688260e-09 9.390125375638097767e-10 9.748548331385364584e-10 8.070917426471502701e-10 5.543214777835052157e-10 5.817527557861805281e-10 1.565671729048232787e-05 6.819059417545910431e-08 1.234142905245749593e-04 0.000000000000000000e+00
0.000000000000000000e+00 0.000000000000000000e+00 0.000000000000000000e+00 0.000000000000000000e+00 0.000000000000000000e+00 0.000000000000000000e+00 1.711467216592129519e-09 1.576512824396841444e-09 2.058692948411279032e-09 1.225522827383369968e-09 2.971742674997548176e-09 2.619582129997143685e-09 2.735344070573111593e-09 2.412018066183261677e-09 1.656113173362888552e-09 8.299840915051494055e-10 1.978977113651928086e-10 1.130327976765265734e-08 -1.148079748415811991e+03 0.000000000000000000e+00
0.000000000000000000e+00 0.000000000000000000e+00 0.000000000000000000e+00 0.000000000000000000e+00 0.000000000000000000e+00 0.000000000000000000e+00 9.523602937813352538e-10 1.018550950092581628e-09 1.512568505579003411e-09 6.494598300443890103e-10 1.567210569424359702e-09 1.345130224544582640e-09 1.576250081559004005e-09 1.374311319948314519e-09 9.546167860548738703e-10 4.778081511322949257e-10 1.061279446407451419e-10 6.153432971581814294e-09 -1.738939339848420786e+03 0.000000000000000000e+00
0.000000000000000000e+00 0.000000000000000000e+00 0.000000000000000000e+00 0.000000000000000000e+00 0.000000000000000000e+00 0.000000000000000000e+00 -5.643576053018640930e-08 -3.899003651687262544e-09 -2.912090591854447905e-09 -5.664621154543613544e-09 -7.319337628110659579e-09 -5.135444347039562300e-09 -3.312076569818135062e-09 -1.513169142598800224e-09 -9.922066212412933529e-10 -3.694165168848904522e-10 1.197906465470831357e-11 4.914513742672584094e-10 2.975013852313300367e-09 0.000000000000000000e+00
0.000000000000000000e+00 0.000000000000000000e+00 0.000000000000000000e+00 0.000000000000000000e+00 0.000000000000000000e+00 0.000000000000000000e+00 1.004419483022448942e-08 -9.452004640088441761e-10 6.203167437454667198e-10 2.543576275388719126e-09 4.319121882949010109e-11 3.484613659586429126e-10 -1.697497977051276197e-10 -9.135976884048814262e-11 -1.438213799991200051e-10 -1.249255729221644488e-10 -1.156956696727652907e-09 5.187455956029354789e-10 3.045800818906490288e-09 0.000000000000000000e+00
0.000000000000000000e+00 0.000000000000000000e+00 0.000000000000000000e+00 0.000000000000000000e+00 0.000000000000000000e+00 0.000000000000000000e+00 -2.951754615364557366e-09 2.665642077014897562e-09 1.076321993375076433e-09 7.990152978173332502e-10 -2.941824808118159354e-09 -1.443818866627777392e-09 -1.309481507502300860e-09 -6.032260609590044780e-10 -4.139495012234201834e-10 -1.783479020245413637e-10 -4.535327724565802599e-12 1.724186979298170035e-10 1.089653746986224233e-06 0.000000000000000000e+00
0.000000000000000000e+00 0.000000000000000000e+00 0.000000000000000000e+00 0.000000000000000000e+00 0.000000000000000000e+00 0.000000000000000000e+00 1.500278582731954220e-08 4.470821110152325162e-09 1.934794227717861339e-09 2.920624348661508789e-09 -1.129040196236800867e-09 -9.577937370127670295e-11 -5.132612811400794207e-10 -2.513221514431347408e-10 -1.655821446664056611e-10 -5.161568898674380827e-11 3.837107146436704199e-12 2.629120137993524073e-11 2.234543817547148528e-06 0.000000000000000000e+00
0.000000000000000000e+00 0.000000000000000000e+00 0.000000000000000000e+00 0.000000000000000000e+00 0.000000000000000000e+00 0.000000000000000000e+00 -3.463915383005685171e-07 -2.672224054445908012e-08 -2.443037968458035215e-08 -5.707905801869634292e-08 -2.810667463340255269e-08 -1.516282383572452604e-08 -5.946645904007758590e-09 -2.188696421709419066e-09 -3.684958157302074780e-10 -4.250763171942285807e-10 5.950684464192794423e-12 5.112210167832551878e-10 5.255360866815803268e-09 0.000000000000000000e+00
0.000000000000000000e+00 0.000000000000000000e+00 0.000000000000000000e+00 0.000000000000000000e+00 0.000000000000000000e+00 0.000000000000000000e+00 4.149529334261565481e-08 2.057756619615854153e-08 -1.112022616809904576e-08 -1.198789786489663203e-08 -2.579464292223121914e-09 -4.394405092821936868e-10 3.516774015148659187e-10 8.229192593957455443e-11 2.265522795818684011e-10 -1.065914964161849922e-10 -1.290673569952546748e-08 4.837192366566789486e-10 5.225697211377754548e-09 0.000000000000000000e+00
0.000000000000000000e+00 0.000000000000000000e+00 0.000000000000000000e+00 0.000000000000000000e+00 0.000000000000000000e+00 0.000000000000000000e+00 -2.492214112666465350e-08 3.833139457160087160e-10 -1.377393363556996382e-09 -1.635976763426440934e-08 -1.138259083779722268e-08 -4.694766397905818573e-09 -1.447919275232476295e-09 -2.424067908945185053e-10 1.514814010979535432e-10 -1.583646492338979310e-10 -6.590874915250401158e-12 3.214395428191480403e-11 -5.887435744852792237e-05 0.000000000000000000e+00
0.000000000000000000e+00 0.000000000000000000e+00 0.000000000000000000e+00 0.000000000000000000e+00 0.000000000000000000e+00 0.000000000000000000e+00 8.224843200668258878e-08 1.207006933778157917e-08 4.168997619004403474e-09 -3.040456436628011391e-09 -4.961034754713365339e-09 -9.630465548406835215e-10 2.616727747383560955e-10 3.597647781196622341e-10 3.245451758742550410e-10 -3.929449533903215858e-13 2.703236833333940764e-11 -1.321396172492628649e-10 -6.993151187958608660e-05 0.000000000000000000e+00
0.000000000000000000e+00 0.000000000000000000e+00 0.000000000000000000e+00 0.000000000000000000e+00 0.000000000000000000e+00 0.000000000000000000e+00 4.603099428004323893e-09 -4.097983951936089393e-09 -1.663225896129979659e-09 -1.182700994386458475e-09 1.093450458274614530e-09 7.311999986955531498e-10 2.880751407290330620e-10 2.245316245532920704e-10 -1.620508640827875508e-10 -5.213914142212433076e-11 -1.978293652403936968e-10 -4.488923484456174613e-09 5.924200152070732001e-05 0.000000000000000000e+00
0.000000000000000000e+00 0.000000000000000000e+00 0.000000000000000000e+00 0.000000000000000000e+00 0.000000000000000000e+00 0.000000000000000000e+00 4.223350269803703902e-09 -2.010545213372462397e-08 2.397096179391761963e-09 -8.630021976785705463e-10 -2.015469622019159283e-09 -6.563856421349104171e-11 -1.181458371940304483e-09 -3.202811116869671717e-10 -4.999706582287101000e-10 -8.678943947909853645e-11 8.827826439558849594e-04 -6.919313791826891137e-09 5.921484079963743253e-05 0.000000000000000000e+00
0.000000000000000000e+00 0.000000000000000000e+00 0.000000000000000000e+00 0.000000000000000000e+00 0.000000000000000000e+00 0.000000000000000000e+00 5.724357925027705619e-09 -5.271843298984618099e-09 -2.472480015942123036e-09 -9.408518629662274141e-10 1.107167879740978400e-09 6.944068798448644908e-10 9.030304639162793877e-11 1.594686901046649977e-10 -3.217286903159745057e-10 -1.107199839176730760e-10 -1.830562617896920302e-10 -2.223929989146406630e-09 3.684083435910632716e+02 0.000000000000000000e+00
0.000000000000000000e+00 0.000000000000000000e+00 0.000000000000000000e+00 0.000000000000000000e+00 0.000000000000000000e+00 0.000000000000000000e+00 5.181430683515762132e-09 -6.520206964547172579e-09 -2.167852215436159265e-09 -8.431398965514268632e-10 7.754951193798668674e-10 5.205421586085207538e-10 -2.609581922995527955e-10 6.414112767191476174e-11 -4.342249896026603023e-10 -1.616958241106832681e-10 -1.851636279677301179e-10 -9.456016702336141237e-10 2.329688840625064472e+02 0.000000000000000000e+00
