0.000000000000000000e+00 0.000000000000000000e+00 0.000000000000000000e+00 0.000000000000000000e+00 0.000000000000000000e+00 0.000000000000000000e+00 1.594224285140316325e-08 1.116918222862645532e-08 1.438639043291704131e-08 1.478029788994500225e-08 1.436597588494508123e-08 1.899820594052545780e-08 1.853160709408311646e-08 1.653519821154991212e-08 1.042214632853670967e-08 3.863197377800271121e-09 9.788669178545241527e-10 7.227864506875845956e-08 3.699589555482100944e-05 0.000000000000000000e+00
0.000000000000000000e+00 0.000000000000000000e+00 0.000000000000000000e+00 0.000000000000000000e+00 0.000000000000000000e+00 0.000000000000000000e+00 1.065789941983121801e-08 3.662215188504060067e-09 2.135994618226708078e-09 2.423720990393204488e-09 3.880281571409432972e-09 4.013959839566443387e-09 2.443919274034359435e-09 2.269556458703321305e-09 1.918277547009694690e-09 2.176982173011436646e-09 4.367395472909363190e-04 1.065933656998656521e-07 3.701412706290851604e-05 0.000000000000000000e+00
0.000000000000000000e+00 0.000000000000000000e+00 0.000000000000000000e+00 0.000000000000000000e+00 0.000000000000000000e+00 0.000000000000000000e+00 5.917030833661961208e-09 3.334931735096949865e-09 3.849376885734116050e-09 4.091932555305546726e-09 4.095088226275218052e-09 6.060306602983577071e-09 5.581946259089335388e-09 5.502950670656635195e-09 4.010329495703769473e-09 2.038339536969610418e-09 5.869469108714761469e-10 2.183751090791255960e-08 -1.224329849067289615e+03 0.000000000000000000e+00
0.000000000000000000e+00 0.000000000000000000e+00 0.000000000000000000e+00 0.000000000000000000e+00 0.000000000000000000e+00 0.000000000000000000e+00 5.498354631798273166e-09 1.740320683119845036e-09 1.696018944601615606e-09 2.145004703146473646e-09 2.513927283944333104e-09 3.710710267184430289e-09 3.228088781483557641e-09 3.392395612564981693e-09 2.593831016606265221e-09 1.375520520648445972e-09 3.902763236664811319e-10 1.232891546682472902e-08 -1.157304616647541843e+04 0.000000000000000000e+00
0.000000000000000000e+00 0.000000000000000000e+00 0.000000000000000000e+00 0.000000000000000000e+00 0.000000000000000000e+00 0.000000000000000000e+00 -2.872649173775542972e-08 -3.576020709890537082e-08 -8.599157836134583139e-09 -1.066989193812188995e-08 -1.305932746337014938e-08 -6.306494886838951905e-09 -4.235775295448809441e-09 -1.972243317390008293e-09 -1.175761736922786148e-09 -4.254511244604266339e-10 1.522782283588901654e-11 5.234315441988141350e-10 4.993882344155607133e-09 0.000000000000000000e+00
0.000000000000000000e+00 0.000000000000000000e+00 0.000000000000000000e+00 0.000000000000000000e+00 0.000000000000000000e+00 0.000000000000000000e+00 2.142045100343545635e-09 -4.356250761008373492e-09 4.005208919369557072e-09 1.735996447434593327e-09 -1.358270166399424848e-10 -1.179702897016392891e-09 1.336141720723604375e-10 -3.314592561229689626e-11 -1.488168522318352043e-10 -1.593405711822182625e-10 1.918126628741106747e-09 5.623732210684095012e-10 5.071415754047838663e-09 0.000000000000000000e+00
0.000000000000000000e+00 0.000000000000000000e+00 0.000000000000000000e+00 0.000000000000000000e+00 0.000000000000000000e+00 0.000000000000000000e+00 -1.216124624651272938e-08 -1.501264423004273918e-08 -3.970743591724610311e-09 -2.610805733033503131e-09 -4.701604506613341428e-09 -2.585035990314272925e-09 -1.439830818786803677e-09 -7.513140767027974271e-10 -4.872037968363414591e-10 -2.205146343841292050e-10 -4.487535956303388257e-12 1.829222778083694553e-10 -7.576494108182376804e-07 0.000000000000000000e+00
0.000000000000000000e+00 0.000000000000000000e+00 0.000000000000000000e+00 0.000000000000000000e+00 0.000000000000000000e+00 0.000000000000000000e+00 -5.165334248972916405e-09 -6.344405939313184619e-09 -1.778899414783433475e-09 2.809660975739476715e-10 -1.653364170536968360e-09 -1.244449323792559467e-09 -3.752102302274599661e-10 -2.602909394877909851e-10 -1.824358064098300608e-10 -8.389082860474629844e-11 2.125432951614304608e-12 2.823984522036850705e-11 -6.131410423101905769e-07 0.000000000000000000e+00
0.000000000000000000e+00 0.000000000000000000e+00 0.000000000000000000e+00 0.000000000000000000e+00 0.000000000000000000e+00 0.000000000000000000e+00 -1.345522092869500562e-07 -2.101215863706540350e-07 -7.053962295855243187e-08 -3.823907686002598953e-08 -3.375087225433523580e-08 -1.995687394380333194e-08 -1.014992338981656985e-08 -1.471607413795402942e-09 -1.116466309888484757e-09 -6.876811160103727884e-11 1.778403431637130480e-11 3.550449822829658112e-10 -3.278205338382236469e-09 0.000000000000000000e+00
0.000000000000000000e+00 0.000000000000000000e+00 0.000000000000000000e+00 0.000000000000000000e+00 0.000000000000000000e+00 0.000000000000000000e+00 1.095051229750359370e-07 -8.245507485692623576e-08 7.154572496554274527e-10 1.467605607468032558e-09 -3.764674659763426825e-09 -3.379350782913159387e-10 9.323906585626922255e-11 3.099801046369317153e-10 -8.785200129905373205e-11 1.733518319025593893e-10 -3.557185984021537151e-08 3.013394152524711311e-10 -3.535298046361448567e-09 0.000000000000000000e+00
0.000000000000000000e+00 0.000000000000000000e+00 0.000000000000000000e+00 0.000000000000000000e+00 0.000000000000000000e+00 0.000000000000000000e+00 -1.137725091273543200e-08 -1.033045505995791205e-07 -3.607235028033422216e-08 -4.521916469702262362e-09 -1.053918773257471122e-08 -5.139420890942792396e-09 -3.128141455416324845e-09 6.597652156515467720e-11 -2.003257079155546809e-10 1.415528792016108305e-10 -3.311978475094415839e-12 -3.883874948952674031e-11 -2.673272833900177143e-05 0.000000000000000000e+00
0.000000000000000000e+00 0.000000000000000000e+00 0.000000000000000000e+00 0.000000000000000000e+00 0.000000000000000000e+00 0.000000000000000000e+00 3.840190535519868867e-08 -6.308945021577208227e-08 -2.043993438521162066e-08 6.251444678388862102e-09 -2.952757388038462982e-09 -1.117637194200125027e-10 -5.310686481486910944e-10 5.941908780573596973e-10 1.506150707212229927e-10 2.090829346706919903e-10 8.827491166163888932e-12 -1.987244900969916382e-10 -6.235059060500225262e-05 0.000000000000000000e+00
0.000000000000000000e+00 0.000000000000000000e+00 0.000000000000000000e+00 0.000000000000000000e+00 0.000000000000000000e+00 0.000000000000000000e+00 5.392822027188842137e-09 -2.827705206639088153e-09 -2.000805618117873942e-09 -2.635836247393861511e-10 -1.128975493969710621e-09 4.760192524653538562e-10 -6.860881417563704226e-10 -3.897248695485553817e-10 -2.099986696684603946e-10 -5.535370774866903200e-11 -2.773519644854944288e-10 -6.841790233711878491e-09 -5.078205484669550665e-05 0.000000000000000000e+00
0.000000000000000000e+00 0.000000000000000000e+00 0.000000000000000000e+00 0.000000000000000000e+00 0.000000000000000000e+00 0.000000000000000000e+00 7.102219198415098847e-09 -4.635519042843158730e-09 -5.865957413547458892e-09 -2.111496188041104150e-09 1.086211925425779158e-10 2.950727900239742436e-10 -1.047635402022702575e-09 -3.725603648760059118e-10 -5.647730688519867693e-10 -3.260750592311679241e-10 1.749589372165288566e-03 -1.006274660957619299e-08 -5.083462737673215715e-05 0.000000000000000000e+00
0.000000000000000000e+00 0.000000000000000000e+00 0.000000000000000000e+00 0.000000000000000000e+00 0.000000000000000000e+00 0.000000000000000000e+00 3.668355327834257540e-09 -3.859125189048138007e-09 -2.400337860359016637e-09 4.374238286407927158e-10 -5.789911039299436954e-10 6.005940500403665584e-10 -7.898956200612978694e-10 -3.292559055891521182e-10 -2.605967938096089316e-10 -9.194882969257345243e-11 -2.291674034746210639e-10 -5.458529942581265399e-09 -9.703307770119328097e+02 0.000000000000000000e+00
0.000000000000000000e+00 0.000000000000000000e+00 0.000000000000000000e+00 0.000000000000000000e+00 0.000000000000000000e+00 0.000000000000000000e+00 2.627614145810033929e-09 -3.758899247645359337e-09 -2.549507206356834364e-09 5.840903446281294605e-10 -2.586814281851047221e-10 5.377365378943716732e-10 -8.393503707074838513e-10 -3.209168495765183642e-10 -3.529303902781675229e-10 -1.494312881439384625e-10 -2.103867539134513270e-10 -4.702755658473107001e-09 -1.868766200277645567e+03 0.000000000000000000e+00
