0.000000000000000000e+00 0.000000000000000000e+00 0.000000000000000000e+00 0.000000000000000000e+00 0.000000000000000000e+00 0.000000000000000000e+00 1.717777487872783235e-08 1.372397913222743573e-08 4.011856914010025536e-09 5.328555735663942492e-09 5.374751953490317211e-09 6.413864316279628460e-09 6.017768432845777409e-09 4.409754452466998937e-09 2.311051194329459938e-09 8.696653967500197172e-10 2.154331409843882293e-10 1.927525592968194631e-08 3.690125518123388206e-05 0.000000000000000000e+00
0.000000000000000000e+00 0.000000000000000000e+00 0.000000000000000000e+00 0.000000000000000000e+00 0.000000000000000000e+00 0.000000000000000000e+00 3.659397524210495433e-09 -8.628464077856888955e-10 3.805259104111913865e-10 7.288738279052867848e-10 1.041447507195412730e-09 1.459613348067457853e-09 1.084960151182671811e-09 8.585389565068772096e-10 5.016521715130471044e-10 4.988689485126554650e-10 6.013791813890633051e-05 2.802358485762617265e-08 3.698612011133453528e-05 0.000000000000000000e+00
0.000000000000000000e+00 0.000000000000000000e+00 0.000000000000000000e+00 0.000000000000000000e+00 0.000000000000000000e+00 0.000000000000000000e+00 4.203673871010223993e-09 4.397881903678163131e-09 1.112083683005931337e-09 1.453238838207263908e-09 1.598083336489397418e-09 1.860682807647523087e-09 1.998116322876573797e-09 1.558929595923026100e-09 9.177773505422846085e-10 5.360315225158866945e-10 1.438755593514284074e-10 9.092450211146105757e-09 -1.493512507791273492e+03 0.000000000000000000e+00
0.000000000000000000e+00 0.000000000000000000e+00 0.000000000000000000e+00 0.000000000000000000e+00 0.000000000000000000e+00 0.000000000000000000e+00 1.628865506273670079e-09 2.481520342522731082e-09 7.700044015213544961e-10 8.887188006570884330e-10 9.198297403980190416e-10 1.131925899307007909e-09 1.393072513180186692e-09 1.099465175175722570e-09 7.057783908373643231e-10 4.718345609467670019e-10 1.240695760367759381e-10 8.113854968168072534e-09 -3.758938404301634364e+03 0.000000000000000000e+00
0.000000000000000000e+00 0.000000000000000000e+00 0.000000000000000000e+00 0.000000000000000000e+00 0.000000000000000000e+00 0.000000000000000000e+00 -5.147854581648351731e-08 -1.954104333457064884e-08 -6.970009168785881491e-09 -1.418298835056455815e-08 -4.880263072505576900e-09 -5.499186515866087670e-09 -2.926860883375454578e-09 -1.227319480475372444e-09 -7.293091509584162032e-10 -2.070911876686785893e-10 1.807726194708863279e-11 3.316256037809332008e-10 2.632249818797457552e-09 0.000000000000000000e+00
0.000000000000000000e+00 0.000000000000000000e+00 0.000000000000000000e+00 0.000000000000000000e+00 0.000000000000000000e+00 0.000000000000000000e+00 2.994187701896101107e-09 -1.787558331705830453e-09 -5.206810608389677624e-09 -6.826143175613593627e-10 -1.385703568509652005e-09 -9.878911989826954277e-12 2.959413592223964812e-10 1.416954865683717522e-10 -3.946255305268095441e-11 -4.542589985461600553e-11 1.192917991109692769e-09 3.563430311111578029e-10 2.676148913540710641e-09 0.000000000000000000e+00
0.000000000000000000e+00 0.000000000000000000e+00 0.000000000000000000e+00 0.000000000000000000e+00 0.000000000000000000e+00 0.000000000000000000e+00 -2.299049900572686220e-08 -5.304284813414323979e-09 -4.048638927081575050e-09 -5.622646215687299004e-09 -1.316817126908557262e-09 -1.808346403790967254e-09 -1.105627832342146278e-09 -3.334879120118320820e-10 -2.688614052544411113e-10 -7.875127604650691098e-11 6.019475067436981534e-12 1.040785521438680684e-10 -2.502988571389251185e-06 0.000000000000000000e+00
0.000000000000000000e+00 0.000000000000000000e+00 0.000000000000000000e+00 0.000000000000000000e+00 0.000000000000000000e+00 0.000000000000000000e+00 -1.151613085505115843e-08 -6.116761719033965634e-10 -3.010836285100226798e-09 -2.349662025067009234e-09 -2.567121275402018583e-10 -4.184922764980330029e-10 -3.800317678274297723e-10 1.250353102395911833e-11 -6.047614554196285508e-11 5.691766019781316927e-12 1.033073844967233104e-11 2.450161793301471570e-12 -3.859998548748769206e-06 0.000000000000000000e+00
0.000000000000000000e+00 0.000000000000000000e+00 0.000000000000000000e+00 0.000000000000000000e+00 0.000000000000000000e+00 0.000000000000000000e+00 -1.822387371011751677e-07 -9.244951792011621277e-08 -1.824120577717081477e-08 -4.829569350120938873e-08 -1.488780012551817763e-08 -1.830934495670038992e-08 -6.951697752527829623e-09 -1.405953172072019137e-09 -8.798618544292785590e-10 -1.265625241892073385e-10 2.989704538302487280e-11 2.770489672609942181e-10 1.863473683683546763e-08 0.000000000000000000e+00
0.000000000000000000e+00 0.000000000000000000e+00 0.000000000000000000e+00 0.000000000000000000e+00 0.000000000000000000e+00 0.000000000000000000e+00 2.737961714135206878e-08 1.025447262316115027e-08 -6.268752563301547608e-09 -2.828899828653509495e-09 -7.469052446210372035e-10 -1.649376608762551184e-09 8.139332295108625816e-10 7.112389529979965953e-11 1.593240802703472605e-10 5.457068321602443899e-11 4.868381299493323849e-08 2.723027220678172171e-10 1.876766767931500014e-08 0.000000000000000000e+00
0.000000000000000000e+00 0.000000000000000000e+00 0.000000000000000000e+00 0.000000000000000000e+00 0.000000000000000000e+00 0.000000000000000000e+00 -6.422718003241309328e-08 -1.407323739031318159e-08 -3.062023065816010412e-09 -1.681409891922905508e-08 -1.650257906240699906e-09 -6.272959123755743288e-09 -1.888877530954760974e-09 -1.097626624491731148e-11 -1.438539329421095985e-10 3.177974380899061297e-11 1.395867437144306928e-11 -1.424170499579496799e-10 -2.911739553569383401e-05 0.000000000000000000e+00
0.000000000000000000e+00 0.000000000000000000e+00 0.000000000000000000e+00 0.000000000000000000e+00 0.000000000000000000e+00 0.000000000000000000e+00 -1.927901722322693280e-08 1.253416177177053119e-08 2.112829871442714319e-09 -5.646600342980763728e-09 2.438533403790764127e-09 -1.890468960669256434e-09 -9.023291929042045686e-11 4.232817467470918200e-10 1.662700985886591827e-10 1.258303011197656513e-10 1.276576560421197452e-11 -2.839420584998382472e-10 -3.731201553255626387e-05 0.000000000000000000e+00
0.000000000000000000e+00 0.000000000000000000e+00 0.000000000000000000e+00 0.000000000000000000e+00 0.000000000000000000e+00 0.000000000000000000e+00 1.400273731713978029e-09 -1.448258660344587880e-09 8.394419170126012565e-10 -4.834455813373328586e-10 -4.143548780760327431e-10 4.146510015024498478e-11 -3.387976544227208409e-10 -1.394578632519293486e-10 -1.299185410671307021e-10 -1.072933555618031874e-10 -1.200779727104129339e-10 -5.165420803346065913e-09 -1.364355108746543935e-06 0.000000000000000000e+00
0.000000000000000000e+00 0.000000000000000000e+00 0.000000000000000000e+00 0.000000000000000000e+00 0.000000000000000000e+00 0.000000000000000000e+00 1.002359879249721876e-09 -4.193703826786459160e-09 1.022596484210414251e-09 -4.638472305416950149e-10 -8.277119970117692419e-10 5.011495204695073055e-10 -6.693550711102436923e-10 -3.157828553940397576e-10 -3.190555017508023627e-10 -1.339052021187106435e-11 -6.694015075005410728e-04 -6.940274106380872203e-09 -1.377090358513585384e-06 0.000000000000000000e+00
0.000000000000000000e+00 0.000000000000000000e+00 0.000000000000000000e+00 0.000000000000000000e+00 0.000000000000000000e+00 0.000000000000000000e+00 1.918225901170003383e-09 -1.317111835741491339e-09 5.593061490109704558e-10 -3.098657986304882843e-10 -1.581542727370448369e-10 1.721873544778487074e-10 -4.552061696311285479e-10 -1.211006459752012273e-10 -1.945157739924008153e-10 -1.636146317851086125e-10 -1.056235130735546561e-10 -4.221625271013109981e-09 -1.040915099475365579e+01 0.000000000000000000e+00
0.000000000000000000e+00 0.000000000000000000e+00 0.000000000000000000e+00 0.000000000000000000e+00 0.000000000000000000e+00 0.000000000000000000e+00 1.935308793238126510e-09 -1.235080574251205314e-09 4.521536677232537577e-10 -4.042792448685973150e-10 -3.851936411214711287e-11 2.578652891284564687e-10 -5.378023774957849325e-10 -1.485056689980962312e-10 -2.528678827803917942e-10 -2.122195294535180281e-10 -1.024452641100688515e-10 -3.769146932513569992e-09 2.863197461083396320e+03 0.000000000000000000e+00
