0.000000000000000000e+00 0.000000000000000000e+00 0.000000000000000000e+00 0.000000000000000000e+00 0.000000000000000000e+00 0.000000000000000000e+00 3.252878711252698742e-09 7.064490327532586712e-10 3.497252527518226547e-09 2.032505486500036716e-09 3.260557905742411384e-09 3.576722334974080079e-09 3.941078248457551827e-09 2.963083953546668487e-09 1.469970424496296403e-09 1.036554005319887140e-09 1.739345952976862042e-08 1.712684168125633078e-07 0.000000000000000000e+00 0.000000000000000000e+00
0.000000000000000000e+00 0.000000000000000000e+00 0.000000000000000000e+00 0.000000000000000000e+00 0.000000000000000000e+00 0.000000000000000000e+00 -1.495905988262462539e-10 1.084727805439343416e-10 3.969838446038824093e-10 5.100750098642036842e-10 8.332631465814253239e-10 7.221575156022379543e-10 4.334955406295980152e-10 5.966030503566773103e-10 1.257239750326960938e-09 4.733865443378987168e-09 4.527385265967794084e-07 1.673041331910960657e-07 0.000000000000000000e+00 0.000000000000000000e+00
0.000000000000000000e+00 0.000000000000000000e+00 0.000000000000000000e+00 0.000000000000000000e+00 0.000000000000000000e+00 0.000000000000000000e+00 1.888315109780458595e-10 2.324518518312920862e-10 5.211720210723187647e-10 2.460030995216310439e-10 6.717964134556129038e-10 8.431392839781466341e-10 1.010270851701970773e-09 9.738646167953994159e-10 7.370105270267303126e-10 3.247145806604989531e-10 6.979336002053605303e-09 1.169830287511022249e-01 0.000000000000000000e+00 0.000000000000000000e+00
0.000000000000000000e+00 0.000000000000000000e+00 0.000000000000000000e+00 0.000000000000000000e+00 0.000000000000000000e+00 0.000000000000000000e+00 5.516308120523432292e-13 2.175662273080137593e-10 3.148813932190329531e-10 1.390199109232805577e-10 4.638103597439539186e-10 5.751191929097460322e-10 6.318349224532974203e-10 5.953043608727603178e-10 4.062111220260091437e-10 1.579614084845711415e-10 3.923131912410579156e-09 2.085456300083148307e-01 0.000000000000000000e+00 0.000000000000000000e+00
0.000000000000000000e+00 0.000000000000000000e+00 0.000000000000000000e+00 0.000000000000000000e+00 0.000000000000000000e+00 0.000000000000000000e+00 -7.518207632860871381e-09 -3.278104383889025790e-09 -4.352606424388851691e-09 -2.545695014797972128e-09 -2.588630884656499288e-09 -1.444303060899668983e-09 -1.765701496348699950e-09 -5.645056008068669087e-10 -3.176707740912856823e-10 7.488373722421324680e-11 3.768236533356422913e-10 5.176388481469865207e-10 0.000000000000000000e+00 0.000000000000000000e+00
0.000000000000000000e+00 0.000000000000000000e+00 0.000000000000000000e+00 0.000000000000000000e+00 0.000000000000000000e+00 0.000000000000000000e+00 -3.560614929156224502e-09 4.844241922431382727e-10 9.751061668393778853e-10 2.824032319957952148e-10 -8.402675654884894883e-10 1.663084232827685836e-10 -9.271387409450947820e-11 -7.205535931864569876e-11 -2.140357117575310009e-10 -2.521455110611727494e-10 2.172207597354147521e-10 5.000010544039314538e-10 0.000000000000000000e+00 0.000000000000000000e+00
0.000000000000000000e+00 0.000000000000000000e+00 0.000000000000000000e+00 0.000000000000000000e+00 0.000000000000000000e+00 0.000000000000000000e+00 -2.319763518522705704e-09 -7.630898129823733114e-10 6.557269242316957470e-10 -7.076172039457237135e-11 -1.027949342583301295e-09 -3.246796872301963420e-10 -7.186052747587405800e-10 -2.114705102566300884e-10 -1.947592389592769823e-10 -9.799231481152987109e-12 1.751536004949663393e-10 7.699213054633037525e-08 0.000000000000000000e+00 0.000000000000000000e+00
0.000000000000000000e+00 0.000000000000000000e+00 0.000000000000000000e+00 0.000000000000000000e+00 0.000000000000000000e+00 0.000000000000000000e+00 -1.759168005502466666e-09 -1.532638522788147930e-10 1.423818435005848072e-09 3.725434535276947891e-10 -7.581016889818666860e-10 -1.046771558580020599e-10 -4.218719604800460549e-10 -8.845390905308774419e-11 -1.048379525893121519e-10 2.732411652138373167e-12 7.426981155116933152e-11 1.042416586467041146e-07 0.000000000000000000e+00 0.000000000000000000e+00
0.000000000000000000e+00 0.000000000000000000e+00 0.000000000000000000e+00 0.000000000000000000e+00 0.000000000000000000e+00 0.000000000000000000e+00 -1.149932881387810861e-08 -6.818372065428870292e-09 -4.534217485555222515e-08 -6.707434493390816623e-09 -1.322425365485573428e-08 -2.019953765794466405e-09 -1.813651068266833948e-09 -1.152574212438845315e-11 -3.123872425236824535e-10 4.352195710428626173e-12 5.084035216210293488e-10 -2.101439755442819538e-09 0.000000000000000000e+00 0.000000000000000000e+00
0.000000000000000000e+00 0.000000000000000000e+00 0.000000000000000000e+00 0.000000000000000000e+00 0.000000000000000000e+00 0.000000000000000000e+00 -1.823240809113183649e-08 -8.186563200580514210e-09 2.316514624837873967e-09 -1.984744036230727082e-09 -2.295086484316420980e-09 -2.559238261683176306e-11 7.886718647549239228e-10 3.872774430064823914e-10 -1.758418750276034180e-10 -1.690220762116595030e-10 2.165837335787162294e-09 -2.173381085907277307e-09 0.000000000000000000e+00 0.000000000000000000e+00
0.000000000000000000e+00 0.000000000000000000e+00 0.000000000000000000e+00 0.000000000000000000e+00 0.000000000000000000e+00 0.000000000000000000e+00 -9.062894234191021357e-10 -9.307789043796004246e-09 -5.300097360153603051e-09 -4.276358730432405289e-10 -4.838668975725190365e-09 -3.935171547496928146e-10 -1.483994079771236159e-10 3.873131383572292891e-10 -2.081989316053735004e-10 -2.615418246633705675e-11 3.897298410895362653e-10 3.434867979106456715e-06 0.000000000000000000e+00 0.000000000000000000e+00
0.000000000000000000e+00 0.000000000000000000e+00 0.000000000000000000e+00 0.000000000000000000e+00 0.000000000000000000e+00 0.000000000000000000e+00 -2.273833866430181989e-09 -8.681351767093510911e-09 1.633938722510425672e-09 1.410764157523933497e-10 -3.043209703485028746e-09 -1.242387307582825220e-10 2.548748339942565294e-10 4.773826082656709902e-10 -1.264416710739736185e-10 -3.271101319007332153e-11 3.142839598915993096e-10 4.628542619162914443e-06 0.000000000000000000e+00 0.000000000000000000e+00
0.000000000000000000e+00 0.000000000000000000e+00 0.000000000000000000e+00 0.000000000000000000e+00 0.000000000000000000e+00 0.000000000000000000e+00 3.121574809736665117e-09 1.761966985330249768e-09 1.711598462111675605e-09 4.642631043260733985e-10 -5.612473948944295000e-10 -6.396304582481195311e-10 -5.857365408630457981e-10 -5.457845671922459842e-10 -2.755129460483949205e-10 -4.803001873038620803e-10 -2.493031303361364249e-09 7.230377672834718520e-07 0.000000000000000000e+00 0.000000000000000000e+00
0.000000000000000000e+00 0.000000000000000000e+00 0.000000000000000000e+00 0.000000000000000000e+00 0.000000000000000000e+00 0.000000000000000000e+00 2.739846717552537252e-09 3.765944831090722562e-09 1.662641273023370813e-09 -1.571057246781927966e-09 -9.712425099458084379e-11 -2.183899321346684930e-09 -1.274940550580302886e-09 -1.287438924987736966e-09 -5.326019764226313433e-10 2.415133412656477203e-10 1.038930001498159350e-06 7.351475140416932349e-07 0.000000000000000000e+00 0.000000000000000000e+00
0.000000000000000000e+00 0.000000000000000000e+00 0.000000000000000000e+00 0.000000000000000000e+00 0.000000000000000000e+00 0.000000000000000000e+00 1.455777309442519685e-09 1.186456556728448188e-09 9.508309239609387265e-10 -6.597878699588334717e-10 -1.539865624845737670e-09 -1.181531829302550297e-09 -9.818033913034634194e-10 -8.402878625834965847e-10 -3.594328785999134505e-10 -4.736014751112132474e-10 -1.900544194979567303e-09 1.771453162236151346e+00 0.000000000000000000e+00 0.000000000000000000e+00
0.000000000000000000e+00 0.000000000000000000e+00 0.000000000000000000e+00 0.000000000000000000e+00 0.000000000000000000e+00 0.000000000000000000e+00 1.087748655464643891e-09 9.240044664616280913e-10 8.913930401000566532e-10 -6.345528955738969973e-10 -1.578721252511448645e-09 -1.282562293127009926e-09 -1.194205787381284130e-09 -1.007645332668325848e-09 -4.207419644255055414e-10 -4.851439398830569443e-10 -1.867903036736165776e-09 3.447154247190728160e+00 0.000000000000000000e+00 0.000000000000000000e+00
