0.000000000000000000e+00 0.000000000000000000e+00 0.000000000000000000e+00 0.000000000000000000e+00 0.000000000000000000e+00 0.000000000000000000e+00 1.831231479552193439e-09 3.681764006878536235e-10 1.686318693841806007e-09 9.749376208787454929e-10 1.455783694710920984e-09 1.431104049184271909e-09 1.468371616361986819e-09 1.006558189206117634e-09 4.291042722305903290e-10 3.356209621982031761e-10 6.027981214439842219e-09 1.217623680532064939e-07 0.000000000000000000e+00 0.000000000000000000e+00
0.000000000000000000e+00 0.000000000000000000e+00 0.000000000000000000e+00 0.000000000000000000e+00 0.000000000000000000e+00 0.000000000000000000e+00 7.667204399454137424e-10 2.676267182560457095e-10 3.599612603555618226e-11 5.125830103753596418e-11 9.869257224914427588e-11 1.903185339139314069e-10 1.987760236265447455e-10 1.300516608473414158e-10 2.407857792881590448e-10 9.219446902796537683e-10 1.115156471895070592e-07 1.212004005504900693e-07 0.000000000000000000e+00 0.000000000000000000e+00
0.000000000000000000e+00 0.000000000000000000e+00 0.000000000000000000e+00 0.000000000000000000e+00 0.000000000000000000e+00 0.000000000000000000e+00 3.886911074588038209e-10 -5.049385686335417837e-11 1.547854071148537251e-10 3.839719574703992406e-11 2.532176047622293751e-10 2.179008191724481644e-10 2.750346797737269079e-10 2.369261480211814094e-10 1.714613846169714969e-10 6.858748087809845033e-11 1.629053784756040533e-09 -9.384843320032265623e-02 0.000000000000000000e+00 0.000000000000000000e+00
0.000000000000000000e+00 0.000000000000000000e+00 0.000000000000000000e+00 0.000000000000000000e+00 0.000000000000000000e+00 0.000000000000000000e+00 2.969748474216285595e-10 -1.504111308836310045e-11 3.968401065809867882e-11 -2.559374883536481925e-12 1.668987550518845925e-10 1.489329524884318707e-10 1.807406712952475088e-10 1.386913006892145529e-10 8.975033603073636463e-11 3.313599120500060482e-11 8.227634619666556831e-10 -1.807185084055547009e-01 0.000000000000000000e+00 0.000000000000000000e+00
0.000000000000000000e+00 0.000000000000000000e+00 0.000000000000000000e+00 0.000000000000000000e+00 0.000000000000000000e+00 0.000000000000000000e+00 -8.462110915167063490e-09 -2.665482356011715537e-09 -7.318069245744820294e-09 -2.073711155524058357e-09 -2.251728478263120364e-09 -9.340329724418410200e-10 -8.340348118791292412e-10 -5.329719911948405206e-10 -2.500162643171777997e-10 7.755470810862002992e-11 3.409386506357529213e-10 4.507188792055115768e-10 0.000000000000000000e+00 0.000000000000000000e+00
0.000000000000000000e+00 0.000000000000000000e+00 0.000000000000000000e+00 0.000000000000000000e+00 0.000000000000000000e+00 0.000000000000000000e+00 -2.464161518143963505e-09 2.386351982049469282e-09 -1.599738946930428468e-09 1.355210761351607580e-11 -5.703013862307585720e-10 2.561710066899377828e-10 8.578159681887466952e-12 -2.365684478446993617e-13 -1.388323179493660072e-10 -1.676401542826964196e-10 2.574757277215887272e-10 4.343925069711791323e-10 0.000000000000000000e+00 0.000000000000000000e+00
0.000000000000000000e+00 0.000000000000000000e+00 0.000000000000000000e+00 0.000000000000000000e+00 0.000000000000000000e+00 0.000000000000000000e+00 -3.950645127513008510e-09 7.983481573549495893e-10 -3.438291185910602945e-09 -2.550265761226204637e-10 -6.027459187690973811e-10 4.663307109273067575e-11 -2.651057461528421841e-10 -1.474468617061099436e-10 -1.186092594856738331e-10 -1.708459643399009221e-12 1.278503303283356179e-10 5.077104335292353246e-08 0.000000000000000000e+00 0.000000000000000000e+00
0.000000000000000000e+00 0.000000000000000000e+00 0.000000000000000000e+00 0.000000000000000000e+00 0.000000000000000000e+00 0.000000000000000000e+00 -3.103910291388165959e-09 1.347701740603207922e-09 -2.664306145238780125e-09 2.749836175847897425e-11 -3.293774134282012404e-10 2.068432357530616558e-10 -1.211670846753777483e-10 -2.435779744913142846e-11 -2.808930780492697968e-11 9.213373164286734112e-12 2.845432086591788642e-11 6.686960225745505693e-08 0.000000000000000000e+00 0.000000000000000000e+00
0.000000000000000000e+00 0.000000000000000000e+00 0.000000000000000000e+00 0.000000000000000000e+00 0.000000000000000000e+00 0.000000000000000000e+00 -4.870541899801486870e-08 -2.907748334837553040e-08 -3.244372830186811822e-08 -6.914952054986997284e-09 -1.133639099303632902e-08 -2.876632878833048984e-09 -1.454540178189336174e-09 -1.042334726619403373e-10 -3.254024660090338308e-11 1.507508099481058536e-10 -3.353363655071823845e-11 -4.259298375193339472e-10 0.000000000000000000e+00 0.000000000000000000e+00
0.000000000000000000e+00 0.000000000000000000e+00 0.000000000000000000e+00 0.000000000000000000e+00 0.000000000000000000e+00 0.000000000000000000e+00 4.399095913083698942e-10 1.999762200091741286e-08 -7.794327093344275056e-09 5.382408521330384203e-09 -2.984850177574487719e-09 6.271064077812318864e-10 4.775928430793222475e-10 2.834129958041947211e-10 5.820491131228543971e-11 -5.646601456731820372e-11 1.230263521646089951e-10 -4.897600842472330088e-10 0.000000000000000000e+00 0.000000000000000000e+00
0.000000000000000000e+00 0.000000000000000000e+00 0.000000000000000000e+00 0.000000000000000000e+00 0.000000000000000000e+00 0.000000000000000000e+00 -1.576773145209966620e-08 1.002329320327116744e-08 -1.574744441458858878e-08 2.829426447602534790e-09 -4.315150155853044794e-09 5.652637591524922194e-10 -1.019081582238582961e-10 1.655884379988515211e-10 8.199400507093758545e-11 9.895655661657187475e-11 3.894221257939665741e-11 -1.330461033054600384e-06 0.000000000000000000e+00 0.000000000000000000e+00
0.000000000000000000e+00 0.000000000000000000e+00 0.000000000000000000e+00 0.000000000000000000e+00 0.000000000000000000e+00 0.000000000000000000e+00 -8.710894233592212051e-09 1.618980709338032612e-08 -1.216328637187870113e-08 4.467915060416426637e-09 -2.984432896857961366e-09 1.003472808585233662e-09 1.907411440903561629e-10 1.967977743699110366e-10 1.228366924057451598e-10 7.861128123256487623e-11 7.500130268171049892e-11 -1.795748828042055298e-06 0.000000000000000000e+00 0.000000000000000000e+00
0.000000000000000000e+00 0.000000000000000000e+00 0.000000000000000000e+00 0.000000000000000000e+00 0.000000000000000000e+00 0.000000000000000000e+00 -1.561281909270630019e-09 -1.072857395672855213e-09 -1.208443532395621734e-10 -1.611723319943724418e-09 6.745321717856792443e-11 6.660156963900549900e-10 -7.127176351793790599e-11 -1.670931132137943374e-10 -1.531129096749129153e-10 -2.922743230931022382e-10 -1.210010034078872032e-09 9.952600591473122465e-07 0.000000000000000000e+00 0.000000000000000000e+00
0.000000000000000000e+00 0.000000000000000000e+00 0.000000000000000000e+00 0.000000000000000000e+00 0.000000000000000000e+00 0.000000000000000000e+00 -8.301527192005826615e-11 -1.603996059000184796e-09 -1.513938096203281169e-09 -1.069358093705829619e-09 6.605515627721027395e-12 1.181473840003196018e-09 -1.613037126916465508e-10 -4.866677030961405758e-10 -1.142715946796211160e-10 6.460695632550149858e-10 1.030189557412893221e-06 1.007867098093643509e-06 0.000000000000000000e+00 0.000000000000000000e+00
0.000000000000000000e+00 0.000000000000000000e+00 0.000000000000000000e+00 0.000000000000000000e+00 0.000000000000000000e+00 0.000000000000000000e+00 2.869941240039603608e-09 -1.432772235263159173e-09 5.880762282198926990e-10 -1.182308398963688205e-09 3.681517742593538147e-10 6.865339407064696090e-10 6.901802871233250094e-11 -2.918243444617395143e-10 -2.147137421742659163e-10 -1.495467949776055919e-10 -1.557048037645068568e-09 -4.972611254989277363e+00 0.000000000000000000e+00 0.000000000000000000e+00
0.000000000000000000e+00 0.000000000000000000e+00 0.000000000000000000e+00 0.000000000000000000e+00 0.000000000000000000e+00 0.000000000000000000e+00 3.174411822224366673e-09 -1.584564475347548553e-09 4.938803390766106508e-10 -1.081140582669671609e-09 3.734756894885479385e-10 7.424982578104421381e-10 9.437729153999360594e-11 -3.949945454380062781e-10 -2.773839591658900835e-10 -1.525678813499784185e-10 -1.694307737007347788e-09 -8.904349432555976662e+00 0.000000000000000000e+00 0.000000000000000000e+00
