0.000000000000000000e+00 0.000000000000000000e+00 0.000000000000000000e+00 0.000000000000000000e+00 0.000000000000000000e+00 0.000000000000000000e+00 1.470604836305259656e-08 6.199796257116437963e-09 6.639336310658321876e-09 6.941196999769311583e-09 9.992215963755290223e-09 1.078308993547810921e-08 1.013075344991177111e-08 7.234705103439216210e-09 3.808171188874812082e-09 6.896372224342753227e-10 7.879003608011781999e-09 6.002047555727493636e-07 1.610302383566580684e-07 0.000000000000000000e+00
0.000000000000000000e+00 0.000000000000000000e+00 0.000000000000000000e+00 0.000000000000000000e+00 0.000000000000000000e+00 0.000000000000000000e+00 -3.767009410422382678e-11 7.348116054579682191e-10 9.332647689393181827e-10 1.431890304751307445e-09 1.976422659619553524e-09 1.773843862846513960e-09 1.428184279231733221e-09 8.672252322069738766e-10 9.455423623911820665e-10 1.388294690075183249e-09 1.717398784270915204e-05 5.812079745632593974e-07 1.648149321931294961e-07 0.000000000000000000e+00
0.000000000000000000e+00 0.000000000000000000e+00 0.000000000000000000e+00 0.000000000000000000e+00 0.000000000000000000e+00 0.000000000000000000e+00 1.252977875118947842e-09 7.944273721696215257e-10 1.130921664231203379e-09 9.806086859991374232e-10 1.820435482249178634e-09 2.147800673052704522e-09 2.291033594607843273e-09 1.872186088878887042e-09 1.359610762739986868e-09 4.313509834848347722e-10 2.597603538886746682e-09 3.080368758123745308e-06 -7.916926954301509056e+00 0.000000000000000000e+00
0.000000000000000000e+00 0.000000000000000000e+00 0.000000000000000000e+00 0.000000000000000000e+00 0.000000000000000000e+00 0.000000000000000000e+00 2.650331918613117924e-10 8.362799716325482674e-10 7.782516793796379227e-10 6.581254656894424704e-10 1.204436424575316920e-09 1.381577480891021216e-09 1.543733594343873712e-09 1.137630028311929985e-09 7.647887477586879738e-10 2.339659060564698331e-10 1.002707390423511407e-09 4.669555984026483057e-06 -3.668000569678500256e+01 0.000000000000000000e+00
0.000000000000000000e+00 0.000000000000000000e+00 0.000000000000000000e+00 0.000000000000000000e+00 0.000000000000000000e+00 0.000000000000000000e+00 -2.868033945518844331e-08 -6.954728086756844438e-09 -2.304758606234238529e-08 -1.283480636637121368e-08 -4.111239575734448941e-09 -3.620624288389158542e-09 -1.688039791792153995e-09 -9.985995497850160754e-10 -5.655565792171709764e-10 -1.127850672216599584e-10 3.037049491812385576e-10 1.499232959565942510e-09 1.157413840672479517e-10 0.000000000000000000e+00
0.000000000000000000e+00 0.000000000000000000e+00 0.000000000000000000e+00 0.000000000000000000e+00 0.000000000000000000e+00 0.000000000000000000e+00 -1.523244076117050612e-09 -8.771487380641595802e-09 -3.082433617713843673e-09 -1.812535630479572437e-09 -5.227385778816561898e-10 2.968417866594063247e-10 3.663768259736491233e-10 -1.255187151902836051e-10 -1.328327189360625003e-10 -1.734542641682134706e-10 4.945422349450978094e-10 1.431681677171490844e-09 1.157849163950852750e-10 0.000000000000000000e+00
0.000000000000000000e+00 0.000000000000000000e+00 0.000000000000000000e+00 0.000000000000000000e+00 0.000000000000000000e+00 0.000000000000000000e+00 -9.015538750190119695e-09 -1.029224223304134400e-08 -5.940182791987543243e-09 -3.664798958404076521e-09 -1.336079289989459385e-09 -8.570079097898256243e-10 -2.154706974444003431e-10 -4.194114847661177321e-10 -2.144537091662992165e-10 -8.265963966635667506e-11 1.191657279014070275e-10 5.906683920688921928e-10 1.723060527284382608e-07 0.000000000000000000e+00
0.000000000000000000e+00 0.000000000000000000e+00 0.000000000000000000e+00 0.000000000000000000e+00 0.000000000000000000e+00 0.000000000000000000e+00 -5.020333871369608275e-09 -1.022466353992131380e-08 -2.803495727506444905e-09 -2.014755201874723691e-09 -7.998743307217124008e-10 -2.985476012015664125e-10 1.405628089368427342e-10 -2.236012570523379184e-10 -4.115639746215562867e-11 -7.364643231499970969e-12 2.969914754256519617e-11 2.763428214576296014e-10 5.018339030459979764e-07 0.000000000000000000e+00
0.000000000000000000e+00 0.000000000000000000e+00 0.000000000000000000e+00 0.000000000000000000e+00 0.000000000000000000e+00 0.000000000000000000e+00 -1.716239861756542293e-07 -8.229641318246344401e-08 -7.655715731752684619e-08 -6.544325664104029296e-08 -1.417466622685921029e-08 -7.449322387563684856e-09 -5.229455066408275087e-09 -1.067175738341815418e-09 1.197884576440472340e-10 -1.443185294536339804e-11 1.227794478605069816e-10 8.224148529240553946e-10 7.473664550343885885e-11 0.000000000000000000e+00
0.000000000000000000e+00 0.000000000000000000e+00 0.000000000000000000e+00 0.000000000000000000e+00 0.000000000000000000e+00 0.000000000000000000e+00 -1.340438337118815634e-08 -3.628698568318811953e-08 8.176064903715538874e-09 -1.357585651649341482e-08 3.392967622133904571e-09 1.412153197875979184e-09 7.776110422046070900e-11 -1.535779721978321796e-10 1.011165830769951417e-10 -3.594652775977202400e-11 1.327903390681811085e-08 8.070363319766491192e-10 9.178079541096909248e-11 0.000000000000000000e+00
0.000000000000000000e+00 0.000000000000000000e+00 0.000000000000000000e+00 0.000000000000000000e+00 0.000000000000000000e+00 0.000000000000000000e+00 -6.498915137435436932e-08 -4.461202527630896410e-08 -1.278875286688761453e-08 -1.951682731498069571e-08 -1.522859961812571180e-09 -2.897791429917221286e-10 -1.409334796544889134e-09 -5.056233277199333075e-10 1.207206545763939011e-10 4.436951357910735289e-12 -6.319724159762960686e-11 6.271771715870153094e-09 5.807197130820788087e-06 0.000000000000000000e+00
0.000000000000000000e+00 0.000000000000000000e+00 0.000000000000000000e+00 0.000000000000000000e+00 0.000000000000000000e+00 0.000000000000000000e+00 -4.084554706263371079e-08 -3.747712223714022547e-08 -4.596814394437537248e-11 -1.175224584156111967e-08 6.212345620495074511e-10 8.724842094276720881e-10 -5.444820607672731327e-10 -3.679573104050343117e-10 1.093254604193968187e-10 1.076898564109061822e-11 -1.155133860946064950e-10 7.454978743653829241e-09 1.278060156489406385e-05 0.000000000000000000e+00
0.000000000000000000e+00 0.000000000000000000e+00 0.000000000000000000e+00 0.000000000000000000e+00 0.000000000000000000e+00 0.000000000000000000e+00 -8.792086315485398070e-09 -6.056041726032181857e-09 4.897597657038188870e-10 1.673791018894194260e-10 -1.276680247823418000e-09 -4.809254875984433040e-10 1.618579089875083049e-10 9.954689804017353935e-11 -1.177719746924530143e-10 -3.805172963362485034e-11 -1.126124731095304191e-09 -8.812551700881166987e-08 -3.739010906505819779e-06 0.000000000000000000e+00
0.000000000000000000e+00 0.000000000000000000e+00 0.000000000000000000e+00 0.000000000000000000e+00 0.000000000000000000e+00 0.000000000000000000e+00 -1.689783202373945117e-08 -7.468860400974275574e-09 3.546402319619825279e-10 7.526058344629402750e-10 -3.828096925367693670e-09 -2.056883314924190982e-09 -1.457717766476535466e-09 -9.562640873645647096e-10 -3.449029829841754556e-10 -5.748182331581352258e-11 -1.714038423851911553e-04 -9.580016583547528911e-08 -3.713922131986989949e-06 0.000000000000000000e+00
0.000000000000000000e+00 0.000000000000000000e+00 0.000000000000000000e+00 0.000000000000000000e+00 0.000000000000000000e+00 0.000000000000000000e+00 -6.635591551252577592e-09 -3.677811906600102155e-09 4.303978006183295065e-10 -7.473101849270954795e-10 -1.845276743036242556e-09 -7.276496555620353929e-10 -5.405626255544605625e-10 -4.387889092327532194e-10 -3.582060985741360395e-10 -7.174453455596369882e-11 -7.961212772317751999e-10 -2.983478007109205259e-06 3.733077170222912855e+01 0.000000000000000000e+00
0.000000000000000000e+00 0.000000000000000000e+00 0.000000000000000000e+00 0.000000000000000000e+00 0.000000000000000000e+00 0.000000000000000000e+00 -7.107791213544234142e-09 -3.702526413738805049e-09 4.829462776111537229e-10 -1.002463515576435403e-09 -1.884259652809561299e-09 -7.860489567156677034e-10 -8.066170890123680775e-10 -6.333872732878525386e-10 -5.059825782730914778e-10 -1.326077842733129678e-10 -5.867901402323295987e-10 -4.134155300755116538e-06 2.741672646869523646e+02 0.000000000000000000e+00
