0.000000000000000000e+00 0.000000000000000000e+00 0.000000000000000000e+00 0.000000000000000000e+00 0.000000000000000000e+00 0.000000000000000000e+00 2.017712550052726033e-10 6.745471090883220723e-11 1.800379559917817947e-10 9.318888383819820429e-11 1.574490608490157089e-10 1.817637152370140837e-10 1.811378616638230725e-10 1.450656177241408880e-10 9.166761287791463334e-11 3.879056178813650829e-11 3.121310004649670833e-11 1.542374544255513875e-09 1.122815755396833399e-05 0.000000000000000000e+00
0.000000000000000000e+00 0.000000000000000000e+00 0.000000000000000000e+00 0.000000000000000000e+00 0.000000000000000000e+00 0.000000000000000000e+00 4.389530642693865836e-11 9.440076945043794844e-11 5.546043435103592929e-11 6.160098127182645478e-11 9.391795009758256440e-11 7.801441483343133136e-11 5.113937036878587657e-11 4.699866980945110112e-11 4.420841476239461582e-11 1.241401312859188580e-10 2.185274664609988511e-07 3.103973701622708254e-09 1.122853481020180222e-05 0.000000000000000000e+00
0.000000000000000000e+00 0.000000000000000000e+00 0.000000000000000000e+00 0.000000000000000000e+00 0.000000000000000000e+00 0.000000000000000000e+00 1.239848787168614531e-10 2.743912931201409645e-11 9.479629706083786719e-11 5.090536725904095610e-11 9.822896255873380283e-11 1.067715587212892071e-10 1.036791009851776364e-10 8.100640788851875648e-11 4.900464301061585222e-11 2.326383295897261221e-11 2.074867080520108666e-11 5.606451872515319414e-10 5.486664313103381119e+01 0.000000000000000000e+00
0.000000000000000000e+00 0.000000000000000000e+00 0.000000000000000000e+00 0.000000000000000000e+00 0.000000000000000000e+00 0.000000000000000000e+00 8.168223651953344801e-11 1.612782096308956529e-11 5.446675902216748104e-11 3.918661643415606548e-11 6.920511418501897368e-11 7.479781241177952378e-11 7.060241608153952850e-11 5.759694389190185351e-11 3.673518272248878724e-11 2.034815452928539624e-11 1.375674100840512637e-11 4.812989823276421841e-10 -5.186379659033264033e+01 0.000000000000000000e+00
0.000000000000000000e+00 0.000000000000000000e+00 0.000000000000000000e+00 0.000000000000000000e+00 0.000000000000000000e+00 0.000000000000000000e+00 -1.856880951421700750e-09 -4.336117366778189193e-10 -2.212995251695550937e-09 -9.398448022167549264e-10 -6.107167310135771280e-10 -5.459805522754506981e-10 -4.372854179874577974e-10 -2.149229738146246021e-10 -1.182471542304075962e-10 -4.514816774517504032e-11 1.183832068815464558e-11 8.579064388675462371e-11 4.757494663480772662e-10 0.000000000000000000e+00
0.000000000000000000e+00 0.000000000000000000e+00 0.000000000000000000e+00 0.000000000000000000e+00 0.000000000000000000e+00 0.000000000000000000e+00 -3.887485588319612968e-09 -1.058800884005180500e-09 -2.506787284702129871e-10 1.347814991933422154e-10 4.125537061567358303e-10 9.870990133192022011e-11 -6.221706894688473014e-11 -3.542016733475528770e-11 -3.528240570407462955e-11 -3.073065640243219311e-11 -1.956598969936837375e-10 1.196392798380962080e-10 4.777663296085269357e-10 0.000000000000000000e+00
0.000000000000000000e+00 0.000000000000000000e+00 0.000000000000000000e+00 0.000000000000000000e+00 0.000000000000000000e+00 0.000000000000000000e+00 -2.833187739274584190e-09 -1.874220916955680952e-10 -1.475873435841592468e-09 -2.732211111233340149e-10 -8.745962450838864605e-11 -2.196853363089723171e-10 -2.252710583053908603e-10 -1.144914523259356521e-10 -6.007860712608060541e-11 -1.967892022411131686e-11 7.509750788583970548e-12 2.938457155519881435e-11 -4.509157640329017277e-07 0.000000000000000000e+00
0.000000000000000000e+00 0.000000000000000000e+00 0.000000000000000000e+00 0.000000000000000000e+00 0.000000000000000000e+00 0.000000000000000000e+00 -3.367093640063699818e-09 -1.378586856583148567e-10 -8.382384646166127248e-10 1.145028324373745651e-10 2.388193831826653850e-10 -3.819752272315455859e-12 -9.220547079284760851e-11 -5.042994040208397020e-11 -2.496633372150323738e-11 -3.273975587616620377e-12 3.218758161729966399e-12 6.156175125132015421e-12 -6.014301951859490623e-07 0.000000000000000000e+00
0.000000000000000000e+00 0.000000000000000000e+00 0.000000000000000000e+00 0.000000000000000000e+00 0.000000000000000000e+00 0.000000000000000000e+00 -3.937741379405995022e-09 -4.887143704017720130e-09 -9.348984793480662019e-09 -1.478751581325253246e-09 -1.659853551247301619e-09 -6.810376628054586064e-10 -1.142202181313432157e-09 -2.934314164266848127e-10 -3.008560255765487723e-11 -3.954548037812443672e-12 2.911669320039681671e-12 1.113926267381873457e-10 -6.598539465017076564e-09 0.000000000000000000e+00
0.000000000000000000e+00 0.000000000000000000e+00 0.000000000000000000e+00 0.000000000000000000e+00 0.000000000000000000e+00 0.000000000000000000e+00 -9.638730261813065946e-09 -1.272819102175435171e-08 -3.113709883389165224e-09 1.254317233638095619e-10 1.708670132676514940e-09 2.256781688723881966e-10 1.664591508947012269e-11 -1.578051094986448778e-10 2.625153393590727380e-11 5.802313274059729999e-11 -2.350911643110465835e-09 1.626847560140153667e-10 -6.552028792437632561e-09 0.000000000000000000e+00
0.000000000000000000e+00 0.000000000000000000e+00 0.000000000000000000e+00 0.000000000000000000e+00 0.000000000000000000e+00 0.000000000000000000e+00 -6.711561903997888928e-09 -4.674422930497331278e-09 -5.458334036310109327e-09 4.745364710064727226e-10 4.560341058871444980e-10 -1.010017365040960604e-10 -4.325440134392188397e-10 -8.713122270729878195e-11 3.852826714202350840e-11 3.084865519839436609e-11 -3.514881165451547970e-12 -1.163745298226137306e-11 6.897370136020540871e-06 0.000000000000000000e+00
0.000000000000000000e+00 0.000000000000000000e+00 0.000000000000000000e+00 0.000000000000000000e+00 0.000000000000000000e+00 0.000000000000000000e+00 -8.126971728547973111e-09 -5.120002854272011268e-09 -2.785762014346238718e-09 1.394887519902403693e-09 1.677690544807905989e-09 2.429037338663421465e-10 -1.525880644005877624e-12 -1.922176037009644596e-12 5.611658383765561514e-11 4.264029417362075412e-11 -9.077204354669164171e-12 -5.690147427290908524e-11 9.029677273529120474e-06 0.000000000000000000e+00
0.000000000000000000e+00 0.000000000000000000e+00 0.000000000000000000e+00 0.000000000000000000e+00 0.000000000000000000e+00 0.000000000000000000e+00 4.124557294287439317e-11 1.927756299249911875e-10 2.130380342187779478e-11 -8.934913420665260470e-11 2.693079431502063770e-11 -8.039646308388896957e-11 -1.917312542063602823e-11 -6.646311147074423608e-11 -6.402494805992706624e-11 -1.372930851909554576e-11 -6.931787516323785835e-11 -1.521217461317442396e-09 1.916146482671000455e-06 0.000000000000000000e+00
0.000000000000000000e+00 0.000000000000000000e+00 0.000000000000000000e+00 0.000000000000000000e+00 0.000000000000000000e+00 0.000000000000000000e+00 5.925367511142332759e-10 -2.820077383733477790e-10 6.236017698808917800e-11 -2.589687597917235668e-10 1.386660597182995822e-10 -2.078232582452330920e-10 -9.348065398190212771e-12 -1.298244403083037736e-11 -9.424293600977833872e-11 1.976249714846466383e-10 -2.539112853043911779e-06 -2.836975925271174416e-09 1.922914235362489353e-06 0.000000000000000000e+00
0.000000000000000000e+00 0.000000000000000000e+00 0.000000000000000000e+00 0.000000000000000000e+00 0.000000000000000000e+00 0.000000000000000000e+00 1.404836127195257379e-11 6.078823253036129118e-11 -1.556971315565495736e-11 -9.610942122137196255e-11 3.223459434879651599e-11 -8.414062604783164704e-11 -2.924228855915371492e-11 -5.762685478927360579e-11 -5.637795296442343787e-11 -1.908851932649791054e-11 -5.760816498634142816e-11 -8.115712075121627322e-10 -1.802141539118396736e+02 0.000000000000000000e+00
0.000000000000000000e+00 0.000000000000000000e+00 0.000000000000000000e+00 0.000000000000000000e+00 0.000000000000000000e+00 0.000000000000000000e+00 -6.032477177233829178e-11 -9.256251302337334336e-11 -4.864515719893014921e-11 -8.720611140908423914e-11 5.250993875811004707e-11 -1.034438009243479067e-10 -4.293817787691679548e-11 -4.862163976080656608e-11 -5.954391471019406720e-11 -2.759034632876974697e-11 -4.826201943559680569e-11 -3.509628328576382061e-10 -2.689707530255054735e+02 0.000000000000000000e+00
