0.000000000000000000e+00 0.000000000000000000e+00 0.000000000000000000e+00 0.000000000000000000e+00 0.000000000000000000e+00 0.000000000000000000e+00 1.868496249585244810e-08 2.270434903932495190e-08 1.887917840533621539e-08 2.047639259963288096e-08 2.091941616302173832e-08 1.755736717103543134e-08 1.792095327348537609e-08 1.533127529765223661e-08 6.977756297222754911e-09 1.722405349523584103e-09 1.157067566911157198e-09 7.667233670083209710e-08 4.906233831629587538e-05 0.000000000000000000e+00
0.000000000000000000e+00 0.000000000000000000e+00 0.000000000000000000e+00 0.000000000000000000e+00 0.000000000000000000e+00 0.000000000000000000e+00 9.924262646432873182e-10 2.709059464438136065e-09 1.683239711346807430e-09 1.436248098325999121e-09 2.300648552618318907e-09 2.258902196774019190e-09 1.908571601933054349e-09 1.269439495121568084e-09 1.555072055059662719e-09 3.390560376047625114e-09 4.655519721690844670e-04 1.308412088712224218e-07 4.947482477158043988e-05 0.000000000000000000e+00
0.000000000000000000e+00 0.000000000000000000e+00 0.000000000000000000e+00 0.000000000000000000e+00 0.000000000000000000e+00 0.000000000000000000e+00 1.971594136737351974e-09 3.968569716504719030e-09 2.167384829440907202e-09 2.268593854960800975e-09 2.403595006539763864e-09 2.047336153307530997e-09 2.319390055703198365e-09 1.979053697779172718e-09 1.706473316428295849e-09 1.582289397220055794e-09 1.059996427492196087e-09 1.730909904356182068e-08 2.384913393213169002e+02 0.000000000000000000e+00
0.000000000000000000e+00 0.000000000000000000e+00 0.000000000000000000e+00 0.000000000000000000e+00 0.000000000000000000e+00 0.000000000000000000e+00 1.559831537868636921e-10 1.885303228271286208e-09 7.798827993105723211e-10 7.398915320172476425e-10 1.518472113413379534e-09 2.542584561614234454e-09 2.550828157330543864e-09 1.807592634059270043e-09 2.411304007686401896e-09 2.526124301734520905e-09 1.356840338604437641e-09 2.620390068649057296e-08 6.075186963965479663e+02 0.000000000000000000e+00
0.000000000000000000e+00 0.000000000000000000e+00 0.000000000000000000e+00 0.000000000000000000e+00 0.000000000000000000e+00 0.000000000000000000e+00 -1.099199667846919866e-09 -8.998207418208843136e-09 -2.964081509629135175e-08 -8.886676964184472490e-09 -8.763464460068535497e-09 -4.375445025369979988e-09 -2.303204072433561436e-09 -1.980244800364149368e-09 -1.052352229284521028e-09 -2.612286478849307310e-10 3.133088614024370134e-11 4.426267373545604465e-10 3.281626627522770307e-09 0.000000000000000000e+00
0.000000000000000000e+00 0.000000000000000000e+00 0.000000000000000000e+00 0.000000000000000000e+00 0.000000000000000000e+00 0.000000000000000000e+00 -6.296786964063415034e-11 3.864288094590873981e-09 -3.667350296181694432e-09 -5.723598955175573182e-10 -8.716629689198908852e-10 -8.363634332628710763e-10 -1.288303979514666959e-10 -4.917272579303145554e-11 -5.623589118925594902e-11 -4.682707070456776274e-11 8.847060463874923891e-10 4.966226362106438013e-10 3.345311854360785420e-09 0.000000000000000000e+00
0.000000000000000000e+00 0.000000000000000000e+00 0.000000000000000000e+00 0.000000000000000000e+00 0.000000000000000000e+00 0.000000000000000000e+00 -1.151013655390984066e-09 -5.109096192053858702e-09 -8.626816859459492339e-09 -3.490950094039908353e-09 -3.130750208993639322e-09 -1.643764946292548003e-09 -8.848975584034402974e-10 -5.486340955605349501e-10 -3.402557664923034902e-10 -8.865594660685021885e-11 1.332021165139596421e-11 1.324049373217555286e-10 -9.740690308797953495e-07 0.000000000000000000e+00
0.000000000000000000e+00 0.000000000000000000e+00 0.000000000000000000e+00 0.000000000000000000e+00 0.000000000000000000e+00 0.000000000000000000e+00 -7.808643786703953639e-10 -2.591134867820773141e-09 -6.634724887398632453e-10 -1.331621570202587247e-09 -8.849215607307998039e-10 -5.637542138951420954e-10 -3.011934814125809994e-10 -5.535143443943118349e-12 -2.854657710580393141e-11 2.088511530402088889e-11 1.667135838424054330e-11 -8.959378822341662712e-12 -1.575599028248445849e-06 0.000000000000000000e+00
0.000000000000000000e+00 0.000000000000000000e+00 0.000000000000000000e+00 0.000000000000000000e+00 0.000000000000000000e+00 0.000000000000000000e+00 5.724129928539989885e-08 2.820844641423325897e-09 -1.109114300302063110e-07 -4.161110710402350633e-08 -2.180775370732388530e-08 -8.384878119771933898e-09 -4.395279807277547109e-09 -1.388027581871975887e-09 -1.044589071722129446e-09 -1.640727071649027984e-10 -2.285106166954752947e-11 -2.141631400724621964e-12 1.879262971541115006e-08 0.000000000000000000e+00
0.000000000000000000e+00 0.000000000000000000e+00 0.000000000000000000e+00 0.000000000000000000e+00 0.000000000000000000e+00 0.000000000000000000e+00 -7.048310740489451476e-09 -5.400149141604000923e-09 -1.996639329533342291e-09 -2.381212579504952468e-09 -3.066535397430485666e-09 -4.010702049692088270e-09 1.855855540725913362e-10 -3.731949630736161098e-10 -3.724998766042061289e-10 -8.729216121313992901e-11 6.934793785526473415e-08 7.605915449460826235e-11 1.847452904158021582e-08 0.000000000000000000e+00
0.000000000000000000e+00 0.000000000000000000e+00 0.000000000000000000e+00 0.000000000000000000e+00 0.000000000000000000e+00 0.000000000000000000e+00 9.549435841507125699e-09 -2.164526289295027285e-08 -2.770416563549008919e-08 -1.161101724205301802e-08 -8.439436385541442539e-09 -3.558223914506958902e-09 -1.481797828827596430e-09 -2.298942404594960503e-10 -5.254101552183744575e-10 -2.392116214949976278e-11 -5.290797167335126197e-11 -1.852520097447523713e-10 1.885490435822192816e-05 0.000000000000000000e+00
0.000000000000000000e+00 0.000000000000000000e+00 0.000000000000000000e+00 0.000000000000000000e+00 0.000000000000000000e+00 0.000000000000000000e+00 -7.403309626145317618e-09 -2.609777565975241504e-08 4.344507998994915696e-09 -7.066554193643663820e-10 -3.147815099270623654e-09 -1.883238134924219779e-09 -2.731180997874953341e-10 9.586053569978083726e-11 -3.159950165185980541e-10 4.486472187644118791e-11 -7.822486357881920558e-11 -2.668124884557020412e-10 3.984899218650351811e-05 0.000000000000000000e+00
0.000000000000000000e+00 0.000000000000000000e+00 0.000000000000000000e+00 0.000000000000000000e+00 0.000000000000000000e+00 0.000000000000000000e+00 1.170252012690330937e-09 -3.327127133249357458e-09 -6.439385953731434472e-10 -6.688803790117249367e-10 3.855904578868684230e-10 -3.817635095940298419e-10 -4.193840651806358419e-10 -3.235409610910073227e-10 -4.209343198710088091e-10 -1.784760985912402127e-10 -4.201056576273433191e-10 -4.914830916397885725e-09 1.055601214987693676e-05 0.000000000000000000e+00
0.000000000000000000e+00 0.000000000000000000e+00 0.000000000000000000e+00 0.000000000000000000e+00 0.000000000000000000e+00 0.000000000000000000e+00 -1.311352808089367397e-09 -2.514565984135529812e-09 2.777295206271127988e-09 2.359220437453379358e-10 3.843712278421197049e-10 -1.076756215716464250e-09 -4.027669861664977578e-10 -3.517918405456185264e-10 -1.463760797340261244e-10 -4.695191132508334730e-12 6.473575297627578373e-06 -7.467175507438497416e-09 1.055264595587850819e-05 0.000000000000000000e+00
0.000000000000000000e+00 0.000000000000000000e+00 0.000000000000000000e+00 0.000000000000000000e+00 0.000000000000000000e+00 0.000000000000000000e+00 4.780396492315744684e-10 -2.602107095437155655e-09 -4.336342838146758681e-10 -6.629088856635763180e-10 4.877858711081447443e-10 -7.588729231747551390e-10 -1.615129521045395167e-10 -2.274833473767737888e-10 -2.741294263800044785e-10 -1.155541102726358593e-10 -3.707107594115700571e-10 -3.339652448924022171e-09 -6.042959822915163670e+01 0.000000000000000000e+00
0.000000000000000000e+00 0.000000000000000000e+00 0.000000000000000000e+00 0.000000000000000000e+00 0.000000000000000000e+00 0.000000000000000000e+00 -2.509684168572917224e-10 -1.829936064599523337e-09 -1.939768735357711219e-10 -7.351052672939719730e-10 5.252077007839771551e-10 -9.609615026851517468e-10 -1.145813553518253959e-10 -2.060851183346356279e-10 -2.275740454395426048e-10 -9.151102531648857545e-11 -3.648504863937560355e-10 -2.343425889434619710e-09 -7.671957559144869947e+02 0.000000000000000000e+00
