0.000000000000000000e+00 0.000000000000000000e+00 0.000000000000000000e+00 0.000000000000000000e+00 0.000000000000000000e+00 0.000000000000000000e+00 2.360184449455438903e-08 1.545319175340259443e-08 8.456006082841297941e-09 1.194649359287864006e-08 1.284145062438583570e-08 1.001191427738591080e-08 8.692407169546980248e-09 1.008376001442422573e-08 4.993850804037786542e-09 1.801210501242948246e-09 7.047521038923414051e-10 4.090577677131069378e-08 5.609466914032818418e-05 0.000000000000000000e+00
0.000000000000000000e+00 0.000000000000000000e+00 0.000000000000000000e+00 0.000000000000000000e+00 0.000000000000000000e+00 0.000000000000000000e+00 7.999313145602977864e-10 3.983634930497363090e-09 8.133001167466381537e-10 2.383717935529053675e-09 2.817257490364411147e-09 3.530822702074864328e-09 2.697976670035912953e-09 2.204821337483371658e-09 1.817194657974749274e-09 2.429146002569780915e-09 1.942966693615195517e-04 6.731092745885849941e-08 5.615752217274025274e-05 0.000000000000000000e+00
0.000000000000000000e+00 0.000000000000000000e+00 0.000000000000000000e+00 0.000000000000000000e+00 0.000000000000000000e+00 0.000000000000000000e+00 5.621378892503408872e-09 4.633256631492466537e-09 2.418801096900252635e-09 3.284736691710525043e-09 3.379930038448669604e-09 2.912499751889332575e-09 2.996499725448457683e-09 3.707550825889893659e-09 2.134646421019809514e-09 1.153770844570810699e-09 5.643919352270688212e-10 1.457032234134670492e-08 -5.872039843706729698e+02 0.000000000000000000e+00
0.000000000000000000e+00 0.000000000000000000e+00 0.000000000000000000e+00 0.000000000000000000e+00 0.000000000000000000e+00 0.000000000000000000e+00 2.337489762568146951e-09 2.202104795686391199e-09 1.082062225577542643e-09 1.473326903811804768e-09 1.633669393939023713e-09 1.675797348259878681e-09 2.182589142477197798e-09 2.520172602601478886e-09 1.703598911995374802e-09 1.070672812281813176e-09 5.450038214023633786e-10 1.150766275563500455e-08 -6.398368745621402923e+03 0.000000000000000000e+00
0.000000000000000000e+00 0.000000000000000000e+00 0.000000000000000000e+00 0.000000000000000000e+00 0.000000000000000000e+00 0.000000000000000000e+00 -5.012013252446681703e-08 -2.498452961042248961e-08 -1.185612568036833305e-08 -7.449555740443778795e-09 -6.180908228316437732e-09 -4.760039234171670887e-09 -2.044735994552600918e-09 -1.955825562604450463e-09 -8.882981754832255349e-10 -2.907847827202883376e-10 1.355199755083026377e-11 4.539808679995746507e-10 2.662608694407110694e-09 0.000000000000000000e+00
0.000000000000000000e+00 0.000000000000000000e+00 0.000000000000000000e+00 0.000000000000000000e+00 0.000000000000000000e+00 0.000000000000000000e+00 4.397180964106511727e-09 -7.030404395328060529e-09 -1.191410528388300002e-09 -2.580523692847599239e-09 4.686451013266551371e-10 -1.103646103950721732e-09 -4.208986917152450997e-10 -3.151475780491833608e-10 -1.461537801664941302e-10 -9.662404337174622392e-11 -3.519565681521446396e-09 5.151986545586765453e-10 2.729223568118592784e-09 0.000000000000000000e+00
0.000000000000000000e+00 0.000000000000000000e+00 0.000000000000000000e+00 0.000000000000000000e+00 0.000000000000000000e+00 0.000000000000000000e+00 -1.555475145819775063e-08 -1.439076362720022181e-08 -4.927483828357191932e-09 -3.604049803662208279e-09 -2.090793101219647756e-09 -2.093042502039407609e-09 -8.672830075792160212e-10 -8.343248528927483798e-10 -3.686487191984502500e-10 -1.337584166280965166e-10 -1.162978156452744780e-12 1.485640335698064381e-10 3.163085604293144363e-07 0.000000000000000000e+00
0.000000000000000000e+00 0.000000000000000000e+00 0.000000000000000000e+00 0.000000000000000000e+00 0.000000000000000000e+00 0.000000000000000000e+00 -1.397359082937025179e-09 -9.666490840819230375e-09 -1.835388390878882990e-09 -2.082175145398821124e-09 -4.232480657252862557e-10 -1.070677651923554276e-09 -4.278168583483409146e-10 -3.881522275602514175e-10 -1.356372705808064670e-10 -3.064665096686856440e-11 3.658155285225321514e-12 1.013375629039034244e-11 1.090422865029141754e-06 0.000000000000000000e+00
0.000000000000000000e+00 0.000000000000000000e+00 0.000000000000000000e+00 0.000000000000000000e+00 0.000000000000000000e+00 0.000000000000000000e+00 -3.072453414309600293e-07 -1.616854391691890203e-07 -7.102865931710777512e-08 -4.503211103786892549e-08 -2.521683714527001280e-08 -1.194970711042607767e-08 -6.090803296496060356e-09 -9.915503693237754523e-10 -5.944888200668302975e-10 7.627053217909705767e-11 -1.197036230143966829e-11 3.445064670785191800e-10 -1.325115872115245580e-08 0.000000000000000000e+00
0.000000000000000000e+00 0.000000000000000000e+00 0.000000000000000000e+00 0.000000000000000000e+00 0.000000000000000000e+00 0.000000000000000000e+00 2.821945054373880851e-08 -5.867653213812836226e-08 -1.804600424107182982e-08 -7.639963426505402135e-09 -7.638274150493116288e-09 -4.638161053697995261e-09 -1.000361006911098728e-09 -8.825205739663675617e-10 1.687343339350301355e-10 1.120443673430872621e-10 -1.196281123927855593e-08 4.197712969383878211e-10 -1.344310964300639741e-08 0.000000000000000000e+00
0.000000000000000000e+00 0.000000000000000000e+00 0.000000000000000000e+00 0.000000000000000000e+00 0.000000000000000000e+00 0.000000000000000000e+00 -9.996738883063574168e-08 -8.840196823521454067e-08 -2.347375943202179439e-08 -1.635050900619692377e-08 -9.680233474738950950e-09 -5.463813694400135645e-09 -1.902561297928509474e-09 -5.501538143628214752e-10 1.620424478753904507e-11 1.122913936605623750e-10 -1.393204328097200486e-11 -2.230495752214853008e-10 3.592128495087001900e-05 0.000000000000000000e+00
0.000000000000000000e+00 0.000000000000000000e+00 0.000000000000000000e+00 0.000000000000000000e+00 0.000000000000000000e+00 0.000000000000000000e+00 -1.401034817532061598e-08 -5.751147184918739462e-08 -5.359936466476114423e-09 -5.402753099005823551e-09 -3.747809333303932061e-09 -3.067260466861585186e-09 -4.544755782244234420e-10 -4.560026664219167611e-10 2.640922166281824144e-10 1.361236696811419618e-10 -2.770128385676934228e-12 -3.995136701569392304e-10 5.215770075250080796e-05 0.000000000000000000e+00
0.000000000000000000e+00 0.000000000000000000e+00 0.000000000000000000e+00 0.000000000000000000e+00 0.000000000000000000e+00 0.000000000000000000e+00 -2.350973120918309489e-10 -1.216252428117710896e-09 -1.208221702758751066e-09 -3.635920764583402260e-10 4.804994624124435572e-11 -1.080074158818090319e-09 -1.202918151375425839e-09 -3.179396188132947982e-10 -4.229722149292760382e-10 8.022847553947737132e-13 -1.918620825538734919e-10 -4.743566967424026329e-09 4.599820010900406976e-06 0.000000000000000000e+00
0.000000000000000000e+00 0.000000000000000000e+00 0.000000000000000000e+00 0.000000000000000000e+00 0.000000000000000000e+00 0.000000000000000000e+00 -7.052768465252000494e-09 4.124008252670949210e-09 -1.988381954795394638e-09 -1.007550088593375737e-09 -8.797362148512972212e-10 -2.257118707628825149e-09 -2.576025958250374080e-09 -1.066012416920237989e-09 -8.349330080700219864e-10 -1.140321077919367351e-10 3.053565694456997497e-04 -7.516369572094375108e-09 4.597699496070719536e-06 0.000000000000000000e+00
0.000000000000000000e+00 0.000000000000000000e+00 0.000000000000000000e+00 0.000000000000000000e+00 0.000000000000000000e+00 0.000000000000000000e+00 -2.168232350987982913e-10 -1.508315599133255817e-09 -1.365012119292813472e-09 -2.651582762528887122e-10 9.218080620367109734e-11 -1.041543644418038018e-09 -1.244586638029845065e-09 -4.301035214721065653e-10 -5.432142870776648960e-10 -7.015864737924966487e-11 -1.507360934765640844e-10 -4.344063763060565980e-09 -7.440373568558019315e+02 0.000000000000000000e+00
0.000000000000000000e+00 0.000000000000000000e+00 0.000000000000000000e+00 0.000000000000000000e+00 0.000000000000000000e+00 0.000000000000000000e+00 -7.196752759382220449e-10 -1.415963919206959228e-09 -1.298789552097010263e-09 -2.098975299549977583e-10 5.357231734239176454e-11 -1.115308576118923191e-09 -1.338026673467864383e-09 -5.617648397683917901e-10 -6.424693137764713551e-10 -1.276336994931130972e-10 -1.369708955694532602e-10 -3.796415913808575065e-09 -4.440942503825113818e+03 0.000000000000000000e+00
