0.000000000000000000e+00 0.000000000000000000e+00 0.000000000000000000e+00 0.000000000000000000e+00 0.000000000000000000e+00 0.000000000000000000e+00 2.014792097627389655e-08 1.823666651280067062e-08 2.284926633853165666e-08 1.408877235098875283e-08 2.253157511642253095e-08 2.238799271928038333e-08 2.048235869308475145e-08 1.809761648088325998e-08 1.162735263935557145e-08 3.833419198364218840e-09 9.490033659346211667e-10 9.782835925944687950e-08 1.319245241392299085e-04 0.000000000000000000e+00
0.000000000000000000e+00 0.000000000000000000e+00 0.000000000000000000e+00 0.000000000000000000e+00 0.000000000000000000e+00 0.000000000000000000e+00 3.178668215740934372e-10 1.039725820575213000e-09 2.671533867639598608e-09 3.131599172959241170e-09 3.338224194348170356e-09 3.247644027570267925e-09 2.489903739005772297e-09 1.810964887143539364e-09 1.156632180329847532e-09 1.061999975997683057e-09 4.918325343350292970e-05 1.549322311089226316e-07 1.319624145590064888e-04 0.000000000000000000e+00
0.000000000000000000e+00 0.000000000000000000e+00 0.000000000000000000e+00 0.000000000000000000e+00 0.000000000000000000e+00 0.000000000000000000e+00 3.028792101174449737e-09 5.867152290011636380e-09 4.363056538184224321e-09 3.847368486159507759e-09 4.658857443249355645e-09 5.444855998323221064e-09 5.499884390707728442e-09 4.747725157813001928e-09 3.467718357035877921e-09 1.523608427015337663e-09 4.272464876799499009e-10 2.168175377572507414e-08 -4.749183622442060368e+02 0.000000000000000000e+00
0.000000000000000000e+00 0.000000000000000000e+00 0.000000000000000000e+00 0.000000000000000000e+00 0.000000000000000000e+00 0.000000000000000000e+00 6.770820508207973991e-10 2.484941698484818972e-09 1.620255959295695145e-09 2.000772278607284824e-09 2.022157121723121406e-09 2.627163650398229748e-09 3.053035677208336801e-09 2.554869450831355930e-09 1.925329713867415290e-09 8.661093509741030061e-10 2.143504435140108781e-10 9.844303603428951004e-09 1.549579912193752534e+03 0.000000000000000000e+00
0.000000000000000000e+00 0.000000000000000000e+00 0.000000000000000000e+00 0.000000000000000000e+00 0.000000000000000000e+00 0.000000000000000000e+00 -2.553360556090947801e-08 -1.411829544753699377e-08 -2.875273192155317853e-08 -1.143781999067207294e-08 -5.490979300975735819e-09 -7.427774599568376848e-09 -3.842651173288301224e-09 -2.416773122032876552e-09 -1.397463107664368945e-09 -5.473924141406321493e-10 2.466422311074185818e-11 7.235377426972804974e-10 5.509374020725073118e-09 0.000000000000000000e+00
0.000000000000000000e+00 0.000000000000000000e+00 0.000000000000000000e+00 0.000000000000000000e+00 0.000000000000000000e+00 0.000000000000000000e+00 4.221976972123047839e-09 -6.656649956091450570e-11 4.907097293921575878e-09 1.446476110497671762e-09 2.427795807603366577e-09 6.955532763004376295e-11 -9.532222887819056002e-11 3.540663384493001369e-11 -1.861671937277065510e-10 -1.813198878393912652e-10 7.818654729734181644e-10 8.093013953672799764e-10 5.609831147254209740e-09 0.000000000000000000e+00
0.000000000000000000e+00 0.000000000000000000e+00 0.000000000000000000e+00 0.000000000000000000e+00 0.000000000000000000e+00 0.000000000000000000e+00 -6.601475251417325147e-09 -9.541193468232958744e-09 -9.699703850656266799e-09 -4.791331708839334290e-09 -1.584617946392864308e-09 -2.502606393595048281e-09 -1.364774860534254008e-09 -8.345582147850359942e-10 -5.827118065760957978e-10 -2.738528163450491514e-10 -1.250132442287022229e-13 2.550255134868578145e-10 -5.164047370448161444e-06 0.000000000000000000e+00
0.000000000000000000e+00 0.000000000000000000e+00 0.000000000000000000e+00 0.000000000000000000e+00 0.000000000000000000e+00 0.000000000000000000e+00 1.638607760376159081e-09 -6.545260159859956759e-09 -1.190928832980060950e-09 -1.605583510173000559e-09 1.660063056381371270e-10 -5.244129636759576627e-10 -3.715673194733077312e-10 -1.819291473390015087e-10 -2.174182437621124506e-10 -9.043587942524102160e-11 6.116278685124256416e-12 4.042545437235176196e-11 -6.681352066704669228e-06 0.000000000000000000e+00
0.000000000000000000e+00 0.000000000000000000e+00 0.000000000000000000e+00 0.000000000000000000e+00 0.000000000000000000e+00 0.000000000000000000e+00 -2.129581205818762765e-07 -5.384441012188610941e-08 -1.193961247610245260e-07 -7.249579447065814191e-08 -4.438958567251368596e-08 -2.380754667622049954e-08 -7.542685125221465442e-09 -8.635310683670027045e-10 -4.107171526450147769e-10 -3.097593268975225109e-10 4.221398861149522956e-11 -7.581110183105907193e-11 1.606187698024599292e-08 0.000000000000000000e+00
0.000000000000000000e+00 0.000000000000000000e+00 0.000000000000000000e+00 0.000000000000000000e+00 0.000000000000000000e+00 0.000000000000000000e+00 2.489339655703705028e-08 -1.354340603062233674e-09 9.010548810802885020e-09 6.369572075927599303e-09 -3.389437526797963366e-09 -1.177018510379788414e-10 -1.331009635458919044e-09 1.619432512798479268e-09 3.484965310580256142e-10 -2.998568823184275410e-11 -1.119261812478584044e-08 -4.166718620571954774e-11 1.609339840803381487e-08 0.000000000000000000e+00
0.000000000000000000e+00 0.000000000000000000e+00 0.000000000000000000e+00 0.000000000000000000e+00 0.000000000000000000e+00 0.000000000000000000e+00 -6.709869061911566235e-08 -3.684631495136192790e-08 -4.142880834831973898e-08 -2.373584121375976296e-08 -1.691358642731508767e-08 -8.560877663558480776e-09 -3.393089922001902783e-09 1.442127789985114204e-09 4.062898056759971325e-10 -9.927560498633251538e-11 2.734974547411802561e-11 -3.862163274300325804e-10 -2.649627281370237270e-05 0.000000000000000000e+00
0.000000000000000000e+00 0.000000000000000000e+00 0.000000000000000000e+00 0.000000000000000000e+00 0.000000000000000000e+00 0.000000000000000000e+00 -3.516995492606171200e-09 -2.462549142877476962e-08 -8.392729428376971108e-09 -4.053558226059841355e-09 -5.865778429759706741e-09 -2.232192273398949556e-09 -1.624593194613371787e-09 2.179026039834088880e-09 6.894069372330619470e-10 3.884392550995620383e-11 3.383541682139003135e-11 -4.349487570549912330e-10 -5.936430619600549571e-06 0.000000000000000000e+00
0.000000000000000000e+00 0.000000000000000000e+00 0.000000000000000000e+00 0.000000000000000000e+00 0.000000000000000000e+00 0.000000000000000000e+00 -3.166449258166784513e-09 1.972539364686613173e-10 2.387185878974310675e-09 -1.060541917932358260e-09 -1.869345695809612449e-09 -7.525208391707778248e-10 -8.136295655905928307e-10 -5.634742423459794322e-10 -3.856564928176545488e-10 -2.443908860738788381e-10 -2.835078007900186011e-10 -9.080639525607398763e-09 7.307677574891452733e-06 0.000000000000000000e+00
0.000000000000000000e+00 0.000000000000000000e+00 0.000000000000000000e+00 0.000000000000000000e+00 0.000000000000000000e+00 0.000000000000000000e+00 -2.663268434947051966e-09 5.239723202673581085e-10 -2.935253418444620971e-09 1.698521828419278454e-09 -2.840372220438882335e-09 -2.566290897724429975e-09 -1.964032300004651856e-09 -1.036499952428800257e-09 -6.068180982166906166e-10 -2.265641526303270169e-10 -4.712607780976027857e-05 -1.284118922923878629e-08 7.306697124139901901e-06 0.000000000000000000e+00
0.000000000000000000e+00 0.000000000000000000e+00 0.000000000000000000e+00 0.000000000000000000e+00 0.000000000000000000e+00 0.000000000000000000e+00 -2.796265940862341176e-09 -1.884130304520612233e-09 1.394454768914695018e-09 -6.874783640842935297e-10 -2.040868492215692502e-09 -8.742608740170875493e-10 -9.585992106517376467e-10 -6.538306046611967596e-10 -5.847453329109030168e-10 -3.334587944806559581e-10 -2.292430945449254854e-10 -7.744291052731897011e-09 3.159421974437515814e+02 0.000000000000000000e+00
0.000000000000000000e+00 0.000000000000000000e+00 0.000000000000000000e+00 0.000000000000000000e+00 0.000000000000000000e+00 0.000000000000000000e+00 -3.336997403856679100e-09 -2.755709070170828909e-09 1.084690532948924721e-09 -3.907994407174348096e-10 -2.180033075357396739e-09 -1.064299402711484762e-09 -1.098960603122335789e-09 -7.629042250296775081e-10 -7.734864397502661558e-10 -4.152257324424256305e-10 -2.087706381522362974e-10 -6.616075683260871661e-09 6.302904128224382703e+02 0.000000000000000000e+00
