0.000000000000000000e+00 0.000000000000000000e+00 0.000000000000000000e+00 0.000000000000000000e+00 0.000000000000000000e+00 0.000000000000000000e+00 7.103121702753175437e-09 4.626444865306858841e-09 6.317069461449499252e-09 5.066892833285065971e-09 5.397443113258857443e-09 6.449030392457443886e-09 6.855186538413227781e-09 5.112322268314440378e-09 3.279822109045672259e-09 1.100343891406211080e-09 3.001539101477926578e-10 2.487726272400887862e-08 1.823352689639312543e-04 0.000000000000000000e+00
0.000000000000000000e+00 0.000000000000000000e+00 0.000000000000000000e+00 0.000000000000000000e+00 0.000000000000000000e+00 0.000000000000000000e+00 -1.812068336885783050e-09 2.473966000741189248e-09 3.063880561811745555e-10 1.520542547688163974e-09 1.541948581033576152e-09 1.336713823391119241e-09 1.092984380096843984e-09 7.013514116705666625e-10 4.551013017338763509e-10 4.141488634055463711e-10 6.109918368445285339e-05 3.931270603702070816e-08 1.823485040342005901e-04 0.000000000000000000e+00
0.000000000000000000e+00 0.000000000000000000e+00 0.000000000000000000e+00 0.000000000000000000e+00 0.000000000000000000e+00 0.000000000000000000e+00 1.099697185262317180e-09 2.530579005007498160e-09 1.344173276898219789e-09 1.013518263090642004e-09 1.720710525607791746e-09 2.028454357156914417e-09 2.221480521729678403e-09 1.851574504205857763e-09 1.295632765406946406e-09 5.600947335923040090e-10 1.706184110106279218e-10 8.455124618167806485e-09 2.688688298822198703e+03 0.000000000000000000e+00
0.000000000000000000e+00 0.000000000000000000e+00 0.000000000000000000e+00 0.000000000000000000e+00 0.000000000000000000e+00 0.000000000000000000e+00 5.520872114580093130e-10 1.899223180585086027e-09 7.819683754332437438e-10 8.618629189692770598e-10 1.195561775080323686e-09 1.213526018281810313e-09 1.412020529789930797e-09 1.264413058700826577e-09 8.626091491245169201e-10 3.852922961221323407e-10 1.122799498253872739e-10 6.123263170311990674e-09 7.099613514261880482e+03 0.000000000000000000e+00
0.000000000000000000e+00 0.000000000000000000e+00 0.000000000000000000e+00 0.000000000000000000e+00 0.000000000000000000e+00 0.000000000000000000e+00 -2.319466804381904621e-08 -1.542711828151842212e-08 -2.303821325049377079e-08 -1.505073003011655442e-08 -5.817902832062642202e-09 -4.076878807882060250e-09 -2.692003733206984280e-09 -1.225979383808116272e-09 -7.266634630479225958e-10 -2.644964414984242680e-10 1.078783674236847120e-11 3.444626112175361002e-10 2.078645311162468396e-09 0.000000000000000000e+00
0.000000000000000000e+00 0.000000000000000000e+00 0.000000000000000000e+00 0.000000000000000000e+00 0.000000000000000000e+00 0.000000000000000000e+00 3.376183512274836786e-09 -2.095625839630180005e-08 -4.016308836705509566e-09 1.733037818477130561e-09 -1.766681079518798635e-09 7.434926595723552168e-10 -2.618436271921783069e-10 -1.226329537806195070e-10 -3.216999017149267870e-11 -7.299279372686780063e-11 -3.729382662197225007e-11 3.671746004756159822e-10 2.110173143595076550e-09 0.000000000000000000e+00
0.000000000000000000e+00 0.000000000000000000e+00 0.000000000000000000e+00 0.000000000000000000e+00 0.000000000000000000e+00 0.000000000000000000e+00 -4.854597210929901293e-10 -1.508605405014725974e-08 -6.767871973933893155e-09 -1.326651916750377160e-09 -1.472269262647365221e-09 -1.284673436465388112e-10 -4.640905426695007167e-10 -3.761541185215688094e-10 -2.386212524042942676e-10 -1.208839665881861637e-10 -2.468695985059838881e-12 9.780530901714480052e-11 -2.139564270009552156e-07 0.000000000000000000e+00
0.000000000000000000e+00 0.000000000000000000e+00 0.000000000000000000e+00 0.000000000000000000e+00 0.000000000000000000e+00 0.000000000000000000e+00 6.664560604276821733e-09 -1.465708403911717972e-08 -1.222041471317421800e-09 3.210771768275920574e-09 -6.476565131129196527e-11 1.169573273700030592e-09 2.256879646828351519e-10 -8.245059213247348190e-11 -2.742472621201215715e-11 -2.759695374515215737e-11 2.715209575283024467e-12 -8.625250099290109281e-12 -1.120301594316895730e-06 0.000000000000000000e+00
0.000000000000000000e+00 0.000000000000000000e+00 0.000000000000000000e+00 0.000000000000000000e+00 0.000000000000000000e+00 0.000000000000000000e+00 -1.701950895584780728e-07 -1.159558581112445797e-07 -7.823358158056301246e-08 -7.351444183482749762e-08 -2.208754997114669729e-08 -1.413646647719097749e-08 -9.399746591690319015e-09 -2.555063779479013474e-09 -7.141208917538351174e-10 -4.344059382237923932e-10 3.158285146533756242e-11 1.061909275801590005e-09 4.032758266956099409e-09 0.000000000000000000e+00
0.000000000000000000e+00 0.000000000000000000e+00 0.000000000000000000e+00 0.000000000000000000e+00 0.000000000000000000e+00 0.000000000000000000e+00 -1.130963295963174530e-08 -7.911409605031737720e-08 -3.253417280401296750e-09 5.662008912856954323e-09 -5.189879486202772260e-09 -5.586225735365707486e-10 -9.031018355616045778e-10 7.061194321706700775e-10 4.344079532827227368e-10 2.782073974334004205e-11 -7.002284741370366504e-09 1.112616508924450131e-09 4.310665599818381545e-09 0.000000000000000000e+00
0.000000000000000000e+00 0.000000000000000000e+00 0.000000000000000000e+00 0.000000000000000000e+00 0.000000000000000000e+00 0.000000000000000000e+00 -3.358320451470382131e-08 -8.139714322321917507e-08 -1.095574573555182135e-08 -1.081885123230412237e-08 -4.842590821089910398e-09 -1.153421883438273238e-09 -1.428742308430503290e-09 4.101928732646523060e-10 5.217433386070354887e-10 -1.017091834706702570e-10 -2.121908202332609466e-11 -7.384888624832653348e-11 5.351249169866202979e-05 0.000000000000000000e+00
0.000000000000000000e+00 0.000000000000000000e+00 0.000000000000000000e+00 0.000000000000000000e+00 0.000000000000000000e+00 0.000000000000000000e+00 9.763298938453550913e-09 -6.219524453295393154e-08 1.038571945580849392e-08 1.066735019620578006e-08 6.060421621721300842e-10 2.981374818751456044e-09 1.047776604862942736e-09 1.316889594807310700e-09 9.210337443455774104e-10 8.114347410232319100e-11 -7.118198091695258329e-12 -5.592897629980196655e-10 6.747413001587091092e-05 0.000000000000000000e+00
0.000000000000000000e+00 0.000000000000000000e+00 0.000000000000000000e+00 0.000000000000000000e+00 0.000000000000000000e+00 0.000000000000000000e+00 -4.185675641246627855e-10 -3.774884876774550568e-09 1.385359474779614372e-09 1.142289616937075877e-09 1.641435231290835632e-10 -5.657177044290038397e-10 -1.201776856229815659e-11 -4.473627005730972254e-10 -4.377103303168289443e-10 -1.910634799290635009e-10 -1.860725720630496145e-10 -6.655078306125475936e-09 4.815295120552464747e-05 0.000000000000000000e+00
0.000000000000000000e+00 0.000000000000000000e+00 0.000000000000000000e+00 0.000000000000000000e+00 0.000000000000000000e+00 0.000000000000000000e+00 1.197077050581882328e-09 -4.074798772612780796e-09 8.733214227625195377e-10 -1.699520432435534665e-09 -2.022341495563504394e-09 -4.192226833226350823e-10 -3.227292237078565559e-10 -2.124857777223706183e-10 -3.806714724400625276e-10 -3.301071546333634092e-12 -1.240567477042838320e-03 -9.728180777210950011e-09 4.812860305080019131e-05 0.000000000000000000e+00
0.000000000000000000e+00 0.000000000000000000e+00 0.000000000000000000e+00 0.000000000000000000e+00 0.000000000000000000e+00 0.000000000000000000e+00 -9.932659823532731159e-10 -2.769449870573842721e-09 6.483580813332232940e-10 3.832680148101736910e-10 -2.349750776047378590e-10 -1.381300358546745384e-10 -2.107019680952649746e-10 -2.129130141428559138e-10 -3.941243669724592015e-10 -2.048096789017142611e-10 -1.635266390642204754e-10 -4.550726259333767174e-09 3.263875278860139133e+02 0.000000000000000000e+00
0.000000000000000000e+00 0.000000000000000000e+00 0.000000000000000000e+00 0.000000000000000000e+00 0.000000000000000000e+00 0.000000000000000000e+00 -6.425255365003675091e-10 -2.576935165579455182e-09 4.540262552109950573e-10 -9.578690604557790413e-12 -6.014413762087541356e-10 8.570829872357604079e-11 -2.566716319827844223e-10 -1.366383383674354275e-10 -3.989879321322095749e-10 -2.247599429791507387e-10 -1.551592098111106252e-10 -3.428897227906555883e-09 9.146672095689685875e+02 0.000000000000000000e+00
