0.000000000000000000e+00 0.000000000000000000e+00 0.000000000000000000e+00 0.000000000000000000e+00 0.000000000000000000e+00 0.000000000000000000e+00 3.726695025751367059e-09 2.449796567311797613e-09 1.147645098986453891e-08 5.278121010797692988e-09 5.843396179085487981e-09 6.500886830168540137e-09 5.893078744662945175e-09 4.534243560142241964e-09 2.706528187137168599e-09 1.075135794338559556e-09 2.615517005835002512e-10 2.150400809426526546e-08 2.569426453359383543e-04 0.000000000000000000e+00
0.000000000000000000e+00 0.000000000000000000e+00 0.000000000000000000e+00 0.000000000000000000e+00 0.000000000000000000e+00 0.000000000000000000e+00 2.257869287034064630e-09 4.351348714087046999e-09 3.825248320184858077e-09 2.574477230461011590e-09 3.264110296869282169e-09 2.026497491905823892e-09 1.596122950691074427e-09 1.250757014608774145e-09 8.503859546943602480e-10 7.918924779253858667e-10 8.161032438826477085e-05 3.247813713508862149e-08 2.570666421779857231e-04 0.000000000000000000e+00
0.000000000000000000e+00 0.000000000000000000e+00 0.000000000000000000e+00 0.000000000000000000e+00 0.000000000000000000e+00 0.000000000000000000e+00 4.197503290001289994e-09 2.953933677227153490e-09 3.536532431968763329e-09 1.840928252028792213e-09 2.726785143015802195e-09 2.324145249789932333e-09 2.368448277539162715e-09 1.940417700582970319e-09 1.294977391924685467e-09 6.879524304005760220e-10 1.759374293768936510e-10 9.990342540156353472e-09 9.720724735773201246e+03 0.000000000000000000e+00
0.000000000000000000e+00 0.000000000000000000e+00 0.000000000000000000e+00 0.000000000000000000e+00 0.000000000000000000e+00 0.000000000000000000e+00 3.370283296705889990e-09 4.047521202710873184e-09 2.128071294871500545e-09 1.547925997419171070e-09 2.376605625402196283e-09 1.839035385747846451e-09 1.909085335482360110e-09 1.569317630937496008e-09 1.114435779745503977e-09 6.185865689765715663e-10 1.442909363923772571e-10 9.089518409384955655e-09 1.757649341415853632e+04 0.000000000000000000e+00
0.000000000000000000e+00 0.000000000000000000e+00 0.000000000000000000e+00 0.000000000000000000e+00 0.000000000000000000e+00 0.000000000000000000e+00 3.969013078620774967e-09 -1.015784322138357375e-08 -1.188506500699595225e-08 -7.138952344397113594e-09 -5.198203366004493081e-09 -4.479969734382428554e-09 -2.629162686800817601e-09 -1.623494591277278452e-09 -6.624340088504288797e-10 -2.420330675368693594e-10 1.280517549633471666e-11 3.399603455998728474e-10 2.470262489371838873e-09 0.000000000000000000e+00
0.000000000000000000e+00 0.000000000000000000e+00 0.000000000000000000e+00 0.000000000000000000e+00 0.000000000000000000e+00 0.000000000000000000e+00 8.423203469913822233e-09 -3.371003167551495652e-09 9.380958544461410987e-10 2.105725560097744622e-09 1.535103540083409847e-09 6.278359726049303148e-10 1.675375115874041286e-10 -1.831318834403271100e-10 -7.314024518204377484e-11 -7.595635623934786891e-11 1.933252828646110489e-10 3.708666994439097024e-10 2.485603358725867496e-09 0.000000000000000000e+00
0.000000000000000000e+00 0.000000000000000000e+00 0.000000000000000000e+00 0.000000000000000000e+00 0.000000000000000000e+00 0.000000000000000000e+00 4.740652391110472042e-09 4.252313653939075122e-09 -5.540709405573654433e-09 -1.127673143690656371e-09 -7.045989409156620392e-11 -4.722147224854607103e-10 -6.817596175992318259e-10 -5.561453706637082584e-10 -2.268583557180317197e-10 -9.884534958322149799e-11 -1.641488242283637886e-12 7.943991102937029437e-11 -2.496804582575973367e-06 0.000000000000000000e+00
0.000000000000000000e+00 0.000000000000000000e+00 0.000000000000000000e+00 0.000000000000000000e+00 0.000000000000000000e+00 0.000000000000000000e+00 4.291054603381367315e-09 7.397875667292519612e-09 -2.773617670853897662e-09 1.107483301667028258e-09 1.758575641865383433e-09 8.777772464034475390e-10 6.633788306018336054e-11 -1.743354025482041129e-10 -4.893028616938756715e-11 -6.836399938447167639e-12 1.652299827439223994e-12 -2.944714162547964137e-11 -2.402168852725361469e-06 0.000000000000000000e+00
0.000000000000000000e+00 0.000000000000000000e+00 0.000000000000000000e+00 0.000000000000000000e+00 0.000000000000000000e+00 0.000000000000000000e+00 1.108903087654542524e-08 -5.455783987561331743e-08 -8.704449833084928417e-08 -2.165922760562476730e-08 -2.752467798270566830e-08 -8.943526477734806077e-09 -9.603083044695969880e-09 -3.640620861457054963e-09 -7.997850492143308880e-10 -1.122453000482778548e-10 1.645634004296923234e-11 8.515298049706827700e-10 -1.460855532790945024e-08 0.000000000000000000e+00
0.000000000000000000e+00 0.000000000000000000e+00 0.000000000000000000e+00 0.000000000000000000e+00 0.000000000000000000e+00 0.000000000000000000e+00 5.495278928805871791e-09 -3.258769276267231852e-08 -6.244632123712626169e-09 3.869588857974846341e-09 -8.856759660052687749e-10 1.465698822102360312e-10 9.349413327040157956e-10 -1.527202236220111244e-10 3.723149698711225638e-10 2.402330653295948834e-10 4.186316285961727711e-08 9.123144710640825387e-10 -1.439986928748879854e-08 0.000000000000000000e+00
0.000000000000000000e+00 0.000000000000000000e+00 0.000000000000000000e+00 0.000000000000000000e+00 0.000000000000000000e+00 0.000000000000000000e+00 1.604726904417097729e-10 2.840487952827404072e-08 -3.493727556833344061e-08 -7.254296661526152855e-10 -7.128257310076965188e-09 -1.605438086149237635e-10 -1.995076116830208101e-09 -8.750322207185109588e-12 7.055275749997823430e-10 2.120844147763600135e-10 9.140812861133065196e-12 -2.126526198510526089e-10 6.259862507302931965e-05 0.000000000000000000e+00
0.000000000000000000e+00 0.000000000000000000e+00 0.000000000000000000e+00 0.000000000000000000e+00 0.000000000000000000e+00 0.000000000000000000e+00 -3.795164514753752783e-09 4.436489432934900170e-08 -1.403563795640579782e-08 6.987304563675919608e-09 8.931020192615467608e-10 2.515081905994465144e-09 9.038002235167342509e-10 1.048765014417850873e-09 1.099281181441143052e-09 3.798469302746427920e-10 3.403103874590763181e-11 -5.815235503395807697e-10 9.253063247525621972e-05 0.000000000000000000e+00
0.000000000000000000e+00 0.000000000000000000e+00 0.000000000000000000e+00 0.000000000000000000e+00 0.000000000000000000e+00 0.000000000000000000e+00 -3.094283497744444804e-09 -1.722884332627918070e-09 1.316148975949813792e-09 -6.979688191925663974e-10 -6.582418696717161584e-10 -6.997507924539236124e-10 -1.605857748698670238e-10 -4.451197640072362821e-10 -1.629034502973523943e-10 -1.058170382975181632e-10 -2.089414020302668741e-10 -4.050281412681830462e-09 4.481139167852232010e-05 0.000000000000000000e+00
0.000000000000000000e+00 0.000000000000000000e+00 0.000000000000000000e+00 0.000000000000000000e+00 0.000000000000000000e+00 0.000000000000000000e+00 -3.794369112724152220e-09 -1.965071763045977732e-09 1.535378033380729803e-10 -5.104327093944890469e-09 9.223134938344815791e-10 -1.332249223352701229e-09 -4.099538935040118572e-10 -8.422300366229961358e-10 -2.551211900388275693e-10 -4.138341614544635092e-11 -2.027512175598478877e-03 -6.825739408701923356e-09 4.480269774415053210e-05 0.000000000000000000e+00
0.000000000000000000e+00 0.000000000000000000e+00 0.000000000000000000e+00 0.000000000000000000e+00 0.000000000000000000e+00 0.000000000000000000e+00 -4.011756137616791718e-09 -1.763583049590355929e-09 1.932610387599262013e-09 -4.890535744745457001e-10 -2.652565654546552981e-10 -8.954470063129556012e-10 9.000697589325286576e-11 -5.676185671247829422e-10 -9.123594241195359679e-11 -1.927498068168596065e-10 -1.722741471043847775e-10 -1.771771900045106117e-09 -1.093315848498121795e+03 0.000000000000000000e+00
0.000000000000000000e+00 0.000000000000000000e+00 0.000000000000000000e+00 0.000000000000000000e+00 0.000000000000000000e+00 0.000000000000000000e+00 -3.637151089358106287e-09 -1.545541179093952787e-09 2.037792738275010016e-09 -3.989160069596091126e-10 1.422801407632906963e-11 -1.018354008868827804e-09 1.125548460239013653e-10 -6.589972823745405252e-10 -1.455630617400000303e-10 -2.542827256642755747e-10 -1.594735739308516054e-10 -4.735714306654813925e-10 -1.485484880413477640e+03 0.000000000000000000e+00
