0.000000000000000000e+00 0.000000000000000000e+00 0.000000000000000000e+00 0.000000000000000000e+00 0.000000000000000000e+00 0.000000000000000000e+00 2.667147702054673554e-09 4.498571458277981188e-09 2.373706175140394146e-09 1.948590618052741213e-09 2.028362424831247050e-09 2.311254140309784198e-09 1.781419597141513315e-09 1.416486807833715918e-09 7.898954749448859245e-10 2.600836022900744501e-10 7.160454616293016994e-11 7.556587625528900036e-09 2.904919672510380881e-04 0.000000000000000000e+00
0.000000000000000000e+00 0.000000000000000000e+00 0.000000000000000000e+00 0.000000000000000000e+00 0.000000000000000000e+00 0.000000000000000000e+00 7.329553632997408503e-11 3.127805786877338427e-09 7.264953000634619942e-10 1.004664662239409735e-09 5.287461833825427379e-10 7.874267528125330284e-10 3.275824535038104906e-10 3.519246644781539395e-10 1.776971651763724351e-10 1.142427576320322203e-10 1.623778376098072794e-05 1.248376455380281037e-08 2.904124516706840190e-04 0.000000000000000000e+00
0.000000000000000000e+00 0.000000000000000000e+00 0.000000000000000000e+00 0.000000000000000000e+00 0.000000000000000000e+00 0.000000000000000000e+00 1.834385418266252575e-10 1.973134096013293285e-09 4.859748991493554153e-11 8.520151754779808709e-10 6.709361762066843381e-10 9.249598528221887029e-10 6.420512415206297081e-10 4.924245057861742197e-10 3.648791614757311235e-10 1.690578697578950984e-10 4.931429832347654763e-11 4.880912155371982332e-09 2.609825786632752170e+03 0.000000000000000000e+00
0.000000000000000000e+00 0.000000000000000000e+00 0.000000000000000000e+00 0.000000000000000000e+00 0.000000000000000000e+00 0.000000000000000000e+00 3.134503425315574716e-10 1.667100064668263085e-09 8.842912103645708250e-11 8.475880937462176945e-10 6.055107203316923043e-10 7.693539165129482914e-10 4.909371914888155591e-10 4.215304152984488114e-10 3.479242921713234205e-10 1.742104209154561598e-10 4.992506111890509451e-11 5.676168297695438138e-09 3.613919726533096764e+03 0.000000000000000000e+00
0.000000000000000000e+00 0.000000000000000000e+00 0.000000000000000000e+00 0.000000000000000000e+00 0.000000000000000000e+00 0.000000000000000000e+00 1.756260825687875608e-08 6.861727306832204572e-09 -1.615154332249994758e-08 -6.834040934809804952e-09 -4.312624293270880411e-09 -3.067448109918000188e-09 -1.574509444901896466e-09 -7.298354469788726686e-10 -3.945884438652417166e-10 -1.356061566476486489e-10 1.487805009516889370e-11 2.219765573838254674e-10 3.276581264760984116e-09 0.000000000000000000e+00
0.000000000000000000e+00 0.000000000000000000e+00 0.000000000000000000e+00 0.000000000000000000e+00 0.000000000000000000e+00 0.000000000000000000e+00 1.150783876479506354e-08 7.240814194065922541e-09 -4.033736905969349319e-09 1.163037192104455365e-10 1.109299344007033808e-12 -7.562883423741515941e-10 6.732090847382567665e-11 1.000164641828723483e-10 -1.624045451285769959e-11 -1.880645108968273206e-11 1.233662844662016499e-09 2.407950465482570496e-10 3.301866221949514993e-09 0.000000000000000000e+00
0.000000000000000000e+00 0.000000000000000000e+00 0.000000000000000000e+00 0.000000000000000000e+00 0.000000000000000000e+00 0.000000000000000000e+00 -1.961522589738576416e-09 8.776016194305191202e-09 -4.088735051586100793e-09 -1.977301371052928426e-09 -6.417110299214012852e-10 -1.087154195607780972e-09 -3.582230713278553110e-10 -8.835218635269710084e-11 -1.014917050813933948e-10 -3.937955610865594392e-11 4.427793647502718855e-12 6.001070119153893656e-11 3.907654070451538357e-06 0.000000000000000000e+00
0.000000000000000000e+00 0.000000000000000000e+00 0.000000000000000000e+00 0.000000000000000000e+00 0.000000000000000000e+00 0.000000000000000000e+00 -6.148746049185534262e-09 8.292509680975564985e-09 1.518515209107972985e-10 -4.889717400714126110e-11 5.292421262914788270e-10 -3.448986289797577235e-10 7.980492049997060144e-11 1.363916045914249377e-10 1.816359505410613531e-11 2.031871945947804848e-11 4.940411385208452766e-12 -9.488806583159005304e-12 4.890843253828587032e-06 0.000000000000000000e+00
0.000000000000000000e+00 0.000000000000000000e+00 0.000000000000000000e+00 0.000000000000000000e+00 0.000000000000000000e+00 0.000000000000000000e+00 2.350194783137516662e-08 4.475599950520750435e-08 -7.261892127894776342e-08 -2.642410293519877204e-08 -2.022233785580991481e-08 -1.319267686429803838e-08 -2.654550764351399922e-09 -2.050932755941093349e-09 -8.946830204152433926e-10 -1.704977645600426412e-10 1.085248611818436751e-10 4.097647202486650450e-10 4.146505821120282112e-08 0.000000000000000000e+00
0.000000000000000000e+00 0.000000000000000000e+00 0.000000000000000000e+00 0.000000000000000000e+00 0.000000000000000000e+00 0.000000000000000000e+00 2.326265357600106184e-08 4.891463364269302871e-08 -1.952469665368200204e-10 2.731095291717380101e-09 -7.109408315760911244e-09 -3.252441143842304508e-09 1.545310168288641320e-09 7.223926315192399850e-10 3.283827025659980403e-11 1.343228750234005970e-10 4.764976720965395554e-09 3.917512793272198672e-10 4.152068848386814502e-08 0.000000000000000000e+00
0.000000000000000000e+00 0.000000000000000000e+00 0.000000000000000000e+00 0.000000000000000000e+00 0.000000000000000000e+00 0.000000000000000000e+00 -4.674478217511605905e-09 3.972463139944107570e-08 -7.562337563881976041e-09 -9.506202772071857318e-09 -6.741061799670848745e-09 -4.818027487679187156e-09 7.874867673869208538e-10 4.314456260585836085e-10 9.818427161764861018e-11 1.033301164277304120e-10 4.708482002628221408e-11 -3.218707612953868840e-10 2.522987420413280848e-05 0.000000000000000000e+00
0.000000000000000000e+00 0.000000000000000000e+00 0.000000000000000000e+00 0.000000000000000000e+00 0.000000000000000000e+00 0.000000000000000000e+00 -9.842009071436617309e-09 3.613717223586723285e-08 1.411906913589548722e-08 -2.076739512256275840e-09 -2.454497620445590511e-09 -1.739113911610801119e-09 2.011310557559208149e-09 1.229339292604492472e-09 3.814580099267123359e-10 2.459841253027412636e-10 3.471415423072109644e-11 -5.481432024121191723e-10 2.882259823826156095e-05 0.000000000000000000e+00
0.000000000000000000e+00 0.000000000000000000e+00 0.000000000000000000e+00 0.000000000000000000e+00 0.000000000000000000e+00 0.000000000000000000e+00 3.094382904491025672e-09 2.526094065999799686e-09 1.428579108538446313e-09 -3.055835313144637176e-10 -9.995454185939004867e-10 -3.556293013331718793e-10 1.022895388446883891e-10 -2.881164692902951908e-10 -1.676178922354539207e-10 -1.519319789201088778e-10 -1.173940853986586047e-10 -3.227448126004973860e-09 -4.104548512710824173e-05 0.000000000000000000e+00
0.000000000000000000e+00 0.000000000000000000e+00 0.000000000000000000e+00 0.000000000000000000e+00 0.000000000000000000e+00 0.000000000000000000e+00 5.467161287146878422e-09 9.204451065791999466e-10 9.186557619856872229e-10 2.653688123897824833e-09 -3.634787947778370083e-09 2.552105327292917101e-10 3.328460211283429560e-10 -5.525352612715177550e-10 -2.954314564112322808e-11 -1.720386774890907579e-11 -1.509941984794234112e-03 -5.140107107254387468e-09 -4.100637237755693111e-05 0.000000000000000000e+00
0.000000000000000000e+00 0.000000000000000000e+00 0.000000000000000000e+00 0.000000000000000000e+00 0.000000000000000000e+00 0.000000000000000000e+00 3.378941837153422370e-09 3.526636293748252675e-09 1.660718487806104041e-10 -3.483945244906801523e-10 -1.152826478848888918e-09 -1.085980196923373825e-10 1.884286101617894463e-10 -2.667759651125850706e-10 -5.296505257606352511e-11 -1.765815934507178246e-10 -9.731232193158270957e-11 -1.858456631002966721e-09 1.676838092633189490e+02 0.000000000000000000e+00
0.000000000000000000e+00 0.000000000000000000e+00 0.000000000000000000e+00 0.000000000000000000e+00 0.000000000000000000e+00 0.000000000000000000e+00 3.860889949218052391e-09 4.074730344140959944e-09 -5.985418427860147275e-10 -3.473054198085521296e-10 -1.248836828371879367e-09 -6.405403000102429623e-11 1.475218005952751545e-10 -2.932987079092593354e-10 -4.244224723138394574e-11 -1.999594317437023607e-10 -9.182660245073563773e-11 -7.271856852003226283e-10 1.290796132537927861e+02 0.000000000000000000e+00
