0.000000000000000000e+00 0.000000000000000000e+00 0.000000000000000000e+00 0.000000000000000000e+00 0.000000000000000000e+00 0.000000000000000000e+00 5.634718517894294065e-09 4.417952724215747239e-09 6.096840166890599067e-09 4.914045450447751005e-09 4.870534725140824593e-09 3.849166609306943674e-09 3.904505481737516782e-09 3.395723741718233680e-09 1.578497537840322493e-09 4.023457828932154426e-10 2.622101447096792422e-10 1.675276908028279555e-08 1.242329096515781828e-04 0.000000000000000000e+00
0.000000000000000000e+00 0.000000000000000000e+00 0.000000000000000000e+00 0.000000000000000000e+00 0.000000000000000000e+00 0.000000000000000000e+00 6.143236675753620009e-10 6.523435200840188116e-10 1.194041373672260313e-09 -2.842205231369583103e-10 8.440208747534489098e-10 1.006785676632877547e-09 7.400244984910696189e-10 4.941089000214488177e-10 4.244585246249396588e-10 8.458118519629936529e-10 5.107212676555614563e-04 2.725497077721197698e-08 1.242743685468709284e-04 0.000000000000000000e+00
0.000000000000000000e+00 0.000000000000000000e+00 0.000000000000000000e+00 0.000000000000000000e+00 0.000000000000000000e+00 0.000000000000000000e+00 -1.375911842822023838e-10 1.004030120143959425e-09 7.898151712920271232e-10 8.483256790245037260e-11 8.454629065831057261e-10 6.042183300017321298e-10 8.163815733136352739e-10 7.162649188628712578e-10 5.069178302856888420e-10 3.703468316435824525e-10 2.367292761152509602e-10 5.659662432662921189e-09 -1.365709160643340510e+03 0.000000000000000000e+00
0.000000000000000000e+00 0.000000000000000000e+00 0.000000000000000000e+00 0.000000000000000000e+00 0.000000000000000000e+00 0.000000000000000000e+00 -5.846657295095560451e-10 3.798326677827175770e-10 5.889858782702378497e-10 -3.755712900238098091e-10 5.556213751326136106e-10 6.353232450421451775e-10 8.760893392464154845e-10 6.497374430195248495e-10 6.376283574543073423e-10 5.668144434903917429e-10 2.948961767506855863e-10 7.720731663714024019e-09 -1.263054780348909844e+03 0.000000000000000000e+00
0.000000000000000000e+00 0.000000000000000000e+00 0.000000000000000000e+00 0.000000000000000000e+00 0.000000000000000000e+00 0.000000000000000000e+00 -1.605971763812816459e-08 -6.981394297441985053e-09 -1.829730369257562472e-08 -8.975571721275572956e-09 -5.610558514921698475e-09 -2.524633857646702205e-09 -1.391921779093083474e-09 -1.057834748817988808e-09 -5.196331947372879116e-10 -1.418938480918771597e-10 1.462014232419663079e-11 2.324241426157102705e-10 2.086836813086833587e-09 0.000000000000000000e+00
0.000000000000000000e+00 0.000000000000000000e+00 0.000000000000000000e+00 0.000000000000000000e+00 0.000000000000000000e+00 0.000000000000000000e+00 -5.239238914010450885e-09 3.924809157796881155e-09 2.000676055432516112e-10 5.324445924162880912e-10 8.424742108656739021e-10 2.774860560685993686e-10 7.299782141274127871e-11 2.660414786787935612e-11 9.709320759620247950e-12 -2.153644906928275728e-11 1.462468176063762389e-09 2.564484722029146684e-10 2.122088205727035331e-09 0.000000000000000000e+00
0.000000000000000000e+00 0.000000000000000000e+00 0.000000000000000000e+00 0.000000000000000000e+00 0.000000000000000000e+00 0.000000000000000000e+00 -5.085598313260670716e-09 -2.687117542788515515e-09 -1.964626533711653415e-09 -1.808496806745681598e-09 -5.996986950790125866e-10 -6.975230267978275536e-10 -3.129269420128662558e-10 -2.287965415914275345e-10 -1.048966606927139951e-10 -4.563003496725627765e-11 6.147668565176463005e-12 5.814448346696674808e-11 -1.773870343326929057e-06 0.000000000000000000e+00
0.000000000000000000e+00 0.000000000000000000e+00 0.000000000000000000e+00 0.000000000000000000e+00 0.000000000000000000e+00 0.000000000000000000e+00 -8.167399798235577515e-10 -5.997341052766894764e-10 3.252716104532279648e-09 7.789051799232053643e-10 1.200820117735280102e-09 1.033691043168579319e-11 8.258785304352491647e-11 7.075952137153884586e-11 6.480936194006045108e-11 1.405805117951539290e-11 8.602987890769038250e-12 -1.812544589406614650e-11 -2.487123034394756099e-06 0.000000000000000000e+00
0.000000000000000000e+00 0.000000000000000000e+00 0.000000000000000000e+00 0.000000000000000000e+00 0.000000000000000000e+00 0.000000000000000000e+00 -5.835479863445759882e-08 -1.832705558098943121e-08 -7.173740922841732721e-08 -3.854271876002472289e-08 -1.283609050786182133e-08 -6.623407604625857900e-09 -3.757068028145800051e-09 -2.260021206009802766e-09 -1.226606446995737165e-09 -3.352499322243485382e-10 1.567455723308895298e-11 6.937421280401228228e-10 4.884808757160266278e-09 0.000000000000000000e+00
0.000000000000000000e+00 0.000000000000000000e+00 0.000000000000000000e+00 0.000000000000000000e+00 0.000000000000000000e+00 0.000000000000000000e+00 -3.678932941368610213e-08 9.783188721816906443e-09 8.209512219383538768e-09 6.232331731145963797e-10 2.423842614447339894e-09 -2.472870589924356612e-10 -4.440137564133713847e-11 3.879482196475940936e-10 1.120390958553527907e-10 -1.994171797962369568e-11 7.930535248033028291e-08 7.901336316723155725e-10 4.511708973237744240e-09 0.000000000000000000e+00
0.000000000000000000e+00 0.000000000000000000e+00 0.000000000000000000e+00 0.000000000000000000e+00 0.000000000000000000e+00 0.000000000000000000e+00 -1.993472687597327200e-08 -2.702051996534360154e-09 -8.025002829561239716e-09 -2.648423873778289634e-09 -6.282668699724108980e-10 -1.895330459616930891e-09 -1.026010367397203256e-09 2.067368648543832232e-10 1.252526154329376709e-10 -6.376824011951866281e-11 -2.325026481526692185e-11 -9.258314252897323514e-11 4.765991303392042006e-05 0.000000000000000000e+00
0.000000000000000000e+00 0.000000000000000000e+00 0.000000000000000000e+00 0.000000000000000000e+00 0.000000000000000000e+00 0.000000000000000000e+00 -5.190400438762797622e-09 4.254297132086066287e-09 1.383537130609170086e-08 8.565437056152387867e-09 3.650509907214620510e-09 -2.829357758398594348e-10 3.147952816337726645e-11 1.017241443099443996e-09 5.716617198944420128e-10 8.373451972704390713e-11 -2.570092831247894876e-11 -4.057207594037536305e-10 5.296591584161960872e-05 0.000000000000000000e+00
0.000000000000000000e+00 0.000000000000000000e+00 0.000000000000000000e+00 0.000000000000000000e+00 0.000000000000000000e+00 0.000000000000000000e+00 3.973473928578261259e-09 3.526621561552838338e-09 9.102736974505539149e-10 -9.134589897404580372e-10 -8.895207368272849987e-10 -7.159779252811849564e-10 -1.232241793265707547e-10 -1.572534683943645464e-10 -8.672500245783997536e-11 -6.992846223890648731e-11 1.143231427799122588e-11 -2.618071127507604008e-09 5.375837111385345672e-05 0.000000000000000000e+00
0.000000000000000000e+00 0.000000000000000000e+00 0.000000000000000000e+00 0.000000000000000000e+00 0.000000000000000000e+00 0.000000000000000000e+00 -6.075552872971736243e-10 3.636622466244862899e-09 1.373796114347017745e-09 -2.568738961307926696e-09 -2.576099780308621168e-09 -1.816556885801159228e-09 -7.319602439199063085e-10 -7.743350260927306136e-10 -2.569867386866563526e-10 -1.095506365345342750e-10 9.616184353037273303e-04 -4.091616796935651306e-09 5.375771533099470194e-05 0.000000000000000000e+00
0.000000000000000000e+00 0.000000000000000000e+00 0.000000000000000000e+00 0.000000000000000000e+00 0.000000000000000000e+00 0.000000000000000000e+00 3.438661987245898187e-09 3.841782919311008722e-09 8.349216899922926708e-10 -8.840631860262163642e-10 -6.503828849959095002e-10 -9.623111934829412518e-10 -3.100794872376774742e-10 -5.458710483500043463e-10 -2.656066070746595001e-10 -1.563541846253261510e-10 1.331484120961179846e-11 -1.920290852042459537e-09 3.781195781667388928e+03 0.000000000000000000e+00
0.000000000000000000e+00 0.000000000000000000e+00 0.000000000000000000e+00 0.000000000000000000e+00 0.000000000000000000e+00 0.000000000000000000e+00 2.818876992069185397e-09 3.720076065796792465e-09 7.456583675161759350e-10 -1.005670086195331787e-09 -7.281295511367695092e-10 -1.016264210794109003e-09 -4.389205588610202552e-10 -7.476235273383837941e-10 -3.651700304755446563e-10 -2.128127655908906283e-10 9.248029928714884420e-14 -1.607375826189180076e-09 7.286847066563440421e+03 0.000000000000000000e+00
