0.000000000000000000e+00 0.000000000000000000e+00 0.000000000000000000e+00 0.000000000000000000e+00 0.000000000000000000e+00 0.000000000000000000e+00 3.122491032686200255e-09 1.815441108316048530e-09 2.574472833240727062e-09 1.344455702000203787e-09 1.897931476927287747e-09 8.636453641925053985e-10 1.292914493148957663e-09 8.521480654692802022e-10 4.240581271849672964e-10 1.283079722626930072e-10 1.853368941990480188e-10 1.090637173193780961e-07 2.127552165330868356e-04 0.000000000000000000e+00
0.000000000000000000e+00 0.000000000000000000e+00 0.000000000000000000e+00 0.000000000000000000e+00 0.000000000000000000e+00 0.000000000000000000e+00 -3.190955358312357908e-10 2.714165360214735628e-09 1.072791935995647743e-09 7.176646050931342513e-10 1.597833392455529135e-09 1.195935790127789034e-09 6.861970177735651399e-10 3.514080041459364666e-10 1.608786297242812262e-10 8.928668657877085179e-11 2.239585874356465802e-04 1.261456332342142339e-07 2.129065571761918057e-04 0.000000000000000000e+00
0.000000000000000000e+00 0.000000000000000000e+00 0.000000000000000000e+00 0.000000000000000000e+00 0.000000000000000000e+00 0.000000000000000000e+00 -2.953121348055941357e-10 1.506892174782597729e-09 1.847245706352822047e-10 2.943073876330267566e-10 6.014845904088888705e-10 4.155224334982271477e-10 5.159719603235317120e-10 3.231452694131226837e-10 2.936768751513182171e-10 1.234581438504711495e-10 1.424924873428767924e-10 3.182443292265471704e-07 6.491416757853939998e+02 0.000000000000000000e+00
0.000000000000000000e+00 0.000000000000000000e+00 0.000000000000000000e+00 0.000000000000000000e+00 0.000000000000000000e+00 0.000000000000000000e+00 -7.199379940747916187e-10 1.302121633798307566e-09 -5.692202849176290990e-11 6.662502455134585156e-10 7.271621623589225538e-10 6.356283435344727101e-10 7.043525518383248893e-10 4.239378864949739374e-10 3.940585996489610403e-10 1.734508565389317268e-10 2.558033801097131499e-10 4.428260400610107612e-07 9.412970300190229409e+02 0.000000000000000000e+00
0.000000000000000000e+00 0.000000000000000000e+00 0.000000000000000000e+00 0.000000000000000000e+00 0.000000000000000000e+00 0.000000000000000000e+00 -2.747980204112734063e-09 8.751206514228611377e-09 -1.006033023959713241e-08 -4.491263412214283659e-09 -4.124731218545086640e-09 -2.361149274272895871e-09 -1.048054390159663672e-09 -6.188157209785660382e-10 -2.348232688129063923e-10 -5.416132585248075165e-11 4.198889329241643350e-11 4.887470616791803930e-10 -7.776396198605868273e-11 0.000000000000000000e+00
0.000000000000000000e+00 0.000000000000000000e+00 0.000000000000000000e+00 0.000000000000000000e+00 0.000000000000000000e+00 0.000000000000000000e+00 6.754095799685249896e-09 1.091918519412948382e-08 -4.954906037499053688e-09 1.834138714193139390e-10 -9.176901128443128927e-10 1.185999045504421174e-09 -2.741461456413285115e-11 -1.979413652990437276e-11 5.878235398368213508e-11 -8.567144209838308679e-12 2.487951858383703444e-09 5.047162790032513566e-10 -7.002664276309303979e-11 0.000000000000000000e+00
0.000000000000000000e+00 0.000000000000000000e+00 0.000000000000000000e+00 0.000000000000000000e+00 0.000000000000000000e+00 0.000000000000000000e+00 -1.699629216417362782e-09 9.858165719878820571e-09 -3.494441766235525028e-09 6.617774070058094677e-10 -1.344655375390014378e-09 9.605128053092971101e-10 -2.272781094588583112e-10 -1.694109024110771799e-10 2.356034597678439092e-11 -1.237089974609641916e-11 -2.655230133035536865e-12 3.701275220283464036e-11 5.990629871425537406e-07 0.000000000000000000e+00
0.000000000000000000e+00 0.000000000000000000e+00 0.000000000000000000e+00 0.000000000000000000e+00 0.000000000000000000e+00 0.000000000000000000e+00 -1.586319467445948207e-10 9.273539074674864175e-09 -1.254893304122220268e-09 2.219410446862317851e-09 -3.739053512862329417e-10 1.856262472832739565e-09 5.885373564393171125e-11 -1.394016474915368332e-11 1.224779967687471328e-10 1.510003491262631654e-11 -2.300600046327545697e-11 -8.506502597794385702e-11 7.307749564989542370e-07 0.000000000000000000e+00
0.000000000000000000e+00 0.000000000000000000e+00 0.000000000000000000e+00 0.000000000000000000e+00 0.000000000000000000e+00 0.000000000000000000e+00 -4.452436013925034822e-08 5.309773587279289667e-09 -4.406281126790438965e-08 -3.252899653451576561e-08 -2.206981921890346295e-08 -8.553418102584836672e-09 -5.524009629161318723e-09 -3.379761031431780734e-09 -1.326248019526879072e-09 -4.804324575083051023e-10 3.825684381647271706e-10 4.975653363795133140e-09 -1.357442588246438454e-08 0.000000000000000000e+00
0.000000000000000000e+00 0.000000000000000000e+00 0.000000000000000000e+00 0.000000000000000000e+00 0.000000000000000000e+00 0.000000000000000000e+00 7.837199086378472651e-09 8.804001309699782283e-09 -3.158810455494371848e-08 -4.885321451772018865e-09 -7.094276062206144312e-09 3.899469897262980066e-09 7.573085174333770192e-10 -4.136164307224341980e-10 4.059543918477538217e-10 -5.746750245727811083e-11 1.393058573929881101e-08 5.132348388327820092e-09 -1.348375821871544694e-08 0.000000000000000000e+00
0.000000000000000000e+00 0.000000000000000000e+00 0.000000000000000000e+00 0.000000000000000000e+00 0.000000000000000000e+00 0.000000000000000000e+00 -3.293283372160822350e-08 1.738769041192627402e-08 -1.370140442789989508e-08 -4.828665208852565658e-10 -2.578098806391747895e-09 3.160251834022234596e-09 2.550725231239832265e-10 -7.371094493089444494e-10 2.527956374400497757e-10 -2.767379585088696895e-11 -3.737520690932132390e-11 -6.621796387422693262e-10 -7.900204363333063545e-06 0.000000000000000000e+00
0.000000000000000000e+00 0.000000000000000000e+00 0.000000000000000000e+00 0.000000000000000000e+00 0.000000000000000000e+00 0.000000000000000000e+00 -2.074782803613091464e-08 1.884526253108757523e-08 -5.973678474927617481e-09 9.099134694243315149e-09 2.348379035274906501e-09 6.336814885126297974e-09 2.089753174785992995e-09 7.781205371063745901e-11 8.029621474625343931e-10 2.272319708508508639e-10 -2.352943093142155630e-10 -2.276045406081091474e-09 -9.964715537478333480e-06 0.000000000000000000e+00
0.000000000000000000e+00 0.000000000000000000e+00 0.000000000000000000e+00 0.000000000000000000e+00 0.000000000000000000e+00 0.000000000000000000e+00 -3.333012284402187468e-09 4.666138307922981222e-09 8.080169444135924376e-10 -2.940888678134843250e-10 -2.088605737317535975e-10 -2.507005008413273417e-10 3.294950044292342539e-11 -1.672938726154587303e-10 -1.095191783282069826e-10 -6.305671747727894649e-11 -2.927754819805852555e-10 -1.052256613653843376e-08 1.603388559627019988e-05 0.000000000000000000e+00
0.000000000000000000e+00 0.000000000000000000e+00 0.000000000000000000e+00 0.000000000000000000e+00 0.000000000000000000e+00 0.000000000000000000e+00 7.379465291473832431e-10 4.144927399167699216e-09 -2.258140651101468348e-10 -9.424559966645819884e-10 9.405908951357760227e-10 -1.673575854741057486e-09 -5.780421184870424417e-10 -4.086381399435261915e-10 1.013965493448273910e-11 -2.248948902822755169e-10 1.535297937795258687e-03 -1.589456893320751074e-08 1.601444349870678331e-05 0.000000000000000000e+00
0.000000000000000000e+00 0.000000000000000000e+00 0.000000000000000000e+00 0.000000000000000000e+00 0.000000000000000000e+00 0.000000000000000000e+00 -2.282056150899994313e-09 6.251026062404983684e-09 -2.649210298948500555e-11 3.879404426427485361e-10 -2.455357655913088370e-10 -2.060271979246020312e-10 5.085196840219630321e-11 -1.191153810353084507e-10 -2.013812409293436918e-11 -5.056060626425640336e-11 -1.834577831060655688e-10 -4.271502044915132566e-08 8.300922377883820502e+01 0.000000000000000000e+00
0.000000000000000000e+00 0.000000000000000000e+00 0.000000000000000000e+00 0.000000000000000000e+00 0.000000000000000000e+00 0.000000000000000000e+00 -1.171249686523225807e-09 6.350567888967056381e-09 -5.455295995010218592e-10 4.018451314422663584e-10 -1.063479247420758801e-10 -1.732618044444117916e-10 -3.056573417018508631e-11 -1.795291199164381454e-10 -2.439031146068428457e-11 -5.702514435438894196e-11 -1.371790908279677683e-10 -5.889004001421208732e-08 1.242317526567679096e+02 0.000000000000000000e+00
