0.000000000000000000e+00 0.000000000000000000e+00 0.000000000000000000e+00 0.000000000000000000e+00 0.000000000000000000e+00 0.000000000000000000e+00 -1.626951201334971923e-09 2.725453500045205226e-09 2.012056700096627890e-09 1.563783652360147785e-09 2.217895715096780547e-09 1.945194209264625184e-09 1.992607283566128742e-09 1.211268089079893573e-09 6.352913650621133707e-10 1.346402225519330571e-10 2.595452449846124887e-10 1.299836355397010785e-07 2.686692565749288636e-05 0.000000000000000000e+00
0.000000000000000000e+00 0.000000000000000000e+00 0.000000000000000000e+00 0.000000000000000000e+00 0.000000000000000000e+00 0.000000000000000000e+00 -6.558580366911582324e-10 3.499347813608080647e-09 3.033958666575488606e-10 4.404236675549327189e-10 6.968368165776925660e-10 5.456238160187169303e-10 3.859301952990202806e-10 2.608740263487731934e-10 1.075803442884703431e-10 4.557039334912459732e-11 3.364325465604319030e-04 1.475702431863797784e-07 2.692173911167210221e-05 0.000000000000000000e+00
0.000000000000000000e+00 0.000000000000000000e+00 0.000000000000000000e+00 0.000000000000000000e+00 0.000000000000000000e+00 0.000000000000000000e+00 4.843884532935384555e-10 1.192177537177431773e-09 1.425541262044512386e-09 3.505944648074427579e-10 2.668886073681527316e-10 1.072925748556420344e-10 4.736069851143644320e-10 3.950752633837343141e-10 2.100782022466808676e-10 6.894519812310048759e-11 9.038632501811422364e-11 1.974969691641678279e-07 -2.271680623166685109e+01 0.000000000000000000e+00
0.000000000000000000e+00 0.000000000000000000e+00 0.000000000000000000e+00 0.000000000000000000e+00 0.000000000000000000e+00 0.000000000000000000e+00 9.753830742768408076e-10 1.349708611075929226e-09 1.953847617717464971e-09 5.282028881993094357e-10 2.848181994609546222e-10 2.568933381668270579e-10 6.780939586853117493e-10 5.288957310481167359e-10 3.179412869910895742e-10 1.132244891606684063e-10 2.208295540711797085e-10 2.761039196049366564e-07 -2.481338123331988754e+01 0.000000000000000000e+00
0.000000000000000000e+00 0.000000000000000000e+00 0.000000000000000000e+00 0.000000000000000000e+00 0.000000000000000000e+00 0.000000000000000000e+00 -1.210970813178595707e-08 -6.230417838525354901e-09 -1.097629263903638104e-08 -5.471391143395337127e-09 -5.898975914125288693e-09 -3.624329534715017803e-09 -1.484281494156824928e-09 -9.592610413292742140e-10 -3.278024034488745412e-10 -8.012293430312099872e-11 7.017172281202172705e-11 7.404393924267493433e-10 1.626991120700462755e-09 0.000000000000000000e+00
0.000000000000000000e+00 0.000000000000000000e+00 0.000000000000000000e+00 0.000000000000000000e+00 0.000000000000000000e+00 0.000000000000000000e+00 -1.873499806389775815e-08 -2.400045955168193190e-09 3.038615468221764633e-09 -2.260136059843527867e-09 9.161200870196627978e-10 3.229907165382873318e-10 5.251033675743428932e-10 3.952041972124016562e-11 6.365324200561031882e-11 1.679915896408855986e-12 5.327320480664800335e-09 7.747241960895010521e-10 1.586818690256666351e-09 0.000000000000000000e+00
0.000000000000000000e+00 0.000000000000000000e+00 0.000000000000000000e+00 0.000000000000000000e+00 0.000000000000000000e+00 0.000000000000000000e+00 -1.078194397748745796e-08 -3.896205091629995769e-09 -8.497008811883261568e-11 -1.026328070957582944e-09 -2.065289108252118846e-10 3.078556955011396453e-11 3.564308700986145875e-10 3.411934170220338829e-11 4.423844303261062628e-11 1.186025288534942666e-11 1.253573626232180228e-11 -7.857330399336399597e-11 1.045047386306231949e-06 0.000000000000000000e+00
0.000000000000000000e+00 0.000000000000000000e+00 0.000000000000000000e+00 0.000000000000000000e+00 0.000000000000000000e+00 0.000000000000000000e+00 -9.399453737835695530e-09 -2.952848668976669080e-09 3.362965489893250676e-09 1.411331193607774921e-10 1.706454551475087238e-09 1.184620949508340473e-09 9.333520619584331935e-10 3.132234707357673111e-10 1.724669796884918866e-10 6.616172433523837007e-11 -1.640967038942535387e-11 -3.029239303282714919e-10 1.238052556208648255e-06 0.000000000000000000e+00
0.000000000000000000e+00 0.000000000000000000e+00 0.000000000000000000e+00 0.000000000000000000e+00 0.000000000000000000e+00 0.000000000000000000e+00 -6.263696337687441093e-08 -7.398945048642568292e-08 -2.414188591248230474e-08 -2.910067763492444239e-08 -1.794205974290788691e-08 -1.210145368905241613e-08 -8.436378881574131895e-09 -3.757621190807522483e-09 -1.719692515423727838e-09 -3.304604723085496676e-10 4.734938406140856824e-10 5.653398754442490891e-09 -2.061083349704097305e-08 0.000000000000000000e+00
0.000000000000000000e+00 0.000000000000000000e+00 0.000000000000000000e+00 0.000000000000000000e+00 0.000000000000000000e+00 0.000000000000000000e+00 -6.333967329347227456e-08 -5.503847357810834579e-08 3.069479644653336219e-08 -9.310739865352039140e-09 -3.596730672144765108e-10 2.257441886330663153e-09 -6.599400104706213500e-10 6.649094201577736730e-10 4.411815871544966463e-10 3.348744933672200783e-11 -5.502344623269320436e-08 5.105403360743256775e-09 -2.089672887578263293e-08 0.000000000000000000e+00
0.000000000000000000e+00 0.000000000000000000e+00 0.000000000000000000e+00 0.000000000000000000e+00 0.000000000000000000e+00 0.000000000000000000e+00 -3.956212495774353529e-08 -2.788768766111354724e-08 2.388506357041118260e-08 -8.598304821092331228e-09 -5.392710915297505356e-10 5.396937031700771596e-11 -1.058193928914136822e-09 4.823146451441121035e-10 2.894339454687371955e-10 1.263673724636497330e-10 5.461279678916186428e-11 -2.963057078135796414e-09 -2.647003547545016231e-05 0.000000000000000000e+00
0.000000000000000000e+00 0.000000000000000000e+00 0.000000000000000000e+00 0.000000000000000000e+00 0.000000000000000000e+00 0.000000000000000000e+00 -3.282963265569212066e-08 -1.581942837772133461e-08 3.549328366351437181e-08 -2.826195073506916353e-09 4.227155966807779474e-09 3.929687321351888114e-09 1.314999171912268212e-09 1.697960380014030466e-09 1.021065409389919242e-09 4.121718369226783397e-10 -1.652392365333303233e-10 -4.397211176590130981e-09 -3.191136204006359131e-05 0.000000000000000000e+00
0.000000000000000000e+00 0.000000000000000000e+00 0.000000000000000000e+00 0.000000000000000000e+00 0.000000000000000000e+00 0.000000000000000000e+00 -3.287719990775141080e-09 -2.885730886105699598e-09 1.461403911020311347e-09 -2.984165804856484444e-10 -1.354527591769067490e-09 -6.570660409383978642e-10 -5.798663202304985614e-10 -4.452352703603807003e-10 -9.703689779316766362e-11 -2.935836300509986550e-10 -4.617499443006036918e-10 -3.095768082623563041e-08 1.671887257343804612e-05 0.000000000000000000e+00
0.000000000000000000e+00 0.000000000000000000e+00 0.000000000000000000e+00 0.000000000000000000e+00 0.000000000000000000e+00 0.000000000000000000e+00 -7.146692961031257455e-09 -3.635280730468990757e-09 4.646154518806748127e-09 -1.836513818066065332e-09 -6.735654868797843093e-10 -1.025612892687798071e-09 -9.971661687501632643e-10 -8.737909289599102017e-11 -3.418488467031722610e-10 -1.938004137550745724e-10 1.282854333278261177e-02 -3.465759704143788969e-08 1.671734238862388131e-05 0.000000000000000000e+00
0.000000000000000000e+00 0.000000000000000000e+00 0.000000000000000000e+00 0.000000000000000000e+00 0.000000000000000000e+00 0.000000000000000000e+00 -6.998614754789234251e-09 4.021095162458824096e-10 1.000501164154824826e-09 -4.981233065435958436e-11 -1.517714587026246509e-09 -2.787942166904341429e-10 -4.010088666268809449e-10 -1.877959060909215626e-10 -1.626547624093695892e-10 -2.392568957359912206e-10 -2.726575188723121495e-10 -5.723570950136037016e-08 -7.308462161928774492e+01 0.000000000000000000e+00
0.000000000000000000e+00 0.000000000000000000e+00 0.000000000000000000e+00 0.000000000000000000e+00 0.000000000000000000e+00 0.000000000000000000e+00 -6.667738261622431719e-09 6.693751492559766022e-10 6.128768497032176113e-10 -3.528620461572405869e-10 -1.561387693613418947e-09 -3.146581387918437929e-10 -3.579807749682727404e-10 -1.387603887002601506e-10 -2.871286521413783938e-10 -2.384982657047288050e-10 -2.043980104596220945e-10 -6.297398374203859099e-08 -8.894508037698696512e+01 0.000000000000000000e+00
