0.000000000000000000e+00 0.000000000000000000e+00 0.000000000000000000e+00 0.000000000000000000e+00 0.000000000000000000e+00 0.000000000000000000e+00 2.376746598863453258e-10 3.904536752958320615e-10 6.150092995215412732e-10 3.895908079652892236e-10 5.963461282111522770e-10 5.939187046169264268e-10 5.631804284315857002e-10 4.615291102334675643e-10 2.763258139298162496e-10 6.601826693244424647e-11 7.363032149847092377e-10 4.225408054714781581e-08 -6.242362567893361410e-08 0.000000000000000000e+00
0.000000000000000000e+00 0.000000000000000000e+00 0.000000000000000000e+00 0.000000000000000000e+00 0.000000000000000000e+00 0.000000000000000000e+00 2.660771634606474716e-11 8.086792320373023967e-11 1.231163696856752919e-10 7.121486232743395984e-11 1.112567638390334753e-10 8.007390235425879115e-11 6.893172984938987985e-11 8.340130665032532176e-11 1.361317096673806115e-10 2.863315060013975330e-10 9.509815521122037688e-04 4.253656709098290246e-08 -6.217762221403225021e-08 0.000000000000000000e+00
0.000000000000000000e+00 0.000000000000000000e+00 0.000000000000000000e+00 0.000000000000000000e+00 0.000000000000000000e+00 0.000000000000000000e+00 6.019487987949369221e-11 1.479168218008550063e-10 1.103292905649870145e-10 6.774219322472218242e-11 1.545335559033344258e-10 1.596232983711871325e-10 1.699201657741263641e-10 1.613742242096517080e-10 1.293017049822835530e-10 4.632429510418474794e-11 3.651109377631609282e-10 2.798253031936582478e-07 -2.965412251678103850e+00 0.000000000000000000e+00
0.000000000000000000e+00 0.000000000000000000e+00 0.000000000000000000e+00 0.000000000000000000e+00 0.000000000000000000e+00 0.000000000000000000e+00 2.901314919881790131e-11 9.639749162895753575e-11 6.359689841158271128e-11 3.762973655110896646e-11 9.218032335582561926e-11 9.081197487000807932e-11 1.045778632044565356e-10 1.018478892686134674e-10 8.393461117636167319e-11 3.333381332692493937e-11 2.147230245287654326e-10 4.277759241080067269e-07 -1.162278475009801326e+01 0.000000000000000000e+00
0.000000000000000000e+00 0.000000000000000000e+00 0.000000000000000000e+00 0.000000000000000000e+00 0.000000000000000000e+00 0.000000000000000000e+00 -1.445698000005990458e-10 -1.639811919026926667e-09 -1.332116941351195771e-09 -1.647410345723439743e-09 -1.369666731187221933e-09 -8.954298345123098904e-10 -6.559359662789455392e-10 -3.363076776097899185e-10 -1.616035887874052641e-10 -3.417387391603104492e-11 8.670542760214062778e-11 4.483608459653626653e-10 4.067767886549554669e-11 0.000000000000000000e+00
0.000000000000000000e+00 0.000000000000000000e+00 0.000000000000000000e+00 0.000000000000000000e+00 0.000000000000000000e+00 0.000000000000000000e+00 2.896764208271922994e-10 -1.157977219141911566e-09 -1.068503386684654921e-09 8.438879864914027023e-10 -2.177324866733156169e-10 -1.089440906710448659e-10 -3.961549419257295012e-11 -7.308719680278273937e-11 -5.858038171885227679e-11 -7.213966653560771543e-11 1.205830904150228424e-09 4.405385252883459653e-10 4.127295217132576610e-11 0.000000000000000000e+00
0.000000000000000000e+00 0.000000000000000000e+00 0.000000000000000000e+00 0.000000000000000000e+00 0.000000000000000000e+00 0.000000000000000000e+00 7.871051315533743660e-10 1.074209671523537295e-10 -9.809449029994624044e-10 7.393730888541370659e-12 -4.972955939300106010e-10 -3.057450373304098012e-10 -2.476887405609970671e-10 -1.620589665361599824e-10 -7.722357162321767985e-11 -2.524093889917372801e-11 4.132186355020553885e-11 1.365174299732668024e-10 -1.169937869046534883e-07 0.000000000000000000e+00
0.000000000000000000e+00 0.000000000000000000e+00 0.000000000000000000e+00 0.000000000000000000e+00 0.000000000000000000e+00 0.000000000000000000e+00 9.331386808118718347e-10 1.911722028280768776e-10 -8.960152250886734529e-10 3.618786780056770128e-10 -2.943537817546373915e-10 -1.526351570370186249e-10 -1.258516709177855096e-10 -9.837118727331493600e-11 -3.358696822555938816e-11 -7.215430595415167304e-12 1.549505299871028529e-11 4.711720997661866696e-11 -1.822500619406913029e-07 0.000000000000000000e+00
0.000000000000000000e+00 0.000000000000000000e+00 0.000000000000000000e+00 0.000000000000000000e+00 0.000000000000000000e+00 0.000000000000000000e+00 3.462107012198552461e-10 -1.149594067345975466e-08 -1.144148906241385272e-08 -2.535155114126372385e-09 -5.432766767587538839e-09 -1.234593810559676594e-09 -1.202705676918601531e-09 -3.639594596845448258e-11 -4.866885593989605866e-11 -2.473574553272576245e-11 8.358559586347294457e-11 4.835929390229947980e-10 -1.148557064087995187e-09 0.000000000000000000e+00
0.000000000000000000e+00 0.000000000000000000e+00 0.000000000000000000e+00 0.000000000000000000e+00 0.000000000000000000e+00 0.000000000000000000e+00 2.772605512644139551e-09 -5.142746099450706007e-09 -2.591749227398363068e-09 9.538489301590175727e-10 -1.656883494018537101e-09 4.582586871847896681e-10 1.725144366327666236e-11 7.488103897550786667e-12 -1.102106410542438372e-11 -3.704472425325958329e-11 5.028839206549726529e-08 4.270822879738135453e-10 -1.167205032667321984e-09 0.000000000000000000e+00
0.000000000000000000e+00 0.000000000000000000e+00 0.000000000000000000e+00 0.000000000000000000e+00 0.000000000000000000e+00 0.000000000000000000e+00 7.504980932409046153e-09 -4.031542643505311944e-09 -3.266084352708273798e-09 5.049312549525405533e-10 -2.431526827297037547e-09 -2.692763170006244564e-10 -3.461072244727063789e-10 3.003615560965778380e-11 -1.362430794925130397e-11 -1.535312665367575569e-11 5.479871076597839070e-11 2.426397274889044656e-09 -9.729161726505435812e-07 0.000000000000000000e+00
0.000000000000000000e+00 0.000000000000000000e+00 0.000000000000000000e+00 0.000000000000000000e+00 0.000000000000000000e+00 0.000000000000000000e+00 8.296735517768373757e-09 -2.766817234162198753e-09 -1.386125769285380704e-09 1.102149871202697247e-09 -1.713698682343184196e-09 2.125702403565927852e-11 -1.089450546526999781e-10 4.842742915555280376e-11 -8.572905487766740797e-13 3.262448100431873312e-12 4.145418078259544725e-11 2.965722708917550051e-09 -7.793026455252198879e-07 0.000000000000000000e+00
0.000000000000000000e+00 0.000000000000000000e+00 0.000000000000000000e+00 0.000000000000000000e+00 0.000000000000000000e+00 0.000000000000000000e+00 -1.056378548771044094e-09 1.909962587652265791e-10 -3.355939765729723414e-10 -4.406316784105228690e-10 3.734505073909066702e-12 -2.782600795235645028e-11 -1.448556027877862768e-10 -1.918190595475158584e-10 -1.472310132007920724e-10 -4.814517701922363636e-11 -3.711297051782429655e-10 -4.494113173606338479e-09 -5.684922300603806575e-07 0.000000000000000000e+00
0.000000000000000000e+00 0.000000000000000000e+00 0.000000000000000000e+00 0.000000000000000000e+00 0.000000000000000000e+00 0.000000000000000000e+00 -2.116294098290126274e-09 1.312222526165474552e-09 -9.871032609001322333e-10 -6.611261103426188422e-10 -3.529698868119919439e-10 -5.954437053181537750e-11 -1.740759382705865230e-10 -1.445000434694773402e-10 -9.893597836986985708e-11 -2.864858754138751482e-11 -5.346312074982733330e-03 -5.018032278127454702e-09 -5.647654302071680990e-07 0.000000000000000000e+00
0.000000000000000000e+00 0.000000000000000000e+00 0.000000000000000000e+00 0.000000000000000000e+00 0.000000000000000000e+00 0.000000000000000000e+00 -1.021445030778940278e-09 8.012064008651489857e-10 -4.589357515991077925e-10 -4.360631729275475416e-10 -4.547518970910905472e-11 -1.041325218302010186e-10 -1.141736250458844942e-10 -1.617307135005434916e-10 -1.691864749991983071e-10 -5.490152905766363580e-11 -2.411486395034111462e-10 1.372920339847384890e-06 -2.530462809040018968e+01 0.000000000000000000e+00
0.000000000000000000e+00 0.000000000000000000e+00 0.000000000000000000e+00 0.000000000000000000e+00 0.000000000000000000e+00 0.000000000000000000e+00 -1.174993706668678641e-09 1.028055312919260029e-09 -5.001076534360887413e-10 -4.599230272536637455e-10 -9.485316748049237705e-11 -1.398584682826233588e-10 -1.286934034256243401e-10 -1.614167372682274470e-10 -1.819490641941658937e-10 -6.261655275247097728e-11 -1.936264537113502485e-10 2.241995125724475627e-06 -1.125511421673643611e+02 0.000000000000000000e+00
