0.000000000000000000e+00 0.000000000000000000e+00 0.000000000000000000e+00 0.000000000000000000e+00 0.000000000000000000e+00 0.000000000000000000e+00 2.253951379317803886e-10 3.363166778658086509e-10 2.563231221247983215e-10 3.009972893543093478e-10 2.849672813321558484e-10 2.101521483065358597e-10 1.958256191355499787e-10 1.800514816615593404e-10 8.713432655500690364e-11 1.055113510834040562e-10 2.925635345333270330e-10 4.362813490385294472e-08 2.112671258843201435e-07 0.000000000000000000e+00
0.000000000000000000e+00 0.000000000000000000e+00 0.000000000000000000e+00 0.000000000000000000e+00 0.000000000000000000e+00 0.000000000000000000e+00 3.213299980615996514e-11 4.157469459716313952e-11 7.092822009171790351e-11 8.151800736338411351e-11 9.496606021170817598e-11 8.978548836455033558e-11 6.990908441430868226e-11 5.440154187358965051e-11 8.553142490372513628e-11 4.764609852637407175e-10 1.184900340763198924e-03 4.391820297706965852e-08 2.112332337176712642e-07 0.000000000000000000e+00
0.000000000000000000e+00 0.000000000000000000e+00 0.000000000000000000e+00 0.000000000000000000e+00 0.000000000000000000e+00 0.000000000000000000e+00 2.813863287976969070e-11 2.421731879539731965e-11 2.322908173756381933e-11 4.570439002507138765e-11 5.245295412659781782e-11 5.629203101088255916e-11 7.082950630441367283e-11 6.155623322823043551e-11 7.292898160457849056e-11 1.064028983428603747e-10 3.577419251940507718e-10 1.074605346320308438e-06 2.714694646614210782e+00 0.000000000000000000e+00
0.000000000000000000e+00 0.000000000000000000e+00 0.000000000000000000e+00 0.000000000000000000e+00 0.000000000000000000e+00 0.000000000000000000e+00 1.152249504412044241e-11 1.370940239325317353e-11 1.811863867556438726e-11 3.180189280240061699e-11 4.567612113557052176e-11 6.053644482296312312e-11 7.260351426065625553e-11 5.647278698366091423e-11 7.998104463162203569e-11 1.156504730801071991e-10 4.348189083503839562e-10 1.612420206536837453e-06 8.040751301627587111e+00 0.000000000000000000e+00
0.000000000000000000e+00 0.000000000000000000e+00 0.000000000000000000e+00 0.000000000000000000e+00 0.000000000000000000e+00 0.000000000000000000e+00 2.767510156032726163e-10 -5.536988107978908025e-10 -2.180000076470102548e-09 -1.364661216986662275e-09 -1.158989759338410309e-09 -5.621282758390924991e-10 -3.848292155317166316e-10 -2.222661543810241424e-10 -1.133441029939609383e-10 -1.207445569568367157e-11 5.077894975196030909e-11 2.998514707479547391e-10 -3.203597804605510120e-11 0.000000000000000000e+00
0.000000000000000000e+00 0.000000000000000000e+00 0.000000000000000000e+00 0.000000000000000000e+00 0.000000000000000000e+00 0.000000000000000000e+00 -2.214618452057959212e-10 -7.629925713551674551e-10 2.113781116894218496e-10 2.748172056642285615e-10 -1.042458388026775357e-10 -1.508320002893992722e-10 -1.871005309258110191e-11 -3.129313340346041509e-11 -4.010683037268763041e-11 -2.713964668802615582e-11 -1.566429390843767145e-09 2.936305374599460681e-10 -3.186652842857898819e-11 0.000000000000000000e+00
0.000000000000000000e+00 0.000000000000000000e+00 0.000000000000000000e+00 0.000000000000000000e+00 0.000000000000000000e+00 0.000000000000000000e+00 3.280500402156098526e-11 -3.314258307625807499e-10 -2.820549803610268334e-10 -2.187819406171975327e-10 -2.975484630982714550e-10 -1.206583025805599850e-10 -1.404359768377866824e-10 -8.314712758933243444e-11 -4.461882743943788925e-11 -6.480514156407183699e-12 2.025394028444164165e-11 -1.769469779986414211e-11 1.395964146381954598e-07 0.000000000000000000e+00
0.000000000000000000e+00 0.000000000000000000e+00 0.000000000000000000e+00 0.000000000000000000e+00 0.000000000000000000e+00 0.000000000000000000e+00 -4.118173881438208176e-11 -4.011705922356668602e-10 1.368018554237918214e-10 5.964736261893718041e-11 -9.972693782769379759e-11 -3.199439916810478538e-11 -6.481070310512133595e-11 -3.592450774155002358e-11 -1.134741255137380066e-11 3.803955443170861161e-12 3.700336187880163590e-12 -9.619785963476630420e-11 2.801385930750267347e-07 0.000000000000000000e+00
0.000000000000000000e+00 0.000000000000000000e+00 0.000000000000000000e+00 0.000000000000000000e+00 0.000000000000000000e+00 0.000000000000000000e+00 2.791411188152684946e-09 -4.775946438569026031e-09 -1.182754491457996715e-08 -4.939213862256476516e-09 -2.904708411469224289e-09 -1.356862218817457396e-09 -4.750093336617320233e-10 -5.433914407976747582e-11 -1.950172605667524488e-10 -3.810112902420520008e-11 3.498477869910289753e-11 2.347789946772253983e-10 2.897592512762097238e-10 0.000000000000000000e+00
0.000000000000000000e+00 0.000000000000000000e+00 0.000000000000000000e+00 0.000000000000000000e+00 0.000000000000000000e+00 0.000000000000000000e+00 -4.571606031944550237e-09 -5.217554716088564778e-09 7.618267145257870658e-10 -2.077586225421031941e-11 -1.300094462815116709e-09 -7.398610692852599888e-10 1.359870203565357811e-10 3.352725828500895092e-11 -1.295820580774247182e-10 -6.725855272909637890e-11 -1.640553353406579570e-08 2.350357133329836725e-10 2.931926518618616167e-10 0.000000000000000000e+00
0.000000000000000000e+00 0.000000000000000000e+00 0.000000000000000000e+00 0.000000000000000000e+00 0.000000000000000000e+00 0.000000000000000000e+00 -6.679087775251027659e-10 -2.705240118293189914e-09 -1.911241275331227211e-09 -1.076877038519065829e-09 -1.428311755227973524e-09 -6.815373555509638202e-10 -4.397679046283932291e-11 3.564658354436941529e-11 -1.007904870836583056e-10 -2.561637865789273079e-11 2.128536242051770443e-11 -2.930670859415243979e-09 1.640274389374253563e-07 0.000000000000000000e+00
0.000000000000000000e+00 0.000000000000000000e+00 0.000000000000000000e+00 0.000000000000000000e+00 0.000000000000000000e+00 0.000000000000000000e+00 -1.795828427623739671e-09 -2.577598559262109468e-09 1.506741077482458758e-10 -2.188513383223287189e-10 -1.075408151917863477e-09 -5.084720991281548917e-10 7.606645577677453079e-11 4.492925846926261012e-11 -6.402383653787652629e-11 -1.683315577347349485e-11 1.439417049207891374e-11 -3.555700164489460658e-09 -3.174339676234368905e-07 0.000000000000000000e+00
0.000000000000000000e+00 0.000000000000000000e+00 0.000000000000000000e+00 0.000000000000000000e+00 0.000000000000000000e+00 0.000000000000000000e+00 -4.744007158756668547e-10 3.239779137122076572e-10 4.358042062479054172e-11 -1.454015426722567746e-10 -1.968158749924120416e-10 1.237556319790092642e-10 -1.526487927725492733e-10 -9.709797587210914094e-11 -8.909236131203744468e-11 -1.494485497092186561e-13 -2.288708066440037863e-10 9.054164229018790203e-09 -8.038842068683776811e-07 0.000000000000000000e+00
0.000000000000000000e+00 0.000000000000000000e+00 0.000000000000000000e+00 0.000000000000000000e+00 0.000000000000000000e+00 0.000000000000000000e+00 -2.098431283689211548e-09 -1.015224273354788663e-10 -4.567410207829402131e-10 -4.472322166903916960e-11 -4.880691059942829819e-10 7.113747920380252814e-11 -4.466271535309479558e-11 -7.245621542736657969e-11 -8.699291997406589140e-11 9.117642423928049312e-11 -1.484986849896916851e-02 9.112610111639354414e-09 -7.995764353749752411e-07 0.000000000000000000e+00
0.000000000000000000e+00 0.000000000000000000e+00 0.000000000000000000e+00 0.000000000000000000e+00 0.000000000000000000e+00 0.000000000000000000e+00 -6.444892765494907408e-10 -2.017726454080279950e-11 -1.629232729021839155e-10 -1.329288157193707692e-12 2.964800991121031411e-11 4.195020198315981266e-11 3.035277003860448700e-11 -5.113955166092612721e-11 -9.268530027714042096e-11 -1.302389133478724999e-11 -1.252899848471225202e-10 1.866244649191173315e-06 -1.285240018086398450e+01 0.000000000000000000e+00
0.000000000000000000e+00 0.000000000000000000e+00 0.000000000000000000e+00 0.000000000000000000e+00 0.000000000000000000e+00 0.000000000000000000e+00 -6.892541004280057246e-10 -7.309516226208594462e-11 -2.323346104159275561e-10 -2.454672282172173082e-11 3.079823926384356812e-11 1.368166787062788092e-11 4.400159357345882980e-11 -4.684801639462691634e-11 -8.951683319305257364e-11 -2.406916507795499056e-11 -6.629852382910463488e-11 3.200476843838093426e-06 -7.082401516445783329e+01 0.000000000000000000e+00
