0.000000000000000000e+00 0.000000000000000000e+00 0.000000000000000000e+00 0.000000000000000000e+00 0.000000000000000000e+00 0.000000000000000000e+00 1.248736126761607701e-10 1.009040942913850788e-11 1.322481588254611806e-10 1.669153201367396406e-10 1.607434541481320687e-10 1.960499946280268964e-10 1.751460542177978387e-10 1.303792206270247813e-10 6.469944229106970453e-11 2.784690479962409444e-11 1.342295756059672150e-10 2.538913424402428895e-08 8.796693315758714925e-08 0.000000000000000000e+00
0.000000000000000000e+00 0.000000000000000000e+00 0.000000000000000000e+00 0.000000000000000000e+00 0.000000000000000000e+00 0.000000000000000000e+00 -3.157969943760503629e-11 7.394518026164314420e-11 2.817941031055929530e-11 1.723237914094149345e-11 5.205119256385882544e-11 4.132057381567448541e-11 3.904878488581189758e-11 2.711402325371745779e-11 3.348925973122426639e-11 9.102622079168870641e-11 3.390337993253322467e-04 2.528549004604980161e-08 8.799509986574491416e-08 0.000000000000000000e+00
0.000000000000000000e+00 0.000000000000000000e+00 0.000000000000000000e+00 0.000000000000000000e+00 0.000000000000000000e+00 0.000000000000000000e+00 1.086134221177196384e-11 3.601914036949473271e-11 1.363751749171182394e-11 3.408210235761479903e-11 3.560882958095736204e-11 4.253554918504010781e-11 4.755201744430345240e-11 3.766836976666352923e-11 3.345681107138498334e-11 2.590421658330416725e-11 8.441126460349426512e-11 1.062032632942933971e-06 2.826376052564663510e+00 0.000000000000000000e+00
0.000000000000000000e+00 0.000000000000000000e+00 0.000000000000000000e+00 0.000000000000000000e+00 0.000000000000000000e+00 0.000000000000000000e+00 1.690823556676207892e-11 4.911280359567254179e-11 8.146721684019158158e-12 2.268856736682463052e-11 2.758059420547232695e-11 2.576931248594934130e-11 3.616157382368453802e-11 2.948418213463063214e-11 3.222392280127413187e-11 2.909534804642893175e-11 9.347733340183184502e-11 1.576046564166574704e-06 1.138335525360108669e+01 0.000000000000000000e+00
0.000000000000000000e+00 0.000000000000000000e+00 0.000000000000000000e+00 0.000000000000000000e+00 0.000000000000000000e+00 0.000000000000000000e+00 -1.444228737344981076e-09 -2.188725464903687754e-09 -1.101680571831388547e-09 -1.422194539467912749e-09 -7.309604557915787456e-10 -6.663133803828325358e-10 -3.716309860033777153e-10 -1.969334903913223687e-10 -9.350158177713742797e-11 -1.423631260922667773e-11 5.044939482744118420e-11 2.874379058140113452e-10 2.912960976627942798e-11 0.000000000000000000e+00
0.000000000000000000e+00 0.000000000000000000e+00 0.000000000000000000e+00 0.000000000000000000e+00 0.000000000000000000e+00 0.000000000000000000e+00 1.455092773715604240e-09 2.175155861756456744e-09 -2.499577915780233753e-10 -3.914922173703581676e-10 2.467097301666625789e-10 -2.297216332133706850e-10 -6.789921393957295993e-12 4.810336492885629858e-13 -1.169613667121269135e-11 -2.207860352887990729e-11 4.565837340267346183e-09 2.796334014545551208e-10 2.936785843021679379e-11 0.000000000000000000e+00
0.000000000000000000e+00 0.000000000000000000e+00 0.000000000000000000e+00 0.000000000000000000e+00 0.000000000000000000e+00 0.000000000000000000e+00 2.736284101606535348e-10 7.247376751066072491e-10 -3.853181913453936234e-10 -5.484379203186109045e-10 -8.212550722921429652e-11 -2.645789744513796597e-10 -1.097725196433776807e-10 -5.355457123959489425e-11 -3.106445992193002483e-11 -7.040334368423667604e-12 1.946030620472734582e-11 1.149910053539815261e-10 9.099943239948029761e-08 0.000000000000000000e+00
0.000000000000000000e+00 0.000000000000000000e+00 0.000000000000000000e+00 0.000000000000000000e+00 0.000000000000000000e+00 0.000000000000000000e+00 7.831657048873149339e-10 1.342226954155025086e-09 -1.979614207338189078e-10 -3.471213089871101854e-10 6.030862776495049550e-11 -1.678470650729551065e-10 -3.520551989893067757e-11 -5.899263774511883675e-12 -1.416981533127285554e-12 4.503059766264838103e-12 2.486095616295377251e-12 6.670230335274401633e-11 1.807208412304238251e-07 0.000000000000000000e+00
0.000000000000000000e+00 0.000000000000000000e+00 0.000000000000000000e+00 0.000000000000000000e+00 0.000000000000000000e+00 0.000000000000000000e+00 -9.118457267473927724e-09 -9.651136450535656868e-09 -6.025208678307936744e-09 -5.845178791836625158e-09 -1.859336301034480316e-09 -1.632925447053279975e-09 -1.035940927531159364e-09 -2.316932557671323683e-10 3.785059716847255974e-11 -3.836916057759467493e-11 2.959112226816014099e-11 2.684306941890599717e-11 -2.028936645670096452e-10 0.000000000000000000e+00
0.000000000000000000e+00 0.000000000000000000e+00 0.000000000000000000e+00 0.000000000000000000e+00 0.000000000000000000e+00 0.000000000000000000e+00 1.318069505536633284e-08 8.487527282765261307e-09 1.181126710020237036e-09 -1.439481676987895744e-09 5.309456826770150595e-10 -2.128254468048923325e-10 5.413609715441281216e-11 -6.293786005733789518e-11 6.341140625653249063e-11 -5.108040541676051554e-11 8.150872852745537851e-09 2.159262972739238576e-11 -1.925787339472591984e-10 0.000000000000000000e+00
0.000000000000000000e+00 0.000000000000000000e+00 0.000000000000000000e+00 0.000000000000000000e+00 0.000000000000000000e+00 0.000000000000000000e+00 6.409156048365212148e-09 -7.740260759677976501e-11 -1.091089550345164726e-10 -2.409221755573147388e-09 -5.312293745446636411e-12 -4.981410001644269690e-10 -2.733261350267677451e-10 -1.181731311670392457e-10 7.164994077682556336e-11 -2.867704082836875931e-11 -3.137487144412463628e-11 -1.899746999253257383e-09 -1.290432237111096534e-06 0.000000000000000000e+00
0.000000000000000000e+00 0.000000000000000000e+00 0.000000000000000000e+00 0.000000000000000000e+00 0.000000000000000000e+00 0.000000000000000000e+00 9.895296487203044910e-09 2.818435031336108475e-09 1.154494216006573413e-09 -1.577007913832815930e-09 3.137863980564883817e-10 -2.600343018593011737e-10 -6.333848544309713987e-11 -7.898552297086343916e-11 7.943261303003418493e-11 -2.250490140573665139e-11 -4.762137124861858352e-11 -2.282933944959072955e-09 -2.785844156736380962e-06 0.000000000000000000e+00
0.000000000000000000e+00 0.000000000000000000e+00 0.000000000000000000e+00 0.000000000000000000e+00 0.000000000000000000e+00 0.000000000000000000e+00 -1.068011332971469795e-09 -6.411990572275122388e-10 4.161415392625874129e-10 -4.238024935791541612e-10 -4.899504076835599773e-11 1.414824417986339820e-10 -2.239533823330504057e-10 -1.277297834839806286e-10 -8.988595879391910384e-11 -3.916685247897447226e-11 -1.589353633610008136e-10 -2.511277480092480674e-08 -6.488623150458751273e-07 0.000000000000000000e+00
0.000000000000000000e+00 0.000000000000000000e+00 0.000000000000000000e+00 0.000000000000000000e+00 0.000000000000000000e+00 0.000000000000000000e+00 -2.382619479250025477e-09 3.773599620548444982e-10 2.707797918336961687e-10 -1.218089081345628588e-09 -8.779780343793247543e-10 2.030426461841291829e-10 -3.886383123886115938e-10 -1.456030142235367345e-10 -1.036056014952317193e-10 -2.820014184398300390e-11 -5.808336702886780778e-03 -2.279783424274634170e-08 -6.493983104052481854e-07 0.000000000000000000e+00
0.000000000000000000e+00 0.000000000000000000e+00 0.000000000000000000e+00 0.000000000000000000e+00 0.000000000000000000e+00 0.000000000000000000e+00 -1.541090984296819597e-09 -6.130333528540249220e-10 2.341632134809594714e-10 -2.877876231586341388e-10 -4.287275571439677167e-10 -1.523627715601890782e-10 -3.041131832850527780e-10 -1.184418555794734148e-10 -7.834009639044897372e-11 -3.896759454515218338e-11 -1.141014166810415172e-10 3.164282595374375539e-07 -1.188533051183537026e+01 0.000000000000000000e+00
0.000000000000000000e+00 0.000000000000000000e+00 0.000000000000000000e+00 0.000000000000000000e+00 0.000000000000000000e+00 0.000000000000000000e+00 -1.643731394537630005e-09 -5.182307151875786708e-10 1.995392515853709854e-10 -3.407545088032806544e-10 -5.301539002047040165e-10 -1.701845299047420794e-10 -3.498387403040848541e-10 -1.176193485705394411e-10 -8.577595567491907109e-11 -5.428840131826013352e-11 -1.002559161542539647e-10 4.418643985093429669e-07 -3.887213941198486822e+01 0.000000000000000000e+00
