0.000000000000000000e+00 0.000000000000000000e+00 0.000000000000000000e+00 0.000000000000000000e+00 0.000000000000000000e+00 0.000000000000000000e+00 2.515537528132812585e-10 1.266085615328217281e-10 2.154680604606783622e-10 1.023821739250325315e-10 1.289183285519161239e-10 1.911924535039296754e-10 1.591059279791445364e-10 1.133139661712063238e-10 6.544119126120385452e-11 2.255633345908934072e-11 1.799691666476587383e-10 2.408836998463896736e-08 4.258657305161609238e-08 0.000000000000000000e+00
0.000000000000000000e+00 0.000000000000000000e+00 0.000000000000000000e+00 0.000000000000000000e+00 0.000000000000000000e+00 0.000000000000000000e+00 2.653782469562169634e-10 7.714518093739924592e-11 4.220523395885986585e-11 7.478717912077952449e-11 4.946437298415100026e-11 7.191109769789616698e-11 4.450586441698049333e-11 3.588977116341577449e-11 4.740626898365748870e-11 1.214053957710749242e-10 5.806219964455676830e-04 2.451831603327716144e-08 4.277317058636715034e-08 0.000000000000000000e+00
0.000000000000000000e+00 0.000000000000000000e+00 0.000000000000000000e+00 0.000000000000000000e+00 0.000000000000000000e+00 0.000000000000000000e+00 2.172268834800536735e-10 6.576756601341456889e-11 3.637859538902349894e-11 4.775430636395590960e-11 3.390764196416580385e-11 5.819425105318303437e-11 6.311558330958901757e-11 4.730369821243707071e-11 3.470467335561442227e-11 1.876009307930942161e-11 1.006802073643174884e-10 6.796039943894014872e-07 4.590518068172020349e-01 0.000000000000000000e+00
0.000000000000000000e+00 0.000000000000000000e+00 0.000000000000000000e+00 0.000000000000000000e+00 0.000000000000000000e+00 0.000000000000000000e+00 1.993730363793986149e-10 5.866313008636434273e-11 2.063924821631147005e-11 4.132798634686449131e-11 2.535021122897779199e-11 4.249496136130605615e-11 5.014187183016232245e-11 3.721028483270179993e-11 2.747461940657903994e-11 1.670885061850921490e-11 7.277044229683435190e-11 1.001267695881567614e-06 1.803131107356209739e+00 0.000000000000000000e+00
0.000000000000000000e+00 0.000000000000000000e+00 0.000000000000000000e+00 0.000000000000000000e+00 0.000000000000000000e+00 0.000000000000000000e+00 -6.295513937883549713e-09 -1.538549082127546444e-09 -2.765493372056038114e-09 -7.910244911471804664e-10 -6.442410802508754977e-10 -7.581911460910742627e-10 -3.272761972319352156e-10 -1.660225539074459340e-10 -8.229878829322240960e-11 -1.601829839223792777e-11 5.118833338804344735e-11 2.760680474059414446e-10 8.363055173513730268e-12 0.000000000000000000e+00
0.000000000000000000e+00 0.000000000000000000e+00 0.000000000000000000e+00 0.000000000000000000e+00 0.000000000000000000e+00 0.000000000000000000e+00 -7.610977335716507914e-09 -1.363051341291416847e-09 7.892215269423946758e-10 -4.240428780184616251e-12 1.845251852375891365e-10 5.557612234940435506e-11 -5.808128998431524962e-11 -2.226450875459494882e-11 -1.814262276161971794e-11 -3.248484380099569132e-11 -1.465927062940083058e-09 2.732552004610675944e-10 8.490124755906281712e-12 0.000000000000000000e+00
0.000000000000000000e+00 0.000000000000000000e+00 0.000000000000000000e+00 0.000000000000000000e+00 0.000000000000000000e+00 0.000000000000000000e+00 -5.871149006812840293e-09 -1.420313346801550509e-09 -5.405087980797867082e-10 -1.193526330677467592e-10 -9.215565276625640063e-11 -2.435992343392540933e-10 -1.500008451921321510e-10 -6.422183708946588364e-11 -3.166103540493825567e-11 -9.906778879055143575e-12 2.256038803846651434e-11 9.733316544367355945e-11 1.403814363093120122e-07 0.000000000000000000e+00
0.000000000000000000e+00 0.000000000000000000e+00 0.000000000000000000e+00 0.000000000000000000e+00 0.000000000000000000e+00 0.000000000000000000e+00 -5.697662294802480785e-09 -1.309692447424221413e-09 -5.073128591976902015e-11 1.918268009863944103e-11 6.682943669312826628e-11 -9.687683609274786037e-11 -9.156090351339590543e-11 -2.651502221726113156e-11 -5.889999939856662313e-12 1.157973792893158350e-12 6.191134570268360400e-12 5.485006364419691393e-11 2.648481165321920589e-07 0.000000000000000000e+00
0.000000000000000000e+00 0.000000000000000000e+00 0.000000000000000000e+00 0.000000000000000000e+00 0.000000000000000000e+00 0.000000000000000000e+00 -1.159662329213735404e-08 -4.514476277490357058e-09 -1.436565234284449918e-08 -4.643336388069317914e-09 -1.791186901784108370e-09 -1.595096667278985090e-09 -7.120240935862071236e-10 -5.810766130883436402e-11 -9.813227397839986713e-11 -6.036967311291652640e-12 -4.092422176562314287e-11 -5.700360163286266605e-10 -1.268021071404459768e-09 0.000000000000000000e+00
0.000000000000000000e+00 0.000000000000000000e+00 0.000000000000000000e+00 0.000000000000000000e+00 0.000000000000000000e+00 0.000000000000000000e+00 -1.296629918788435292e-08 -8.878202353167477363e-09 2.949190220351090582e-09 -2.325463005934377428e-09 6.640986995692497402e-10 -2.566191051918143777e-10 -1.015712335197222177e-10 6.629377024151540317e-11 1.106491996983728717e-11 -6.934252656041418393e-12 3.572227464041518979e-08 -5.536664029579501029e-10 -1.262005681149809441e-09 0.000000000000000000e+00
0.000000000000000000e+00 0.000000000000000000e+00 0.000000000000000000e+00 0.000000000000000000e+00 0.000000000000000000e+00 0.000000000000000000e+00 -1.242288874401010551e-08 -4.136155435397133493e-09 -4.016171089897637530e-09 -2.324913508364001058e-09 -2.109307077178798517e-10 -6.558685246206572208e-10 -2.870126950093229307e-10 4.413789955577219527e-11 -2.889028925109632496e-11 1.181247321814652377e-12 -4.035495210519632985e-11 -3.085761448840305964e-09 -6.624905531881973199e-07 0.000000000000000000e+00
0.000000000000000000e+00 0.000000000000000000e+00 0.000000000000000000e+00 0.000000000000000000e+00 0.000000000000000000e+00 0.000000000000000000e+00 -1.237937960928966323e-08 -4.043763963682874815e-09 -1.623850088350798024e-09 -1.602745546527583160e-09 1.793770545026076298e-10 -3.700607949639484571e-10 -1.650654743946582259e-10 7.002950583793252071e-11 -6.057494039348731886e-12 1.068614665051962063e-11 -3.276006069776910485e-11 -3.644397710421956290e-09 -8.427047709640989760e-07 0.000000000000000000e+00
0.000000000000000000e+00 0.000000000000000000e+00 0.000000000000000000e+00 0.000000000000000000e+00 0.000000000000000000e+00 0.000000000000000000e+00 -9.732180436813189586e-10 -1.523837466855960610e-09 1.371773921883286094e-10 -2.096881355536792281e-10 2.268222626951894173e-10 -1.409545808533971192e-11 -1.234016917248859347e-10 -9.597639213306745855e-11 -1.869806036113601654e-11 -6.453468925898455784e-11 -2.440029972103467328e-10 -1.486292711096292284e-08 1.029972689508854214e-06 0.000000000000000000e+00
0.000000000000000000e+00 0.000000000000000000e+00 0.000000000000000000e+00 0.000000000000000000e+00 0.000000000000000000e+00 0.000000000000000000e+00 -1.340876844416642384e-09 -2.358563488397313789e-09 -1.125344820873240102e-10 -1.458428029037454445e-10 -4.455787681282299398e-10 -8.282082581085323953e-11 -1.313312083363587270e-10 -2.312301134066537957e-10 -8.280784602523004924e-11 -6.476352997630592835e-11 -5.700034620319294719e-03 -1.567945917749427018e-08 1.028019273661656901e-06 0.000000000000000000e+00
0.000000000000000000e+00 0.000000000000000000e+00 0.000000000000000000e+00 0.000000000000000000e+00 0.000000000000000000e+00 0.000000000000000000e+00 -7.810295047240597937e-10 -1.110364261410811576e-09 -1.511691107536649064e-10 -1.411682066130135746e-10 -3.322417183076339024e-11 -1.579697712517154567e-10 -7.384144503019635842e-11 -1.764637502413615935e-10 -6.187487303129265999e-11 -6.345156435748973713e-11 -1.843449058464518152e-10 2.109070038487233949e-07 -7.832861746151090765e-01 0.000000000000000000e+00
0.000000000000000000e+00 0.000000000000000000e+00 0.000000000000000000e+00 0.000000000000000000e+00 0.000000000000000000e+00 0.000000000000000000e+00 -6.612640935908093099e-10 -1.117851184245115414e-09 -2.036000520421523010e-10 -1.108926982980688318e-10 -1.115936280869171013e-10 -1.900497514557881213e-10 -8.781604921626087880e-11 -2.062633036146729185e-10 -8.808494778945463722e-11 -7.260804323072342978e-11 -1.695009902993087897e-10 5.036124434609333755e-07 -3.471980348472959577e+01 0.000000000000000000e+00
