0.000000000000000000e+00 0.000000000000000000e+00 0.000000000000000000e+00 0.000000000000000000e+00 0.000000000000000000e+00 0.000000000000000000e+00 1.857375025360792781e-12 1.775911323539766968e-11 3.110300911165920752e-12 5.231311942351786846e-12 3.452040645167296905e-12 6.522532038259591355e-12 6.994802273443316106e-12 5.809668102298020365e-12 3.654374979798129353e-12 1.078835946168343054e-12 4.174492282634234472e-12 1.438926963892490088e-09 6.092553345493396237e-07 0.000000000000000000e+00
0.000000000000000000e+00 0.000000000000000000e+00 0.000000000000000000e+00 0.000000000000000000e+00 0.000000000000000000e+00 0.000000000000000000e+00 1.068698757106162599e-13 3.823855709566823379e-12 -4.792463282059483909e-12 8.291991534029063888e-13 -3.672242750426617678e-13 9.865543135700782183e-13 1.378652804948198047e-12 8.831609972048511082e-13 4.050797769227926409e-13 2.484546489913041289e-12 -6.007732180670453303e-08 1.598654255610728630e-09 6.091159551572361903e-07 0.000000000000000000e+00
0.000000000000000000e+00 0.000000000000000000e+00 0.000000000000000000e+00 0.000000000000000000e+00 0.000000000000000000e+00 0.000000000000000000e+00 1.855511863967353684e-12 2.655135411544486951e-12 -6.207189639438894111e-13 8.511725745166641603e-13 5.163895450589999131e-13 1.154269587291272052e-12 2.100685603936927647e-12 1.533370202952621674e-12 1.121887084162811019e-12 3.806376430543818325e-13 1.471378271127415780e-12 1.005679891958742092e-09 3.943726061441740427e+00 0.000000000000000000e+00
0.000000000000000000e+00 0.000000000000000000e+00 0.000000000000000000e+00 0.000000000000000000e+00 0.000000000000000000e+00 0.000000000000000000e+00 4.519209795719684826e-12 2.031075705806866270e-12 -2.859528246374012823e-14 1.210049881612340056e-12 1.774074131053102837e-12 2.667429829380755769e-12 3.339148651763957398e-12 2.415401783729727135e-12 1.538548622513008945e-12 4.592393786916977971e-13 1.776078857658389485e-12 1.703072002315928915e-09 5.809625603003413907e+00 0.000000000000000000e+00
0.000000000000000000e+00 0.000000000000000000e+00 0.000000000000000000e+00 0.000000000000000000e+00 0.000000000000000000e+00 0.000000000000000000e+00 -4.751670543681722919e-10 -2.878774336533301536e-10 -8.325087300660210908e-10 -2.186832253091818198e-10 -2.748679443810128371e-10 -1.857587521130736157e-10 -7.048678991878852100e-11 -4.578299609415387201e-11 -2.591919253595301291e-11 -8.470174328913795898e-12 7.407839341885760569e-12 5.780754644574627778e-11 1.035648360460262055e-10 0.000000000000000000e+00
0.000000000000000000e+00 0.000000000000000000e+00 0.000000000000000000e+00 0.000000000000000000e+00 0.000000000000000000e+00 0.000000000000000000e+00 -4.610565728476960171e-11 2.848241700246752323e-10 -6.759709542704405631e-10 9.166222325519115836e-11 -1.350017145873730622e-10 -9.345290429317401251e-11 -1.384126166930059117e-11 -4.254925947015587290e-12 -4.748046805791033226e-12 -6.384616132062987174e-12 4.141642586387361287e-12 6.355083696780403810e-11 1.041549966569321977e-10 0.000000000000000000e+00
0.000000000000000000e+00 0.000000000000000000e+00 0.000000000000000000e+00 0.000000000000000000e+00 0.000000000000000000e+00 0.000000000000000000e+00 -2.703042402579073392e-11 7.267443476534704588e-11 -6.508209544849550060e-10 -3.148613266930349993e-12 -1.559276746888563036e-10 -7.176597611936542429e-11 -1.501712249990879037e-11 -1.313162018590325813e-11 -1.064344898904484792e-11 -3.131785742837993080e-12 2.956693992998004450e-12 7.012302150960420050e-12 -2.464999928419048124e-08 0.000000000000000000e+00
0.000000000000000000e+00 0.000000000000000000e+00 0.000000000000000000e+00 0.000000000000000000e+00 0.000000000000000000e+00 0.000000000000000000e+00 1.302302589246404598e-10 2.427999685961065827e-10 -5.356545199263552617e-10 8.281626671600673144e-11 -9.125567592991176055e-11 -2.343516287595721813e-11 7.689464751361661415e-12 1.323430107302879152e-12 -3.652880731389736472e-12 -3.506897254406114917e-13 -1.424123255149541113e-13 -7.535758792557456884e-12 -2.981275489618264085e-08 0.000000000000000000e+00
0.000000000000000000e+00 0.000000000000000000e+00 0.000000000000000000e+00 0.000000000000000000e+00 0.000000000000000000e+00 0.000000000000000000e+00 -4.749059898972684803e-09 -3.595731234373071305e-09 -2.859001682313567707e-09 -2.582040511424874859e-10 -8.456929387338111330e-10 -8.001732844281522492e-10 -2.107735616688030486e-10 -1.038085056635368461e-10 -7.621083670225520064e-11 -2.610400037036036541e-11 1.623857085852080771e-11 3.547164422878701673e-10 3.221475052612241750e-10 0.000000000000000000e+00
0.000000000000000000e+00 0.000000000000000000e+00 0.000000000000000000e+00 0.000000000000000000e+00 0.000000000000000000e+00 0.000000000000000000e+00 -1.693436942189872901e-09 1.119982704091170506e-09 -2.697276298141801284e-09 2.118434111586131233e-10 -8.435542193385722982e-11 -3.330192671428233577e-10 -1.089814669603315795e-10 -3.623416850113211181e-12 -3.051106134803341063e-11 -3.905046332008378642e-11 -2.087729298985356914e-10 3.680238691479166602e-10 3.338543490785629643e-10 0.000000000000000000e+00
0.000000000000000000e+00 0.000000000000000000e+00 0.000000000000000000e+00 0.000000000000000000e+00 0.000000000000000000e+00 0.000000000000000000e+00 -1.524837687820155879e-09 3.727614482809055305e-11 -1.930871087048807829e-09 -1.378685741879016520e-10 -1.829014338651353844e-10 -3.048787900333523077e-10 -8.573207051458946320e-11 1.557072945034586845e-11 -2.181914491170539676e-11 -2.130687655222231786e-11 -1.277063628353280430e-12 1.342143078886730958e-10 8.039636632553622822e-07 0.000000000000000000e+00
0.000000000000000000e+00 0.000000000000000000e+00 0.000000000000000000e+00 0.000000000000000000e+00 0.000000000000000000e+00 0.000000000000000000e+00 -4.030350828691229893e-10 1.560230748809907676e-09 -1.632519947448685114e-09 -2.232377891478428047e-11 1.254778294699777059e-10 -8.481537826459074569e-11 -3.719172268758059933e-11 5.380096137512560320e-11 -3.665192030110866695e-12 -1.893578413556855052e-11 -1.276721303078844293e-11 5.486831633526846836e-11 9.908239555552903167e-07 0.000000000000000000e+00
0.000000000000000000e+00 0.000000000000000000e+00 0.000000000000000000e+00 0.000000000000000000e+00 0.000000000000000000e+00 0.000000000000000000e+00 4.194569035121869724e-10 2.738010943001615092e-10 1.561143744503777189e-11 1.480867622709920275e-11 9.019000617480096162e-11 -1.836456228171929430e-11 -4.067566668159773210e-12 -5.744912372713480291e-12 -1.019119005789384067e-11 -1.552112521984482725e-11 -3.703178863996098439e-11 -1.365084363806316038e-09 -3.800009240933908134e-07 0.000000000000000000e+00
0.000000000000000000e+00 0.000000000000000000e+00 0.000000000000000000e+00 0.000000000000000000e+00 0.000000000000000000e+00 0.000000000000000000e+00 9.295463497924817206e-10 3.568340485634859356e-10 -1.895502236469719880e-10 -1.486256110219022573e-10 -1.237566875359766423e-10 -1.078625936049393547e-10 -5.428577301539909493e-11 -1.427965471952789646e-11 -1.051400934293545143e-11 1.095670583776394963e-10 -1.193185869702130335e-05 -1.737154685659658783e-09 -3.805522315357414002e-07 0.000000000000000000e+00
0.000000000000000000e+00 0.000000000000000000e+00 0.000000000000000000e+00 0.000000000000000000e+00 0.000000000000000000e+00 0.000000000000000000e+00 4.491583335487615611e-10 2.533676419852867790e-10 3.605779648879592554e-12 3.721853382860294463e-11 9.968670086014255970e-11 -3.130113277993139547e-11 -1.323785011683783555e-11 -1.165973633829581567e-11 -1.086064756826562374e-11 -1.958577825293200749e-11 -2.437798135515722259e-11 -1.079331539401057718e-10 -3.179571053257767677e+00 0.000000000000000000e+00
0.000000000000000000e+00 0.000000000000000000e+00 0.000000000000000000e+00 0.000000000000000000e+00 0.000000000000000000e+00 0.000000000000000000e+00 4.415683916133417727e-10 2.527429330611738880e-10 4.334956130959393767e-12 2.960288466427364390e-11 8.287791525146438677e-11 -4.629566268291364559e-11 -2.318264765516774245e-11 -1.442454898439310617e-11 -1.360889405983183978e-11 -2.209670400060067896e-11 -1.719734942158827427e-11 4.351162728550814782e-10 -4.383803678394927239e+00 0.000000000000000000e+00
