0.000000000000000000e+00 0.000000000000000000e+00 0.000000000000000000e+00 0.000000000000000000e+00 0.000000000000000000e+00 0.000000000000000000e+00 -1.078715544155803383e-10 3.183695794616104196e-12 -1.847784943754543369e-11 -1.383945655842197869e-11 -9.399717473099703211e-12 -1.896512670639018481e-12 1.236371572958471812e-12 1.291569284357666375e-13 -9.399622768427843920e-13 -1.580564472087527396e-12 -5.236124063503348303e-13 6.206125728508387548e-10 -2.431791785185994362e-07 0.000000000000000000e+00
0.000000000000000000e+00 0.000000000000000000e+00 0.000000000000000000e+00 0.000000000000000000e+00 0.000000000000000000e+00 0.000000000000000000e+00 1.601377777736933969e-12 -3.316009575720898285e-12 -1.199242123940419664e-12 -2.935363958626352360e-12 -3.755477862952370906e-12 -4.664265792942049389e-12 -2.862899865188787911e-12 -3.336768511767350700e-12 -4.552090789874271995e-12 -1.165559206691234642e-10 8.357686053484556374e-08 5.849323683827158804e-10 -2.440020667705570867e-07 0.000000000000000000e+00
0.000000000000000000e+00 0.000000000000000000e+00 0.000000000000000000e+00 0.000000000000000000e+00 0.000000000000000000e+00 0.000000000000000000e+00 -1.125440184913375090e-11 2.031422682202972220e-12 -2.069846072761385787e-12 -4.638809055352025331e-12 -2.394251686182313387e-12 -2.125628006536950450e-12 -2.093667201625345182e-12 -2.904467157964483903e-12 -2.511650029797081815e-12 -2.232233449422647363e-12 -2.547591145915226140e-12 -1.996620983133740560e-09 -1.496119630225495101e+00 0.000000000000000000e+00
0.000000000000000000e+00 0.000000000000000000e+00 0.000000000000000000e+00 0.000000000000000000e+00 0.000000000000000000e+00 0.000000000000000000e+00 -1.146783092569228812e-12 -1.479687200807013772e-12 2.292323189848619702e-12 -8.923198417664456188e-13 7.601367002872244764e-13 2.523519718646806971e-13 -2.891939469979755230e-13 -1.807081526476700845e-12 -2.172887804563116389e-12 -2.371678303107434910e-12 -2.946787590546372939e-12 -2.708623228561921499e-09 -3.182523701314430298e+00 0.000000000000000000e+00
0.000000000000000000e+00 0.000000000000000000e+00 0.000000000000000000e+00 0.000000000000000000e+00 0.000000000000000000e+00 0.000000000000000000e+00 -5.597338485227071005e-10 3.977436407698687791e-10 -7.848702955393396168e-10 7.602012174192885667e-11 -2.547189697703458531e-10 -1.486172394267527810e-10 -9.998631795368749124e-11 -5.630013872991432256e-11 -2.413105633129129973e-11 -5.672383187660126830e-12 6.332325691706501266e-12 5.026161888052803613e-11 3.325597615879248606e-11 0.000000000000000000e+00
0.000000000000000000e+00 0.000000000000000000e+00 0.000000000000000000e+00 0.000000000000000000e+00 0.000000000000000000e+00 0.000000000000000000e+00 -4.033422986940473358e-10 -5.135475172378309903e-11 2.088050303837975751e-10 5.244758943648715809e-11 -3.354507049802801843e-11 -7.344091085659007808e-11 -1.915964560589447666e-11 -1.714695639251197115e-11 -4.569479413238958748e-12 -1.767761244225604258e-12 -2.021077888564173145e-10 5.634685634625199375e-11 3.442567759881596548e-11 0.000000000000000000e+00
0.000000000000000000e+00 0.000000000000000000e+00 0.000000000000000000e+00 0.000000000000000000e+00 0.000000000000000000e+00 0.000000000000000000e+00 -4.597960165726530850e-10 4.109650394116030721e-11 -2.430550600857865622e-11 -5.157571410392565753e-12 -7.561451729692607209e-11 -5.277890624263801942e-11 -4.313418887706357587e-11 -1.845647264732940653e-11 -8.378839043573040625e-12 -1.774447221879420740e-12 2.799694894350622746e-12 6.882607849971763842e-12 -1.068993827616093363e-07 0.000000000000000000e+00
0.000000000000000000e+00 0.000000000000000000e+00 0.000000000000000000e+00 0.000000000000000000e+00 0.000000000000000000e+00 0.000000000000000000e+00 -3.564971102964216288e-10 -1.253275449661168918e-10 2.831702754222802523e-10 -3.301666146114964788e-11 -3.223942764051445975e-12 -2.181880916455122609e-11 -1.514076835376556987e-11 -3.129810964406680109e-12 -1.920108771920798040e-12 4.286274126118358719e-13 2.034910952229840787e-13 -5.575085356714836500e-12 -1.251846306016123242e-07 0.000000000000000000e+00
0.000000000000000000e+00 0.000000000000000000e+00 0.000000000000000000e+00 0.000000000000000000e+00 0.000000000000000000e+00 0.000000000000000000e+00 -3.775270544189475683e-09 -2.200122950420651697e-09 -3.675943489791979028e-09 -3.471547259726012827e-10 -5.473710477912085271e-10 -5.475913607708015614e-10 -3.332400775039544537e-10 -1.121147348812830782e-10 -4.779776955294858783e-11 -3.279301232101786566e-11 1.669035745140625604e-11 2.428901386730862636e-10 1.505547396012111949e-10 0.000000000000000000e+00
0.000000000000000000e+00 0.000000000000000000e+00 0.000000000000000000e+00 0.000000000000000000e+00 0.000000000000000000e+00 0.000000000000000000e+00 -2.220750018746438278e-09 4.767721383721095042e-10 1.608544413216262382e-09 -1.144170804678086078e-10 -3.469713098902077342e-10 -2.208507632766790932e-10 -1.964036654237354286e-11 -2.899747152880903112e-11 9.120348453193738611e-12 -3.121689796223916874e-11 -1.909427684481661350e-09 2.666051347337188383e-10 1.859084779519376733e-10 0.000000000000000000e+00
0.000000000000000000e+00 0.000000000000000000e+00 0.000000000000000000e+00 0.000000000000000000e+00 0.000000000000000000e+00 0.000000000000000000e+00 -3.674056697565058427e-09 -6.771549091554604204e-10 1.469017770640652317e-10 -3.917154867194581197e-11 -3.823229692427353551e-10 -5.990947819438010167e-11 -3.600879027932903100e-11 9.604337328509339517e-12 1.119848685586442103e-11 -1.754520134675001785e-11 -2.536836547314646545e-12 -1.520510864054281866e-11 -1.849575122500641586e-06 0.000000000000000000e+00
0.000000000000000000e+00 0.000000000000000000e+00 0.000000000000000000e+00 0.000000000000000000e+00 0.000000000000000000e+00 0.000000000000000000e+00 -2.980145440206808643e-09 7.024310508875449933e-11 1.599519711761115733e-09 4.844658489732437540e-11 -2.901412838089191432e-10 1.024393099688234331e-10 8.322298255373016040e-11 4.525337120715589399e-11 2.441430022566624836e-11 -1.121256611057572458e-11 -1.132768442359932936e-11 -9.122333682840500408e-11 -2.385681611541992010e-06 0.000000000000000000e+00
0.000000000000000000e+00 0.000000000000000000e+00 0.000000000000000000e+00 0.000000000000000000e+00 0.000000000000000000e+00 0.000000000000000000e+00 1.574609697312588378e-10 -3.010085465669511464e-10 -1.587522787341544505e-11 -2.673598205691574541e-11 -5.276488865566663651e-11 6.052107449055693248e-13 -4.740496121496848616e-11 -8.170686744058696021e-12 -1.304213625387907747e-12 -8.486585467631409171e-12 -3.790949640823753782e-11 -2.107164958972796114e-09 4.038818279835593881e-06 0.000000000000000000e+00
0.000000000000000000e+00 0.000000000000000000e+00 0.000000000000000000e+00 0.000000000000000000e+00 0.000000000000000000e+00 0.000000000000000000e+00 2.550151829758134780e-10 -3.866967717784195919e-11 7.924497196638174179e-11 3.472787627929985220e-10 -1.148973464309160096e-10 9.327788121870139513e-11 -1.546686928356842378e-11 -5.504602994923246750e-12 1.614633997446941375e-11 -2.028285979909285598e-10 8.824316322905110681e-06 -3.094813573273304611e-09 4.041363694526268113e-06 0.000000000000000000e+00
0.000000000000000000e+00 0.000000000000000000e+00 0.000000000000000000e+00 0.000000000000000000e+00 0.000000000000000000e+00 0.000000000000000000e+00 1.874982866721065344e-10 -2.007830909951945308e-10 -4.316996200488916279e-11 1.364272461353185903e-11 -6.705775596646297920e-11 1.435921240303680978e-11 -2.695195134546848009e-11 -7.892746984610495901e-12 -5.449381590620193991e-12 -7.654811211712185256e-12 -3.163657953687910423e-11 -2.754207168396630481e-09 1.403043539610050061e+01 0.000000000000000000e+00
0.000000000000000000e+00 0.000000000000000000e+00 0.000000000000000000e+00 0.000000000000000000e+00 0.000000000000000000e+00 0.000000000000000000e+00 1.975015898101093069e-10 -1.429172481340847078e-10 -5.153922228628567250e-11 3.927105952385175114e-11 -8.119980537161103101e-11 3.183395810145956858e-11 -1.968754880911903190e-11 -1.083876601143868647e-11 -8.002177954799334393e-12 -7.510056286288870953e-12 -2.905219751445718922e-11 -3.502356718329278548e-09 1.943458427617049722e+01 0.000000000000000000e+00
