0.000000000000000000e+00 0.000000000000000000e+00 0.000000000000000000e+00 0.000000000000000000e+00 0.000000000000000000e+00 0.000000000000000000e+00 1.459426479730751707e-09 1.070682546933663859e-09 2.513247335596132110e-09 1.249122828187152538e-09 2.393544264748596923e-09 1.412536952462483208e-09 1.391497628761640718e-09 1.137420206229476978e-09 7.639715019727551011e-10 2.679694192557063561e-10 9.356645997030899001e-11 2.112617774743776798e-08 1.710342460561876943e-03 0.000000000000000000e+00
0.000000000000000000e+00 0.000000000000000000e+00 0.000000000000000000e+00 0.000000000000000000e+00 0.000000000000000000e+00 0.000000000000000000e+00 3.183838671032010497e-10 -2.970517578748749291e-09 -5.953979782474486402e-11 2.702217432139546628e-10 9.852146767622809918e-10 2.840985428047407325e-10 3.072743659009810676e-10 4.080276388423501021e-10 1.717024902490746954e-10 6.703567851467493866e-11 4.154835683149306885e-06 4.362008386884666565e-08 1.711414075243913174e-03 0.000000000000000000e+00
0.000000000000000000e+00 0.000000000000000000e+00 0.000000000000000000e+00 0.000000000000000000e+00 0.000000000000000000e+00 0.000000000000000000e+00 7.470615014608228463e-10 -6.317913042780066409e-10 1.213109978561446966e-10 2.584128088578172707e-10 5.481662557426025795e-10 2.413664091597543779e-10 2.971157039130711296e-10 3.668066330126831726e-10 3.605508008865825280e-10 1.895845802105933730e-10 6.520894800923289992e-11 2.116588067944557997e-08 -1.482538133981412102e+04 0.000000000000000000e+00
0.000000000000000000e+00 0.000000000000000000e+00 0.000000000000000000e+00 0.000000000000000000e+00 0.000000000000000000e+00 0.000000000000000000e+00 3.450802739289615553e-09 -1.706254738639038909e-10 3.472037740719250292e-10 5.483856522436170495e-10 6.592726152759376351e-10 5.150630015109229398e-10 5.055550030658362883e-10 6.345650180813582464e-10 5.253004170218934155e-10 2.690554494524555449e-10 1.000996493101161571e-10 2.827100620394991398e-08 -1.345061397856258554e+04 0.000000000000000000e+00
0.000000000000000000e+00 0.000000000000000000e+00 0.000000000000000000e+00 0.000000000000000000e+00 0.000000000000000000e+00 0.000000000000000000e+00 -1.714565692933732192e-08 -1.126298905963872737e-08 -5.698383835728163935e-09 -5.130042255476108218e-09 -5.318630326559876898e-09 -2.852257325464527889e-09 -1.418912294265234489e-09 -9.167781140656204931e-10 -2.694250590387973473e-10 -1.225038304839300663e-10 1.389171975143751304e-11 2.633016012521087256e-10 2.776263752307820304e-09 0.000000000000000000e+00
0.000000000000000000e+00 0.000000000000000000e+00 0.000000000000000000e+00 0.000000000000000000e+00 0.000000000000000000e+00 0.000000000000000000e+00 9.126192761444931697e-09 -1.909237666242765826e-09 -3.016141687227745712e-09 3.159721898607337714e-11 -8.798654025919963653e-10 -6.610224086026080326e-11 -1.912253803772391987e-11 -9.628972635692009266e-11 3.384535649383070633e-12 1.071841081725547854e-11 -5.591977575796496152e-10 3.439349874952255218e-10 2.814530200539223595e-09 0.000000000000000000e+00
0.000000000000000000e+00 0.000000000000000000e+00 0.000000000000000000e+00 0.000000000000000000e+00 0.000000000000000000e+00 0.000000000000000000e+00 5.285645306529126406e-09 -1.545716201472807015e-09 4.449116051132121179e-09 -7.236055660137080199e-10 6.076418910846181671e-10 -6.868969386435807194e-11 2.393292992382087117e-10 -5.979536332049629326e-11 -1.676673602762554824e-11 -1.765225517693852906e-11 -2.657514630345347643e-12 -5.892348960368416385e-12 -7.142351746884721343e-06 0.000000000000000000e+00
0.000000000000000000e+00 0.000000000000000000e+00 0.000000000000000000e+00 0.000000000000000000e+00 0.000000000000000000e+00 0.000000000000000000e+00 1.594429393802129043e-08 3.196797775323342914e-09 7.092549248879735696e-09 1.218824945556489624e-09 2.550261396084416775e-09 1.167855847851404416e-09 8.588351172328066191e-10 2.526834239667225878e-10 8.557523863406444912e-11 3.680968085566646024e-11 -9.547114585134472587e-12 -1.003073921219614554e-10 -1.158735590114302175e-05 0.000000000000000000e+00
0.000000000000000000e+00 0.000000000000000000e+00 0.000000000000000000e+00 0.000000000000000000e+00 0.000000000000000000e+00 0.000000000000000000e+00 -1.112944013466713709e-07 -7.608779578588002749e-09 -3.063039422767688120e-08 -2.384484952758088113e-08 -2.291301760334371922e-08 -1.156258420252980172e-08 -8.797008877116682454e-09 -4.727920815269118618e-09 -2.113645353162413434e-09 -9.851050844836747381e-10 7.224173352157147106e-11 2.745283826363254690e-09 -6.417742815045065871e-10 0.000000000000000000e+00
0.000000000000000000e+00 0.000000000000000000e+00 0.000000000000000000e+00 0.000000000000000000e+00 0.000000000000000000e+00 0.000000000000000000e+00 6.897088272765618489e-08 1.432513142443298607e-08 -1.488468726896177982e-08 -2.703299186825324517e-09 -3.767274897460531397e-09 3.048635622659507534e-09 -4.569182065307441765e-10 1.622805492827382508e-10 1.062163094829068441e-10 1.403419899266129774e-10 -2.646149800023213527e-09 3.335580624020933276e-09 6.312424494012461812e-10 0.000000000000000000e+00
0.000000000000000000e+00 0.000000000000000000e+00 0.000000000000000000e+00 0.000000000000000000e+00 0.000000000000000000e+00 0.000000000000000000e+00 4.206283931605891841e-08 -2.214926435840742097e-09 2.571780264812915223e-08 -3.684494352293229314e-09 -3.602979653221563456e-09 3.020688800046355686e-10 7.707029107545754269e-10 7.653679042619306128e-10 8.392888906965755113e-11 2.309341308928183671e-11 -6.060499070521187585e-11 9.562384395312568861e-10 -6.539289107688239290e-05 0.000000000000000000e+00
0.000000000000000000e+00 0.000000000000000000e+00 0.000000000000000000e+00 0.000000000000000000e+00 0.000000000000000000e+00 0.000000000000000000e+00 1.133373281604679993e-07 4.327038667111038676e-09 4.177670220972113095e-08 4.268910689155573363e-09 4.158654360362890639e-09 5.791267643838108769e-09 4.429368644269381599e-09 2.729466904467857601e-09 8.778331631275570453e-10 4.681421861300673855e-10 -1.297895895742306556e-10 1.601566608813638930e-10 -8.423051923648990275e-05 0.000000000000000000e+00
0.000000000000000000e+00 0.000000000000000000e+00 0.000000000000000000e+00 0.000000000000000000e+00 0.000000000000000000e+00 0.000000000000000000e+00 -4.333321001224738082e-09 -3.867513110781766035e-10 -1.929775897903176830e-09 5.807587411547137775e-10 -1.657158352620230336e-10 -5.258068349031851590e-10 -3.530161608124049884e-10 -2.618965064503080597e-10 -1.002662420848171567e-10 -7.328638381915312107e-11 -1.918796307770737273e-10 -5.612729645260400060e-09 8.202973703413125991e-05 0.000000000000000000e+00
0.000000000000000000e+00 0.000000000000000000e+00 0.000000000000000000e+00 0.000000000000000000e+00 0.000000000000000000e+00 0.000000000000000000e+00 -1.048118607406792364e-08 -4.894179782182324348e-10 -1.865021182571978446e-09 2.341976582864599127e-09 2.289697791766651450e-10 -7.559130939912894969e-10 4.432275050784590939e-10 -1.597782704872971002e-10 -1.641218978173481758e-10 5.397905784404387427e-11 -1.526266121749024571e-04 -8.558937995216104325e-09 8.187135842488851313e-05 0.000000000000000000e+00
0.000000000000000000e+00 0.000000000000000000e+00 0.000000000000000000e+00 0.000000000000000000e+00 0.000000000000000000e+00 0.000000000000000000e+00 -4.733484525384578880e-09 -1.153955346111387214e-10 -2.297527178526397463e-09 8.250314691128119078e-10 5.697938077822423050e-10 -4.221367997972622873e-10 6.287971119745856021e-11 -3.497923910600169992e-10 -1.518067635134286048e-11 -8.457262358826772339e-11 -1.953620645060279081e-10 -8.628013890283124926e-09 1.532723312697273741e+03 0.000000000000000000e+00
0.000000000000000000e+00 0.000000000000000000e+00 0.000000000000000000e+00 0.000000000000000000e+00 0.000000000000000000e+00 0.000000000000000000e+00 -5.384292090789343127e-09 -5.026752862707782930e-10 -2.279131944737610086e-09 9.317437078366868628e-10 9.648892571198520016e-10 -3.384236747653046536e-10 3.628401007427214302e-10 -4.090773484253760709e-10 -6.094138121260035913e-11 -1.166291785199988648e-10 -1.998829691415059816e-10 -1.022008276553307111e-08 1.087497507846461531e+03 0.000000000000000000e+00
