0.000000000000000000e+00 0.000000000000000000e+00 0.000000000000000000e+00 0.000000000000000000e+00 0.000000000000000000e+00 0.000000000000000000e+00 2.480369992100320292e-09 4.795710959635599553e-09 1.720389761320216506e-09 3.013418669598637276e-09 2.429276857536464832e-09 3.457502336089637021e-09 2.951986039740821150e-09 2.214927081566835323e-09 1.340604519886367280e-09 4.391765462931562071e-10 1.300689739457317161e-10 3.699932095406255683e-08 2.606275049943498900e-03 0.000000000000000000e+00
0.000000000000000000e+00 0.000000000000000000e+00 0.000000000000000000e+00 0.000000000000000000e+00 0.000000000000000000e+00 0.000000000000000000e+00 -1.205728253376588062e-09 5.376081859322150223e-09 -6.948157350478817743e-10 -4.288952377511423420e-10 -2.446729627807459862e-10 2.954961194667631331e-10 2.481010099037787868e-10 2.013735113043846447e-10 1.281816390701374581e-10 5.933505302038724208e-11 -9.267816311341047652e-06 6.925181308687183169e-08 2.606228847014377403e-03 0.000000000000000000e+00
0.000000000000000000e+00 0.000000000000000000e+00 0.000000000000000000e+00 0.000000000000000000e+00 0.000000000000000000e+00 0.000000000000000000e+00 -7.183749588005004730e-10 4.281279838890642475e-10 -2.558070147252596196e-10 2.203026513227678556e-10 -2.136467354593540890e-10 6.723241379783385782e-10 1.840309324050256055e-10 1.913722165197272145e-10 1.903300498566943904e-10 1.238892703003796050e-10 4.660843391108089712e-11 1.657948301056288222e-08 1.393687918330950197e+03 0.000000000000000000e+00
0.000000000000000000e+00 0.000000000000000000e+00 0.000000000000000000e+00 0.000000000000000000e+00 0.000000000000000000e+00 0.000000000000000000e+00 2.019510738938360602e-09 5.008292970348801050e-10 1.151892727543234085e-09 5.971721882728435224e-10 -1.868677954734752845e-12 1.236368334385697284e-09 7.143185608932519394e-10 7.097439653088885285e-10 4.913228061993617403e-10 2.533396489527506407e-10 1.072166469972593461e-10 2.492319203176826109e-08 -4.299610295659641270e+04 0.000000000000000000e+00
0.000000000000000000e+00 0.000000000000000000e+00 0.000000000000000000e+00 0.000000000000000000e+00 0.000000000000000000e+00 0.000000000000000000e+00 -8.370978368966309978e-09 -1.458042747048946259e-08 -9.041856478342530308e-09 -8.774733795808088874e-09 -6.999068078552711896e-09 -4.444726805929148769e-09 -1.711267191734561472e-09 -1.126840301276942184e-09 -4.833541750847116470e-10 -1.743926137031543480e-10 2.080035552622517028e-11 4.453919191018039895e-10 1.100435070409830581e-08 0.000000000000000000e+00
0.000000000000000000e+00 0.000000000000000000e+00 0.000000000000000000e+00 0.000000000000000000e+00 0.000000000000000000e+00 0.000000000000000000e+00 3.496502742503256443e-09 6.247754376469592866e-09 4.457730280974178546e-09 1.284750167553676893e-09 -3.986726166106792343e-11 3.591887950441681473e-11 1.560464105087435050e-10 3.753109803466783008e-11 7.183520898850376736e-11 2.844286790294041902e-11 4.474717672483807788e-10 5.559141831445605013e-10 1.108952761489675720e-08 0.000000000000000000e+00
0.000000000000000000e+00 0.000000000000000000e+00 0.000000000000000000e+00 0.000000000000000000e+00 0.000000000000000000e+00 0.000000000000000000e+00 2.211603192991995032e-09 -2.594114410834100856e-10 2.579781552970609931e-09 -1.072479296533110056e-09 5.095857990204834667e-11 -9.322209009954315429e-11 1.892090783869323264e-10 -6.881397534314806406e-11 1.064533889517238788e-12 9.245389168731037625e-12 -3.320530674771441045e-12 -5.058369750084923984e-12 6.523621757327785379e-06 0.000000000000000000e+00
0.000000000000000000e+00 0.000000000000000000e+00 0.000000000000000000e+00 0.000000000000000000e+00 0.000000000000000000e+00 0.000000000000000000e+00 7.227958369616989636e-09 5.917069814729366999e-09 7.634861232458839182e-09 2.472630355818811613e-09 2.867010355845448935e-09 1.800381244545042190e-09 9.398673411426761097e-10 3.925160670341682881e-10 2.073622174746296976e-10 9.444129584142222338e-11 -1.418085894967681595e-11 -1.616873701538623987e-10 -3.205122711420265915e-06 0.000000000000000000e+00
0.000000000000000000e+00 0.000000000000000000e+00 0.000000000000000000e+00 0.000000000000000000e+00 0.000000000000000000e+00 0.000000000000000000e+00 -5.751567854023571480e-08 -4.857740239464356353e-08 -5.367997522602814485e-08 -3.910105413046407554e-08 -2.766598315321335991e-08 -1.827933244954720996e-08 -9.859036695181429004e-09 -4.960549291268625543e-09 -2.031617664519250384e-09 -7.361846874456218501e-10 2.461966535034612443e-10 3.491614073984914308e-09 1.874400137579560943e-08 0.000000000000000000e+00
0.000000000000000000e+00 0.000000000000000000e+00 0.000000000000000000e+00 0.000000000000000000e+00 0.000000000000000000e+00 0.000000000000000000e+00 3.106699403186665095e-08 3.074426750278885411e-08 1.664822668008333618e-08 2.303110751894272298e-09 -1.141693145823543441e-08 -7.876528112685827687e-10 5.553173542972506221e-10 6.128004152039773431e-10 4.773845664630091484e-10 3.801465478785865053e-10 1.578118479770347341e-09 4.256657601060306291e-09 1.983006797048520451e-08 0.000000000000000000e+00
0.000000000000000000e+00 0.000000000000000000e+00 0.000000000000000000e+00 0.000000000000000000e+00 0.000000000000000000e+00 0.000000000000000000e+00 2.474607091792602277e-08 3.423696851581715643e-09 1.481141483615040264e-08 -4.073273696410409074e-09 -7.510181652699490612e-09 -1.205042948151301703e-09 -5.634227375126752486e-10 -6.789571216566932463e-10 6.151937447497631378e-10 3.954719773479398015e-10 1.128750934277556514e-10 -9.127281455465358277e-10 2.800546197533827406e-04 0.000000000000000000e+00
0.000000000000000000e+00 0.000000000000000000e+00 0.000000000000000000e+00 0.000000000000000000e+00 0.000000000000000000e+00 0.000000000000000000e+00 6.167946583187666771e-08 2.602582003553329000e-08 4.289320280608679610e-08 9.816981945372114258e-09 9.591567741837179370e-10 5.984397166434445146e-09 3.557606009998365792e-09 1.494200885068767229e-09 1.604551867442989784e-09 9.596434472381366520e-10 4.137874966373816838e-11 -2.182604861869615984e-09 6.186086474308934396e-05 0.000000000000000000e+00
0.000000000000000000e+00 0.000000000000000000e+00 0.000000000000000000e+00 0.000000000000000000e+00 0.000000000000000000e+00 0.000000000000000000e+00 -8.767501443616372398e-10 -2.363166738739512584e-09 1.293832086521133397e-09 -3.818359322619580581e-11 -9.040749955062707050e-10 2.968832703207577655e-11 1.421094329868660714e-12 -6.911271306033703604e-10 -1.464590258979316226e-10 -2.793120788882510602e-10 -2.414107665282503986e-10 -1.098591005222952160e-08 -1.481101453718958801e-04 0.000000000000000000e+00
0.000000000000000000e+00 0.000000000000000000e+00 0.000000000000000000e+00 0.000000000000000000e+00 0.000000000000000000e+00 0.000000000000000000e+00 -1.184268232454249034e-08 -1.377805248353126369e-08 5.617001238374550064e-09 -5.347784033534358582e-09 -1.968638428389234681e-09 -4.923633524513872542e-10 2.136916378910169797e-10 -4.448133470096901493e-10 4.198859378334392136e-11 2.435997035499017490e-11 -1.236111246481254864e-04 -1.734544403948561880e-08 -1.480609170988950510e-04 0.000000000000000000e+00
0.000000000000000000e+00 0.000000000000000000e+00 0.000000000000000000e+00 0.000000000000000000e+00 0.000000000000000000e+00 0.000000000000000000e+00 -1.165564469921020499e-09 -4.331381391375940685e-09 1.183194746601322475e-09 -1.426173936406202390e-09 -9.066152049288703874e-10 1.196328097527688382e-11 2.871999532272751301e-10 -3.739547853346033996e-10 -2.215900231878186745e-10 -2.901486812362845900e-10 -1.906211155469101986e-10 -1.179416117265693905e-08 -2.381088183702902825e+03 0.000000000000000000e+00
0.000000000000000000e+00 0.000000000000000000e+00 0.000000000000000000e+00 0.000000000000000000e+00 0.000000000000000000e+00 0.000000000000000000e+00 -2.065864633717042257e-09 -6.172110935294577863e-09 9.500135346882931576e-10 -2.260269371807528996e-09 -1.092878342256975228e-09 -9.439962501303159891e-11 3.606403220582095008e-10 -2.809709466644025091e-10 -2.355486354419866903e-10 -3.492565319009386390e-10 -1.505921564085214187e-10 -1.265531152779744571e-08 -9.070406995362074667e+03 0.000000000000000000e+00
