0.000000000000000000e+00 0.000000000000000000e+00 0.000000000000000000e+00 0.000000000000000000e+00 0.000000000000000000e+00 0.000000000000000000e+00 2.114801440054019837e-09 7.797921858454054346e-10 9.017684958094718082e-10 2.059215332858362238e-09 1.045421943338293178e-09 1.991686088897331361e-09 1.569090024972058267e-09 1.195842143239702394e-09 7.507097954060460082e-10 3.130603656898555252e-10 1.027315956887349671e-10 2.304466067604224377e-08 2.876555335228667132e-03 0.000000000000000000e+00
0.000000000000000000e+00 0.000000000000000000e+00 0.000000000000000000e+00 0.000000000000000000e+00 0.000000000000000000e+00 0.000000000000000000e+00 1.947968033840857207e-09 2.750934542934709108e-09 -6.692461697002699047e-10 1.267062192149927613e-09 5.085977434008008300e-10 3.423813350298232340e-10 3.105639202975839115e-10 2.341014998293285590e-10 1.499161328593803248e-10 9.308270777357821873e-11 1.534538480982120429e-06 4.467820297355787467e-08 2.876125735452081389e-03 0.000000000000000000e+00
0.000000000000000000e+00 0.000000000000000000e+00 0.000000000000000000e+00 0.000000000000000000e+00 0.000000000000000000e+00 0.000000000000000000e+00 -5.938059849641804346e-10 8.694412179259616646e-10 -7.422913202982937520e-11 4.306342992630022538e-10 -1.691922301216266928e-10 4.258099897595600590e-10 2.970130951530327821e-10 2.726074275237135305e-10 3.314665968134732667e-10 2.145728032662918874e-10 7.208513537517639677e-11 2.020476460231984028e-08 8.869509879087432637e+03 0.000000000000000000e+00
0.000000000000000000e+00 0.000000000000000000e+00 0.000000000000000000e+00 0.000000000000000000e+00 0.000000000000000000e+00 0.000000000000000000e+00 7.306316692849807190e-12 9.910184581337820224e-10 -1.411909742320416998e-10 8.843807661752129223e-10 2.056381693359580582e-11 6.936075416646594667e-10 5.009514851020706856e-10 5.405806346436909630e-10 5.368816123447413093e-10 2.984953015057519250e-10 1.082809047025770379e-10 2.740122253832435785e-08 -1.090442646559073182e+04 0.000000000000000000e+00
0.000000000000000000e+00 0.000000000000000000e+00 0.000000000000000000e+00 0.000000000000000000e+00 0.000000000000000000e+00 0.000000000000000000e+00 -6.183585611538603328e-09 -1.254505228952501416e-08 -4.760069314330469706e-09 -5.836745150767074605e-09 -5.200716035405433917e-09 -3.107155906943723591e-09 -2.210753114885261324e-09 -7.531124720302527122e-10 -3.691594094608490567e-10 -1.088070914273532519e-10 1.257531076654547269e-11 2.667400404449057342e-10 7.025992996984069477e-09 0.000000000000000000e+00
0.000000000000000000e+00 0.000000000000000000e+00 0.000000000000000000e+00 0.000000000000000000e+00 0.000000000000000000e+00 0.000000000000000000e+00 1.246388704719044915e-08 -1.222524835308614721e-08 8.414517633913092869e-09 4.731477094568338141e-10 -5.609163422983350780e-10 -4.681651262803236398e-10 -2.961259598071044636e-10 1.075505668952325902e-10 1.684670857114661405e-11 1.627886855388793836e-11 -3.208623169157959902e-10 3.346134782749778930e-10 7.102328218274711915e-09 0.000000000000000000e+00
0.000000000000000000e+00 0.000000000000000000e+00 0.000000000000000000e+00 0.000000000000000000e+00 0.000000000000000000e+00 0.000000000000000000e+00 6.127059455777969040e-09 -1.652518628841958614e-09 2.541838571688443984e-09 6.395637844104877323e-10 4.659756895017174718e-10 -4.707390373613872490e-10 -1.995584439355750254e-10 -2.672444763254372596e-11 1.301408653152213167e-11 2.553055286018263588e-12 1.458312647950638614e-12 -2.882887527929412714e-11 -1.279740422024991466e-05 0.000000000000000000e+00
0.000000000000000000e+00 0.000000000000000000e+00 0.000000000000000000e+00 0.000000000000000000e+00 0.000000000000000000e+00 0.000000000000000000e+00 1.135683466447807256e-08 8.107992887977691560e-10 5.188707079248820518e-09 3.281441989692084257e-09 2.814102887401835087e-09 6.878826302909919419e-10 6.370615707427884767e-10 3.015874735040249004e-10 1.596109720267925585e-10 5.893555667881421407e-11 -3.023205128272846331e-12 -1.270897679138944201e-10 -1.940038946081042428e-05 0.000000000000000000e+00
0.000000000000000000e+00 0.000000000000000000e+00 0.000000000000000000e+00 0.000000000000000000e+00 0.000000000000000000e+00 0.000000000000000000e+00 -5.962487454553695537e-08 -3.044709013705436803e-08 -2.868964050026684221e-08 -2.393826822197939836e-08 -2.093636916808970948e-08 -1.578158809883346493e-08 -8.449602450070763043e-09 -4.097206634469996598e-09 -2.444996693128049324e-09 -7.512907785889294038e-10 1.427908292592859273e-10 2.613152084196664006e-09 3.359712402356499211e-08 0.000000000000000000e+00
0.000000000000000000e+00 0.000000000000000000e+00 0.000000000000000000e+00 0.000000000000000000e+00 0.000000000000000000e+00 0.000000000000000000e+00 5.728027533273463791e-08 -3.866378772776674237e-09 1.514873274137566823e-08 1.573051387188240972e-08 -3.874609530308219798e-09 -5.506115081681695832e-09 -1.250213834101839009e-09 3.717164575496111627e-10 1.553972946709739674e-10 1.926753446496775804e-10 7.358033782023474816e-09 3.192143527050806960e-09 3.422302915599009126e-08 0.000000000000000000e+00
0.000000000000000000e+00 0.000000000000000000e+00 0.000000000000000000e+00 0.000000000000000000e+00 0.000000000000000000e+00 0.000000000000000000e+00 2.589424844396246239e-08 4.305793459804076568e-10 9.541582969548816241e-10 8.616978957715334670e-09 1.289901185901004484e-09 -2.391273410408544759e-09 -4.283572099649746781e-10 2.014185672394233643e-10 -1.843498766466037193e-10 1.590430756729853564e-10 1.388686557411424552e-11 6.424439421471332726e-10 1.679943342148342792e-04 0.000000000000000000e+00
0.000000000000000000e+00 0.000000000000000000e+00 0.000000000000000000e+00 0.000000000000000000e+00 0.000000000000000000e+00 0.000000000000000000e+00 6.370747972468698538e-08 1.010222396296710611e-08 1.417894927942746842e-08 2.317134045542552362e-08 9.616125271067472222e-09 2.543820764749025137e-09 2.735716841691498869e-09 2.002340556555127702e-09 7.566561859957759599e-10 5.765918084458428856e-10 -4.691757469502829259e-11 -1.600303873015666182e-10 1.476871108543391603e-04 0.000000000000000000e+00
0.000000000000000000e+00 0.000000000000000000e+00 0.000000000000000000e+00 0.000000000000000000e+00 0.000000000000000000e+00 0.000000000000000000e+00 8.158016197571766798e-10 9.921740342606504396e-10 1.893441375122095635e-09 1.400775064559640924e-09 2.234617428880441490e-11 4.514649976277305583e-11 -3.571575943743788737e-10 -7.386615614380590081e-10 -2.274510494730703358e-10 -9.829358926666188594e-11 -2.486469896551050755e-10 -5.057819698049606676e-09 3.806250330973038915e-05 0.000000000000000000e+00
0.000000000000000000e+00 0.000000000000000000e+00 0.000000000000000000e+00 0.000000000000000000e+00 0.000000000000000000e+00 0.000000000000000000e+00 3.430160125970719724e-09 6.777259957948698013e-09 4.215703067482201654e-09 2.017279852171276151e-09 1.626785886410491315e-09 -9.272788268292284110e-10 -9.808304608903751383e-10 -2.428761787644233465e-10 6.097767538272552330e-11 -3.623086937482556418e-11 -4.860630725061843634e-05 -8.269686109275414236e-09 3.794154527274836878e-05 0.000000000000000000e+00
0.000000000000000000e+00 0.000000000000000000e+00 0.000000000000000000e+00 0.000000000000000000e+00 0.000000000000000000e+00 0.000000000000000000e+00 -3.733145927127428527e-10 1.068290856881625813e-09 1.331756925102361959e-09 1.862838506012391325e-09 3.889822462801205282e-10 -1.889442568804813623e-10 -2.382270194622957661e-10 -5.813362389675330958e-10 -1.627302922495119786e-10 -1.544928077917919125e-10 -2.209203274284949242e-10 -6.467854879096387877e-09 -1.242259083084060649e+03 0.000000000000000000e+00
0.000000000000000000e+00 0.000000000000000000e+00 0.000000000000000000e+00 0.000000000000000000e+00 0.000000000000000000e+00 0.000000000000000000e+00 -2.760844862545149018e-10 1.766944507121975328e-09 1.333858065500394998e-09 1.931498164067428506e-09 7.175832587950889763e-10 -2.543498495615894253e-10 -2.621392766648268311e-10 -5.393482362094883952e-10 -9.060252828584800428e-11 -2.172382967924242049e-10 -2.102508009347412025e-10 -6.606981582045057938e-09 1.646263857614538665e+03 0.000000000000000000e+00
