0.000000000000000000e+00 0.000000000000000000e+00 0.000000000000000000e+00 0.000000000000000000e+00 0.000000000000000000e+00 0.000000000000000000e+00 -3.220821040694676752e-10 3.253934255496064539e-09 2.477530052736707039e-09 3.651534957456343798e-09 3.007427036697557787e-09 2.932342388212065573e-09 2.715188030690533810e-09 2.421078577412731204e-09 1.448828894086049785e-09 4.777256486009216243e-10 1.309672870211527714e-10 3.783035362557765091e-08 1.334751034571330514e-03 0.000000000000000000e+00
0.000000000000000000e+00 0.000000000000000000e+00 0.000000000000000000e+00 0.000000000000000000e+00 0.000000000000000000e+00 0.000000000000000000e+00 2.813571070415956709e-10 1.663877648062840946e-09 -2.605420203270290756e-10 -5.560376127570918071e-10 1.054488427091293389e-09 1.176082057728808136e-09 6.247301127511237696e-10 3.050669245336830447e-10 1.845849426312376236e-10 7.209163520967658541e-11 1.941866070996687009e-05 7.260051312309494032e-08 1.337385010594622364e-03 0.000000000000000000e+00
0.000000000000000000e+00 0.000000000000000000e+00 0.000000000000000000e+00 0.000000000000000000e+00 0.000000000000000000e+00 0.000000000000000000e+00 -3.568339619405551272e-10 1.043584886997421950e-09 8.914287998589434977e-10 -4.123485622459218430e-10 4.838434547616682151e-10 5.345911913782343143e-10 6.684262902571730920e-10 2.909230270924627510e-10 3.701865153109725814e-10 1.829389546929261433e-10 5.214973717939988018e-11 1.947493205918504962e-08 1.226883330371048942e+04 0.000000000000000000e+00
0.000000000000000000e+00 0.000000000000000000e+00 0.000000000000000000e+00 0.000000000000000000e+00 0.000000000000000000e+00 0.000000000000000000e+00 2.771876229952340442e-09 2.233677265955583653e-09 1.102154709809517320e-09 3.533221608497860958e-10 1.358579510581300106e-09 1.398281513526116847e-09 1.380124773737635799e-09 7.050035142811978208e-10 6.745208410837669537e-10 3.288346342567034215e-10 1.169797046428595721e-10 2.763976652311785982e-08 2.040718498052973882e+04 0.000000000000000000e+00
0.000000000000000000e+00 0.000000000000000000e+00 0.000000000000000000e+00 0.000000000000000000e+00 0.000000000000000000e+00 0.000000000000000000e+00 -6.053675196598170768e-09 -1.313743366794628611e-08 -1.955445593192584208e-08 -9.749941787876104022e-09 -8.308158582854246532e-09 -3.186568891828265099e-09 -2.409248376592341319e-09 -1.154537743578831547e-09 -5.464572418862628629e-10 -1.847310331804544525e-10 1.497452075512090869e-11 4.481349001559785974e-10 7.861224486194566775e-10 0.000000000000000000e+00
0.000000000000000000e+00 0.000000000000000000e+00 0.000000000000000000e+00 0.000000000000000000e+00 0.000000000000000000e+00 0.000000000000000000e+00 2.235630202618358715e-08 -6.978857822197767849e-10 -6.469564490603374165e-09 3.506705152234948012e-09 1.495062519289228992e-09 -7.006281031503266721e-10 -4.740193802172517622e-10 -1.557184422379773340e-11 2.086395123576110447e-11 2.781141460509780866e-11 2.334657232055682850e-11 5.699227498630034641e-10 8.138282107937011588e-10 0.000000000000000000e+00
0.000000000000000000e+00 0.000000000000000000e+00 0.000000000000000000e+00 0.000000000000000000e+00 0.000000000000000000e+00 0.000000000000000000e+00 1.440227487828785107e-08 6.173145671261777867e-09 2.242290966976779866e-09 2.509424418843577978e-09 5.693510563597654499e-10 -1.410083896808721694e-10 -1.419920262026407278e-10 -2.364233914034156186e-10 -6.599559376793503107e-12 8.808218617206401020e-12 -1.026096068271708935e-11 -4.924075824207150543e-11 4.536892652611931913e-06 0.000000000000000000e+00
0.000000000000000000e+00 0.000000000000000000e+00 0.000000000000000000e+00 0.000000000000000000e+00 0.000000000000000000e+00 0.000000000000000000e+00 2.277269797568711487e-08 1.239352884348672976e-08 9.615931889975606285e-09 7.282448368268136698e-09 4.374593907125981364e-09 1.066332121462987729e-09 7.362032238534534269e-10 1.807318610409760854e-10 2.024250258517456373e-10 9.641416228400254195e-11 -2.132737754939399220e-11 -2.175104369298178033e-10 8.241786637076992895e-07 0.000000000000000000e+00
0.000000000000000000e+00 0.000000000000000000e+00 0.000000000000000000e+00 0.000000000000000000e+00 0.000000000000000000e+00 0.000000000000000000e+00 -2.101843563303130699e-08 -3.783914877620945179e-08 -4.650911096497649333e-08 -4.147133068116539436e-08 -3.067730208695225421e-08 -1.819282880327395890e-08 -1.102401989099962613e-08 -4.645639420592737359e-09 -2.954320026261890284e-09 -1.079679166907912598e-09 1.987395329776742260e-10 3.208476365526661251e-09 6.634760536818775484e-08 0.000000000000000000e+00
0.000000000000000000e+00 0.000000000000000000e+00 0.000000000000000000e+00 0.000000000000000000e+00 0.000000000000000000e+00 0.000000000000000000e+00 9.766490264991436128e-08 3.690099275232466954e-08 6.567766207632704448e-09 5.002350960854568495e-09 6.469183190777140044e-09 1.300718054644077782e-09 8.826565492142493917e-11 4.498690173882624118e-10 2.555807802468856205e-10 9.989827319698298516e-11 -5.325559768684361528e-11 3.534171654017627109e-09 6.758077251475311370e-08 0.000000000000000000e+00
0.000000000000000000e+00 0.000000000000000000e+00 0.000000000000000000e+00 0.000000000000000000e+00 0.000000000000000000e+00 0.000000000000000000e+00 5.807209390610556631e-08 4.556958151453547682e-08 2.190376429010968739e-08 2.538531402732485225e-09 -4.998975793413557176e-11 1.715018680777992784e-09 4.824611157652095960e-10 -1.422150433559162907e-10 1.399257426813696985e-10 1.718477459200922954e-10 6.567351991384204097e-12 -7.152883128780297061e-10 4.839054052344586289e-05 0.000000000000000000e+00
0.000000000000000000e+00 0.000000000000000000e+00 0.000000000000000000e+00 0.000000000000000000e+00 0.000000000000000000e+00 0.000000000000000000e+00 9.086625947228849939e-08 6.939169637133650376e-08 4.397788918994116897e-08 2.000493601309972079e-08 1.441169329046604873e-08 9.963755960001968406e-09 5.096626926092119800e-09 1.774980280633504970e-09 1.304573917244122329e-09 7.074594571438180631e-10 -7.935328612917581979e-11 -2.022999697428417951e-09 1.077711209077233766e-04 0.000000000000000000e+00
0.000000000000000000e+00 0.000000000000000000e+00 0.000000000000000000e+00 0.000000000000000000e+00 0.000000000000000000e+00 0.000000000000000000e+00 -2.814117876514819932e-09 -8.481194698781508985e-10 1.180688445916349529e-10 -7.325977077045201030e-10 6.335327683028581487e-10 -8.470087058714066253e-10 -3.756644363074057773e-10 -6.466028579169584632e-10 -4.161193733232837676e-10 -1.758018161556238132e-10 -2.644852577308614060e-10 -1.092026765908959953e-08 -1.143818621103498390e-04 0.000000000000000000e+00
0.000000000000000000e+00 0.000000000000000000e+00 0.000000000000000000e+00 0.000000000000000000e+00 0.000000000000000000e+00 0.000000000000000000e+00 -6.821488370016490841e-09 -1.032360003926140668e-08 -3.193851821932841018e-09 -4.669409100238565538e-09 5.458215716878714978e-10 -1.877751880028406782e-09 -9.868562696018779424e-10 -5.153922983022384950e-10 -3.594507461647959762e-10 2.915115222660212557e-11 4.105530105523094849e-04 -1.962554473375904600e-08 -1.141096016045068133e-04 0.000000000000000000e+00
0.000000000000000000e+00 0.000000000000000000e+00 0.000000000000000000e+00 0.000000000000000000e+00 0.000000000000000000e+00 0.000000000000000000e+00 -3.226564661976233485e-09 -2.315492731908064339e-09 1.785955763261475908e-11 -1.277323705658761421e-09 8.434795439846132643e-10 -5.757702554960191301e-10 -6.935712891599754153e-10 -5.309179112001752296e-10 -4.752526956790558279e-10 -2.168261543264287912e-10 -2.504334060642210586e-10 -3.473998216084877366e-09 6.396353525250690382e+02 0.000000000000000000e+00
0.000000000000000000e+00 0.000000000000000000e+00 0.000000000000000000e+00 0.000000000000000000e+00 0.000000000000000000e+00 0.000000000000000000e+00 -3.916247516099195017e-09 -3.144773750148565406e-09 6.482036803178763293e-12 -1.320731820316931862e-09 9.123005451003334836e-10 -5.106066462641187155e-10 -8.207681734082240740e-10 -4.967657657962470420e-10 -5.437181739632215370e-10 -2.536873341740643957e-10 -2.445924695646052868e-10 5.614677738827012350e-10 -4.505701089848511401e+03 0.000000000000000000e+00
