0.000000000000000000e+00 0.000000000000000000e+00 0.000000000000000000e+00 0.000000000000000000e+00 0.000000000000000000e+00 0.000000000000000000e+00 6.848975934757285198e-09 3.481756955115316795e-10 2.749203096010970852e-09 2.273002819233035301e-09 3.281070077725659118e-09 2.764519952472542803e-09 2.315813761801118253e-09 2.323881962415924585e-09 1.209716816239039437e-09 4.505531359881663656e-10 1.234232209630931561e-10 3.505276075933488073e-08 1.074390393111138847e-03 0.000000000000000000e+00
0.000000000000000000e+00 0.000000000000000000e+00 0.000000000000000000e+00 0.000000000000000000e+00 0.000000000000000000e+00 0.000000000000000000e+00 -3.182354796989609085e-10 -4.399330129337429887e-09 -8.809019263326631591e-10 -1.874649229464149521e-10 -3.749142245142468742e-10 -1.170570868715918287e-10 2.022308278291275647e-10 4.807142327553217786e-11 1.254350234139181910e-10 4.631071902002498384e-11 -1.579036482598330978e-06 7.053466617764297442e-08 1.073578733999071971e-03 0.000000000000000000e+00
0.000000000000000000e+00 0.000000000000000000e+00 0.000000000000000000e+00 0.000000000000000000e+00 0.000000000000000000e+00 0.000000000000000000e+00 1.839004066761446757e-09 -1.801596724493391428e-09 -8.599984076651669960e-10 -8.557757208712830667e-10 -5.038192189602929717e-10 4.881947977786015292e-10 2.624196160029950092e-10 2.569071623309973024e-10 2.408963865196749121e-10 1.193901668746834170e-10 4.732104817311880343e-11 1.626825934435270522e-08 2.725107496585638728e+03 0.000000000000000000e+00
0.000000000000000000e+00 0.000000000000000000e+00 0.000000000000000000e+00 0.000000000000000000e+00 0.000000000000000000e+00 0.000000000000000000e+00 2.141945359940473644e-09 -1.582519356065586009e-09 -2.611610434069692108e-10 -5.405065810744049351e-10 -6.301704609669820855e-10 1.212664803447607427e-09 1.050888908446526459e-09 6.293878485437557406e-10 5.905828049011997138e-10 2.380536471293258758e-10 1.086102285376445499e-10 2.535777179939912066e-08 6.457499972594808787e+04 0.000000000000000000e+00
0.000000000000000000e+00 0.000000000000000000e+00 0.000000000000000000e+00 0.000000000000000000e+00 0.000000000000000000e+00 0.000000000000000000e+00 -2.306596983653183272e-08 1.397429307705841691e-09 -1.877372394929912035e-08 -6.318183253539813133e-09 -8.183050143015821092e-09 -4.327418696749290138e-09 -2.064732615442479516e-09 -1.151550580970454000e-09 -5.212382738212853281e-10 -1.803779928853635720e-10 1.908275792317010057e-11 4.479425373174843435e-10 1.527394833601007717e-08 0.000000000000000000e+00
0.000000000000000000e+00 0.000000000000000000e+00 0.000000000000000000e+00 0.000000000000000000e+00 0.000000000000000000e+00 0.000000000000000000e+00 1.923182264306001287e-09 2.269351181654084233e-09 -2.783062815599839876e-09 -1.159164793270489742e-09 -3.040918169992775607e-09 1.426269940275247574e-10 1.181183006133883411e-10 5.417754852603215325e-11 9.396558104580502437e-11 1.976947897107575552e-11 -4.292222565428228551e-10 5.735850292320114696e-10 1.531358244034528099e-08 0.000000000000000000e+00
0.000000000000000000e+00 0.000000000000000000e+00 0.000000000000000000e+00 0.000000000000000000e+00 0.000000000000000000e+00 0.000000000000000000e+00 -1.171850634233351717e-09 1.724631597756604869e-09 -3.888653919171734433e-09 -4.627922936085660026e-11 -2.694533069670401227e-09 2.475091964433138086e-11 8.003160169305551923e-11 -6.121765479462799155e-11 5.468306784317292048e-11 -6.385628273769874122e-12 4.115072498976766256e-12 -9.854467358816942988e-12 -1.733669957120844866e-05 0.000000000000000000e+00
0.000000000000000000e+00 0.000000000000000000e+00 0.000000000000000000e+00 0.000000000000000000e+00 0.000000000000000000e+00 0.000000000000000000e+00 9.540109928058484214e-09 1.209229849515059704e-09 3.487393330406031154e-09 2.625333586905513335e-09 -3.169737871848693743e-10 1.868822438723049728e-09 9.698791543304364036e-10 3.963744223565331749e-10 2.836614868120939474e-10 8.038688576090697753e-11 -2.321450067564233571e-12 -1.705383779070853292e-10 6.237393475859296008e-07 0.000000000000000000e+00
0.000000000000000000e+00 0.000000000000000000e+00 0.000000000000000000e+00 0.000000000000000000e+00 0.000000000000000000e+00 0.000000000000000000e+00 -1.092409693820760471e-07 -4.927177523060937576e-08 -9.025738631086369505e-08 -3.686064136823757126e-08 -3.760657497714513272e-08 -1.907903249784364974e-08 -1.208464346255402422e-08 -6.236896818601587213e-09 -3.028171388142558165e-09 -1.342078505317212640e-09 2.180993737320411112e-10 3.184419157281475499e-09 2.795484611390888063e-07 0.000000000000000000e+00
0.000000000000000000e+00 0.000000000000000000e+00 0.000000000000000000e+00 0.000000000000000000e+00 0.000000000000000000e+00 0.000000000000000000e+00 2.600844782780138570e-08 2.388887251647854003e-08 -1.552654523107336110e-09 -1.402304193174335150e-08 -1.240530387820247581e-08 5.138647128701391029e-10 1.085068838127322091e-09 8.698366742109988825e-10 8.889489940463185388e-10 1.525355153681285372e-10 -5.139026900923644792e-09 3.770034367707974221e-09 2.780816591392797405e-07 0.000000000000000000e+00
0.000000000000000000e+00 0.000000000000000000e+00 0.000000000000000000e+00 0.000000000000000000e+00 0.000000000000000000e+00 0.000000000000000000e+00 -3.013247443421088611e-09 7.261679217982954333e-10 -1.788183058913121056e-08 -5.393751972968126902e-09 -4.465142353472146532e-09 -1.327638820545652270e-09 5.619386457753015894e-10 4.007558764512830575e-10 7.670513391726060021e-10 -8.508449723969390636e-11 6.548210419720188976e-11 -2.290132825116776552e-10 -3.388298123602165486e-04 0.000000000000000000e+00
0.000000000000000000e+00 0.000000000000000000e+00 0.000000000000000000e+00 0.000000000000000000e+00 0.000000000000000000e+00 0.000000000000000000e+00 5.375567321867136244e-08 2.065917778210001040e-08 2.112869254134643074e-08 7.791544066141303663e-09 8.292602482130904494e-09 6.535320256423613949e-09 5.960467448662431794e-09 3.159014286310073552e-09 2.282009183703066878e-09 5.348555770838823967e-10 1.453143723000627048e-12 -1.407470741464295064e-09 -4.516393210655341209e-04 0.000000000000000000e+00
0.000000000000000000e+00 0.000000000000000000e+00 0.000000000000000000e+00 0.000000000000000000e+00 0.000000000000000000e+00 0.000000000000000000e+00 2.394164193512658644e-09 5.385512019114372304e-09 3.341335805954202250e-09 2.364899943922613005e-09 -2.348052564560140116e-10 2.289731547542838447e-11 -3.943835300315157185e-11 2.387086579285250128e-10 -1.642732173231871500e-10 -2.730805209468368297e-10 -3.810396494781337694e-10 -8.837749894116313084e-09 3.275897682811663930e-06 0.000000000000000000e+00
0.000000000000000000e+00 0.000000000000000000e+00 0.000000000000000000e+00 0.000000000000000000e+00 0.000000000000000000e+00 0.000000000000000000e+00 -5.643166251815369148e-09 6.167517733018033645e-09 4.907660133188898253e-09 8.425450700959071575e-10 1.916112278419498700e-09 -6.645524192457281947e-10 1.513695977372639957e-10 8.780142941325463982e-11 -1.792217386033964210e-10 -6.974502290824105592e-11 -4.381217550526641386e-05 -1.593696351896381267e-08 3.249856836008208301e-06 0.000000000000000000e+00
0.000000000000000000e+00 0.000000000000000000e+00 0.000000000000000000e+00 0.000000000000000000e+00 0.000000000000000000e+00 0.000000000000000000e+00 -2.274204380152750103e-10 4.471236438868352631e-09 3.619341758431034024e-09 1.804327079804369234e-09 3.483957167582232588e-10 -1.451432403803300833e-10 -2.432855566492133639e-10 2.862637455386196759e-10 -5.983220443664611211e-11 -2.829754891358477833e-10 -3.434362413205071034e-10 -4.899089248797315014e-09 -3.790881716201619565e+04 0.000000000000000000e+00
0.000000000000000000e+00 0.000000000000000000e+00 0.000000000000000000e+00 0.000000000000000000e+00 0.000000000000000000e+00 0.000000000000000000e+00 -1.281205986331515699e-09 3.286907705576399084e-09 3.744666062662857222e-09 1.376786234769256560e-09 7.330388040955247725e-10 -7.304957027515456712e-11 -3.173055400522699030e-10 2.686417328483546338e-10 -3.972857267114063915e-11 -2.708315667693552297e-10 -3.154329825363552755e-10 -2.290873965959183493e-09 -6.975243039636028698e+04 0.000000000000000000e+00
