0.000000000000000000e+00 0.000000000000000000e+00 0.000000000000000000e+00 0.000000000000000000e+00 0.000000000000000000e+00 0.000000000000000000e+00 1.216315532719741663e-09 9.226266249963702354e-09 1.923194158275035370e-09 1.695943742243774924e-09 1.366752287440954778e-09 2.056138832331149085e-09 1.547167515854542856e-09 1.219150115900757986e-09 8.519047670729712293e-10 2.798069519793402717e-10 8.611008087974946050e-11 2.354411472045153517e-08 3.506394862119486394e-03 0.000000000000000000e+00
0.000000000000000000e+00 0.000000000000000000e+00 0.000000000000000000e+00 0.000000000000000000e+00 0.000000000000000000e+00 0.000000000000000000e+00 -6.004241944870562590e-10 2.457219614747785560e-10 -1.362788307714797881e-09 2.756555045359065863e-10 8.373632469486323533e-10 1.127880697165619157e-09 2.581664613119722451e-10 3.118553104919596625e-10 2.043564404797927429e-10 -6.180615848371452626e-12 -1.018457596719760562e-05 4.814328746035559603e-08 3.509196082589809140e-03 0.000000000000000000e+00
0.000000000000000000e+00 0.000000000000000000e+00 0.000000000000000000e+00 0.000000000000000000e+00 0.000000000000000000e+00 0.000000000000000000e+00 -7.831007055534198659e-11 -2.200759066136732308e-10 6.085041580922614008e-10 -2.897256644280927166e-10 1.077564670293037075e-10 4.394691159131265605e-10 2.824830455290319007e-10 3.948713120898388815e-10 4.352134827168577465e-10 1.883494624463570377e-10 6.693734227226231824e-11 2.359436269364624789e-08 -7.262242678015172714e+03 0.000000000000000000e+00
0.000000000000000000e+00 0.000000000000000000e+00 0.000000000000000000e+00 0.000000000000000000e+00 0.000000000000000000e+00 0.000000000000000000e+00 1.312257811509658530e-09 -2.882133115350584139e-09 2.751622741323899118e-09 -4.159091571440646831e-10 4.523590760679067062e-10 8.619834227647154256e-10 5.443665846440743568e-10 6.484499839305344686e-10 6.375834050742075664e-10 2.786630437983075398e-10 1.099724201658714364e-10 3.106415885885804022e-08 3.252456141324731288e+04 0.000000000000000000e+00
0.000000000000000000e+00 0.000000000000000000e+00 0.000000000000000000e+00 0.000000000000000000e+00 0.000000000000000000e+00 0.000000000000000000e+00 4.156288640674342106e-09 1.227794514725200911e-08 -1.365172961569339656e-08 -5.760494534821594375e-09 -3.959957846363949960e-09 -1.520492257964750150e-09 -1.343616298160719052e-09 -7.759655819255282112e-10 -2.879397372238909470e-10 -1.083200073819565590e-10 1.412129607408286973e-11 2.734168048064863771e-10 5.220634079309211928e-09 0.000000000000000000e+00
0.000000000000000000e+00 0.000000000000000000e+00 0.000000000000000000e+00 0.000000000000000000e+00 0.000000000000000000e+00 0.000000000000000000e+00 -1.755729779587267426e-09 -4.607148946824867048e-09 -1.057618681643919209e-10 -2.151852843105392361e-09 8.082843253367879905e-10 2.106932874726101442e-09 -2.152001278630988559e-10 2.115747805144185105e-11 1.315821863625697783e-11 2.268642934788211140e-12 3.021243237696146650e-10 3.426748305086925803e-10 5.275208006028432963e-09 0.000000000000000000e+00
0.000000000000000000e+00 0.000000000000000000e+00 0.000000000000000000e+00 0.000000000000000000e+00 0.000000000000000000e+00 0.000000000000000000e+00 -1.075303607253220167e-09 -3.812027140070308900e-09 3.223670837149443703e-09 -9.015420504885803324e-10 -4.320310694721308829e-10 1.060749429168198164e-09 7.290106929352801780e-11 -7.240911180855158346e-11 1.282568419402450131e-11 -2.950921865406910558e-12 2.140372366360279351e-13 8.710253100766267061e-12 7.975517089724578842e-06 0.000000000000000000e+00
0.000000000000000000e+00 0.000000000000000000e+00 0.000000000000000000e+00 0.000000000000000000e+00 0.000000000000000000e+00 0.000000000000000000e+00 -3.075485367108285713e-09 -1.085522956289759844e-08 9.511777996344394180e-09 9.289686080093486622e-10 1.276878724794638192e-09 2.110561518739794005e-09 6.028145993932897261e-10 2.401136597462152800e-10 1.332130305929834237e-10 4.964462649569194106e-11 -5.926002099832633244e-12 -8.776863599273753398e-11 1.466669833113897152e-06 0.000000000000000000e+00
0.000000000000000000e+00 0.000000000000000000e+00 0.000000000000000000e+00 0.000000000000000000e+00 0.000000000000000000e+00 0.000000000000000000e+00 4.884916064552057409e-08 -2.153688756865682639e-08 -6.262409343498946740e-08 -2.240000653717268195e-08 -1.142110419471872836e-08 -1.024424198033314731e-08 -9.043813161288800782e-09 -2.997279161373228793e-09 -2.367614197334260292e-09 -7.029638374774032903e-10 1.350773027515841050e-10 2.203689159290788007e-09 8.355000273086620113e-08 0.000000000000000000e+00
0.000000000000000000e+00 0.000000000000000000e+00 0.000000000000000000e+00 0.000000000000000000e+00 0.000000000000000000e+00 0.000000000000000000e+00 1.190462868560243347e-09 -2.366228534404449930e-08 2.898334624945702298e-08 -6.470165103019917190e-09 1.497979824200186428e-09 4.496765871584644768e-09 -1.657480318942535383e-10 4.865680475960037648e-10 -2.063927063389808339e-10 -4.506491708232541429e-11 1.022746239669355860e-09 2.910779750380214060e-09 8.384970201957009146e-08 0.000000000000000000e+00
0.000000000000000000e+00 0.000000000000000000e+00 0.000000000000000000e+00 0.000000000000000000e+00 0.000000000000000000e+00 0.000000000000000000e+00 -1.979314246775527521e-09 -2.347227392194010843e-08 3.239130645203411447e-08 -4.465149635170696963e-12 1.217171568746352578e-09 3.075559725330493801e-09 8.718428274828646351e-10 8.767923762620127732e-10 -2.759294811012328464e-10 2.486170546296538976e-10 -5.022017410594626781e-11 -2.909300348651856366e-10 1.956986041367661218e-04 0.000000000000000000e+00
0.000000000000000000e+00 0.000000000000000000e+00 0.000000000000000000e+00 0.000000000000000000e+00 0.000000000000000000e+00 0.000000000000000000e+00 -2.005111409370205890e-08 -2.762420357928410044e-08 7.055249220621344670e-08 9.034696630563342999e-09 6.809346209429897335e-09 8.266398661218542652e-09 4.758946633249244517e-09 2.284570093856877556e-09 5.174246266502178607e-10 6.247378772214538162e-10 -1.312889071225757741e-10 -1.201312734963084526e-09 2.875024243294348430e-04 0.000000000000000000e+00
0.000000000000000000e+00 0.000000000000000000e+00 0.000000000000000000e+00 0.000000000000000000e+00 0.000000000000000000e+00 0.000000000000000000e+00 -1.390620838075852754e-10 3.946281244936315476e-10 3.809146654569721854e-10 -2.363222457302388073e-10 -3.806082754813818133e-11 -1.417725575734223203e-10 -4.654085264510539244e-10 -3.886519053516267280e-10 -5.172093124382607551e-11 -1.405899016080600712e-10 -4.057925752008740088e-11 -7.554050703670598047e-09 1.840312689269019608e-05 0.000000000000000000e+00
0.000000000000000000e+00 0.000000000000000000e+00 0.000000000000000000e+00 0.000000000000000000e+00 0.000000000000000000e+00 0.000000000000000000e+00 -6.817610341884349136e-09 2.154666489718030510e-09 1.008170118568710734e-09 1.490014832161700373e-09 -3.101263460717970652e-09 5.067703609123793362e-10 -2.519715680713148956e-10 -2.665203791295023821e-10 -1.191546862477836593e-10 7.186741734473286608e-11 1.132683257651661722e-04 -9.921169982543892945e-09 1.839922756847594951e-05 0.000000000000000000e+00
0.000000000000000000e+00 0.000000000000000000e+00 0.000000000000000000e+00 0.000000000000000000e+00 0.000000000000000000e+00 0.000000000000000000e+00 -3.070672150014434373e-10 6.650401205255851100e-10 9.503589774307300951e-10 -1.074435063274362698e-11 -6.051031502410159113e-12 -2.406032699042676628e-10 -4.416105775973452782e-10 -4.255231841075324172e-10 -8.303908096937006837e-11 -1.296384788088585018e-10 -1.615648160996798233e-11 -5.927126817278037583e-09 -7.937437581851571849e+03 0.000000000000000000e+00
0.000000000000000000e+00 0.000000000000000000e+00 0.000000000000000000e+00 0.000000000000000000e+00 0.000000000000000000e+00 0.000000000000000000e+00 -1.175357740974900828e-09 4.327784676047390321e-10 1.298079783432811516e-09 2.476400846650814471e-10 -2.278260528147915397e-10 -2.328519671967126815e-10 -3.210510364311287026e-10 -4.378426914800376663e-10 -1.326175058408715414e-10 -1.641753772438593932e-10 -1.320405187588050704e-11 -5.595407319065152183e-09 -7.319875473847104331e+03 0.000000000000000000e+00
