0.000000000000000000e+00 0.000000000000000000e+00 0.000000000000000000e+00 0.000000000000000000e+00 0.000000000000000000e+00 0.000000000000000000e+00 1.775388905690670986e-08 9.023391457021672192e-09 1.647313796792533290e-08 1.249279872870651746e-08 1.123921990707708720e-08 1.206657679707915136e-08 9.180033407614206677e-09 6.564572403962280072e-09 4.129526222378016484e-09 1.500046674028960871e-09 1.555752666592453075e-09 1.480776892015182646e-07 5.508308323721543395e-06 0.000000000000000000e+00
0.000000000000000000e+00 0.000000000000000000e+00 0.000000000000000000e+00 0.000000000000000000e+00 0.000000000000000000e+00 0.000000000000000000e+00 7.651851500740239238e-09 5.593969887271074905e-09 4.137975375923687349e-09 4.451012984189664794e-09 4.733454668655981996e-09 4.136927099437226852e-09 3.081666204959101005e-09 2.035064421782032462e-09 1.378488862821941706e-09 1.279695190105055984e-09 3.768241059269883408e-05 1.539108290353357754e-07 5.497399350037290259e-06 0.000000000000000000e+00
0.000000000000000000e+00 0.000000000000000000e+00 0.000000000000000000e+00 0.000000000000000000e+00 0.000000000000000000e+00 0.000000000000000000e+00 6.487766070811101350e-09 2.186322951654888205e-09 3.036156141068036745e-09 3.063467108926370973e-09 2.556072464566125120e-09 3.255346147745886039e-09 3.082644983158225491e-09 2.665779367199848618e-09 2.098031645702576016e-09 1.096576338044257363e-09 7.767355271660036272e-10 1.113296052448496979e-07 3.982794903259714658e+01 0.000000000000000000e+00
0.000000000000000000e+00 0.000000000000000000e+00 0.000000000000000000e+00 0.000000000000000000e+00 0.000000000000000000e+00 0.000000000000000000e+00 4.730188114903296960e-09 2.443094673761822219e-09 2.039529329782089195e-09 2.241007370850749023e-09 2.044365084227744147e-09 2.495403887136797902e-09 2.582963235728646009e-09 2.278786065981121709e-09 1.750087203459507383e-09 9.147658698091608948e-10 5.117481639859871115e-10 1.276930956848252424e-07 5.865173883268985833e+01 0.000000000000000000e+00
0.000000000000000000e+00 0.000000000000000000e+00 0.000000000000000000e+00 0.000000000000000000e+00 0.000000000000000000e+00 0.000000000000000000e+00 -4.336653828903029853e-08 -3.123071176101344677e-09 -2.698116633431676919e-08 -1.585552957208839043e-08 -4.563436691626329367e-09 -4.464140000615902402e-09 -2.826487565296713032e-09 -1.557711627002193869e-09 -7.733274799422512120e-10 -2.244043795045789035e-10 1.305577274034156220e-10 8.117151118305870889e-10 1.478586855093593738e-09 0.000000000000000000e+00
0.000000000000000000e+00 0.000000000000000000e+00 0.000000000000000000e+00 0.000000000000000000e+00 0.000000000000000000e+00 0.000000000000000000e+00 -3.841051354250703265e-08 -3.404118920334850337e-09 3.287329825850595620e-09 -1.720555044776540522e-09 1.474290941477849085e-09 7.087890360827814618e-12 4.422058853513850705e-11 -1.623270932829210878e-11 -1.282006467961123602e-10 -1.270985650451170653e-10 -1.884255771022297879e-09 7.714568354219949842e-10 1.478066480588403017e-09 0.000000000000000000e+00
0.000000000000000000e+00 0.000000000000000000e+00 0.000000000000000000e+00 0.000000000000000000e+00 0.000000000000000000e+00 0.000000000000000000e+00 -3.522283708120488468e-08 1.680715404004187521e-09 -7.337789674803593874e-09 -4.886809995002681803e-09 -1.454422842011775798e-10 -1.199813756118112125e-09 -7.814446399443445304e-10 -4.935825320065404697e-10 -3.040966964756480012e-10 -1.129804029948466264e-10 5.125677627536661579e-11 2.548134827800167422e-10 -4.076021735051005346e-07 0.000000000000000000e+00
0.000000000000000000e+00 0.000000000000000000e+00 0.000000000000000000e+00 0.000000000000000000e+00 0.000000000000000000e+00 0.000000000000000000e+00 -3.232703066635653004e-08 1.892408885535563443e-09 -2.386589497317219566e-09 -2.292483399893992437e-09 9.473478552813118218e-10 -3.505089160000206094e-10 -2.479031509058553252e-10 -1.665759240039843295e-10 -9.831261373089143558e-11 -1.624989917668714430e-11 1.870201318596971104e-11 6.174334564492454472e-11 -4.967896288730004536e-07 0.000000000000000000e+00
0.000000000000000000e+00 0.000000000000000000e+00 0.000000000000000000e+00 0.000000000000000000e+00 0.000000000000000000e+00 0.000000000000000000e+00 -1.212677813690790399e-07 -2.476592586548303625e-08 -1.538720965894839444e-07 -4.104026366978036773e-08 -1.695650254155738470e-08 -7.682324634185907109e-09 -4.668873740557125934e-09 -2.156346533789370586e-09 -8.020541450862840309e-10 -1.731518850273519810e-11 7.860912334681446293e-11 4.355031829249239930e-11 5.511089143187119596e-09 0.000000000000000000e+00
0.000000000000000000e+00 0.000000000000000000e+00 0.000000000000000000e+00 0.000000000000000000e+00 0.000000000000000000e+00 0.000000000000000000e+00 -1.099075395018276896e-07 -1.251508848098335428e-08 1.933716541207557581e-08 6.874297527425420289e-09 4.633963911984325471e-09 -1.317635853944672690e-09 7.345397246713266534e-10 -1.583704995111497216e-10 1.417492183090773309e-10 3.393177186455737023e-11 -8.427752029941261206e-09 -8.917256062727193698e-11 5.535917978926056257e-09 0.000000000000000000e+00
0.000000000000000000e+00 0.000000000000000000e+00 0.000000000000000000e+00 0.000000000000000000e+00 0.000000000000000000e+00 0.000000000000000000e+00 -9.827680710436977371e-08 1.922349482689885643e-08 -3.703729941751506858e-08 -6.385101706965811942e-09 -6.058909467439687029e-10 -1.947545821729559751e-09 -8.057555904079832804e-10 -3.998186759085334248e-10 -4.438526927853284795e-11 3.380081754311715690e-11 8.847276047275956578e-11 -1.071739323494856010e-09 -2.973604801484162494e-06 0.000000000000000000e+00
0.000000000000000000e+00 0.000000000000000000e+00 0.000000000000000000e+00 0.000000000000000000e+00 0.000000000000000000e+00 0.000000000000000000e+00 -8.906890947212364705e-08 2.440142564322000959e-08 -7.854491077368961901e-09 2.381933415989421623e-09 3.671148260350120518e-09 -6.452939628847219857e-10 2.038587093546766731e-10 6.882801567444042737e-11 2.399370249352530925e-10 9.078427217296083551e-11 9.568621064245876524e-11 -1.385237978192507132e-09 -3.616035798798056897e-06 0.000000000000000000e+00
0.000000000000000000e+00 0.000000000000000000e+00 0.000000000000000000e+00 0.000000000000000000e+00 0.000000000000000000e+00 0.000000000000000000e+00 -3.346961695070000152e-09 1.193175519995453513e-09 4.095480903008288574e-10 -4.837835191749445421e-10 2.078881272517865957e-10 -2.489617919852483577e-10 -2.317185213551095625e-10 7.918084252397833413e-11 -2.462029434363773093e-10 -1.429015709107583541e-10 -5.199878972493975396e-10 -1.560193364115521169e-08 4.257787589911997728e-06 0.000000000000000000e+00
0.000000000000000000e+00 0.000000000000000000e+00 0.000000000000000000e+00 0.000000000000000000e+00 0.000000000000000000e+00 0.000000000000000000e+00 -1.253536972335428800e-08 2.983340377864925446e-09 4.650262825024515874e-10 -6.987308009790567344e-10 -1.576351987194109698e-09 -8.580151589036018231e-11 -3.241413448857185610e-10 -2.883447635373960823e-10 -2.994916828019553710e-10 -1.093964267009020925e-10 -1.434797517908755241e-04 -1.828729901115768667e-08 4.263478556448351117e-06 0.000000000000000000e+00
0.000000000000000000e+00 0.000000000000000000e+00 0.000000000000000000e+00 0.000000000000000000e+00 0.000000000000000000e+00 0.000000000000000000e+00 -3.138911827721277424e-09 -4.279683388935171179e-10 1.112833415383712114e-09 -5.826079627942384723e-10 -5.411167815507788937e-10 2.063868199876692158e-10 -2.587941240135009526e-10 -1.056257147618715711e-10 -3.492584219802703704e-10 -1.650217421869122644e-10 -3.767840081349855913e-10 -3.634242086276597246e-08 1.595761190760348391e+01 0.000000000000000000e+00
0.000000000000000000e+00 0.000000000000000000e+00 0.000000000000000000e+00 0.000000000000000000e+00 0.000000000000000000e+00 0.000000000000000000e+00 -3.158384261199705909e-09 -5.393509997471055667e-10 1.108728742663062619e-09 -6.580441845404561551e-10 -5.520314495393039833e-10 1.777792884372828867e-10 -3.977340243926552720e-10 -2.303058259550006881e-10 -4.050933915912845150e-10 -1.663778725793204504e-10 -2.985522018433976337e-10 -4.637622677695268084e-08 2.318935874366837169e+01 0.000000000000000000e+00
