0.000000000000000000e+00 0.000000000000000000e+00 0.000000000000000000e+00 0.000000000000000000e+00 0.000000000000000000e+00 0.000000000000000000e+00 1.590538190968086665e-09 7.290081775585853217e-10 2.114636548025593276e-09 1.154032417959098537e-09 1.255283846331769779e-09 1.294774884125936251e-09 1.223637289960754881e-09 9.127503638543079599e-10 4.814739258001044093e-10 1.474384423823519620e-10 3.862616153266755709e-10 2.475579408416087002e-08 1.570633869279767977e-06 0.000000000000000000e+00
0.000000000000000000e+00 0.000000000000000000e+00 0.000000000000000000e+00 0.000000000000000000e+00 0.000000000000000000e+00 0.000000000000000000e+00 3.352356471396525392e-10 6.137694457471148543e-10 2.810425349773533612e-10 1.434302414051700660e-10 2.629868247924846412e-10 2.994841262811843326e-10 2.134134600519358241e-10 1.951237172434235257e-10 2.073027633234131144e-10 5.411474415491399308e-10 5.687404586394675292e-06 3.006618374744273230e-08 1.570393862624401562e-06 0.000000000000000000e+00
0.000000000000000000e+00 0.000000000000000000e+00 0.000000000000000000e+00 0.000000000000000000e+00 0.000000000000000000e+00 0.000000000000000000e+00 6.253889911076147928e-10 3.390651394999318487e-10 6.540150421705855299e-10 4.996038675216312112e-10 5.275801490076524070e-10 6.271852598573595907e-10 5.735614897389440236e-10 4.035125189116329134e-10 1.937399798490722209e-10 9.076163611878747169e-11 1.969111723065148776e-10 1.044687461750134569e-08 -8.857121462078126228e+00 0.000000000000000000e+00
0.000000000000000000e+00 0.000000000000000000e+00 0.000000000000000000e+00 0.000000000000000000e+00 0.000000000000000000e+00 0.000000000000000000e+00 2.657362430462531359e-10 2.489614997717181573e-10 2.808785942667339719e-10 2.747432211281140863e-10 3.032484720407066014e-10 3.975008809513682507e-10 3.711514277524384164e-10 2.557754454101023394e-10 1.276351233961394001e-10 8.203830568075176198e-11 1.096293862467307559e-10 1.087636521700119685e-08 -1.375370974681062819e+01 0.000000000000000000e+00
0.000000000000000000e+00 0.000000000000000000e+00 0.000000000000000000e+00 0.000000000000000000e+00 0.000000000000000000e+00 0.000000000000000000e+00 7.011490480928706505e-09 5.566834346436310332e-09 -1.118770173642816550e-08 -1.557923763358744887e-09 -1.643435243502618296e-09 -1.199351036419331460e-09 -6.791097911195267553e-10 -5.323244922037311842e-10 -2.572927037857051697e-10 -7.545934007424387764e-11 5.645712576162566298e-11 2.943389691784422525e-10 5.169898071595694876e-10 0.000000000000000000e+00
0.000000000000000000e+00 0.000000000000000000e+00 0.000000000000000000e+00 0.000000000000000000e+00 0.000000000000000000e+00 0.000000000000000000e+00 -7.363762368407428159e-09 5.129484477270526546e-09 -5.004392119128315682e-10 7.184154349103169945e-10 8.513271689780330390e-10 3.343641036641717153e-10 7.536689724759227546e-11 -7.673389791553730263e-11 -6.962481873363261505e-11 -4.791765323840873923e-11 4.031711437857218125e-10 3.177481864602361982e-10 5.141319308575057537e-10 0.000000000000000000e+00
0.000000000000000000e+00 0.000000000000000000e+00 0.000000000000000000e+00 0.000000000000000000e+00 0.000000000000000000e+00 0.000000000000000000e+00 3.457769581586137781e-09 2.942945380096883686e-09 -5.306557388009109111e-09 -6.534693694559479094e-10 -4.934181093415234890e-10 -4.070946915023005028e-10 -1.724418768962689846e-10 -2.438736686368857267e-10 -1.327723469403506765e-10 -3.626086012806426868e-11 2.750004890056061309e-11 1.089793975991862830e-10 2.406467214998359864e-07 0.000000000000000000e+00
0.000000000000000000e+00 0.000000000000000000e+00 0.000000000000000000e+00 0.000000000000000000e+00 0.000000000000000000e+00 0.000000000000000000e+00 1.009483125996920841e-09 2.179452594882093713e-09 -2.745170908211696379e-09 -1.574235328214037198e-10 1.192696060352910736e-11 -3.805450857905632203e-11 2.285990015495914937e-11 -1.254241702309727457e-10 -6.492341770890905743e-11 -5.248979699134333218e-12 1.000838181730143494e-11 4.743016598184061013e-11 2.971642242619308754e-07 0.000000000000000000e+00
0.000000000000000000e+00 0.000000000000000000e+00 0.000000000000000000e+00 0.000000000000000000e+00 0.000000000000000000e+00 0.000000000000000000e+00 -1.459328757534244845e-08 3.469884641378238665e-08 -5.496324106513911132e-08 3.644443996309792515e-09 -8.801003825370733961e-10 2.021589896885408130e-11 -3.338018735901697869e-09 -5.541453340689458678e-10 6.007071330700013276e-11 1.341196773555581634e-11 2.909415562552133744e-11 2.816401998599313697e-10 7.705797851088779988e-11 0.000000000000000000e+00
0.000000000000000000e+00 0.000000000000000000e+00 0.000000000000000000e+00 0.000000000000000000e+00 0.000000000000000000e+00 0.000000000000000000e+00 -2.909158950803052073e-08 2.041800259690013281e-08 -9.796738336394508588e-09 9.710650822348530468e-09 4.961037400932155686e-09 -5.344039160827821125e-10 -5.505175060603556186e-10 -1.174861348333062507e-10 -2.784844043904529661e-10 1.384788787418676936e-10 1.940315954948586019e-10 3.384203258810869970e-10 9.535320146113237489e-11 0.000000000000000000e+00
0.000000000000000000e+00 0.000000000000000000e+00 0.000000000000000000e+00 0.000000000000000000e+00 0.000000000000000000e+00 0.000000000000000000e+00 -1.119859304712304767e-08 2.646804538002492534e-08 -2.534068839133453366e-08 6.642673176986661964e-09 2.378746223394464679e-09 3.726128486688676097e-10 -1.561906121631556600e-09 1.071702979039315352e-10 -1.449278330522916378e-10 5.317026591464141738e-11 -4.005564096996725555e-11 1.814262950529636258e-10 2.489521796842863769e-06 0.000000000000000000e+00
0.000000000000000000e+00 0.000000000000000000e+00 0.000000000000000000e+00 0.000000000000000000e+00 0.000000000000000000e+00 0.000000000000000000e+00 -1.116114021775365491e-08 2.168989074514671471e-08 -1.375932515571015473e-08 7.343799925866840397e-09 3.548351872505122183e-09 3.673903394546084149e-10 -8.754153278538120125e-10 2.598565418448257272e-10 -2.614758546185611731e-10 8.168533609181247294e-11 -7.869696829379336163e-11 1.130220720942635849e-10 3.060000147200123533e-06 0.000000000000000000e+00
0.000000000000000000e+00 0.000000000000000000e+00 0.000000000000000000e+00 0.000000000000000000e+00 0.000000000000000000e+00 0.000000000000000000e+00 6.433472027085077829e-10 -6.713424705065160052e-10 4.128198918704346599e-10 4.488136359262133997e-10 2.730443918357081497e-10 -3.569514089168731805e-10 -2.604564604850644981e-10 -1.394271027463078081e-10 -5.305067109243467397e-11 -8.016958266687634171e-12 -2.139644486090218969e-10 -8.402104020098175883e-09 2.338286183056128724e-06 0.000000000000000000e+00
0.000000000000000000e+00 0.000000000000000000e+00 0.000000000000000000e+00 0.000000000000000000e+00 0.000000000000000000e+00 0.000000000000000000e+00 6.692465326537342578e-10 6.087934639870773789e-10 1.075156832322516344e-09 -5.671156339835209615e-10 1.032991805515686850e-10 -3.644526353246499548e-10 -4.449498043204431152e-10 -1.544402963276107509e-10 -1.228005660134523953e-10 -1.216738319566173951e-10 9.836236121298127648e-06 -1.057693710008737755e-08 2.340189895148414502e-06 0.000000000000000000e+00
0.000000000000000000e+00 0.000000000000000000e+00 0.000000000000000000e+00 0.000000000000000000e+00 0.000000000000000000e+00 0.000000000000000000e+00 9.343323798883217999e-10 -5.158511860048390007e-11 4.845180204050067227e-10 4.409801674134748223e-10 2.153068681964030301e-10 -4.271936647697640891e-10 -3.190521435728926283e-10 -1.622493287231040323e-10 -6.567062116691143235e-11 -2.135396128744984607e-11 -1.440223496057528569e-10 -1.156199616582046035e-08 -7.388484448880640798e+01 0.000000000000000000e+00
0.000000000000000000e+00 0.000000000000000000e+00 0.000000000000000000e+00 0.000000000000000000e+00 0.000000000000000000e+00 0.000000000000000000e+00 8.590226836351263103e-10 1.971240499956410800e-10 4.357765537904953467e-10 3.216402074227377964e-10 1.801626958073492801e-10 -4.361428114386630874e-10 -3.470523334746908058e-10 -1.719847601496511818e-10 -8.208542759872321579e-11 -3.891681609624286199e-11 -1.031783724161630220e-10 -1.212401760571950285e-08 -1.110947609367704985e+02 0.000000000000000000e+00
