0.000000000000000000e+00 0.000000000000000000e+00 0.000000000000000000e+00 0.000000000000000000e+00 0.000000000000000000e+00 0.000000000000000000e+00 2.210125163518360774e-10 1.496068749733773470e-10 2.684461548549986229e-10 2.081698563324643458e-10 2.766090594212759982e-10 3.412167970268114227e-10 2.524444937871682693e-10 1.870453508377769582e-10 8.560371275551424419e-11 3.252200815195752173e-11 6.134576205839964561e-11 1.160665657345419657e-08 1.066587868852629842e-06 0.000000000000000000e+00
0.000000000000000000e+00 0.000000000000000000e+00 0.000000000000000000e+00 0.000000000000000000e+00 0.000000000000000000e+00 0.000000000000000000e+00 1.081531074363686111e-10 -1.466055732459345563e-11 1.136443289732007886e-10 6.051721825495373578e-12 5.970911186684546459e-11 4.721962388628123430e-11 3.088482996911303451e-11 3.001553935134611566e-11 3.462036742676489360e-11 1.105720157128181810e-10 1.214411920295140805e-06 1.424799593167084805e-08 1.067058196755586312e-06 0.000000000000000000e+00
0.000000000000000000e+00 0.000000000000000000e+00 0.000000000000000000e+00 0.000000000000000000e+00 0.000000000000000000e+00 0.000000000000000000e+00 2.523376183310004897e-11 -7.373834286800313391e-12 7.198422070429045983e-11 2.495510559459271606e-11 4.992921309132298244e-11 6.659450100900252326e-11 4.737971138901961385e-11 4.536655949782025168e-11 3.401900808892847363e-11 3.471870151958499455e-11 5.576510628144964834e-11 7.563665307297508082e-09 3.688622036018934125e+00 0.000000000000000000e+00
0.000000000000000000e+00 0.000000000000000000e+00 0.000000000000000000e+00 0.000000000000000000e+00 0.000000000000000000e+00 0.000000000000000000e+00 1.688394882715565680e-11 -1.489088309437630500e-11 5.317254480403375058e-11 5.503619439569337309e-12 3.153881872859081444e-11 3.719412225462061428e-11 3.630860214906822409e-11 4.247729402553760534e-11 4.149486051962925589e-11 4.504646588947529080e-11 7.409285206522351888e-11 9.652761409202464243e-09 5.367296401963312036e+00 0.000000000000000000e+00
0.000000000000000000e+00 0.000000000000000000e+00 0.000000000000000000e+00 0.000000000000000000e+00 0.000000000000000000e+00 0.000000000000000000e+00 -9.341716980708698638e-10 1.202112383830137147e-09 -2.321553781861431826e-09 -1.417858715214420173e-09 -1.537962535001315169e-09 -9.080392991698358334e-10 -4.063518422278550824e-10 -2.653952253571836831e-10 -1.307259243717237970e-10 -3.522528299349106605e-11 2.760901097450681362e-11 1.731470723406921269e-10 1.716451698882765535e-10 0.000000000000000000e+00
0.000000000000000000e+00 0.000000000000000000e+00 0.000000000000000000e+00 0.000000000000000000e+00 0.000000000000000000e+00 0.000000000000000000e+00 2.065301948475196035e-09 6.733571347952928532e-10 -4.984656458175777421e-10 9.691934970604448907e-11 -1.034587709058144290e-10 -9.062327124038026687e-12 -2.219156934196710948e-11 -1.826183978940090098e-11 -1.561917971577976419e-11 -1.920285678689374668e-11 1.740778748110871760e-10 1.878271620867199246e-10 1.710359457691488940e-10 0.000000000000000000e+00
0.000000000000000000e+00 0.000000000000000000e+00 0.000000000000000000e+00 0.000000000000000000e+00 0.000000000000000000e+00 0.000000000000000000e+00 4.230449946104512734e-10 3.261001459493635287e-10 -8.395551203440939202e-10 -2.128281049379276058e-10 -5.816572859623914918e-10 -3.463499439440251191e-10 -1.290374383350334373e-10 -1.016324166151934932e-10 -4.946952123745177809e-11 -1.383457229402236497e-11 1.189010205009037874e-11 4.932834025666194055e-11 7.696109016878865805e-08 0.000000000000000000e+00
0.000000000000000000e+00 0.000000000000000000e+00 0.000000000000000000e+00 0.000000000000000000e+00 0.000000000000000000e+00 0.000000000000000000e+00 1.058108425549125187e-09 6.206908053230262531e-11 -3.422944685720717871e-10 2.299479040471614409e-10 -2.154715938162179253e-10 -1.298813076898018683e-10 -2.779062832225207545e-11 -3.511050980580024770e-11 -1.163895383693512005e-11 1.985560390866643768e-12 3.075291236904428165e-12 7.774658404054747475e-12 9.527190706980423783e-08 0.000000000000000000e+00
0.000000000000000000e+00 0.000000000000000000e+00 0.000000000000000000e+00 0.000000000000000000e+00 0.000000000000000000e+00 0.000000000000000000e+00 -1.298512938607536402e-08 5.913794289702682118e-10 -1.425563685904173057e-08 -8.746693701819725027e-09 -4.080407258236080120e-09 -2.197879335073616488e-09 -7.811980855873118840e-10 -3.445975805014588108e-10 -9.872519316716175236e-11 -2.927786668535408310e-11 3.116056732309136075e-11 3.245066202774320215e-10 -1.698527971074812825e-09 0.000000000000000000e+00
0.000000000000000000e+00 0.000000000000000000e+00 0.000000000000000000e+00 0.000000000000000000e+00 0.000000000000000000e+00 0.000000000000000000e+00 1.370435995774386141e-09 1.674649301096996988e-09 -4.014862170905972335e-09 1.223700893357755502e-09 6.677233832257290495e-10 -2.808344665239130720e-10 1.905024550737849663e-10 3.753166419382956750e-13 8.234196086316328328e-11 2.016618695817454210e-11 9.961870094678515180e-10 3.578261264011380778e-10 -1.723757324599147889e-09 0.000000000000000000e+00
0.000000000000000000e+00 0.000000000000000000e+00 0.000000000000000000e+00 0.000000000000000000e+00 0.000000000000000000e+00 0.000000000000000000e+00 -3.140196156060148491e-09 6.069120954175408712e-10 -4.121539211125002663e-09 -2.740223955213451696e-09 -1.022463997095616085e-09 -7.916595983046243795e-10 -7.225940927322304818e-11 -7.128850782095171416e-11 3.052965975770395557e-11 8.899281498116055845e-12 -7.762838390445006881e-12 -9.038227628049731829e-11 -8.590663639865469146e-07 0.000000000000000000e+00
0.000000000000000000e+00 0.000000000000000000e+00 0.000000000000000000e+00 0.000000000000000000e+00 0.000000000000000000e+00 0.000000000000000000e+00 5.998487299405847334e-10 6.277725799766926454e-10 -8.594550470519737107e-10 -2.545263192148187535e-10 1.142833209628587015e-10 -3.217529867203095547e-10 1.779878937863674074e-10 2.395522408120026528e-11 8.132011399578613315e-11 3.260612672537041238e-11 -2.657303607830669710e-11 -2.058568615634740547e-10 -1.116924122037668715e-06 0.000000000000000000e+00
0.000000000000000000e+00 0.000000000000000000e+00 0.000000000000000000e+00 0.000000000000000000e+00 0.000000000000000000e+00 0.000000000000000000e+00 2.119767721840087818e-10 1.533832445209852878e-10 -3.602770025288983887e-10 1.030614319482739182e-10 4.423028953971472589e-11 -8.283820954485545724e-11 4.806899182343603146e-11 -6.762384656746193188e-11 -7.035013951979537665e-11 -3.000011546179514338e-11 -1.046444965678149754e-10 -4.291623670850488209e-09 4.603313144088921381e-06 0.000000000000000000e+00
0.000000000000000000e+00 0.000000000000000000e+00 0.000000000000000000e+00 0.000000000000000000e+00 0.000000000000000000e+00 0.000000000000000000e+00 -8.463889369151979715e-10 -3.089596021884571291e-10 -3.490206092688732839e-10 2.095144420442187240e-10 -3.077569400699860422e-10 -2.934059616028548779e-10 -2.055963274233352295e-11 -8.445420311771708702e-11 -7.792874059002592014e-11 -1.564037817175275044e-11 2.169881588354114204e-05 -5.242560750607539314e-09 4.600620773034653299e-06 0.000000000000000000e+00
0.000000000000000000e+00 0.000000000000000000e+00 0.000000000000000000e+00 0.000000000000000000e+00 0.000000000000000000e+00 0.000000000000000000e+00 -4.744187793989122589e-11 2.801677844306376592e-10 -3.337315476376857758e-10 1.777166181011754663e-10 -1.510576480140858316e-11 -9.597112575692316367e-11 5.197063896309484240e-11 -4.005083161182803836e-11 -7.017068766400141765e-11 -2.980915270818712069e-11 -7.054435456039607481e-11 -5.285162080447877499e-09 7.976891818664761047e+01 0.000000000000000000e+00
0.000000000000000000e+00 0.000000000000000000e+00 0.000000000000000000e+00 0.000000000000000000e+00 0.000000000000000000e+00 0.000000000000000000e+00 -2.894109861295392492e-10 2.157784771314370573e-10 -2.709531409211803918e-10 2.164132281652854024e-10 -7.586230477057499762e-11 -8.382120647216181450e-11 5.302763111119656423e-11 -3.714143850989291903e-11 -7.798139015804457831e-11 -3.195973118347532108e-11 -5.587739552451892341e-11 -4.963845254753000596e-09 1.197564124207777070e+02 0.000000000000000000e+00
