0.000000000000000000e+00 0.000000000000000000e+00 0.000000000000000000e+00 0.000000000000000000e+00 0.000000000000000000e+00 0.000000000000000000e+00 3.416672346173235089e-10 2.067265348269971294e-11 3.572674259023216001e-10 2.574409168232282181e-10 3.262365195531847018e-10 3.387408817706734712e-10 2.963000887429353686e-10 2.298073946310427387e-10 1.192613271603497701e-10 4.298907129712778521e-11 1.027907113912314638e-10 7.303011727104423708e-09 1.041613750191979613e-06 0.000000000000000000e+00
0.000000000000000000e+00 0.000000000000000000e+00 0.000000000000000000e+00 0.000000000000000000e+00 0.000000000000000000e+00 0.000000000000000000e+00 7.483322699612795148e-11 6.852367745876364379e-11 1.416808841923910584e-10 8.617214926355144440e-11 9.409857648871792115e-11 8.823706978291205651e-11 5.421526445899067081e-11 6.249285635898031041e-11 7.734955322655475661e-11 1.798179426509393595e-10 1.689789214564744977e-06 8.727682590114265442e-09 1.041837832024474105e-06 0.000000000000000000e+00
0.000000000000000000e+00 0.000000000000000000e+00 0.000000000000000000e+00 0.000000000000000000e+00 0.000000000000000000e+00 0.000000000000000000e+00 2.015598651336587315e-10 2.366154359609522104e-11 1.224080851430844552e-10 8.519808891527196978e-11 1.360208896546125407e-10 1.499062072419364129e-10 1.265751826044892337e-10 1.068016057724896774e-10 6.339472875069962486e-11 3.536792148232512322e-11 7.369783692089114749e-11 6.287419523923792157e-09 1.032634099234047476e+01 0.000000000000000000e+00
0.000000000000000000e+00 0.000000000000000000e+00 0.000000000000000000e+00 0.000000000000000000e+00 0.000000000000000000e+00 0.000000000000000000e+00 1.220352406210902348e-10 2.163199274341755737e-11 8.225869102422590610e-11 4.512182537998650278e-11 8.333264742305143761e-11 1.013720744670033259e-10 8.292708366167924072e-11 7.704339388583419352e-11 5.214611441704756068e-11 3.575765855067454812e-11 6.216324442796094764e-11 7.330836812351793952e-09 1.519316215536286307e+01 0.000000000000000000e+00
0.000000000000000000e+00 0.000000000000000000e+00 0.000000000000000000e+00 0.000000000000000000e+00 0.000000000000000000e+00 0.000000000000000000e+00 -9.646396115851845345e-10 -1.121663272915439552e-09 -2.680537946294558107e-09 -1.292609382183252108e-09 -1.000987704918143743e-09 -6.282932301362460814e-10 -4.980896516248746926e-10 -2.846646403699019534e-10 -1.374198242162343218e-10 -3.572843321021246483e-11 2.995238603027628210e-11 1.811509560829639911e-10 2.952892514951396481e-10 0.000000000000000000e+00
0.000000000000000000e+00 0.000000000000000000e+00 0.000000000000000000e+00 0.000000000000000000e+00 0.000000000000000000e+00 0.000000000000000000e+00 -2.884768598257452352e-09 -4.250740243176418612e-10 7.395206109334880805e-10 5.828780646592841204e-10 7.033083130741938368e-10 1.071860556226048732e-10 -2.745760794490840141e-11 -3.444459987786824190e-11 -3.522110822566813388e-11 -2.036091518348799156e-11 3.239571272734814081e-10 1.957634018176851444e-10 2.931566818613939294e-10 0.000000000000000000e+00
0.000000000000000000e+00 0.000000000000000000e+00 0.000000000000000000e+00 0.000000000000000000e+00 0.000000000000000000e+00 0.000000000000000000e+00 -1.972345320844471122e-09 3.478557374601907952e-11 -8.438405540812043213e-10 -3.585525310945472732e-10 -6.929188695054644909e-12 -1.550159227290772339e-10 -2.042209373504909641e-10 -1.286557010261894346e-10 -6.255858506920181923e-11 -1.478003987226268570e-11 1.308414475100626677e-11 5.856061264590674110e-11 -1.661466652346227145e-07 0.000000000000000000e+00
0.000000000000000000e+00 0.000000000000000000e+00 0.000000000000000000e+00 0.000000000000000000e+00 0.000000000000000000e+00 0.000000000000000000e+00 -2.228447057491570063e-09 3.238205780812278279e-10 -3.154158871649496809e-11 7.139305452640299848e-11 3.892916937609962072e-10 3.214163064911527965e-11 -8.838821998145521609e-11 -6.285712279031853256e-11 -2.624230979056560462e-11 1.720756748430121635e-12 3.273060144250218161e-12 1.938150234430529275e-11 -2.029960307861321548e-07 0.000000000000000000e+00
0.000000000000000000e+00 0.000000000000000000e+00 0.000000000000000000e+00 0.000000000000000000e+00 0.000000000000000000e+00 0.000000000000000000e+00 -7.343214030358569024e-10 -1.102548020067836785e-08 -1.350488264718963466e-08 -4.642370182814812433e-09 -1.088286356098895556e-09 -1.141067391884735188e-09 -1.690413695464375449e-09 -3.054155676045287662e-10 -7.578025896395626062e-11 -1.752934174170625047e-11 -1.172457365905756599e-11 -1.554529699421906078e-10 1.475460568221969117e-09 0.000000000000000000e+00
0.000000000000000000e+00 0.000000000000000000e+00 0.000000000000000000e+00 0.000000000000000000e+00 0.000000000000000000e+00 0.000000000000000000e+00 -7.147431214988657837e-09 -1.137899706104866673e-08 -7.657496124323042088e-10 -6.129448096927250236e-10 1.739496541362553964e-09 6.909162711629821908e-10 1.222510527581894368e-10 -2.173716652526111811e-10 -3.758935356753869074e-11 5.298370496423137317e-11 -1.093967218949043995e-09 -1.979750929681080535e-10 1.427378341057593153e-09 0.000000000000000000e+00
0.000000000000000000e+00 0.000000000000000000e+00 0.000000000000000000e+00 0.000000000000000000e+00 0.000000000000000000e+00 0.000000000000000000e+00 -3.501128698662902539e-09 -4.313714058449137555e-09 -3.708017715751128012e-09 -9.895352723106379468e-10 1.287084632247454701e-09 2.576162757186174866e-10 -4.595274497678388655e-10 -1.709801089980581600e-10 -3.576496923778438291e-11 -3.021658925029284997e-12 -1.926740702716827635e-11 -2.621001146846005303e-10 -1.767952373636304058e-09 0.000000000000000000e+00
0.000000000000000000e+00 0.000000000000000000e+00 0.000000000000000000e+00 0.000000000000000000e+00 0.000000000000000000e+00 0.000000000000000000e+00 -4.433062050204231539e-09 -2.880931324834568743e-09 -3.385459129335477179e-10 2.167522470622011250e-10 2.120576958379935580e-09 7.446632823651201185e-10 -5.120252308381095176e-12 -1.355120912045660348e-10 -2.952255487242759839e-11 5.103822911691805789e-12 -2.526986239235781574e-11 -2.660914396552040949e-10 9.567102597519867864e-09 0.000000000000000000e+00
0.000000000000000000e+00 0.000000000000000000e+00 0.000000000000000000e+00 0.000000000000000000e+00 0.000000000000000000e+00 0.000000000000000000e+00 -2.687512080744190118e-10 -4.234632241753500928e-10 1.858000845341251175e-10 -9.518025530946138545e-11 6.198202829364165652e-11 -3.720511642702116499e-11 -2.540250573251717075e-11 -1.138361649053621699e-10 -3.752734191500506177e-11 -3.528199337215831585e-11 -1.291100713014577052e-10 -3.905304664199692982e-09 1.394709047592697816e-06 0.000000000000000000e+00
0.000000000000000000e+00 0.000000000000000000e+00 0.000000000000000000e+00 0.000000000000000000e+00 0.000000000000000000e+00 0.000000000000000000e+00 -1.068735898997034314e-09 -1.961808298615667488e-09 4.238928215622222702e-10 -3.793599911394200228e-10 1.316396245552463174e-10 -3.643584992026756405e-11 3.403986157002918212e-11 -1.479523707584518056e-10 -3.399533566862305983e-11 -3.002370859393699745e-11 -3.028121544440817711e-05 -4.583124326288523976e-09 1.389593227654894850e-06 0.000000000000000000e+00
0.000000000000000000e+00 0.000000000000000000e+00 0.000000000000000000e+00 0.000000000000000000e+00 0.000000000000000000e+00 0.000000000000000000e+00 -3.718988895343780642e-10 -8.646552904743893202e-10 -4.346177177382576251e-11 -6.839457094902789435e-11 3.374484860718768127e-11 4.353844063937551974e-11 -4.229032263194099347e-11 -1.173787036852899475e-10 -3.497423158812724707e-11 -4.172347394893087834e-11 -9.143112395493984399e-11 -4.294994152355186227e-09 -6.039293610409411883e+01 0.000000000000000000e+00
0.000000000000000000e+00 0.000000000000000000e+00 0.000000000000000000e+00 0.000000000000000000e+00 0.000000000000000000e+00 0.000000000000000000e+00 -3.942635500458498311e-10 -9.462289888807115116e-10 -6.024793478440552144e-11 -1.592309620442852356e-11 2.809120364593335573e-11 4.203656056021505803e-11 -5.565815406947518295e-11 -1.220313240860216197e-10 -3.593941163324430193e-11 -4.540777795952101024e-11 -7.601936451275092885e-11 -5.399592425813485719e-09 -9.452452397906854742e+01 0.000000000000000000e+00
