0.000000000000000000e+00 0.000000000000000000e+00 0.000000000000000000e+00 0.000000000000000000e+00 0.000000000000000000e+00 0.000000000000000000e+00 8.116284480947059265e-11 2.471023213479098333e-10 1.124190564891414767e-10 1.379950129247712823e-10 1.113587693205290598e-10 1.773163750531063356e-10 1.750343685606808068e-10 1.329217347110270296e-10 7.930839696222942820e-11 2.465415565319148247e-11 5.764908010576122716e-11 5.890759380033128752e-09 4.491081615107150502e-07 0.000000000000000000e+00
0.000000000000000000e+00 0.000000000000000000e+00 0.000000000000000000e+00 0.000000000000000000e+00 0.000000000000000000e+00 0.000000000000000000e+00 -3.387271188987497331e-11 8.502843635295528353e-12 2.380243059387669730e-11 2.831075763487429798e-11 3.257824171556509162e-11 3.386662581104518021e-11 2.311815151149073026e-11 1.964135443099464115e-11 1.614351107543807974e-11 3.108120955544406935e-11 1.135013869487746297e-07 7.009582602201230703e-09 4.501231247091442021e-07 0.000000000000000000e+00
0.000000000000000000e+00 0.000000000000000000e+00 0.000000000000000000e+00 0.000000000000000000e+00 0.000000000000000000e+00 0.000000000000000000e+00 1.456111846593674317e-11 1.602405957750957393e-11 4.021949135263520021e-11 4.445204199806931039e-11 2.735557690482948661e-11 5.617452112666047125e-11 5.181610789789957580e-11 4.366766868568768597e-11 2.976347890358517939e-11 1.359163128708325794e-11 2.680173108077515103e-11 4.450586146333363991e-09 4.619289316736896467e-01 0.000000000000000000e+00
0.000000000000000000e+00 0.000000000000000000e+00 0.000000000000000000e+00 0.000000000000000000e+00 0.000000000000000000e+00 0.000000000000000000e+00 -5.637309233960940770e-12 -5.613476963848221086e-12 2.482430514130360475e-11 2.416758086350938127e-11 1.642806431652456674e-11 3.414582682231666194e-11 3.082639083469281674e-11 2.849032355431870124e-11 2.069795268793196580e-11 1.052343673997228450e-11 1.544915624312018520e-11 5.374601389534744632e-09 5.542742187292049039e-01 0.000000000000000000e+00
0.000000000000000000e+00 0.000000000000000000e+00 0.000000000000000000e+00 0.000000000000000000e+00 0.000000000000000000e+00 0.000000000000000000e+00 3.949139127731114019e-10 -5.102119701692920315e-09 -1.564884991459714228e-09 -1.993752362190984136e-09 -8.083507177073662660e-10 -6.828105390999572546e-10 -4.301486992621420802e-10 -2.155082366708604892e-10 -1.358962904849772415e-10 -3.683028247054115346e-11 2.962110598710497369e-11 1.996529631315824518e-10 4.260636703333719709e-10 0.000000000000000000e+00
0.000000000000000000e+00 0.000000000000000000e+00 0.000000000000000000e+00 0.000000000000000000e+00 0.000000000000000000e+00 0.000000000000000000e+00 6.733569200604131821e-11 8.912109443681020610e-11 -1.178020167423221719e-09 9.581732671049801707e-11 -5.937585257314259214e-11 2.969420848608017809e-11 2.737550397557001478e-11 -1.595266333355326554e-12 -2.444047853008653315e-11 -1.839828752426788229e-11 -3.704192160443994350e-11 2.136829751851412424e-10 4.261760288889553686e-10 0.000000000000000000e+00
0.000000000000000000e+00 0.000000000000000000e+00 0.000000000000000000e+00 0.000000000000000000e+00 0.000000000000000000e+00 0.000000000000000000e+00 8.564776175390757371e-11 -1.773845695490147096e-09 -5.708853784963566412e-10 -7.235705179712698110e-10 -8.737922781738194668e-11 -2.199905882890771719e-10 -1.245972320646795201e-10 -6.889800265465971334e-11 -5.559586120760809954e-11 -1.488893654355898832e-11 1.285708721974991627e-11 5.175618884307788077e-11 -1.453142144101890377e-08 0.000000000000000000e+00
0.000000000000000000e+00 0.000000000000000000e+00 0.000000000000000000e+00 0.000000000000000000e+00 0.000000000000000000e+00 0.000000000000000000e+00 1.682434898069773431e-10 -3.843808740453377132e-10 -3.521760420461310310e-10 -2.264566411470655062e-10 1.206185436914175638e-10 -3.652285259124685141e-11 -9.039037485163249492e-12 -1.030128327940606576e-11 -1.919205113194648289e-11 1.212591781563220950e-12 3.121752518574383398e-12 2.618176243743973971e-12 -1.475777882326475367e-08 0.000000000000000000e+00
0.000000000000000000e+00 0.000000000000000000e+00 0.000000000000000000e+00 0.000000000000000000e+00 0.000000000000000000e+00 0.000000000000000000e+00 -3.272058366004200599e-09 -2.009560781860346483e-08 -5.622195103786492017e-09 -7.117966739119277572e-09 -3.612470964036615925e-09 -2.239414549131072437e-09 -6.674172922845230096e-10 -1.371785495627500936e-10 -1.856420354160709272e-10 3.726353853270302143e-12 4.530342294420151048e-11 1.083596410225277412e-10 -1.565132707021337790e-10 0.000000000000000000e+00
0.000000000000000000e+00 0.000000000000000000e+00 0.000000000000000000e+00 0.000000000000000000e+00 0.000000000000000000e+00 0.000000000000000000e+00 -2.603033515439734486e-09 -3.880081733622375854e-09 -2.487520267055870507e-09 3.775308464316155261e-10 -6.340477651119200891e-10 2.782199340927681221e-10 1.082742188205177211e-10 6.210276618149135373e-11 -2.431349968715412942e-11 7.361818465754010742e-12 -3.539985274861368394e-10 1.074171077698514316e-10 -1.464345674786771792e-10 0.000000000000000000e+00
0.000000000000000000e+00 0.000000000000000000e+00 0.000000000000000000e+00 0.000000000000000000e+00 0.000000000000000000e+00 0.000000000000000000e+00 -2.027787657624859235e-09 -8.766576052679477595e-09 -2.314334347105622607e-09 -2.045473605167374415e-09 -1.566290378490641895e-09 -6.131026676190668845e-10 -1.369550077084721082e-10 6.302739496784051323e-11 -4.448763170003593642e-11 2.782031514122727136e-11 1.555699736947616072e-11 -1.373676472772710755e-10 2.603334183093112359e-06 0.000000000000000000e+00
0.000000000000000000e+00 0.000000000000000000e+00 0.000000000000000000e+00 0.000000000000000000e+00 0.000000000000000000e+00 0.000000000000000000e+00 -1.055523949499238825e-09 -4.043683242866309654e-09 -1.287492015711367105e-09 -2.032993097838744184e-10 -7.314055671656067715e-10 -1.665074297319830883e-11 6.048336420777895277e-11 1.220171926286020159e-10 6.044938628871365516e-12 4.144311312799486000e-11 -1.209206319809733223e-12 -2.321042019309603404e-10 3.208391442527053693e-06 0.000000000000000000e+00
0.000000000000000000e+00 0.000000000000000000e+00 0.000000000000000000e+00 0.000000000000000000e+00 0.000000000000000000e+00 0.000000000000000000e+00 2.226698319202411500e-10 2.359647741623550895e-10 4.319331480344933374e-10 2.651406333495849819e-11 -4.425530052119578804e-11 -5.376524260747069211e-12 1.626638080371504954e-11 4.004853019365229162e-11 -4.385821777723502306e-11 -1.423525329237526786e-11 -1.148449865817667201e-10 -4.271764316774126257e-09 -2.306868680122281421e-07 0.000000000000000000e+00
0.000000000000000000e+00 0.000000000000000000e+00 0.000000000000000000e+00 0.000000000000000000e+00 0.000000000000000000e+00 0.000000000000000000e+00 -2.079450142290566714e-10 8.575342203186604908e-10 1.005002480178533936e-09 -5.882531886733535204e-10 -7.317743913253925920e-10 9.026091326893852551e-12 -5.047021968514805169e-11 -8.481010429562115255e-11 -7.235147327574433245e-11 -8.915393340655597454e-11 -2.826109334459199231e-07 -5.124367309723933814e-09 -2.311335081777416838e-07 0.000000000000000000e+00
0.000000000000000000e+00 0.000000000000000000e+00 0.000000000000000000e+00 0.000000000000000000e+00 0.000000000000000000e+00 0.000000000000000000e+00 -1.793852850371870540e-11 2.106443713462813068e-10 4.230011217994882154e-10 1.547524202148922269e-10 -3.597358202943685649e-11 2.734658989518246502e-11 -4.458650991474616934e-12 2.285902178471388636e-11 -6.906244785942786333e-11 -1.839022432318300089e-11 -8.450065765438656685e-11 -6.448841990677973575e-09 8.743468633611026775e+00 0.000000000000000000e+00
0.000000000000000000e+00 0.000000000000000000e+00 0.000000000000000000e+00 0.000000000000000000e+00 0.000000000000000000e+00 0.000000000000000000e+00 -8.712201231851269670e-11 2.253895024800766734e-10 4.216914236069622509e-10 1.547371323168537557e-10 -8.071909510630447784e-11 1.534596511984807388e-12 -2.647975781122662875e-11 4.615969939862702211e-12 -8.771971764312124884e-11 -2.658753138062014245e-11 -6.671915199616273988e-11 -7.038692460745386117e-09 1.358561218679012228e+01 0.000000000000000000e+00
