0.000000000000000000e+00 0.000000000000000000e+00 0.000000000000000000e+00 0.000000000000000000e+00 0.000000000000000000e+00 0.000000000000000000e+00 4.593179490821769256e-10 3.917576795211475261e-10 4.908907850940442624e-10 5.141354154462895741e-10 4.541503276805317439e-10 6.045093769816507662e-10 5.094227955549258251e-10 4.144547005995985138e-10 2.570540908072430032e-10 7.745765567173075087e-11 1.846217812326350011e-10 1.588533668308394415e-08 2.514887273312080127e-06 0.000000000000000000e+00
0.000000000000000000e+00 0.000000000000000000e+00 0.000000000000000000e+00 0.000000000000000000e+00 0.000000000000000000e+00 0.000000000000000000e+00 -5.291265778953943275e-11 1.650767481935195992e-10 6.628123855101582503e-11 1.006076571773637957e-10 1.082345044825210628e-10 1.208754860707061245e-10 7.993000934592719152e-11 6.884865663609744465e-11 5.211394541453799438e-11 7.763180357959646748e-11 7.634355510209101402e-08 1.881858419711081803e-08 2.515809100871998493e-06 0.000000000000000000e+00
0.000000000000000000e+00 0.000000000000000000e+00 0.000000000000000000e+00 0.000000000000000000e+00 0.000000000000000000e+00 0.000000000000000000e+00 2.924010823902721986e-11 1.568254842669725365e-10 1.111164094612387673e-10 1.217927346999659875e-10 1.279916173538667401e-10 1.959041156033896838e-10 1.622266027470373139e-10 1.371997803540238971e-10 1.009737448586304889e-10 3.978787698967864204e-11 8.536858711259023196e-11 6.791807370599685274e-09 2.302170636994574693e+00 0.000000000000000000e+00
0.000000000000000000e+00 0.000000000000000000e+00 0.000000000000000000e+00 0.000000000000000000e+00 0.000000000000000000e+00 0.000000000000000000e+00 -7.035701811968033036e-12 1.164591375781126951e-10 5.582782926903969598e-11 4.638400578580712961e-11 7.789043017326712350e-11 1.090621904616947042e-10 9.710908516973116384e-11 8.721129989080130501e-11 6.718437790334193057e-11 2.693825290727154030e-11 4.226985168956060085e-11 6.479810472170332096e-09 3.160653495049118078e+00 0.000000000000000000e+00
0.000000000000000000e+00 0.000000000000000000e+00 0.000000000000000000e+00 0.000000000000000000e+00 0.000000000000000000e+00 0.000000000000000000e+00 5.224522905529412428e-10 -6.678492957248083131e-10 -2.481434165178695854e-09 -2.866384369487363509e-09 -8.294808227844817925e-10 -1.011290129852509447e-09 -7.478482523675160426e-10 -3.436742319271861609e-10 -2.062676764740302529e-10 -6.695995405881521044e-11 4.573828445632067953e-11 3.004086571634578618e-10 3.881325347991979816e-10 0.000000000000000000e+00
0.000000000000000000e+00 0.000000000000000000e+00 0.000000000000000000e+00 0.000000000000000000e+00 0.000000000000000000e+00 0.000000000000000000e+00 5.285460431627207696e-10 7.899143080195808075e-10 1.417468106837321837e-11 3.609468758829818585e-11 -6.212313963530536501e-11 6.924390556348127229e-11 -1.386718378203325572e-10 -3.261997215824751216e-11 -3.582510752659171481e-11 -3.966594091239017343e-11 1.562719555967491785e-10 3.218920684881633181e-10 3.904371829358373386e-10 0.000000000000000000e+00
0.000000000000000000e+00 0.000000000000000000e+00 0.000000000000000000e+00 0.000000000000000000e+00 0.000000000000000000e+00 0.000000000000000000e+00 7.628775888868452376e-10 6.012184622999986302e-10 -6.824704762496250272e-10 -1.055139013168967259e-09 -6.437392489674945849e-11 -3.763253114296862283e-10 -3.532337954930175114e-10 -1.264475958825300862e-10 -8.745064305880237827e-11 -3.335711546075576704e-11 2.095080473964021256e-11 1.022495014834242526e-10 -2.553134561490530406e-07 0.000000000000000000e+00
0.000000000000000000e+00 0.000000000000000000e+00 0.000000000000000000e+00 0.000000000000000000e+00 0.000000000000000000e+00 0.000000000000000000e+00 8.318716143399405809e-10 9.205860248210419529e-10 -2.047550434417210973e-11 -3.425180069588306167e-10 1.084071604345911480e-10 -1.215620289587306343e-10 -2.006497042261905063e-10 -4.113496520349883305e-11 -3.259435664588319979e-11 -7.711443105896065332e-12 5.977305849559855632e-12 3.603952401244609128e-11 -3.141355097056052791e-07 0.000000000000000000e+00
0.000000000000000000e+00 0.000000000000000000e+00 0.000000000000000000e+00 0.000000000000000000e+00 0.000000000000000000e+00 0.000000000000000000e+00 1.521719263568587367e-08 6.246130037083953825e-09 -1.842654791241033298e-08 -1.033863088569373158e-08 -5.921541283806733693e-09 -2.060565468040308557e-09 -3.772590102864073919e-10 -1.631152740103344587e-10 -1.010055208444925277e-10 -7.599245339724107006e-11 3.025968428991496492e-11 3.019910704366503112e-10 -5.076851028633752955e-09 0.000000000000000000e+00
0.000000000000000000e+00 0.000000000000000000e+00 0.000000000000000000e+00 0.000000000000000000e+00 0.000000000000000000e+00 0.000000000000000000e+00 2.869855551220491430e-09 -1.789551185646598341e-11 -4.351330977058636012e-11 -5.142161398838419481e-12 -4.299403945768924823e-10 1.046915151602971228e-09 4.286352217903472226e-10 1.006468556578626606e-11 -2.692728172176482042e-11 -4.753837962492328771e-11 -1.175182242754303114e-09 3.379275658262915482e-10 -5.083805063371577383e-09 0.000000000000000000e+00
0.000000000000000000e+00 0.000000000000000000e+00 0.000000000000000000e+00 0.000000000000000000e+00 0.000000000000000000e+00 0.000000000000000000e+00 7.299345119869394181e-09 4.287784181038186386e-09 -5.100257378313576258e-09 -3.683695594275152723e-09 -1.452134425716758611e-09 -2.472424574585133291e-10 1.836942642226232739e-10 6.906827885128746175e-11 -5.269922376652378802e-11 -3.318971410910762396e-11 7.103548232869974612e-12 -2.623315647300738594e-10 -5.978162250166302915e-06 0.000000000000000000e+00
0.000000000000000000e+00 0.000000000000000000e+00 0.000000000000000000e+00 0.000000000000000000e+00 0.000000000000000000e+00 0.000000000000000000e+00 4.662725090376484155e-09 2.811734187434334742e-09 -2.791505447465858892e-10 -1.098275349655733449e-09 -7.776070323575228762e-11 4.528543906931452029e-10 3.854885044853968154e-10 1.279480148771537846e-10 -3.495681717430247032e-11 -3.575729488452564572e-12 -6.784852900855693879e-12 -4.210755972856252259e-10 -7.295578541748877981e-06 0.000000000000000000e+00
0.000000000000000000e+00 0.000000000000000000e+00 0.000000000000000000e+00 0.000000000000000000e+00 0.000000000000000000e+00 0.000000000000000000e+00 -4.152920252293731067e-11 -1.090670518198881899e-10 3.298902091851507272e-10 1.808327621356775654e-10 -3.401518839328970778e-11 -1.626453967742942063e-10 -3.896653822990928126e-11 -4.430710011748011940e-11 -2.415229888394172079e-11 -3.691382775893556642e-11 -1.631047751764608968e-10 -6.853401755035976558e-09 3.128992485329012773e-06 0.000000000000000000e+00
0.000000000000000000e+00 0.000000000000000000e+00 0.000000000000000000e+00 0.000000000000000000e+00 0.000000000000000000e+00 0.000000000000000000e+00 -1.526461547722822126e-10 -1.681202440182016138e-10 -6.727290042955309339e-10 2.111209456232981301e-10 -6.633738760964283674e-10 -5.402834691539789473e-11 1.110080912990451037e-10 -1.245164655882038894e-10 -5.350210806727416439e-12 1.876696016845208619e-10 6.711363919074882272e-07 -7.407548948094661632e-09 3.130029457128480200e-06 0.000000000000000000e+00
0.000000000000000000e+00 0.000000000000000000e+00 0.000000000000000000e+00 0.000000000000000000e+00 0.000000000000000000e+00 0.000000000000000000e+00 2.748304614625953781e-10 5.289361293517783231e-10 1.504828275851514076e-10 1.848695248246200624e-10 6.867754452202336390e-11 -2.058952122700955726e-10 3.687004787904319460e-11 -8.622871786362872200e-11 -3.554592448421988094e-11 -6.940825630258475931e-11 -1.033773750702729604e-10 -1.215211997441999088e-08 -8.819390080945700428e-01 0.000000000000000000e+00
0.000000000000000000e+00 0.000000000000000000e+00 0.000000000000000000e+00 0.000000000000000000e+00 0.000000000000000000e+00 0.000000000000000000e+00 1.114146472408902911e-10 6.659160063850332860e-10 9.457092874216425143e-11 1.342027207357270901e-10 4.381028822505332983e-11 -2.098966815162533307e-10 4.139438113252223853e-11 -1.277874106108989352e-10 -5.968979938354857641e-11 -1.020612230228995478e-10 -6.645402019250959654e-11 -1.390279991086636356e-08 9.264535132023692388e-01 0.000000000000000000e+00
