0.000000000000000000e+00 0.000000000000000000e+00 0.000000000000000000e+00 0.000000000000000000e+00 0.000000000000000000e+00 0.000000000000000000e+00 7.950030372486999257e-10 1.248520023831853630e-09 4.662021194643661598e-10 4.983965585676182085e-10 4.465660889085508404e-10 6.173644773888506725e-10 5.752463585497688261e-10 4.904857589735734586e-10 3.169190351902018791e-10 9.467589875734943087e-11 2.237099143774941454e-10 1.742422409061516084e-08 8.836784400730551505e-07 0.000000000000000000e+00
0.000000000000000000e+00 0.000000000000000000e+00 0.000000000000000000e+00 0.000000000000000000e+00 0.000000000000000000e+00 0.000000000000000000e+00 3.024664118509165792e-11 2.542268092049771365e-10 1.995486065991275720e-10 1.076609640428090980e-10 1.071933645056621875e-10 1.586854221417446912e-10 8.397743595081261948e-11 6.883700055783879679e-11 6.673591844998775522e-11 1.245541731938897372e-10 9.562072384236274850e-07 2.074138488397970076e-08 8.852815349275857304e-07 0.000000000000000000e+00
0.000000000000000000e+00 0.000000000000000000e+00 0.000000000000000000e+00 0.000000000000000000e+00 0.000000000000000000e+00 0.000000000000000000e+00 2.870200024235221047e-10 4.639918148674841531e-10 1.915822553026268079e-10 1.284901566458752368e-10 1.140108613539846036e-10 1.719270697380142929e-10 1.780849516634460932e-10 1.575930984360770952e-10 1.182999341157914259e-10 4.685312382313934241e-11 1.020155095838414463e-10 7.046773544411938308e-09 8.453367823083013377e-02 0.000000000000000000e+00
0.000000000000000000e+00 0.000000000000000000e+00 0.000000000000000000e+00 0.000000000000000000e+00 0.000000000000000000e+00 0.000000000000000000e+00 1.421746031067655327e-10 2.843185230370736799e-10 1.270944446946458094e-10 5.000021474865674732e-11 5.889831919071139235e-11 9.112363064081848090e-11 1.014217712600770150e-10 8.947910314511245318e-11 7.004911278187782804e-11 2.901088929481679398e-11 4.732368876874868468e-11 6.636676716727672822e-09 1.182618237823582774e-01 0.000000000000000000e+00
0.000000000000000000e+00 0.000000000000000000e+00 0.000000000000000000e+00 0.000000000000000000e+00 0.000000000000000000e+00 0.000000000000000000e+00 1.072897497679113673e-08 -5.474482336619449303e-09 -1.589431334283002132e-09 -2.558225096234569890e-09 -1.657895891292194386e-09 -1.442128115500800001e-09 -5.705118769053862485e-10 -3.695716570289834942e-10 -2.290785595364279721e-10 -7.172219520643708028e-11 4.616826154443428970e-11 3.051671296122298026e-10 4.213652875166955145e-10 0.000000000000000000e+00
0.000000000000000000e+00 0.000000000000000000e+00 0.000000000000000000e+00 0.000000000000000000e+00 0.000000000000000000e+00 0.000000000000000000e+00 2.806559905480534618e-09 -2.046638704116312816e-09 1.009779875806494648e-10 -2.007759984810315634e-10 1.806901866379675606e-10 -2.158079344912315324e-10 4.499744536189610446e-11 -4.364850401868225051e-11 -4.481318328692565168e-11 -4.950073857106514803e-11 7.058245629526326939e-11 3.263097227261528728e-10 4.235977089093589495e-10 0.000000000000000000e+00
0.000000000000000000e+00 0.000000000000000000e+00 0.000000000000000000e+00 0.000000000000000000e+00 0.000000000000000000e+00 0.000000000000000000e+00 5.685882406604472387e-09 -3.461593388766678092e-09 -2.615399306318277849e-11 -9.882948995299935120e-10 -6.095573810728925709e-10 -5.572189570599981514e-10 -1.739667069146206534e-10 -1.838770933163554172e-10 -9.764509078499587745e-11 -3.672678342828881105e-11 2.103649565989126480e-11 1.063415304495112148e-10 -2.210288122860962683e-09 0.000000000000000000e+00
0.000000000000000000e+00 0.000000000000000000e+00 0.000000000000000000e+00 0.000000000000000000e+00 0.000000000000000000e+00 0.000000000000000000e+00 3.995918504354583486e-09 -2.550948378307534685e-09 5.136485381630745227e-10 -3.731181870626055461e-10 -2.027396469535117765e-10 -2.105234795314237215e-10 -1.692933577723227151e-11 -9.942291420691985665e-11 -3.503097368860628241e-11 -9.606788320022604995e-12 5.803825618349703971e-12 4.021399678092477187e-11 -1.558058928873992827e-09 0.000000000000000000e+00
0.000000000000000000e+00 0.000000000000000000e+00 0.000000000000000000e+00 0.000000000000000000e+00 0.000000000000000000e+00 0.000000000000000000e+00 1.246969158195782379e-08 -1.186221173728421180e-08 -3.118865079727628458e-09 -1.487942610439525456e-08 -5.420965538333235337e-09 -3.447816282909345758e-09 -2.614036489238978099e-10 -5.030135411678511784e-10 -2.646346586619660020e-10 3.867318507917081743e-11 -6.105985480732495465e-12 1.870862762902396269e-10 8.489567333959718529e-10 0.000000000000000000e+00
0.000000000000000000e+00 0.000000000000000000e+00 0.000000000000000000e+00 0.000000000000000000e+00 0.000000000000000000e+00 0.000000000000000000e+00 2.803772651280809091e-09 4.212899935315615746e-09 -2.869320181229981329e-09 2.251277811995581055e-10 -6.635100020905708028e-10 2.104636523562850729e-10 5.391821873323217710e-11 -9.957694309563724565e-11 -2.336702156977017605e-11 6.797216059009253365e-11 -5.637871943773747312e-10 1.574489958997919012e-10 8.482906243657376207e-10 0.000000000000000000e+00
0.000000000000000000e+00 0.000000000000000000e+00 0.000000000000000000e+00 0.000000000000000000e+00 0.000000000000000000e+00 0.000000000000000000e+00 6.257206534997445787e-09 -1.488467057598584732e-09 -2.329330292437857922e-10 -5.110058889434397730e-09 -2.243173868732922559e-09 -9.918435804787131845e-10 1.412654136546570536e-10 -1.645826009646918061e-10 -9.787520556221998643e-11 6.023631141143397567e-11 -3.657057946287969282e-11 1.638349205526335394e-10 -3.689652886062380160e-06 0.000000000000000000e+00
0.000000000000000000e+00 0.000000000000000000e+00 0.000000000000000000e+00 0.000000000000000000e+00 0.000000000000000000e+00 0.000000000000000000e+00 4.505845770095675931e-09 2.257817757859341686e-09 7.262214745874109497e-10 -1.546773783547753566e-09 -1.076232396589606769e-09 -1.789568028000324525e-12 2.494509873627806691e-10 -4.338157232144502838e-11 -2.570229209671546040e-11 7.464305229880823429e-11 -4.902606012204104296e-11 1.434106704679331625e-10 -4.469063808076690489e-06 0.000000000000000000e+00
0.000000000000000000e+00 0.000000000000000000e+00 0.000000000000000000e+00 0.000000000000000000e+00 0.000000000000000000e+00 0.000000000000000000e+00 -5.487123745534375431e-10 1.492781641600542468e-11 5.124949916887771641e-11 -4.613133465754784835e-10 -1.492243301935703783e-10 -1.886421875336476460e-10 -1.781838653575386873e-10 -1.041558653024882302e-10 -6.956628155875630697e-11 -8.019260484868129577e-12 -1.515165902445092575e-10 -6.897651836530232087e-09 -3.827527803785997811e-06 0.000000000000000000e+00
0.000000000000000000e+00 0.000000000000000000e+00 0.000000000000000000e+00 0.000000000000000000e+00 0.000000000000000000e+00 0.000000000000000000e+00 -1.929787857426665301e-09 1.559765591509117493e-09 -1.083427326243467761e-09 -7.735335348519079373e-10 2.861568066148517262e-10 -1.670485247975490726e-10 -2.976361526794994769e-10 -2.684137951762351273e-10 -1.796429059059320095e-10 -3.552607248550768917e-11 1.672109099630208481e-05 -8.814538883072524767e-09 -3.829007471504686573e-06 0.000000000000000000e+00
0.000000000000000000e+00 0.000000000000000000e+00 0.000000000000000000e+00 0.000000000000000000e+00 0.000000000000000000e+00 0.000000000000000000e+00 -7.471838233749263223e-10 -2.284556797970718833e-10 4.003729385259154872e-11 -7.025923871933480030e-10 -2.049636490070990082e-10 -2.931083398861116870e-10 -2.071881616249552726e-10 -1.325673903403852549e-10 -1.247742087632838298e-10 -1.950407989230308458e-11 -9.017995295225730415e-11 -1.358555206532725839e-08 4.139378708368538184e+01 0.000000000000000000e+00
0.000000000000000000e+00 0.000000000000000000e+00 0.000000000000000000e+00 0.000000000000000000e+00 0.000000000000000000e+00 0.000000000000000000e+00 -1.035061274697118445e-09 -2.960495827484924257e-10 -1.537819789404125870e-11 -8.430374926712793919e-10 -1.718821067053659302e-10 -3.186480661870336931e-10 -2.120844475366103593e-10 -1.666994948797933923e-10 -1.692805861761378992e-10 -3.148139818730276154e-11 -5.109334698265119979e-11 -1.435907148005959475e-08 6.082255777188743195e+01 0.000000000000000000e+00
