0.000000000000000000e+00 0.000000000000000000e+00 0.000000000000000000e+00 0.000000000000000000e+00 0.000000000000000000e+00 0.000000000000000000e+00 8.245352493956178631e-11 1.017844725114097292e-09 1.940608005231313290e-09 1.738345796813142765e-09 9.944963837058612018e-10 1.732455462606375047e-09 1.617165103037718849e-09 9.612542693732526542e-10 6.384333544891752239e-10 2.086728984444265340e-10 3.152181756354571147e-10 1.826447220044038064e-07 3.293313110178668242e-04 0.000000000000000000e+00
0.000000000000000000e+00 0.000000000000000000e+00 0.000000000000000000e+00 0.000000000000000000e+00 0.000000000000000000e+00 0.000000000000000000e+00 -7.673946407823364266e-11 2.383913347215752786e-09 -4.263363234049278398e-11 6.199526496257071126e-10 9.971637193320495094e-11 7.300261505216910498e-10 4.993369897535937382e-10 4.020788584598593994e-10 1.806662672820645096e-10 1.733584921286023821e-10 8.257565555015189022e-06 2.176716621471423913e-07 3.293062540027575421e-04 0.000000000000000000e+00
0.000000000000000000e+00 0.000000000000000000e+00 0.000000000000000000e+00 0.000000000000000000e+00 0.000000000000000000e+00 0.000000000000000000e+00 6.181048921681593271e-10 1.809645774363231555e-09 -1.516314771841959232e-10 -1.456154222163827103e-10 1.279091726352858138e-10 5.380734419357945439e-10 4.841470159072970541e-10 4.610532949235235035e-10 3.896162309276265011e-10 1.916758336539586227e-10 2.184083005381721329e-10 4.285065626480544122e-07 2.622774795543481559e+03 0.000000000000000000e+00
0.000000000000000000e+00 0.000000000000000000e+00 0.000000000000000000e+00 0.000000000000000000e+00 0.000000000000000000e+00 0.000000000000000000e+00 1.038068434310220779e-09 2.073178292074150529e-09 -2.107731118726371136e-10 -8.736205649048077061e-11 2.611659727373837102e-10 6.357607157379343025e-10 5.806183911001779981e-10 6.511889110266026976e-10 5.223084153963821578e-10 2.532234738799798230e-10 3.959875265966290140e-10 6.066478141251155086e-07 3.651402844556692799e+03 0.000000000000000000e+00
0.000000000000000000e+00 0.000000000000000000e+00 0.000000000000000000e+00 0.000000000000000000e+00 0.000000000000000000e+00 0.000000000000000000e+00 -1.139661370016763678e-08 -5.828165640972723209e-09 -4.352945101752347424e-09 -5.208814321840665190e-09 -4.402259384832906731e-09 -3.047878719924467771e-09 -1.847114525348876905e-09 -7.037511587902617671e-10 -2.220232573293633762e-10 -7.671623848128833869e-11 5.988082189040225282e-11 6.146021822769804025e-10 9.646043270140595687e-10 0.000000000000000000e+00
0.000000000000000000e+00 0.000000000000000000e+00 0.000000000000000000e+00 0.000000000000000000e+00 0.000000000000000000e+00 0.000000000000000000e+00 9.846812183078583049e-09 -1.376890348294074131e-08 8.475022652948572539e-09 5.601344557874194899e-10 1.369676463203630620e-10 -6.527807531063155162e-10 4.342279636388561339e-11 2.415928627916968395e-10 3.452933236256120935e-11 2.702925994308151008e-12 3.380584956857939236e-10 6.609091315809013803e-10 9.844463810054728290e-10 0.000000000000000000e+00
0.000000000000000000e+00 0.000000000000000000e+00 0.000000000000000000e+00 0.000000000000000000e+00 0.000000000000000000e+00 0.000000000000000000e+00 7.375152003691414593e-09 -1.180751821705580169e-08 -5.949517841663270415e-10 1.576611674797639893e-10 9.830122071249416904e-10 -3.649493192749815041e-10 4.073309024460673762e-10 1.192345233951587238e-10 -1.815321974434101421e-11 -1.102350012657349756e-11 1.054869413417109031e-11 2.433164046392452273e-11 7.201637067173845571e-07 0.000000000000000000e+00
0.000000000000000000e+00 0.000000000000000000e+00 0.000000000000000000e+00 0.000000000000000000e+00 0.000000000000000000e+00 0.000000000000000000e+00 1.289502345312488390e-08 -1.254049850733470500e-08 1.445980721324029239e-09 1.879862362776023851e-09 2.528070576198373896e-09 4.722565366674960804e-10 1.015821049877027233e-09 4.115956326328874328e-10 6.328231701047395477e-11 2.987223895595009528e-11 -1.670027357938267262e-11 -1.343750202094500926e-10 8.834161069485598663e-07 0.000000000000000000e+00
0.000000000000000000e+00 0.000000000000000000e+00 0.000000000000000000e+00 0.000000000000000000e+00 0.000000000000000000e+00 0.000000000000000000e+00 -7.344504369876543219e-08 -1.504704188384599061e-08 -2.711877951362818807e-08 -1.986110383041946608e-08 -2.116579394070856017e-08 -1.483177891820512931e-08 -7.640770150364180243e-09 -3.732965679039962158e-09 -2.078834837391082272e-09 -4.904754307931712440e-10 5.681503300845615049e-10 5.977491011147389212e-09 3.926041095250809266e-09 0.000000000000000000e+00
0.000000000000000000e+00 0.000000000000000000e+00 0.000000000000000000e+00 0.000000000000000000e+00 0.000000000000000000e+00 0.000000000000000000e+00 4.520553785357835060e-08 8.903317845088990610e-09 1.908240125056912484e-08 1.687584449753726173e-08 -7.716546101745703256e-09 -5.276164255929474460e-09 -9.420994031480003252e-10 3.827247299048257113e-10 1.421669235740264317e-10 9.325217830509638417e-11 1.338397184593729686e-08 6.431940234284072216e-09 4.249287902072508953e-09 0.000000000000000000e+00
0.000000000000000000e+00 0.000000000000000000e+00 0.000000000000000000e+00 0.000000000000000000e+00 0.000000000000000000e+00 0.000000000000000000e+00 3.371651317258215935e-08 -1.903162433665624974e-08 2.717855979383298226e-09 1.050317021468575084e-08 -4.533649724141457526e-09 -4.440227848649529440e-09 -3.072890192460014610e-10 7.197582836452377151e-10 -1.668294136831150091e-10 2.603646604572773024e-11 1.856721128675116852e-10 -5.131645925273817979e-10 8.445976164373502186e-06 0.000000000000000000e+00
0.000000000000000000e+00 0.000000000000000000e+00 0.000000000000000000e+00 0.000000000000000000e+00 0.000000000000000000e+00 0.000000000000000000e+00 6.580203551536273477e-08 -1.351561988315350696e-08 1.301032009110227275e-08 1.990073476618760825e-08 6.094134688144309974e-10 -1.099320209055822744e-09 1.688344970104801297e-09 1.949924188097635216e-09 4.788299679062853707e-10 3.126668808873998522e-10 -6.736051753972174818e-11 -2.332906368023650576e-09 1.131408724894376425e-05 0.000000000000000000e+00
0.000000000000000000e+00 0.000000000000000000e+00 0.000000000000000000e+00 0.000000000000000000e+00 0.000000000000000000e+00 0.000000000000000000e+00 -8.669977662227876767e-11 -3.473180049314853133e-09 -1.616135163257030602e-09 9.513057129883115721e-10 -1.206736296017979591e-09 9.612487180350475251e-11 2.230018748430203086e-10 -3.666728316321476427e-11 9.294362680352228129e-11 -6.969753682977590305e-12 -3.030813436064396677e-10 -1.538299852689179129e-08 1.114299098280742016e-04 0.000000000000000000e+00
0.000000000000000000e+00 0.000000000000000000e+00 0.000000000000000000e+00 0.000000000000000000e+00 0.000000000000000000e+00 0.000000000000000000e+00 -3.823962195448385301e-09 -5.322160321424082344e-09 1.465651688576740921e-09 2.447497137026731708e-09 -2.923351992454753402e-09 5.613900413450338653e-10 -8.844479306484232250e-10 2.554029046181018602e-10 9.096561638693483715e-11 -6.167076958441976851e-10 -1.366664054174396325e-04 -1.561122537345365889e-08 1.114302799424730066e-04 0.000000000000000000e+00
0.000000000000000000e+00 0.000000000000000000e+00 0.000000000000000000e+00 0.000000000000000000e+00 0.000000000000000000e+00 0.000000000000000000e+00 7.694317507283428058e-10 -3.115300317297778332e-09 -2.215821472663549323e-09 1.240948545963624853e-10 -1.387133750731475922e-09 1.776955568393949532e-10 -2.245840806643722793e-10 -2.354979371046968245e-10 -1.450425689659303699e-10 3.967266156489209809e-11 -2.170611559587531490e-10 1.558820506579154662e-09 2.093525370855694234e+02 0.000000000000000000e+00
0.000000000000000000e+00 0.000000000000000000e+00 0.000000000000000000e+00 0.000000000000000000e+00 0.000000000000000000e+00 0.000000000000000000e+00 8.583029441491408372e-10 -2.873903049076717867e-09 -2.470844459043704492e-09 -1.107197469172745839e-11 -1.486710965295935429e-09 8.732952210393748560e-11 -4.491546510035954158e-10 -2.150392306669859938e-10 -2.564372147796241407e-10 4.609927449580690424e-11 -1.511877290585520809e-10 1.352826222195845364e-08 3.044714248941288020e+02 0.000000000000000000e+00
