0.000000000000000000e+00 0.000000000000000000e+00 0.000000000000000000e+00 0.000000000000000000e+00 0.000000000000000000e+00 0.000000000000000000e+00 2.868575693581135840e-09 6.428229832344975671e-09 3.832959595106280220e-09 2.947376889948200515e-09 3.588390221656100373e-09 3.373534657527560984e-09 2.684883676570877474e-09 2.022201897228969031e-09 1.140332383717956187e-09 2.830294020158689507e-10 5.458284162873834122e-10 2.692495419729720639e-07 9.263016140611830124e-05 0.000000000000000000e+00
0.000000000000000000e+00 0.000000000000000000e+00 0.000000000000000000e+00 0.000000000000000000e+00 0.000000000000000000e+00 0.000000000000000000e+00 -4.112674888211050795e-09 2.837208003657173266e-09 -2.244499926781134337e-09 6.097132136796711682e-10 1.420483468641943545e-09 1.755819126408488377e-09 2.735442871748971229e-10 3.693655334695698703e-10 2.224532568203434063e-10 1.943530401857042738e-10 2.437763413927034457e-05 3.169899004202910676e-07 9.277106121620068424e-05 0.000000000000000000e+00
0.000000000000000000e+00 0.000000000000000000e+00 0.000000000000000000e+00 0.000000000000000000e+00 0.000000000000000000e+00 0.000000000000000000e+00 -3.777859207170470328e-09 2.133469649011205220e-09 1.044487032785940356e-10 4.123761060017435315e-10 4.393572133950798999e-10 8.588294558480063038e-10 1.970875518482364720e-11 2.326511042136356621e-10 3.798269908205354080e-10 1.548118256444053044e-10 2.094507013409186592e-10 5.064431655161756514e-07 -1.437733177858387990e+03 0.000000000000000000e+00
0.000000000000000000e+00 0.000000000000000000e+00 0.000000000000000000e+00 0.000000000000000000e+00 0.000000000000000000e+00 0.000000000000000000e+00 -4.384572402337436457e-09 -6.477310812343528748e-11 -1.112210810437073466e-10 4.864211634307202779e-10 6.670796293249647255e-10 1.291037725386697650e-09 2.881841999455101248e-10 4.580635067884573031e-10 5.777448778952665767e-10 2.336892928127678964e-10 4.343765652007213771e-10 7.000114988799529495e-07 -2.067330070007595168e+03 0.000000000000000000e+00
0.000000000000000000e+00 0.000000000000000000e+00 0.000000000000000000e+00 0.000000000000000000e+00 0.000000000000000000e+00 0.000000000000000000e+00 -9.595677222827081359e-09 1.325595271463713087e-08 -1.042301423441929100e-08 -7.498471067627034373e-09 -6.280644755912846872e-09 -4.797020038048486359e-09 -2.168984086995662139e-09 -1.223304663722929814e-09 -4.888532365822429247e-10 -1.297698403743179093e-10 9.806467289406664768e-11 1.069581705869621376e-09 3.894861489740578427e-10 0.000000000000000000e+00
0.000000000000000000e+00 0.000000000000000000e+00 0.000000000000000000e+00 0.000000000000000000e+00 0.000000000000000000e+00 0.000000000000000000e+00 3.689145349203726981e-09 9.916930698604771108e-09 -2.102254862064050540e-09 -2.797140217233131690e-10 -7.193278259698540337e-10 4.151071797246356347e-10 1.779864321425473428e-10 -2.377317611190087088e-11 6.003642734134420210e-11 -1.619087988115094664e-11 -6.881443068257679486e-10 1.129091601548079652e-09 4.092952719496030217e-10 0.000000000000000000e+00
0.000000000000000000e+00 0.000000000000000000e+00 0.000000000000000000e+00 0.000000000000000000e+00 0.000000000000000000e+00 0.000000000000000000e+00 2.967819635220386477e-09 7.166112644089336882e-09 5.805782770936237338e-11 9.751898308363328363e-10 -4.131359041236977731e-10 3.334327516594896966e-10 8.111495047457350488e-11 -1.220442145081044176e-10 -6.423043100160638874e-11 -1.971892622252548971e-11 -5.229569012625462191e-12 1.344023587102230126e-10 -8.374123304018120623e-07 0.000000000000000000e+00
0.000000000000000000e+00 0.000000000000000000e+00 0.000000000000000000e+00 0.000000000000000000e+00 0.000000000000000000e+00 0.000000000000000000e+00 5.701351161414261466e-09 4.418400043556417276e-09 3.569401039046158369e-09 3.776943504437803996e-09 1.550482551164537325e-09 1.861235646178916021e-09 7.994639746229549193e-10 2.113939910209955401e-10 1.084469865411125047e-10 4.363558226310570567e-11 -5.958175068868906308e-11 -1.325579941547606565e-10 -1.029211280122083362e-06 0.000000000000000000e+00
0.000000000000000000e+00 0.000000000000000000e+00 0.000000000000000000e+00 0.000000000000000000e+00 0.000000000000000000e+00 0.000000000000000000e+00 -6.222256884840113905e-08 1.882336896957117620e-08 -5.368032506725930891e-08 -4.451971569461462539e-08 -3.374637397302940224e-08 -1.714147676361709029e-08 -9.075187425522024559e-09 -4.887332129122440462e-09 -2.132734182898719569e-09 -6.486122052783680895e-10 5.702839437514135847e-10 8.123983706399479751e-09 -5.716825618814276799e-08 0.000000000000000000e+00
0.000000000000000000e+00 0.000000000000000000e+00 0.000000000000000000e+00 0.000000000000000000e+00 0.000000000000000000e+00 0.000000000000000000e+00 1.809390904823359027e-08 2.307406906202942463e-08 -2.301713408198198295e-08 -1.254458549741447982e-10 -7.429487774709786441e-09 4.134310581933468574e-09 5.116147192894388149e-10 -1.242888856985028746e-09 2.940893367208704752e-10 -2.096119769707471045e-10 -7.964851880208480486e-10 8.779254868494446329e-09 -5.733432789022232088e-08 0.000000000000000000e+00
0.000000000000000000e+00 0.000000000000000000e+00 0.000000000000000000e+00 0.000000000000000000e+00 0.000000000000000000e+00 0.000000000000000000e+00 -3.670328993211958789e-09 1.954787410600587253e-08 -7.989008369356395042e-09 -3.002736527957468105e-09 -7.736818748400609457e-10 1.466947144543431649e-09 6.038953690505952894e-10 -1.327593771159861907e-09 7.472666780875392867e-11 -6.011407648625883432e-11 -3.304772479198627100e-11 1.283907868798523871e-09 2.290800039682132046e-05 0.000000000000000000e+00
0.000000000000000000e+00 0.000000000000000000e+00 0.000000000000000000e+00 0.000000000000000000e+00 0.000000000000000000e+00 0.000000000000000000e+00 1.494286609661336263e-08 1.759230265625326804e-08 6.517353108580577546e-09 1.237146801883619529e-08 8.779883851728769500e-09 7.522352307807646227e-09 3.616877193362120390e-09 -2.079163855293614110e-10 8.286648964895805394e-10 2.394972651779832291e-10 -3.270087871317872888e-10 -7.832758215130323503e-10 2.715487833707975611e-05 0.000000000000000000e+00
0.000000000000000000e+00 0.000000000000000000e+00 0.000000000000000000e+00 0.000000000000000000e+00 0.000000000000000000e+00 0.000000000000000000e+00 2.784154828180591381e-09 -3.206911057828600651e-09 1.240153435901208110e-09 -8.309859957972426580e-10 -8.273318444675101576e-10 -9.258901837809279847e-10 9.324911413830146435e-11 -3.169641103263863583e-10 -4.715790782100595044e-10 -2.789146107997371718e-10 -8.365961053519920325e-10 -4.731518558741184974e-08 -3.751804250279957283e-06 0.000000000000000000e+00
0.000000000000000000e+00 0.000000000000000000e+00 0.000000000000000000e+00 0.000000000000000000e+00 0.000000000000000000e+00 0.000000000000000000e+00 -1.796797733287119160e-08 -1.088745400051869281e-08 -4.005544845602334908e-09 -6.246706103870049104e-09 -4.667445896222675993e-09 -2.550034646017646853e-09 6.235803349494314244e-10 -1.794457810326525659e-10 -2.268882882961889998e-10 -8.399468673846690341e-10 -2.662850802900526462e-06 -4.554619830154552909e-08 -3.807039983073475893e-06 0.000000000000000000e+00
0.000000000000000000e+00 0.000000000000000000e+00 0.000000000000000000e+00 0.000000000000000000e+00 0.000000000000000000e+00 0.000000000000000000e+00 -1.478729933198282691e-09 -1.668864438312731559e-09 1.664347621071005015e-09 -2.201214536024069585e-09 -7.462104850820419862e-10 -8.731152905972848773e-10 3.881355785781888406e-10 -4.789016649640488114e-10 -5.744906617547744290e-10 -3.926945344603416336e-10 -7.382707251971774196e-10 -5.543835696551892438e-08 5.636335174290834260e+01 0.000000000000000000e+00
0.000000000000000000e+00 0.000000000000000000e+00 0.000000000000000000e+00 0.000000000000000000e+00 0.000000000000000000e+00 0.000000000000000000e+00 -3.543200635181207523e-09 -1.637325573654943119e-09 1.857063263387460161e-09 -2.679041092574864748e-09 -1.000678893248756322e-09 -1.016607006895868045e-09 5.577040384900619796e-10 -5.347332006317428143e-10 -6.244293146244561063e-10 -4.851743221916772809e-10 -6.447415855476921214e-10 -5.264205948464282937e-08 6.771726108566925006e+01 0.000000000000000000e+00
