0.000000000000000000e+00 0.000000000000000000e+00 0.000000000000000000e+00 0.000000000000000000e+00 0.000000000000000000e+00 0.000000000000000000e+00 1.810952168981942070e-09 3.229006296557241470e-09 1.868748248191643433e-09 2.174237139060156777e-09 3.434571935807398688e-09 2.747802370126339817e-09 2.638599818332453508e-09 1.891209352442563770e-09 9.987329155296369035e-10 2.745386255954326683e-10 4.759044076449152392e-10 2.609128171652111555e-07 3.140895459780258456e-04 0.000000000000000000e+00
0.000000000000000000e+00 0.000000000000000000e+00 0.000000000000000000e+00 0.000000000000000000e+00 0.000000000000000000e+00 0.000000000000000000e+00 -9.894067625210858683e-10 6.399504175447190139e-09 -1.922052974632612397e-09 1.909341659860003297e-09 -1.549599272731969899e-10 9.455926820586194712e-10 4.596948924767054773e-10 3.505232382300730657e-10 1.558482971326980483e-10 1.575342440326231941e-10 1.128842665248186763e-05 3.024826354409421339e-07 3.143704400358719037e-04 0.000000000000000000e+00
0.000000000000000000e+00 0.000000000000000000e+00 0.000000000000000000e+00 0.000000000000000000e+00 0.000000000000000000e+00 0.000000000000000000e+00 1.050355616253553639e-09 1.352771599660476445e-09 -2.938933390306606394e-10 4.228146042947117409e-10 2.135088638861266832e-10 2.543933918581230992e-10 3.923164771222632374e-10 1.439945200857735730e-10 2.476883165289966683e-10 1.174156411271686318e-10 1.928090539106042786e-10 4.776650063522801603e-07 1.498319855757791174e+03 0.000000000000000000e+00
0.000000000000000000e+00 0.000000000000000000e+00 0.000000000000000000e+00 0.000000000000000000e+00 0.000000000000000000e+00 0.000000000000000000e+00 3.769815332270715209e-09 2.215057086377437019e-09 -8.237707256201502954e-10 7.838948133880027405e-10 5.284750129786981900e-10 4.153132794313067292e-10 5.440016617820921133e-10 4.600046268015454932e-10 4.027124462337925976e-10 1.757225657356729714e-10 4.508303441974941538e-10 6.595714159611382052e-07 2.115842908447222726e+03 0.000000000000000000e+00
0.000000000000000000e+00 0.000000000000000000e+00 0.000000000000000000e+00 0.000000000000000000e+00 0.000000000000000000e+00 0.000000000000000000e+00 -1.626261598061938469e-08 -1.330180788181651433e-08 -4.496918382628404899e-09 -7.702709657636381344e-09 -9.781140956924482234e-09 -3.405130347756639355e-09 -2.203733974852131358e-09 -1.147222349779235440e-09 -3.276994457381097778e-10 -1.149283266413935857e-10 9.383900354038614254e-11 1.062345015905443458e-09 1.179805538596448692e-09 0.000000000000000000e+00
0.000000000000000000e+00 0.000000000000000000e+00 0.000000000000000000e+00 0.000000000000000000e+00 0.000000000000000000e+00 0.000000000000000000e+00 9.704568649985018626e-09 8.601605584269056180e-09 -1.731530343050894163e-09 2.202191793129505379e-10 -4.256279522695926829e-09 -4.667963495321132023e-10 1.231620525826986064e-10 6.966043934057888944e-12 8.090483259307822148e-11 2.012769172941295730e-12 -1.773961330136181974e-10 1.110492496111250159e-09 1.164401665403986020e-09 0.000000000000000000e+00
0.000000000000000000e+00 0.000000000000000000e+00 0.000000000000000000e+00 0.000000000000000000e+00 0.000000000000000000e+00 0.000000000000000000e+00 1.054128997029042825e-08 6.185500729513361309e-09 1.273591491320532598e-09 6.031779397870118536e-10 -1.515212798230860068e-09 -4.993984506913896860e-10 4.130975289174389113e-10 -9.602053215473637826e-11 1.856749845958812403e-11 -1.385110254198105838e-11 2.230817400302158560e-13 1.170621677225591169e-10 1.118780097240330456e-06 0.000000000000000000e+00
0.000000000000000000e+00 0.000000000000000000e+00 0.000000000000000000e+00 0.000000000000000000e+00 0.000000000000000000e+00 0.000000000000000000e+00 1.913349867459700065e-08 1.234024653696626232e-08 2.468635462439909742e-09 3.365668492229055414e-09 5.141030706858217940e-10 4.522876213340440557e-10 1.145239493837822397e-09 2.515239365758986246e-10 1.580125277137091625e-10 4.695895893335699064e-11 -4.691591892835057269e-11 -1.342921497921963548e-10 1.318379106681149132e-06 0.000000000000000000e+00
0.000000000000000000e+00 0.000000000000000000e+00 0.000000000000000000e+00 0.000000000000000000e+00 0.000000000000000000e+00 0.000000000000000000e+00 -1.056418867752037698e-07 -4.398183476636696531e-08 2.079248298199218818e-09 -3.167495581636985127e-08 -3.571840631878777783e-08 -1.716609106536711631e-08 -7.321171418066181986e-09 -3.816237741096606480e-09 -2.668649510776388385e-09 -8.032795667389720484e-10 6.818694218558395145e-10 9.904244935428588203e-09 7.791103391012840758e-08 0.000000000000000000e+00
0.000000000000000000e+00 0.000000000000000000e+00 0.000000000000000000e+00 0.000000000000000000e+00 0.000000000000000000e+00 0.000000000000000000e+00 6.817754210495804587e-08 1.101567661638138260e-07 1.896168227472801528e-08 6.248514336441949041e-09 -3.976673265335796086e-09 1.002759954362725234e-09 8.194100132989979179e-10 6.758345932014786978e-10 5.985108836191045272e-11 1.090603886074858108e-10 2.039761261971822953e-08 1.065220289260337265e-08 7.772349719857832821e-08 0.000000000000000000e+00
0.000000000000000000e+00 0.000000000000000000e+00 0.000000000000000000e+00 0.000000000000000000e+00 0.000000000000000000e+00 0.000000000000000000e+00 7.981131923690404260e-08 6.310028149375420864e-08 1.244560097284296361e-08 4.846187310647348241e-09 -4.421130972455324754e-09 -6.464196814469443924e-10 1.072361814269953476e-09 5.669763147004762090e-10 -3.657898197586334120e-10 -2.098098562702945175e-10 -1.652345376198536561e-11 3.090189409425200169e-09 -4.033632361046518143e-05 0.000000000000000000e+00
0.000000000000000000e+00 0.000000000000000000e+00 0.000000000000000000e+00 0.000000000000000000e+00 0.000000000000000000e+00 0.000000000000000000e+00 1.350387841827198891e-07 1.011127378683535994e-07 1.464285990711722329e-08 1.659241977340285982e-08 5.140764241657539880e-09 4.832313775253569940e-09 3.580717935671557769e-09 1.956369029557115049e-09 5.038632498027042481e-10 2.105684663784416534e-10 -3.940591397570973035e-10 8.645757896372259719e-10 -4.974153962557483952e-05 0.000000000000000000e+00
0.000000000000000000e+00 0.000000000000000000e+00 0.000000000000000000e+00 0.000000000000000000e+00 0.000000000000000000e+00 0.000000000000000000e+00 1.236461615839539256e-09 -1.076687391469046568e-10 4.951127550504183425e-10 3.970066495979196269e-10 1.354600075648541115e-09 -1.210490322839166554e-09 -9.985940275651966839e-10 2.914363649201803982e-10 -3.241652962635422269e-10 -3.440155523257170318e-10 -8.100485946981776727e-10 -2.815567068878098248e-08 -9.826330325007593357e-05 0.000000000000000000e+00
0.000000000000000000e+00 0.000000000000000000e+00 0.000000000000000000e+00 0.000000000000000000e+00 0.000000000000000000e+00 0.000000000000000000e+00 -2.145336507589297498e-08 -4.621215768121682383e-09 2.275588783078253327e-09 -1.431665880943902548e-09 5.032303028805425606e-09 -3.147216192878745696e-09 -6.218953654379200911e-10 -3.818059353309244449e-10 -2.701967386608985675e-10 2.352000794826215526e-10 -4.326844723770041233e-04 -3.214144364241083929e-08 -9.831437135552424699e-05 0.000000000000000000e+00
0.000000000000000000e+00 0.000000000000000000e+00 0.000000000000000000e+00 0.000000000000000000e+00 0.000000000000000000e+00 0.000000000000000000e+00 2.486840984960171471e-09 -3.599104756110709895e-11 9.090357465073002625e-10 1.317872278450467315e-09 1.429411860275415929e-09 -1.524415026426662454e-09 -9.047537976171705619e-10 1.184848836029888644e-10 -3.452443018864650699e-10 -3.496518733615202863e-10 -6.073349257501494480e-10 -8.494778333954081432e-08 -2.638758292773808876e+02 0.000000000000000000e+00
0.000000000000000000e+00 0.000000000000000000e+00 0.000000000000000000e+00 0.000000000000000000e+00 0.000000000000000000e+00 0.000000000000000000e+00 1.619322990214059070e-09 -6.799241644908979497e-10 4.669012726991017975e-10 1.652057735418119040e-09 1.651039601347561378e-09 -1.741955893940955559e-09 -8.530132729199908055e-10 1.072646174843430959e-11 -3.696111039599688475e-10 -3.350483520901480828e-10 -5.492876150078009307e-10 -1.090274218133052527e-07 -4.141519376825311838e+02 0.000000000000000000e+00
