0.000000000000000000e+00 0.000000000000000000e+00 0.000000000000000000e+00 0.000000000000000000e+00 0.000000000000000000e+00 0.000000000000000000e+00 1.504233670385781731e-11 1.479648355818848465e-11 9.512118473023642961e-12 5.712267453098762358e-12 8.939370811518925191e-12 7.137485737399954440e-12 7.226167283473168602e-12 4.047946491084471594e-12 1.898679738021736491e-12 4.805732963635558286e-13 7.375550970769258103e-12 1.465392705789583348e-08 9.337952735148530579e-08 0.000000000000000000e+00
0.000000000000000000e+00 0.000000000000000000e+00 0.000000000000000000e+00 0.000000000000000000e+00 0.000000000000000000e+00 0.000000000000000000e+00 9.320761794754521577e-12 6.541226659263668051e-12 1.028304326509581963e-11 1.993584884843774083e-12 5.146831209846639345e-12 4.700926364069724012e-12 2.714832623752829695e-12 8.803574450586700430e-13 -9.135509582085345059e-14 7.109017522767015556e-12 1.430479747624871575e-07 1.479104976628534500e-08 9.333602540983429169e-08 0.000000000000000000e+00
0.000000000000000000e+00 0.000000000000000000e+00 0.000000000000000000e+00 0.000000000000000000e+00 0.000000000000000000e+00 0.000000000000000000e+00 -7.744281582524236291e-14 8.315185876546954443e-12 2.910490175689355834e-12 -2.282266872709968186e-14 2.685747918806311039e-12 2.477741969713018803e-12 2.674508459138455930e-12 1.668582107679072798e-12 5.285636750698547792e-13 2.560238360444538843e-13 1.020705620218355947e-12 6.934484919803422063e-07 -4.066709937413346410e-01 0.000000000000000000e+00
0.000000000000000000e+00 0.000000000000000000e+00 0.000000000000000000e+00 0.000000000000000000e+00 0.000000000000000000e+00 0.000000000000000000e+00 2.113852584368133656e-13 6.733606734189105955e-12 2.912844505664672693e-12 1.673801637150343458e-13 3.547530303490913930e-12 3.613106627386462324e-12 3.586763402529230638e-12 2.446990097595550259e-12 8.916171380454106599e-13 1.912766914837871281e-13 2.400675795268851856e-12 1.020707160612335318e-06 -1.036428807975031674e+00 0.000000000000000000e+00
0.000000000000000000e+00 0.000000000000000000e+00 0.000000000000000000e+00 0.000000000000000000e+00 0.000000000000000000e+00 0.000000000000000000e+00 4.155440135099355512e-10 4.267492708186753913e-10 -3.460570340498928062e-11 -1.055108190681011017e-10 -7.326886730821730091e-11 -1.288471339816006981e-10 -6.796005037625373238e-11 -1.184467764077325771e-11 -9.977200339930882407e-12 -1.816170183550687590e-12 5.139109014736377435e-12 6.185589052787422522e-11 -1.577221748299062507e-11 0.000000000000000000e+00
0.000000000000000000e+00 0.000000000000000000e+00 0.000000000000000000e+00 0.000000000000000000e+00 0.000000000000000000e+00 0.000000000000000000e+00 3.798714814028866645e-10 5.377937446324820207e-11 2.454611117475005528e-10 1.025590549140272445e-11 -4.587938308755898075e-11 1.369305998239586528e-11 -2.412821158934273096e-11 -2.457073191965143133e-12 -2.133657732626643939e-12 -1.093244671445548693e-11 4.931503785510716884e-11 6.335541034788808828e-11 -1.656228232224963791e-11 0.000000000000000000e+00
0.000000000000000000e+00 0.000000000000000000e+00 0.000000000000000000e+00 0.000000000000000000e+00 0.000000000000000000e+00 0.000000000000000000e+00 2.900992452000434551e-10 -2.382435082184227197e-11 1.897194243948981397e-10 1.048401751666042575e-10 -4.465329281387443275e-11 -1.782995508781547578e-11 -2.722299971596916162e-11 -7.275096356922939788e-12 -3.016101067440741165e-12 -3.623654650426031611e-13 1.089094543192512937e-12 1.893823483475746577e-10 4.512839848162727484e-09 0.000000000000000000e+00
0.000000000000000000e+00 0.000000000000000000e+00 0.000000000000000000e+00 0.000000000000000000e+00 0.000000000000000000e+00 0.000000000000000000e+00 2.849959630389452406e-10 -1.492804987174719488e-10 2.244727486893022815e-10 1.385323271867866020e-10 -3.408756391912189669e-11 1.550249921480483960e-11 -1.739845360437705055e-11 -4.240442186860238102e-12 -2.051562967618525713e-13 8.068892828136517601e-13 -1.024042467798525159e-12 2.151064701101170607e-10 2.287214545373059330e-08 0.000000000000000000e+00
0.000000000000000000e+00 0.000000000000000000e+00 0.000000000000000000e+00 0.000000000000000000e+00 0.000000000000000000e+00 0.000000000000000000e+00 -4.738658967141832918e-10 1.053608022427372792e-09 -9.305275614205413359e-10 -3.876096534891990019e-10 -5.104285460437532429e-10 -3.989522370460284344e-10 -2.201197815953862594e-10 -1.928417973040566263e-12 -1.374235867046615810e-11 -3.615719207536335335e-12 4.361170691546700275e-11 7.350079371477813174e-10 1.437827290842447865e-11 0.000000000000000000e+00
0.000000000000000000e+00 0.000000000000000000e+00 0.000000000000000000e+00 0.000000000000000000e+00 0.000000000000000000e+00 0.000000000000000000e+00 2.320415623871771540e-09 2.010344180919657251e-09 -6.507509434240776478e-10 2.891497688643324473e-10 3.953108726486141244e-10 5.008043045832598439e-11 8.497867277737318827e-12 6.484429854956669372e-11 -2.063584311156749202e-12 -1.390300654207248835e-10 2.665729683492829050e-10 7.797523433587628471e-10 5.317733818893295090e-12 0.000000000000000000e+00
0.000000000000000000e+00 0.000000000000000000e+00 0.000000000000000000e+00 0.000000000000000000e+00 0.000000000000000000e+00 0.000000000000000000e+00 1.085404528047059363e-09 1.534448515595000437e-09 -8.587455169564653271e-11 3.958420574019314459e-10 1.390991930088638179e-10 -7.485389336492238243e-11 -1.756010435044697718e-11 5.430355034720726880e-11 -9.255158768848661697e-12 6.669503400427531964e-13 -3.819808904672169271e-13 9.226612124509819700e-10 2.769571872086677045e-06 0.000000000000000000e+00
0.000000000000000000e+00 0.000000000000000000e+00 0.000000000000000000e+00 0.000000000000000000e+00 0.000000000000000000e+00 0.000000000000000000e+00 1.640577635558847819e-09 1.519958844866626552e-09 4.108500892882537816e-11 5.699389123327370111e-10 3.309799912647875243e-10 3.284314750260248876e-11 3.055343992975119122e-11 7.109509911746172794e-11 -6.893986873445564459e-12 3.590167070469258111e-12 -2.011961138569813378e-11 9.806454747115949231e-10 5.495054935009450157e-06 0.000000000000000000e+00
0.000000000000000000e+00 0.000000000000000000e+00 0.000000000000000000e+00 0.000000000000000000e+00 0.000000000000000000e+00 0.000000000000000000e+00 -2.071660475492979643e-10 -2.409806073985264419e-10 4.524586617881172698e-11 3.877378449625170474e-11 -4.051866771817506701e-11 -2.098578450640325000e-11 -2.925983963855781138e-11 2.103289582473646481e-12 -1.413719144626125015e-11 3.468080770135961251e-13 -1.195705212033416521e-11 1.001808516469687094e-08 2.597230545672884180e-07 0.000000000000000000e+00
0.000000000000000000e+00 0.000000000000000000e+00 0.000000000000000000e+00 0.000000000000000000e+00 0.000000000000000000e+00 0.000000000000000000e+00 2.722977675026689110e-10 -1.137776160713374783e-10 -3.682642073380591734e-11 4.291491081070424846e-11 -5.225018884801459656e-11 -2.136327159151563049e-11 -6.562207152811118923e-11 2.064177874828711272e-11 -6.235408361863279589e-12 9.728151178627993195e-10 1.378665553943631031e-05 1.104995748708122822e-08 2.619377277442856687e-07 0.000000000000000000e+00
0.000000000000000000e+00 0.000000000000000000e+00 0.000000000000000000e+00 0.000000000000000000e+00 0.000000000000000000e+00 0.000000000000000000e+00 7.075745998569481330e-12 -1.120629832459998646e-10 9.957055158319679619e-13 2.383054490216099759e-11 -6.132429984593121513e-11 -1.917994587987991377e-11 -3.838508067201729075e-11 1.044750237581005884e-11 -7.854850132731970478e-12 -5.534422444109237670e-13 2.360912706549396681e-11 1.428124377715055528e-07 -1.321089934080076134e+00 0.000000000000000000e+00
0.000000000000000000e+00 0.000000000000000000e+00 0.000000000000000000e+00 0.000000000000000000e+00 0.000000000000000000e+00 0.000000000000000000e+00 9.861276840693288946e-11 -8.911540659515134139e-11 -3.608914266859894782e-12 -9.025052234886546159e-13 -7.013564458594257203e-11 -1.333992632632020246e-11 -4.635659478121996363e-11 1.327584922820511382e-11 -8.710348630966849529e-12 -2.294436413762259454e-12 4.917434481972203175e-11 1.934678438891858681e-07 1.507093340918300406e+01 0.000000000000000000e+00
