0.000000000000000000e+00 0.000000000000000000e+00 0.000000000000000000e+00 0.000000000000000000e+00 0.000000000000000000e+00 0.000000000000000000e+00 3.768245410686484702e-11 3.080606281011328799e-11 1.720291502979827554e-11 2.260937796738895324e-11 2.512810234228479563e-11 2.561412722799130769e-11 2.730668490993328535e-11 1.734355899104530245e-11 8.107514627005850682e-12 2.123890112725585456e-12 4.350259372101966067e-11 6.379673139240257357e-08 2.326619250576219193e-07 0.000000000000000000e+00
0.000000000000000000e+00 0.000000000000000000e+00 0.000000000000000000e+00 0.000000000000000000e+00 0.000000000000000000e+00 0.000000000000000000e+00 1.859362648943146087e-12 4.888392398172058181e-12 1.759890769875987417e-12 5.589983682754732291e-12 1.281327877255947045e-12 2.563649848267037836e-12 8.218412863476537960e-13 3.434445374356630721e-13 -5.107828161508965133e-13 6.621768181735487930e-10 1.952433318512777003e-07 6.433279167968264341e-08 2.317467584358438068e-07 0.000000000000000000e+00
0.000000000000000000e+00 0.000000000000000000e+00 0.000000000000000000e+00 0.000000000000000000e+00 0.000000000000000000e+00 0.000000000000000000e+00 -8.768753782082631738e-13 7.750394843208623442e-12 4.157696928342224262e-12 1.667445947770721403e-12 2.436747956247746987e-12 3.372872969861837213e-12 1.781193524478033707e-12 1.787527295069743656e-12 5.059211558762985300e-13 9.604283501288067583e-13 2.190541534737928171e-12 1.400395004939225974e-06 1.147125250630770310e+00 0.000000000000000000e+00
0.000000000000000000e+00 0.000000000000000000e+00 0.000000000000000000e+00 0.000000000000000000e+00 0.000000000000000000e+00 0.000000000000000000e+00 1.856508434200466241e-12 1.097246057557952384e-11 7.592162978595369951e-12 5.956542847200517896e-12 7.597093178664096396e-12 1.061838331950507407e-11 8.606766466007230113e-12 6.513415104813797695e-12 2.821668259103387427e-12 7.634475723860880163e-13 9.143823065506303783e-12 2.062328125327278277e-06 1.043987894124661864e+00 0.000000000000000000e+00
0.000000000000000000e+00 0.000000000000000000e+00 0.000000000000000000e+00 0.000000000000000000e+00 0.000000000000000000e+00 0.000000000000000000e+00 1.998080970024724553e-10 6.741397304785149763e-12 -7.011465849778876946e-10 -2.730179970690216095e-10 -2.219143102500767900e-10 -1.915880907796206259e-10 -7.871773948504987798e-11 -2.927199219714763489e-11 -2.006418219795798540e-11 -3.323678080695741868e-12 9.258335780133825682e-12 1.089336412860531765e-10 1.694645963589210534e-11 0.000000000000000000e+00
0.000000000000000000e+00 0.000000000000000000e+00 0.000000000000000000e+00 0.000000000000000000e+00 0.000000000000000000e+00 0.000000000000000000e+00 4.847724212359352190e-10 8.660554488864938199e-10 5.406187563273042102e-11 1.582186515801133965e-10 -1.709682279113026799e-10 3.210919174136692257e-11 -1.489007428627103522e-11 -2.177773744299387129e-12 -2.719654609586784453e-12 -2.881007793941582338e-11 1.082324622077835146e-10 1.105058230970896142e-10 1.589540548396688284e-11 0.000000000000000000e+00
0.000000000000000000e+00 0.000000000000000000e+00 0.000000000000000000e+00 0.000000000000000000e+00 0.000000000000000000e+00 0.000000000000000000e+00 4.167470340801377900e-10 3.773360128514644746e-10 7.609628939398165149e-11 7.968152969889748848e-11 -1.390876515333710761e-10 1.536724951192743036e-11 -8.929075537763975633e-12 -6.600978716467382052e-12 -7.374960635231133522e-13 -2.136502095808891552e-12 1.360398329756183490e-12 -1.031148536988507104e-10 1.103575193495017588e-07 0.000000000000000000e+00
0.000000000000000000e+00 0.000000000000000000e+00 0.000000000000000000e+00 0.000000000000000000e+00 0.000000000000000000e+00 0.000000000000000000e+00 4.451036332202318910e-10 5.341473151057341481e-10 2.562938254397390160e-10 1.581271162039283424e-10 -1.133113567426539613e-10 7.171722434403326929e-11 7.374497741305678705e-12 5.876234628979465294e-13 4.928005579972107529e-12 -8.898086930758362648e-13 -2.886207687035471802e-12 -1.647393408440166314e-10 1.531421245132235979e-07 0.000000000000000000e+00
0.000000000000000000e+00 0.000000000000000000e+00 0.000000000000000000e+00 0.000000000000000000e+00 0.000000000000000000e+00 0.000000000000000000e+00 -1.110858464424736741e-09 1.557151269756799404e-09 -1.666561099175581572e-09 -1.276767652982598431e-09 -1.010568811775151338e-09 -5.045023464160461149e-10 -4.348452738552889412e-10 -1.728709463168676216e-10 -1.105281901524729040e-10 -1.633659181377091475e-11 5.671667941700673795e-11 1.390040324745196721e-09 -2.697758570897718995e-10 0.000000000000000000e+00
0.000000000000000000e+00 0.000000000000000000e+00 0.000000000000000000e+00 0.000000000000000000e+00 0.000000000000000000e+00 0.000000000000000000e+00 2.152559470263742998e-09 1.208552791718295823e-09 1.084084782607879653e-09 5.348021284816285400e-10 -4.308739898559221173e-10 2.371996922343061679e-10 -9.791562310445881988e-11 2.030505829519369870e-11 -9.267971683944438357e-12 -1.325107506951984882e-10 2.527180317411098941e-09 1.388018278415791260e-09 -2.594813311390765562e-10 0.000000000000000000e+00
0.000000000000000000e+00 0.000000000000000000e+00 0.000000000000000000e+00 0.000000000000000000e+00 0.000000000000000000e+00 0.000000000000000000e+00 2.359633399759440882e-09 7.874736936949977727e-10 6.954463478605486175e-10 6.202785167418710967e-10 -3.438678867260313179e-10 2.047741213679687639e-10 -1.728934020420422587e-11 -6.891011804470084804e-12 3.468120641797403548e-11 -2.016250333436059681e-11 -3.669487402000264955e-12 9.958174439084237941e-10 -8.869131379968147789e-07 0.000000000000000000e+00
0.000000000000000000e+00 0.000000000000000000e+00 0.000000000000000000e+00 0.000000000000000000e+00 0.000000000000000000e+00 0.000000000000000000e+00 2.966753415125787629e-09 6.501171098459836991e-10 1.342740252941818771e-09 1.018769625349132332e-09 -1.999111257866066096e-10 4.011406778069229790e-10 7.120192173374128341e-11 5.011232695510614336e-11 7.376209254936440888e-11 -1.612987981420685470e-11 -3.186768117932810507e-11 9.107250225514857095e-10 -1.484522640068556202e-06 0.000000000000000000e+00
0.000000000000000000e+00 0.000000000000000000e+00 0.000000000000000000e+00 0.000000000000000000e+00 0.000000000000000000e+00 0.000000000000000000e+00 -4.432411151109262156e-11 -1.322256983499509106e-10 6.205541061962600747e-11 -4.461825779306120119e-11 6.320633817158219069e-11 -1.325668987942679169e-10 -5.953359739448712799e-11 -5.451190037267800406e-11 -3.505042444404295759e-11 -2.966818060173444028e-12 -1.056247939733168282e-10 -1.130074308279944148e-08 1.185865259200582932e-06 0.000000000000000000e+00
0.000000000000000000e+00 0.000000000000000000e+00 0.000000000000000000e+00 0.000000000000000000e+00 0.000000000000000000e+00 0.000000000000000000e+00 1.518807427812117287e-10 -3.335927958828012963e-10 -4.451420867535899749e-10 -2.403617231542554101e-10 -1.911565147933612165e-11 -1.131302581942346303e-10 -7.598423411891344955e-11 -7.797332066450752573e-11 -5.667044718576081228e-11 -1.878051191787646770e-09 3.987665470447271951e-05 -8.417578196055035913e-09 1.181547243241635623e-06 0.000000000000000000e+00
0.000000000000000000e+00 0.000000000000000000e+00 0.000000000000000000e+00 0.000000000000000000e+00 0.000000000000000000e+00 0.000000000000000000e+00 1.480016967205211747e-11 6.542610829551945305e-11 2.347311471875326917e-12 -1.158977202705084270e-10 8.692456123060968127e-11 -1.483912559832017377e-10 -8.522939696762499760e-11 -9.696949890338030641e-11 -3.601748821009823991e-11 -1.137001765417102018e-11 -9.399453569739228183e-11 -2.423043719821781851e-06 2.417232649828535074e+01 0.000000000000000000e+00
0.000000000000000000e+00 0.000000000000000000e+00 0.000000000000000000e+00 0.000000000000000000e+00 0.000000000000000000e+00 0.000000000000000000e+00 6.049690399741647657e-11 1.117338696970501376e-10 -1.317180635242620526e-11 -1.261625674341421474e-10 9.477711571828688923e-11 -1.440932950429379753e-10 -8.550158011640045157e-11 -1.138223916590150055e-10 -4.034235439276569987e-11 -1.199847502391680854e-11 -8.256859169083077101e-11 -3.371520666529723431e-06 1.042464519953863942e+02 0.000000000000000000e+00
