0.000000000000000000e+00 0.000000000000000000e+00 0.000000000000000000e+00 0.000000000000000000e+00 0.000000000000000000e+00 0.000000000000000000e+00 1.550220567010685717e-08 8.351342777567831133e-09 6.582343978732736746e-09 5.197839132886790818e-09 6.968627784473374752e-09 9.333274640463997825e-09 8.118596408412435263e-09 6.228508327811973935e-09 3.737381185297803195e-09 9.665283370648658351e-10 7.266125704400638791e-09 4.399361446415651435e-07 8.747298986735886565e-07 0.000000000000000000e+00
0.000000000000000000e+00 0.000000000000000000e+00 0.000000000000000000e+00 0.000000000000000000e+00 0.000000000000000000e+00 0.000000000000000000e+00 2.325538425120316036e-09 3.011024183211813504e-09 2.213545129622910787e-09 2.352020087794571980e-09 3.108876807222235042e-09 3.075138000327977087e-09 2.320665505828263955e-09 2.034652026781491465e-09 2.176342997953061005e-09 2.785639123808790889e-09 1.593492233236934062e-03 4.223178990575599000e-07 8.717345786677460574e-07 0.000000000000000000e+00
0.000000000000000000e+00 0.000000000000000000e+00 0.000000000000000000e+00 0.000000000000000000e+00 0.000000000000000000e+00 0.000000000000000000e+00 1.658857299450736528e-09 1.446083847953159381e-09 1.280077653913456892e-09 1.378202021097754245e-09 2.128225488425797716e-09 3.164343606640071768e-09 2.820556205768900753e-09 2.577525813497862301e-09 2.016160691646687643e-09 7.784246724345119732e-10 3.628613705391627220e-09 4.579772548078851692e-06 2.452754692317750340e+00 0.000000000000000000e+00
0.000000000000000000e+00 0.000000000000000000e+00 0.000000000000000000e+00 0.000000000000000000e+00 0.000000000000000000e+00 0.000000000000000000e+00 9.102290328785269998e-10 1.136713740751537851e-09 8.578581413237826907e-10 1.269903110371429042e-09 1.815028067261765792e-09 2.552372268704555262e-09 2.268055579349536062e-09 2.064720857789607952e-09 1.541855436890741652e-09 5.848292468961031906e-10 2.325118306567443287e-09 6.761265325698123988e-06 1.401407353549551260e+01 0.000000000000000000e+00
0.000000000000000000e+00 0.000000000000000000e+00 0.000000000000000000e+00 0.000000000000000000e+00 0.000000000000000000e+00 0.000000000000000000e+00 -5.369840123946974116e-08 -1.956269906722712026e-08 -2.009523155586289485e-09 -1.333458819107026704e-08 -3.524988491012234501e-09 -4.211266549012253924e-09 -2.812758385580648795e-09 -1.125576422110350877e-09 -6.152551696845211665e-10 -1.249368126087320923e-10 2.627016805670022425e-10 1.450554091156172615e-09 9.414140029947978870e-11 0.000000000000000000e+00
0.000000000000000000e+00 0.000000000000000000e+00 0.000000000000000000e+00 0.000000000000000000e+00 0.000000000000000000e+00 0.000000000000000000e+00 6.368962373709503976e-10 8.060517261480321588e-09 3.156291335444117218e-10 -2.505495645292318618e-09 4.421155053238438502e-10 6.497612336200708931e-10 2.183589499601241146e-10 -5.552987370352745605e-11 -2.512250519706974189e-10 -2.012562850916230281e-10 -2.650621174961288005e-09 1.372837359684009782e-09 9.278265941642336616e-11 0.000000000000000000e+00
0.000000000000000000e+00 0.000000000000000000e+00 0.000000000000000000e+00 0.000000000000000000e+00 0.000000000000000000e+00 0.000000000000000000e+00 -1.238862921995807010e-08 -1.187777666148409221e-09 8.465657635109162421e-10 -4.373762080025744096e-09 -1.819601374853390795e-10 -8.513696900687911233e-10 -9.680202253017943674e-10 -3.611524041692776072e-10 -3.058380834602555574e-10 -9.996447073386570047e-11 1.085607430009142610e-10 4.701908709471915481e-10 -8.987072161432146280e-08 0.000000000000000000e+00
0.000000000000000000e+00 0.000000000000000000e+00 0.000000000000000000e+00 0.000000000000000000e+00 0.000000000000000000e+00 0.000000000000000000e+00 -4.462348444943500258e-09 2.352633840489515680e-09 1.020096709509530958e-09 -2.792861814694847003e-09 3.023443157576545854e-10 -1.105514967525297657e-10 -4.554144700186588580e-10 -1.168984802649492134e-10 -1.504288295741760036e-10 -3.272321395695054032e-11 3.266272379331054087e-11 1.873570165997584404e-10 -1.386502017404068801e-07 0.000000000000000000e+00
0.000000000000000000e+00 0.000000000000000000e+00 0.000000000000000000e+00 0.000000000000000000e+00 0.000000000000000000e+00 0.000000000000000000e+00 -2.189734984096804466e-07 -5.972547180992790307e-08 1.176705822881497141e-08 -4.348340838297034716e-08 -2.191589540607081971e-08 -1.126421819764469838e-08 -4.463884109283378283e-09 -1.040140394251918833e-09 -6.404735198002078894e-10 -8.932370776772589042e-11 -3.176939658862584189e-10 7.663837104007850109e-10 -2.849362723242308833e-09 0.000000000000000000e+00
0.000000000000000000e+00 0.000000000000000000e+00 0.000000000000000000e+00 0.000000000000000000e+00 0.000000000000000000e+00 0.000000000000000000e+00 -2.538689678876980671e-08 3.251526099017992763e-08 1.548742465990698554e-08 2.672750025039147686e-11 -2.708827837841011386e-09 4.257140890913354716e-09 9.548863246673504177e-10 -5.895011709014858560e-10 -4.156798213794645819e-10 -1.575707625413316198e-10 3.744137290099068343e-08 7.772680169871882976e-10 -2.858771898840841025e-09 0.000000000000000000e+00
0.000000000000000000e+00 0.000000000000000000e+00 0.000000000000000000e+00 0.000000000000000000e+00 0.000000000000000000e+00 0.000000000000000000e+00 -5.541063534637387286e-08 2.147827640406416012e-09 1.474270065999235315e-08 -1.140520978424846705e-08 -4.513793676121904150e-09 -1.465933957889825431e-09 -1.338728811899055789e-09 -4.691752502300104554e-10 -4.166066480112685783e-10 -1.230527529393624755e-10 -1.735758814701992939e-10 -4.467455371122559830e-09 2.379374811110959025e-06 0.000000000000000000e+00
0.000000000000000000e+00 0.000000000000000000e+00 0.000000000000000000e+00 0.000000000000000000e+00 0.000000000000000000e+00 0.000000000000000000e+00 -2.548487082068376180e-08 1.414050629636948492e-08 1.442189062555908508e-08 -5.004933027142883896e-09 -1.961587359772461506e-09 8.675055852163474499e-10 -4.538821713187267329e-10 -3.553884904920022664e-10 -3.017543016996552500e-10 -9.526775871662413274e-11 -1.143650649896089857e-10 -5.889207854395435852e-09 5.545471204012045482e-06 0.000000000000000000e+00
0.000000000000000000e+00 0.000000000000000000e+00 0.000000000000000000e+00 0.000000000000000000e+00 0.000000000000000000e+00 0.000000000000000000e+00 -2.503525747433682311e-09 3.223404510134906835e-09 4.221103341715175774e-09 1.654653672873083107e-09 2.915792885599949082e-10 -2.952378703177622381e-10 -3.573370078516963474e-10 -7.345678494893525495e-12 -2.283488972783814523e-10 -9.531204004764474365e-11 -1.265643784345017290e-09 -3.972478939609840319e-08 1.967434287976485650e-07 0.000000000000000000e+00
0.000000000000000000e+00 0.000000000000000000e+00 0.000000000000000000e+00 0.000000000000000000e+00 0.000000000000000000e+00 0.000000000000000000e+00 -1.295875796569918347e-09 -4.537804472836267534e-09 1.026306403509687464e-09 -1.275559057123097509e-09 -2.927347621877343036e-09 2.308756418098044875e-10 -9.758935984313597733e-11 -3.539709559739645704e-10 -2.259086095222416333e-10 -9.741473821982630875e-11 7.866774948807101452e-04 -4.939411154301053271e-08 2.109864464314701501e-07 0.000000000000000000e+00
0.000000000000000000e+00 0.000000000000000000e+00 0.000000000000000000e+00 0.000000000000000000e+00 0.000000000000000000e+00 0.000000000000000000e+00 3.189978353399342745e-10 1.134786983248487733e-09 2.278835449250565430e-09 2.142940563465792941e-09 -8.550166365943335687e-10 -4.613256418933508826e-10 -8.050497008198422889e-11 -1.981054986023856995e-10 -2.603608395023615647e-10 -1.103908761995191767e-10 -1.114660860914900077e-09 -1.590378427940936332e-06 8.218673874720086303e+01 0.000000000000000000e+00
0.000000000000000000e+00 0.000000000000000000e+00 0.000000000000000000e+00 0.000000000000000000e+00 0.000000000000000000e+00 0.000000000000000000e+00 1.043535782690492950e-09 5.449858261186596317e-10 1.996791692936051083e-09 1.973929022209230883e-09 -8.765503748363003913e-10 -4.380054167255035829e-10 -4.258176014396136159e-11 -2.983710229849505881e-10 -3.101701155542160465e-10 -1.811838884780308137e-10 -1.133311280834900692e-09 -1.990821817087679671e-06 3.172114366154511913e+02 0.000000000000000000e+00
