0.000000000000000000e+00 0.000000000000000000e+00 0.000000000000000000e+00 0.000000000000000000e+00 0.000000000000000000e+00 0.000000000000000000e+00 6.017084002817251126e-09 6.927661400208231628e-09 7.245054986795887790e-09 5.250211006054600727e-09 6.837396007568786100e-09 7.129416790363477581e-09 6.009734099800549541e-09 4.623983034687004334e-09 2.461688142739262357e-09 5.005926719535064700e-10 5.003041566771060657e-09 4.809769537477239138e-07 7.013553484377610145e-07 0.000000000000000000e+00
0.000000000000000000e+00 0.000000000000000000e+00 0.000000000000000000e+00 0.000000000000000000e+00 0.000000000000000000e+00 0.000000000000000000e+00 1.078846927112613188e-09 3.651870917263706270e-10 4.798999896799790454e-10 1.624158082527614590e-09 1.384448254637327927e-09 1.289751323231352426e-09 9.086064898414992765e-10 5.961339435127109410e-10 6.602392593631237633e-10 9.491078710668074602e-10 6.339005377105219000e-04 4.684195882522803420e-07 7.038148886208359190e-07 0.000000000000000000e+00
0.000000000000000000e+00 0.000000000000000000e+00 0.000000000000000000e+00 0.000000000000000000e+00 0.000000000000000000e+00 0.000000000000000000e+00 2.498108526883307360e-10 9.628152288999054544e-10 5.526806306254853509e-10 9.730343510728086285e-10 9.280954181798134622e-10 1.288057776339534123e-09 1.232886174309390929e-09 1.110471430960551237e-09 8.800476129803317253e-10 3.316328931491895253e-10 1.600545493520635565e-09 7.691757009013191690e-06 9.225758945362379393e+00 0.000000000000000000e+00
0.000000000000000000e+00 0.000000000000000000e+00 0.000000000000000000e+00 0.000000000000000000e+00 0.000000000000000000e+00 0.000000000000000000e+00 8.887375096378678202e-11 5.509883717477374613e-10 2.859016658810207527e-10 7.860018876549977824e-10 6.987255768354176828e-10 9.111424808106882892e-10 8.910745489621537609e-10 7.135743426302086784e-10 5.257859962816119754e-10 1.863534514095723701e-10 6.581724618796357082e-10 1.161263365398188863e-05 2.403500114318782721e+01 0.000000000000000000e+00
0.000000000000000000e+00 0.000000000000000000e+00 0.000000000000000000e+00 0.000000000000000000e+00 0.000000000000000000e+00 0.000000000000000000e+00 -1.785090185297667046e-08 -9.238992769527740146e-09 -1.085590418683718638e-08 -5.258865960955038180e-09 -3.117291515410770368e-09 -3.251893556827696346e-09 -1.760004704803694006e-09 -1.098366535665518475e-09 -5.382915351009658956e-10 -1.314338990844896113e-10 2.755409682784158650e-10 1.410327495241683705e-09 4.271694451103836268e-11 0.000000000000000000e+00
0.000000000000000000e+00 0.000000000000000000e+00 0.000000000000000000e+00 0.000000000000000000e+00 0.000000000000000000e+00 0.000000000000000000e+00 -2.287673318660202869e-09 -1.099226962422733474e-09 2.434690808793957934e-09 2.874905287091992644e-09 9.606124042817589875e-10 1.017337306994180063e-09 3.178942704133691096e-10 -3.005610927718220710e-11 -1.957993191113481907e-10 -1.900071130398890587e-10 5.196965219263068412e-09 1.345833096837671199e-09 4.365634360425653270e-11 0.000000000000000000e+00
0.000000000000000000e+00 0.000000000000000000e+00 0.000000000000000000e+00 0.000000000000000000e+00 0.000000000000000000e+00 0.000000000000000000e+00 -4.260896273404950614e-09 -6.191981694477835783e-09 -1.270405164007452572e-09 1.210047418244497807e-09 -1.568693857760394965e-10 -2.507271438942055923e-10 -3.451424275030144713e-10 -3.438267480969160996e-10 -2.535209444167144086e-10 -1.023025120519036326e-10 1.134254474915572277e-10 3.011113727194935858e-10 1.072714444657577858e-07 0.000000000000000000e+00
0.000000000000000000e+00 0.000000000000000000e+00 0.000000000000000000e+00 0.000000000000000000e+00 0.000000000000000000e+00 0.000000000000000000e+00 -1.921830827696334199e-09 -4.501438972627453893e-09 7.580409523713931161e-10 2.143768505645794577e-09 2.322234262449164961e-10 3.751754727334657155e-10 3.953706421222723029e-12 -1.092882339234426053e-10 -1.095477706878582244e-10 -3.299086446364460955e-11 3.440272631561030599e-11 -1.706062522771745820e-11 2.578186356188092768e-07 0.000000000000000000e+00
0.000000000000000000e+00 0.000000000000000000e+00 0.000000000000000000e+00 0.000000000000000000e+00 0.000000000000000000e+00 0.000000000000000000e+00 -1.259325196511931022e-07 -3.299692905543994236e-08 -5.808546614383703048e-08 -4.111968276420781391e-08 -2.299856250253152754e-08 -1.173342871566923362e-08 -3.062717649602002899e-09 2.476887291355205956e-11 -2.368818883532408665e-13 -7.616747422675051975e-11 -8.214998559428711921e-12 9.651565543833288530e-10 3.378532063564541797e-10 0.000000000000000000e+00
0.000000000000000000e+00 0.000000000000000000e+00 0.000000000000000000e+00 0.000000000000000000e+00 0.000000000000000000e+00 0.000000000000000000e+00 -4.306621673280236788e-09 -8.292581800394334445e-09 1.195463905635225916e-08 -2.839694756075527249e-10 -2.228551965755537350e-09 1.150567043831736691e-09 -3.721989585271416776e-10 5.601454258570443801e-10 7.429053095690051580e-11 -8.146962971448974248e-11 -2.826762125876386074e-08 9.595139432233374585e-10 3.698434970274150226e-10 0.000000000000000000e+00
0.000000000000000000e+00 0.000000000000000000e+00 0.000000000000000000e+00 0.000000000000000000e+00 0.000000000000000000e+00 0.000000000000000000e+00 -2.367855484013447262e-08 -1.935799712549580530e-08 -9.646471937197958806e-09 -8.085524235517860928e-09 -7.464009568926471872e-09 -1.930500233623657710e-09 -1.034925928781139367e-09 3.963447340230343473e-10 1.131496531094369950e-10 -7.642058019668565370e-11 -1.219483866106117664e-10 -7.879091267062683717e-09 -6.708604106274530675e-07 0.000000000000000000e+00
0.000000000000000000e+00 0.000000000000000000e+00 0.000000000000000000e+00 0.000000000000000000e+00 0.000000000000000000e+00 0.000000000000000000e+00 -7.438610531871108915e-09 -1.415000200159606646e-08 3.201240342094616386e-11 -2.224877720735859512e-09 -4.757317176767644227e-09 3.280036222915211454e-11 -6.142017285445573716e-10 4.626685681947551943e-10 1.672382771069751485e-10 -4.028284105630171943e-11 -1.704831082439085240e-10 -9.929363273929532682e-09 -2.768466158074899418e-06 0.000000000000000000e+00
0.000000000000000000e+00 0.000000000000000000e+00 0.000000000000000000e+00 0.000000000000000000e+00 0.000000000000000000e+00 0.000000000000000000e+00 -5.564068276388766731e-11 -3.411327055960360680e-09 1.865915951567349740e-09 -1.009587076938255322e-09 -8.800115803523962870e-11 -1.074425651018660764e-09 1.250690682591739542e-10 -8.533353911464842050e-11 -1.914603476908169196e-10 -1.668494224693163398e-10 -1.080934117797055549e-09 1.513264268520281832e-08 1.621480114508886941e-06 0.000000000000000000e+00
0.000000000000000000e+00 0.000000000000000000e+00 0.000000000000000000e+00 0.000000000000000000e+00 0.000000000000000000e+00 0.000000000000000000e+00 3.683756856939967930e-09 -1.191603369619886664e-08 1.572250473999995684e-09 -1.459228019267687290e-09 -1.016225006530168219e-09 -3.747195068313380598e-09 -3.964586709635183966e-10 -9.656498575989716495e-10 -4.994062819316416875e-10 -3.003624934439974609e-10 -1.661743720619148152e-03 2.243185016660544864e-08 1.613094195369119460e-06 0.000000000000000000e+00
0.000000000000000000e+00 0.000000000000000000e+00 0.000000000000000000e+00 0.000000000000000000e+00 0.000000000000000000e+00 0.000000000000000000e+00 3.678155522700037401e-10 -5.038321679210138124e-09 1.510881081058271209e-09 4.146460288734909060e-10 -3.494096339264814478e-10 -1.864245276990697610e-09 -7.841453365862590606e-11 -5.967591089900790400e-10 -3.462935296728482156e-10 -1.828882098715141537e-10 -8.262136942707482691e-10 2.436830598375302447e-06 -1.503743687079055746e+02 0.000000000000000000e+00
0.000000000000000000e+00 0.000000000000000000e+00 0.000000000000000000e+00 0.000000000000000000e+00 0.000000000000000000e+00 0.000000000000000000e+00 7.776547177581201305e-10 -5.748074577340035010e-09 1.210171904454116089e-09 3.499706176559709456e-10 -3.689844693377896623e-10 -2.073846296020280515e-09 -2.863749428340352372e-10 -8.020873705388941457e-10 -4.608409254755983686e-10 -2.463036330342902961e-10 -7.223167512711353146e-10 3.308534775363145687e-06 -6.537300757824076527e+02 0.000000000000000000e+00
