0.000000000000000000e+00 0.000000000000000000e+00 0.000000000000000000e+00 0.000000000000000000e+00 0.000000000000000000e+00 0.000000000000000000e+00 8.359037094138858763e-09 6.765080907530021000e-09 9.999924484822088713e-09 7.478119395043387396e-09 8.118376038156696226e-09 8.499735483714183620e-09 6.527467076418751958e-09 4.530843239964353478e-09 2.495832680713711285e-09 6.697437663308271329e-10 4.831751566874918007e-09 4.303139826027118377e-07 5.247276550084477553e-08 0.000000000000000000e+00
0.000000000000000000e+00 0.000000000000000000e+00 0.000000000000000000e+00 0.000000000000000000e+00 0.000000000000000000e+00 0.000000000000000000e+00 5.523515290797732855e-09 6.222057320906839730e-10 1.924191930700362932e-09 2.548715143931180540e-09 2.739957287489995541e-09 2.664694119070977301e-09 1.803995269417984964e-09 1.297751980042664654e-09 1.174566798203355667e-09 1.634813289326860722e-09 7.326878020207066699e-04 4.292148008852423501e-07 5.147716890178645954e-08 0.000000000000000000e+00
0.000000000000000000e+00 0.000000000000000000e+00 0.000000000000000000e+00 0.000000000000000000e+00 0.000000000000000000e+00 0.000000000000000000e+00 4.219306451771515319e-09 3.438268266345066796e-10 1.762115066578144751e-09 1.998203884352867474e-09 1.982322151946186925e-09 2.560260483004908602e-09 2.267130445605124002e-09 1.791890005662928210e-09 1.233283954673287279e-09 5.397373479579696438e-10 2.090437805154976541e-09 5.061894773730489018e-06 3.963936829007093365e+01 0.000000000000000000e+00
0.000000000000000000e+00 0.000000000000000000e+00 0.000000000000000000e+00 0.000000000000000000e+00 0.000000000000000000e+00 0.000000000000000000e+00 3.513344136966199324e-09 -3.027898768919183021e-11 1.247250781923762339e-09 1.601014419068544460e-09 1.516407467551355796e-09 2.044173302947712088e-09 1.835796095610335923e-09 1.430962632258930288e-09 9.568897464233338083e-10 4.484356843169137477e-10 1.288271166631945310e-09 7.300448548113936038e-06 1.691911213003891703e+02 0.000000000000000000e+00
0.000000000000000000e+00 0.000000000000000000e+00 0.000000000000000000e+00 0.000000000000000000e+00 0.000000000000000000e+00 0.000000000000000000e+00 -2.801935994355753926e-08 -5.569190254237896453e-09 -2.206178087858250782e-08 -1.006153911191881205e-08 -3.957277092657011113e-09 -3.663357516358654338e-09 -2.104024868581706527e-09 -1.112350036688375554e-09 -6.003564229876677629e-10 -1.132965783489456256e-10 2.925265179483626201e-10 1.350877040593270520e-09 2.562432723911942495e-10 0.000000000000000000e+00
0.000000000000000000e+00 0.000000000000000000e+00 0.000000000000000000e+00 0.000000000000000000e+00 0.000000000000000000e+00 0.000000000000000000e+00 -3.282346008128465310e-08 1.510168166398190588e-09 9.274195567035009455e-11 5.984503942806960830e-10 9.270622806676003340e-10 5.312908013088776403e-10 -4.069139020189529671e-10 -1.346298895163752379e-10 -2.208428798462457795e-10 -1.817650215857979598e-10 -2.033831510264383573e-09 1.284914396803210408e-09 2.550593726898454394e-10 0.000000000000000000e+00
0.000000000000000000e+00 0.000000000000000000e+00 0.000000000000000000e+00 0.000000000000000000e+00 0.000000000000000000e+00 0.000000000000000000e+00 -2.462748190359023106e-08 -1.125426615900252948e-09 -6.761087858180291002e-09 -2.570707681633823274e-09 -2.249178163434236153e-10 -9.116483077731898478e-10 -9.747348495504501868e-10 -4.534246560927477514e-10 -2.871962163662332735e-10 -8.297408074824620648e-11 1.233820896222098858e-10 5.917862247625013674e-10 5.837555990723870030e-08 0.000000000000000000e+00
0.000000000000000000e+00 0.000000000000000000e+00 0.000000000000000000e+00 0.000000000000000000e+00 0.000000000000000000e+00 0.000000000000000000e+00 -2.377585359871827067e-08 -1.236740213141453467e-10 -3.754519789236033018e-09 -1.020143264997568215e-09 3.704024370849138249e-10 -2.713075726582216688e-10 -6.826142166031108129e-10 -2.308746282287265637e-10 -1.205107157194671549e-10 -1.186878408701917358e-11 3.923783324531449973e-11 3.441107117358106732e-10 2.211011214436079408e-07 0.000000000000000000e+00
0.000000000000000000e+00 0.000000000000000000e+00 0.000000000000000000e+00 0.000000000000000000e+00 0.000000000000000000e+00 0.000000000000000000e+00 -6.354485529118088430e-08 3.104048530318327839e-08 -1.150934381881790739e-07 -2.946935710501664566e-08 -1.529336524639706743e-08 -5.290450082044551844e-09 -3.876441005491903771e-09 -5.040305082290232274e-10 -4.484085099733377314e-10 2.352093783948286715e-11 2.245737750844437356e-10 -2.613384925284404386e-10 -3.839767965056426746e-10 0.000000000000000000e+00
0.000000000000000000e+00 0.000000000000000000e+00 0.000000000000000000e+00 0.000000000000000000e+00 0.000000000000000000e+00 0.000000000000000000e+00 -8.363568911898313375e-08 -1.668949572842755624e-08 6.149700519471375146e-09 6.612673292691018349e-09 3.977965928378433519e-09 1.263121797245389125e-09 -2.396066729516818462e-10 -4.199493570424865215e-10 -8.400026621031669930e-11 2.317069449133646516e-11 -1.815475898802867363e-08 -4.623255484969595493e-10 -3.775914255881781744e-10 0.000000000000000000e+00
0.000000000000000000e+00 0.000000000000000000e+00 0.000000000000000000e+00 0.000000000000000000e+00 0.000000000000000000e+00 0.000000000000000000e+00 -5.428223129814618094e-08 6.511556790534073476e-09 -2.439532299636384452e-08 -3.253804962276656481e-09 -3.960551084676922291e-10 7.438323025549919490e-11 -1.644008029758120090e-09 -3.271915656101372363e-10 -1.809877338142439117e-10 2.507935037524553651e-11 5.597590658760158931e-11 4.815152499061224693e-09 -8.010300080475571374e-07 0.000000000000000000e+00
0.000000000000000000e+00 0.000000000000000000e+00 0.000000000000000000e+00 0.000000000000000000e+00 0.000000000000000000e+00 0.000000000000000000e+00 -5.410191401054367691e-08 9.685749514791098005e-10 -9.171648931432510820e-09 1.586247070252037129e-09 2.107962913469629516e-09 9.328472099094732704e-10 -1.014047362202774996e-09 -2.536085872270047868e-10 -5.490263698368337399e-11 3.582832467396971143e-11 -7.116294759685910640e-12 6.008994458661833489e-09 -1.072209664228633240e-06 0.000000000000000000e+00
0.000000000000000000e+00 0.000000000000000000e+00 0.000000000000000000e+00 0.000000000000000000e+00 0.000000000000000000e+00 0.000000000000000000e+00 -3.552604456800167947e-09 -6.976510860899996638e-11 5.602153784547293710e-10 -5.517111712292592439e-10 -9.074619311348073270e-10 -6.714558459732020559e-10 -8.676774477389091988e-10 -4.731346429546835536e-10 -1.457503848328743062e-10 -6.210355886721718458e-11 -1.014068907002313278e-09 -5.810173796074819769e-08 4.262986293840101708e-07 0.000000000000000000e+00
0.000000000000000000e+00 0.000000000000000000e+00 0.000000000000000000e+00 0.000000000000000000e+00 0.000000000000000000e+00 0.000000000000000000e+00 -1.023326088066394776e-09 8.847939832574869338e-10 -6.768612300265391352e-10 -2.289718562933069981e-09 -3.310983116564466955e-09 -3.447815577658908000e-09 -1.837532796919097179e-09 -1.053240510510225032e-09 -3.644109697078317581e-10 -7.265726748850552448e-11 -2.890083218333893388e-03 -5.905915496307179153e-08 4.313508162441296159e-07 0.000000000000000000e+00
0.000000000000000000e+00 0.000000000000000000e+00 0.000000000000000000e+00 0.000000000000000000e+00 0.000000000000000000e+00 0.000000000000000000e+00 1.318314029212272317e-09 -9.747687081010718437e-10 -1.112214009216068453e-10 -1.160350650807958414e-09 -1.510520032529900058e-09 -1.213472755631840999e-09 -8.124975186321866004e-10 -7.955180509374641141e-10 -2.325912013504154566e-10 -5.739419527432635271e-11 -8.049741529998268866e-10 -6.251196031680015065e-06 -1.361054423773489219e+01 0.000000000000000000e+00
0.000000000000000000e+00 0.000000000000000000e+00 0.000000000000000000e+00 0.000000000000000000e+00 0.000000000000000000e+00 0.000000000000000000e+00 7.331462017054587823e-10 -2.336512633252164762e-10 -2.117810684333850619e-10 -1.380465097125682801e-09 -1.738356808891477103e-09 -1.765185079856709762e-09 -9.281800712105484231e-10 -9.191712431595327582e-10 -2.921055168806993626e-10 -1.198746018448505689e-10 -7.550104195804752632e-10 -8.693187579626485039e-06 -1.225571157682562529e+02 0.000000000000000000e+00
