0.000000000000000000e+00 0.000000000000000000e+00 0.000000000000000000e+00 0.000000000000000000e+00 0.000000000000000000e+00 0.000000000000000000e+00 8.427600235903732504e-09 1.483805440212965736e-09 7.159971699070484079e-09 4.383978069698148433e-09 4.160781476785094053e-09 4.416932425081928430e-09 3.377848123466451911e-09 2.241696682275185421e-09 9.588810792170724692e-10 3.688249561950417088e-10 2.162056267241515619e-09 2.117908386544045674e-07 1.440748355861581369e-07 0.000000000000000000e+00
0.000000000000000000e+00 0.000000000000000000e+00 0.000000000000000000e+00 0.000000000000000000e+00 0.000000000000000000e+00 0.000000000000000000e+00 1.615863144031891480e-09 -1.372587816555630601e-10 7.168774054821949393e-10 7.535722440694368928e-10 6.201986570278768993e-10 7.452669589061546125e-10 5.607604307903298070e-10 4.858968080275586751e-10 4.989390535897140942e-10 1.143530347505850883e-09 6.640966941643592194e-04 2.093417534925492884e-07 1.457016158406071135e-07 0.000000000000000000e+00
0.000000000000000000e+00 0.000000000000000000e+00 0.000000000000000000e+00 0.000000000000000000e+00 0.000000000000000000e+00 0.000000000000000000e+00 3.392477941683931049e-09 2.848838671576014738e-10 1.410661356374784419e-09 1.266144478265032335e-09 1.201807566270898924e-09 1.463516257376303674e-09 1.179280040004858092e-09 8.200409685915835306e-10 4.655194856334396542e-10 3.344637090916594602e-10 1.091782013525034924e-09 5.960174930086912810e-06 1.370721125425422926e+01 0.000000000000000000e+00
0.000000000000000000e+00 0.000000000000000000e+00 0.000000000000000000e+00 0.000000000000000000e+00 0.000000000000000000e+00 0.000000000000000000e+00 2.394783306498882305e-09 5.829146527485022206e-11 7.833005099993064827e-10 8.218648238580020778e-10 7.491880021256853863e-10 9.946875489054279291e-10 8.136858681140721641e-10 5.741218210461354444e-10 3.760259189700127599e-10 3.564676625290826258e-10 8.549981144251522016e-10 8.948470971552796365e-06 4.857541516246850222e+01 0.000000000000000000e+00
0.000000000000000000e+00 0.000000000000000000e+00 0.000000000000000000e+00 0.000000000000000000e+00 0.000000000000000000e+00 0.000000000000000000e+00 -1.549350298268467128e-08 2.133618582161858247e-09 -1.431749360099191721e-08 -7.211333974769385540e-09 -1.664908300015176767e-09 -2.351872332367638142e-09 -1.388650910680836519e-09 -7.703464246837783955e-10 -3.498472583543682516e-10 -5.462808324148616586e-11 1.636382583797656817e-10 9.157461054792931442e-10 1.811010911488983683e-10 0.000000000000000000e+00
0.000000000000000000e+00 0.000000000000000000e+00 0.000000000000000000e+00 0.000000000000000000e+00 0.000000000000000000e+00 0.000000000000000000e+00 -6.533304755003814085e-09 -1.869139797948977503e-09 4.135141486050597598e-10 5.493889964286769605e-10 1.387098705215190467e-11 2.273076927855510683e-10 -1.227247845155148676e-10 -8.909615431208239561e-11 -1.011409634083711384e-10 -8.997712251941735285e-11 6.702958436324583794e-11 8.714858271240595742e-10 1.804124429414639132e-10 0.000000000000000000e+00
0.000000000000000000e+00 0.000000000000000000e+00 0.000000000000000000e+00 0.000000000000000000e+00 0.000000000000000000e+00 0.000000000000000000e+00 -1.214980216924621007e-08 -2.845953756362189926e-10 -4.547899564509496380e-09 -1.897406241957200078e-09 -1.034037239513360896e-10 -7.054534162528527104e-10 -5.166232977343111893e-10 -3.296603019708908506e-10 -1.436248784413257004e-10 -3.612832832943286660e-11 5.766364055052708285e-11 4.562040814802582808e-10 9.591483227109307507e-08 0.000000000000000000e+00
0.000000000000000000e+00 0.000000000000000000e+00 0.000000000000000000e+00 0.000000000000000000e+00 0.000000000000000000e+00 0.000000000000000000e+00 -1.072677768123341527e-08 -7.251541118542819183e-10 -2.463221925595125321e-09 -8.087292836245085298e-10 1.176369423708709506e-10 -2.963239091528687339e-10 -2.989094553766773784e-10 -1.702456864243970957e-10 -3.838378162259673859e-11 8.124053719257132224e-12 5.047574547221033690e-12 3.080758073431977535e-10 2.617696905147867962e-07 0.000000000000000000e+00
0.000000000000000000e+00 0.000000000000000000e+00 0.000000000000000000e+00 0.000000000000000000e+00 0.000000000000000000e+00 0.000000000000000000e+00 -1.563365634217627269e-08 1.235858689123200696e-08 -7.160234339408313255e-08 -1.721274956935925110e-08 -4.053989623822140160e-09 -2.289527341453176623e-09 -3.969376756318695382e-09 -1.801963783278203348e-10 -2.754227731198712229e-10 3.104859135615511703e-11 -1.555692987283265654e-10 4.965847823939170436e-11 -4.309471009551381138e-10 0.000000000000000000e+00
0.000000000000000000e+00 0.000000000000000000e+00 0.000000000000000000e+00 0.000000000000000000e+00 0.000000000000000000e+00 0.000000000000000000e+00 -2.682782555925340090e-09 -1.676798665038461736e-08 -3.433788875549291397e-09 -9.059219610728046108e-10 1.204583854139741778e-09 1.169657792730044420e-09 -6.613239051173106213e-10 8.604404602840103025e-11 1.140039484030562823e-11 1.161600209794608940e-10 4.760324660702167353e-08 -1.770998462463644907e-10 -4.609637708914571171e-10 0.000000000000000000e+00
0.000000000000000000e+00 0.000000000000000000e+00 0.000000000000000000e+00 0.000000000000000000e+00 0.000000000000000000e+00 0.000000000000000000e+00 -8.737407172721267392e-09 5.626658994166022710e-09 -1.873135845734883474e-08 -4.229058106881744500e-09 6.086365681118940793e-10 8.112740130145898538e-10 -1.851648166722468077e-09 1.780516940546507928e-10 -8.960659195391904612e-11 4.667166207956585872e-11 -1.856417118302392716e-10 3.806425522162133959e-10 -2.980949126935819180e-06 0.000000000000000000e+00
0.000000000000000000e+00 0.000000000000000000e+00 0.000000000000000000e+00 0.000000000000000000e+00 0.000000000000000000e+00 0.000000000000000000e+00 -7.920509210456794753e-09 1.695107635021985491e-09 -9.877701224046934387e-09 -1.906930175947445440e-09 1.087488618547510125e-09 1.274165666917276839e-09 -1.279506697544779093e-09 2.471965802076999854e-10 -1.059126441972872327e-11 7.782353284268944047e-11 -1.751208298913527083e-10 6.882846764847942315e-10 -6.233597106117792006e-06 0.000000000000000000e+00
0.000000000000000000e+00 0.000000000000000000e+00 0.000000000000000000e+00 0.000000000000000000e+00 0.000000000000000000e+00 0.000000000000000000e+00 2.317270352109137588e-09 4.882060578104593476e-09 -6.685606944982858101e-10 -7.456494434956292781e-10 7.069539782435188522e-11 -1.461192635357659971e-10 -6.775707692573179399e-10 8.090974987890287741e-12 6.583834693040935762e-11 2.520208988214594508e-11 -7.350271054054011372e-10 -1.134940373598230128e-08 -6.123827456056681956e-07 0.000000000000000000e+00
0.000000000000000000e+00 0.000000000000000000e+00 0.000000000000000000e+00 0.000000000000000000e+00 0.000000000000000000e+00 0.000000000000000000e+00 -1.000032371738991231e-09 4.861511706689062013e-09 -7.929305007725701743e-10 -2.009569468597860863e-10 4.457507912148402437e-10 -1.015489905211296532e-09 -8.374705504534916106e-10 -3.338686110548936304e-10 -1.354419300380250426e-10 -1.592477972497813328e-10 -7.662925221581042045e-04 -1.133150314956548179e-08 -6.044500054583250885e-07 0.000000000000000000e+00
0.000000000000000000e+00 0.000000000000000000e+00 0.000000000000000000e+00 0.000000000000000000e+00 0.000000000000000000e+00 0.000000000000000000e+00 -7.811567413952829572e-10 2.669253874612594153e-09 -3.154030185303499662e-11 -3.032206460985195234e-10 -4.615113707429797722e-10 3.000717409346630916e-11 -6.085116979431737633e-10 -3.216218487823712602e-10 -4.482993319298098681e-11 1.532742094111760804e-11 -5.272488688167433066e-10 -1.797359790915011975e-06 -4.128874156288193831e+01 0.000000000000000000e+00
0.000000000000000000e+00 0.000000000000000000e+00 0.000000000000000000e+00 0.000000000000000000e+00 0.000000000000000000e+00 0.000000000000000000e+00 -5.817714838263307436e-10 2.515483809817762079e-09 -3.310906119319515686e-11 -1.936647487340936686e-10 -4.921598006452868246e-10 6.702864905138226627e-12 -6.623095262583749917e-10 -4.451980136144446819e-10 -1.149789036169501331e-10 -1.856076095570934267e-11 -4.479595744772679588e-10 -2.714502307159002502e-06 -9.224007819280942044e+01 0.000000000000000000e+00
