0.000000000000000000e+00 0.000000000000000000e+00 0.000000000000000000e+00 0.000000000000000000e+00 0.000000000000000000e+00 0.000000000000000000e+00 3.914299398222665465e-08 1.964870664242291582e-08 2.199246433605498982e-08 2.063797814624248051e-08 2.092364036463888293e-08 2.600652933238756508e-08 2.438710328823009349e-08 1.944600781661985851e-08 1.116480529398602987e-08 3.167392100701140214e-09 5.103919152850940462e-09 4.743783118662264535e-07 1.659050074757768248e-05 0.000000000000000000e+00
0.000000000000000000e+00 0.000000000000000000e+00 0.000000000000000000e+00 0.000000000000000000e+00 0.000000000000000000e+00 0.000000000000000000e+00 1.861782907345738397e-09 4.763971834051106426e-09 1.299731589679650183e-09 3.872138028179318751e-09 5.723712279541895900e-09 5.071427274953984451e-09 4.053871574642891517e-09 2.736759826926654104e-09 1.866680489290301700e-09 2.118546026908670733e-09 2.560441614219029137e-05 5.162121255465676702e-07 1.660256216084109952e-05 0.000000000000000000e+00
0.000000000000000000e+00 0.000000000000000000e+00 0.000000000000000000e+00 0.000000000000000000e+00 0.000000000000000000e+00 0.000000000000000000e+00 9.147079042371997150e-09 3.533921771632737027e-09 5.064326232791796588e-09 4.973371639464871660e-09 5.583826106835149468e-09 6.775313337118370168e-09 7.200090975738978758e-09 6.044029362422413630e-09 4.168362697831121990e-09 1.655165095509252453e-09 2.148014214321401466e-09 1.476134807182793407e-07 2.782381260333744422e+01 0.000000000000000000e+00
0.000000000000000000e+00 0.000000000000000000e+00 0.000000000000000000e+00 0.000000000000000000e+00 0.000000000000000000e+00 0.000000000000000000e+00 4.536564482515392548e-09 1.858319706210542925e-09 2.735535672169641177e-09 2.852917619349573671e-09 3.578809345199467831e-09 4.187159703316685047e-09 4.789161866302633243e-09 3.961342681212584159e-09 2.698064199575238808e-09 1.013239375776509095e-09 9.535243229026665633e-10 1.080064188913489190e-07 4.123320907430746729e+01 0.000000000000000000e+00
0.000000000000000000e+00 0.000000000000000000e+00 0.000000000000000000e+00 0.000000000000000000e+00 0.000000000000000000e+00 0.000000000000000000e+00 -6.151946657678649597e-08 2.321535790276359741e-10 -3.171294362356473721e-08 -2.252481340721436319e-08 -8.560360166301215291e-09 -1.810222020271973349e-09 -2.571181821583447494e-09 -1.884369896362503187e-09 -1.066114534372251589e-09 -3.640080009184218919e-10 1.856203108750829641e-10 1.354429267011116757e-09 1.418747150151258462e-09 0.000000000000000000e+00
0.000000000000000000e+00 0.000000000000000000e+00 0.000000000000000000e+00 0.000000000000000000e+00 0.000000000000000000e+00 0.000000000000000000e+00 -1.062346492003318404e-08 -7.439589616114934819e-09 -4.969495106939766106e-09 1.359400215560363173e-10 -2.292015725758098203e-09 -4.896805403821935650e-10 1.442246896225904964e-10 -9.634978731059278325e-11 -1.730174594406907085e-10 -2.080434465577661278e-10 -1.151826596430702519e-09 1.340931751645986001e-09 1.415538193705102909e-09 0.000000000000000000e+00
0.000000000000000000e+00 0.000000000000000000e+00 0.000000000000000000e+00 0.000000000000000000e+00 0.000000000000000000e+00 0.000000000000000000e+00 -3.083055427024795628e-08 -7.022965874016969176e-09 -7.365029005129064334e-09 -6.945437143833427963e-09 -3.643373926638372251e-09 -2.418282564636935745e-10 -4.899232079918653412e-10 -7.357393860767951167e-10 -4.352845513402506816e-10 -1.973380396517990642e-10 7.381426433573020652e-11 3.919576430079891423e-10 5.750096588581677135e-07 0.000000000000000000e+00
0.000000000000000000e+00 0.000000000000000000e+00 0.000000000000000000e+00 0.000000000000000000e+00 0.000000000000000000e+00 0.000000000000000000e+00 -2.052049138901589405e-08 -8.716425094935139968e-09 -1.558548012987870037e-09 -2.271860563250016680e-09 -2.256022887020306922e-09 8.243419459926208178e-11 9.292941071719948402e-11 -3.341726434597502433e-10 -1.569762576720978329e-10 -5.548939526780529402e-11 2.430109520792082141e-11 7.080678356674530069e-11 7.001549163208178827e-07 0.000000000000000000e+00
0.000000000000000000e+00 0.000000000000000000e+00 0.000000000000000000e+00 0.000000000000000000e+00 0.000000000000000000e+00 0.000000000000000000e+00 -2.848449171531023143e-07 -5.934550440215345720e-08 -1.151260247223756137e-07 -6.928381858658195120e-08 -3.114685425880781414e-08 8.309203614395336435e-10 -8.129565809282582355e-09 -1.412647041181794724e-09 5.491343975932302248e-10 -2.497241521836502881e-10 1.232813861447274218e-10 7.027912324058616452e-10 1.506660628668728864e-09 0.000000000000000000e+00
0.000000000000000000e+00 0.000000000000000000e+00 0.000000000000000000e+00 0.000000000000000000e+00 0.000000000000000000e+00 0.000000000000000000e+00 -2.159029736248417849e-08 -8.003616736559424289e-08 -9.390524355851006740e-09 -1.180701882497367340e-08 3.339237296900517960e-09 3.535065145766813445e-09 1.166151996949873614e-09 -4.080451566660463698e-10 4.890087599315252729e-10 -2.520087360289792757e-10 4.497517581984393436e-09 6.723184481882636647e-10 1.336672421783437717e-09 0.000000000000000000e+00
0.000000000000000000e+00 0.000000000000000000e+00 0.000000000000000000e+00 0.000000000000000000e+00 0.000000000000000000e+00 0.000000000000000000e+00 -1.402534794342692086e-07 -5.605488104640686372e-08 -3.172394843151931041e-08 -1.994659938998339987e-08 -7.999680195338866498e-09 3.910740132547225397e-09 -1.066949093745467818e-09 -5.856765560468129325e-10 6.504429283318109031e-10 -1.570654682765230421e-10 1.277754312061048219e-10 -1.398723521317926883e-10 -3.545263293832164453e-06 0.000000000000000000e+00
0.000000000000000000e+00 0.000000000000000000e+00 0.000000000000000000e+00 0.000000000000000000e+00 0.000000000000000000e+00 0.000000000000000000e+00 -8.992432009943487968e-08 -5.758884343189231257e-08 -9.597704614003027372e-09 -6.759017582464620686e-09 -1.497935045388279874e-09 4.405720882457457392e-09 9.691419392344627307e-10 -3.828047215835400339e-10 6.293768185363249492e-10 -4.920334631048767904e-11 1.383636521713061733e-10 -3.837907564925647262e-10 -4.275444322096315503e-06 0.000000000000000000e+00
0.000000000000000000e+00 0.000000000000000000e+00 0.000000000000000000e+00 0.000000000000000000e+00 0.000000000000000000e+00 0.000000000000000000e+00 -6.090159327065160397e-10 -2.081981135340566875e-09 -2.208826156860882423e-10 -4.706551440744008067e-10 4.100074939554722882e-11 -3.265836349238730524e-10 1.077710841688620061e-10 -1.852976381895913628e-10 -9.843891522115013465e-11 -1.317373127755294144e-10 -6.883925215103047176e-10 -2.472307095566975504e-08 8.273489475387671422e-06 0.000000000000000000e+00
0.000000000000000000e+00 0.000000000000000000e+00 0.000000000000000000e+00 0.000000000000000000e+00 0.000000000000000000e+00 0.000000000000000000e+00 -1.341882764132559323e-08 -8.514603511856634663e-09 -4.095980522059542201e-10 -2.292932820957615426e-09 -3.060210744649160062e-09 -1.218417330681075818e-09 -2.866005179748590080e-10 -2.882729622813367609e-10 -5.709047246249621212e-10 -4.305992783122291980e-10 -4.564276370355879487e-05 -2.552085048037497885e-08 8.292325704181271258e-06 0.000000000000000000e+00
0.000000000000000000e+00 0.000000000000000000e+00 0.000000000000000000e+00 0.000000000000000000e+00 0.000000000000000000e+00 0.000000000000000000e+00 -1.065772781957801378e-09 -9.889032657596743344e-10 -1.664450531086890985e-09 -4.584224659339067897e-10 -1.133571131134304206e-09 -1.183387144339850350e-10 3.229082766372457134e-10 -3.273075342313941248e-10 -3.067035226183993362e-10 -1.713713332678717776e-10 -4.480924982193364857e-10 -5.267504764837691909e-08 2.577404512088506650e+01 0.000000000000000000e+00
0.000000000000000000e+00 0.000000000000000000e+00 0.000000000000000000e+00 0.000000000000000000e+00 0.000000000000000000e+00 0.000000000000000000e+00 -1.708384788961982718e-09 -1.095704183404085683e-09 -2.026802948264230327e-09 -4.192175006274388855e-10 -1.425937824832454638e-09 -2.092299999879501604e-10 2.565892169623119418e-10 -3.857233182083129807e-10 -4.211222866762618493e-10 -2.235382500912667619e-10 -3.420049100316066348e-10 -6.418072320414974863e-08 3.803471859576583824e+01 0.000000000000000000e+00
