0.000000000000000000e+00 0.000000000000000000e+00 0.000000000000000000e+00 0.000000000000000000e+00 0.000000000000000000e+00 0.000000000000000000e+00 1.818499782127446630e-08 1.568637419652972833e-08 2.389629096007501053e-08 1.935351983998180626e-08 1.888953381482543837e-08 2.052733776012911453e-08 1.616043210774599806e-08 1.162783664317707517e-08 7.105117990999219608e-09 2.377416218998926543e-09 3.147662350456074499e-09 3.332229988718453859e-07 1.273620160558045042e-05 0.000000000000000000e+00
0.000000000000000000e+00 0.000000000000000000e+00 0.000000000000000000e+00 0.000000000000000000e+00 0.000000000000000000e+00 0.000000000000000000e+00 1.038759313084848443e-08 5.681231007025923792e-09 3.241651409888253838e-09 6.489971088821008484e-09 5.872602761497508402e-09 5.230254541486621991e-09 3.971320332023035949e-09 2.518566273457909488e-09 1.761521575000720700e-09 2.104857009614601484e-09 3.265027136162529619e-05 3.617181934275431049e-07 1.274572502264442026e-05 0.000000000000000000e+00
0.000000000000000000e+00 0.000000000000000000e+00 0.000000000000000000e+00 0.000000000000000000e+00 0.000000000000000000e+00 0.000000000000000000e+00 8.366007575085817295e-09 3.251746980307813607e-09 4.108880146317636373e-09 4.523297195037798740e-09 4.517913797179937119e-09 5.472307147654782923e-09 4.594290833341186021e-09 3.674279698580973479e-09 2.744225108055936629e-09 1.438005206260864503e-09 1.381570751194669711e-09 1.823011012414392852e-07 -7.832929574745270429e+01 0.000000000000000000e+00
0.000000000000000000e+00 0.000000000000000000e+00 0.000000000000000000e+00 0.000000000000000000e+00 0.000000000000000000e+00 0.000000000000000000e+00 6.130071377068988952e-09 2.508842632421587088e-09 1.809457403237418730e-09 3.080971027788194521e-09 3.127283584914903924e-09 3.940348623734445841e-09 3.504798933452704532e-09 2.834422506853745369e-09 2.039539566412336239e-09 1.098261273550734365e-09 8.058938157302617541e-10 2.066922100231924797e-07 -1.151509987545804847e+02 0.000000000000000000e+00
0.000000000000000000e+00 0.000000000000000000e+00 0.000000000000000000e+00 0.000000000000000000e+00 0.000000000000000000e+00 0.000000000000000000e+00 -4.694196996639748972e-08 2.865323237250948103e-09 -2.977264506533688626e-08 -2.012925745714685832e-08 -4.834681480214460298e-09 -6.194366480908302647e-09 -3.789758452557062883e-09 -2.019095735632290565e-09 -1.112874635592514615e-09 -3.489647818268079062e-10 2.059382477364488429e-10 1.306849682157930700e-09 1.993531283204645506e-09 0.000000000000000000e+00
0.000000000000000000e+00 0.000000000000000000e+00 0.000000000000000000e+00 0.000000000000000000e+00 0.000000000000000000e+00 0.000000000000000000e+00 -5.413752781976694631e-08 -5.560218203158832672e-10 9.461243463223899215e-10 -4.002881590537521799e-09 2.023299618795975128e-09 -3.340273051868383068e-11 -2.160043436862582042e-10 -1.305700973251960790e-11 -1.660355083997040062e-10 -1.866713367765057275e-10 4.525183071357578419e-11 1.292068184342975347e-09 1.991407224343462402e-09 0.000000000000000000e+00
0.000000000000000000e+00 0.000000000000000000e+00 0.000000000000000000e+00 0.000000000000000000e+00 0.000000000000000000e+00 0.000000000000000000e+00 -4.319841799861837842e-08 3.542491856209512930e-09 -1.107053629589002054e-08 -7.185759393090998774e-09 1.558016688452250674e-10 -1.927101925805040180e-09 -1.171185733404667304e-09 -6.550460990215681974e-10 -4.446031117118635063e-10 -1.742823021562250162e-10 8.105531473131734452e-11 3.426172413812128598e-10 -7.535097658361406561e-07 0.000000000000000000e+00
0.000000000000000000e+00 0.000000000000000000e+00 0.000000000000000000e+00 0.000000000000000000e+00 0.000000000000000000e+00 0.000000000000000000e+00 -4.139647996157995835e-08 2.997140424519177263e-09 -5.408656590607570491e-09 -3.721068954099858595e-09 1.571498982691899872e-09 -6.300724134807257247e-10 -4.296981752471030050e-10 -1.970735649759124302e-10 -1.406021660162842727e-10 -3.009630699764129984e-11 2.348861236161969986e-11 2.235190410029473444e-11 -9.146281636023744536e-07 0.000000000000000000e+00
0.000000000000000000e+00 0.000000000000000000e+00 0.000000000000000000e+00 0.000000000000000000e+00 0.000000000000000000e+00 0.000000000000000000e+00 -1.127296614539711913e-07 7.212761296016020878e-09 -1.747834899050640591e-07 -5.754015227638256909e-08 -2.976384028703812753e-08 -1.253322233003601183e-08 -5.731718507358056172e-09 -1.663855022450098868e-09 -8.401089643097816249e-10 2.803542708424498912e-11 1.547014658437026457e-10 2.373641007965945333e-10 8.335674514199789171e-09 0.000000000000000000e+00
0.000000000000000000e+00 0.000000000000000000e+00 0.000000000000000000e+00 0.000000000000000000e+00 0.000000000000000000e+00 0.000000000000000000e+00 -1.516739583154191797e-07 -1.956411033218948814e-08 2.345520362838828372e-09 -1.951762329524337366e-09 8.907914615636855541e-09 -1.756507961598174959e-09 6.962815057930668389e-10 -4.974484249689576570e-10 1.531207985412084990e-10 1.943954881470951455e-11 2.298444334747592611e-09 4.613787954916772124e-11 8.269496490976265763e-09 0.000000000000000000e+00
0.000000000000000000e+00 0.000000000000000000e+00 0.000000000000000000e+00 0.000000000000000000e+00 0.000000000000000000e+00 0.000000000000000000e+00 -9.920735797830221661e-08 1.964468681051367831e-08 -5.715445425460706862e-08 -1.329818576474044935e-08 -5.486333881601739233e-10 -3.090061208034925532e-09 -1.237102167539198214e-09 -2.427190322248514977e-10 5.718775173975769572e-11 4.089230762062332004e-11 8.813575725930740121e-11 -7.290867244077998952e-10 -7.074769491179285516e-06 0.000000000000000000e+00
0.000000000000000000e+00 0.000000000000000000e+00 0.000000000000000000e+00 0.000000000000000000e+00 0.000000000000000000e+00 0.000000000000000000e+00 -9.589892011254905780e-08 1.838519375950334264e-08 -2.275595207747588023e-08 -1.134302045751596376e-09 7.604585689289127321e-09 -5.566789298127105670e-10 5.728743718776223493e-11 8.349039709426635931e-11 3.720052217381178601e-10 5.928300325248816695e-11 7.873179595031898829e-11 -1.015536428442044204e-09 -8.604002376816086023e-06 0.000000000000000000e+00
0.000000000000000000e+00 0.000000000000000000e+00 0.000000000000000000e+00 0.000000000000000000e+00 0.000000000000000000e+00 0.000000000000000000e+00 2.292695218890666384e-09 2.722650516205486931e-09 1.060788287644530256e-09 5.616622777970205654e-10 -7.398973598943349404e-10 -1.599416697719564202e-09 -1.091763508732577202e-09 -2.761491750881592226e-10 -4.436031444978077914e-10 -2.184371796635961377e-10 -8.525446764035185761e-10 -2.921753346175096581e-08 1.448775155925978982e-05 0.000000000000000000e+00
0.000000000000000000e+00 0.000000000000000000e+00 0.000000000000000000e+00 0.000000000000000000e+00 0.000000000000000000e+00 0.000000000000000000e+00 -7.729772402268810232e-11 4.352159856763806596e-09 7.850662531754285014e-10 -2.058647638972427803e-09 -3.063009356128563325e-09 -3.261593431050958488e-09 -1.869591354655499014e-09 -1.062130391403491213e-09 -6.817361622982045147e-10 -3.200084347268625544e-11 -4.463679674878092178e-05 -3.192435883129765275e-08 1.447938088492587681e-05 0.000000000000000000e+00
0.000000000000000000e+00 0.000000000000000000e+00 0.000000000000000000e+00 0.000000000000000000e+00 0.000000000000000000e+00 0.000000000000000000e+00 2.632914658337217080e-09 3.948884441443965401e-09 -4.478464129245973953e-10 4.439770774643175586e-11 -9.837917325376180913e-10 -1.773002274220569298e-09 -9.091886171172806266e-10 -6.632034170088482957e-10 -4.780824505071058897e-10 -3.118455534589511069e-10 -5.020841595870909904e-10 -5.115438178257504528e-08 -7.870932763169838609e+01 0.000000000000000000e+00
0.000000000000000000e+00 0.000000000000000000e+00 0.000000000000000000e+00 0.000000000000000000e+00 0.000000000000000000e+00 0.000000000000000000e+00 2.472009461222923774e-09 4.030347011304628396e-09 -6.044911147364071641e-10 -3.840729524170602218e-10 -1.105675719974160131e-09 -2.034879600239958256e-09 -1.090585678965602623e-09 -8.672979193896651285e-10 -6.189502045493007182e-10 -4.274546588714322891e-10 -3.488957872805037533e-10 -5.857947589943575940e-08 -1.158725490896600405e+02 0.000000000000000000e+00
