0.000000000000000000e+00 0.000000000000000000e+00 0.000000000000000000e+00 0.000000000000000000e+00 0.000000000000000000e+00 0.000000000000000000e+00 8.276716920449528682e-09 4.270500190258975677e-09 5.311628397519972416e-09 3.184483952896993059e-09 4.705124954843059673e-09 4.738067899566396999e-09 4.486632946754912093e-09 3.431406731114271795e-09 1.860863871474192392e-09 4.908338691143559397e-10 7.543535748772098851e-10 1.008461408097440755e-07 6.092527981444814558e-06 0.000000000000000000e+00
0.000000000000000000e+00 0.000000000000000000e+00 0.000000000000000000e+00 0.000000000000000000e+00 0.000000000000000000e+00 0.000000000000000000e+00 4.886416442150989328e-10 5.386514122814134198e-10 1.732806563974675341e-10 7.530702646823872613e-10 1.256067602518191156e-09 8.041315601318225158e-10 7.088883621707793396e-10 5.447220761052526747e-10 3.331086056398855604e-10 3.427280782382583159e-10 5.047455733273181461e-06 1.105845347152958561e-07 6.092172699781249034e-06 0.000000000000000000e+00
0.000000000000000000e+00 0.000000000000000000e+00 0.000000000000000000e+00 0.000000000000000000e+00 0.000000000000000000e+00 0.000000000000000000e+00 1.563767685741972732e-10 5.068075710436100016e-10 6.542428338853534668e-10 8.978380586157974264e-10 1.150056761147943985e-09 9.864972846221059062e-10 1.065321333240201629e-09 9.646332280183845384e-10 6.405800605602535990e-10 2.595228662749819122e-10 2.998714668663205507e-10 4.551232974277596956e-08 -3.763484198116117341e+00 0.000000000000000000e+00
0.000000000000000000e+00 0.000000000000000000e+00 0.000000000000000000e+00 0.000000000000000000e+00 0.000000000000000000e+00 0.000000000000000000e+00 -2.146242472507940341e-10 1.971104094023341636e-10 2.528086663184245431e-10 6.671631943273332774e-10 7.769177143163565203e-10 6.331166406570118854e-10 7.476723520070413513e-10 7.214912151951996236e-10 4.749976156464624712e-10 2.030570010898932733e-10 1.906715957167594671e-10 5.175694130257382970e-08 -5.442707242820290503e+00 0.000000000000000000e+00
0.000000000000000000e+00 0.000000000000000000e+00 0.000000000000000000e+00 0.000000000000000000e+00 0.000000000000000000e+00 0.000000000000000000e+00 -4.676130201106180158e-08 -7.036881838061206238e-09 -8.625650499045825700e-09 -4.957141813780478964e-09 -5.892697535935277412e-09 -4.117480124623798434e-09 -1.382909876717147848e-09 -1.128151646793328669e-09 -5.256348348966302417e-10 -1.744802287891490747e-10 1.056566196565492594e-10 8.011750820683476697e-10 7.328559406237170314e-10 0.000000000000000000e+00
0.000000000000000000e+00 0.000000000000000000e+00 0.000000000000000000e+00 0.000000000000000000e+00 0.000000000000000000e+00 0.000000000000000000e+00 5.735118461565187130e-09 -7.130428419423247230e-09 -3.105635016968895684e-09 1.711028742720793496e-10 1.893592951522387849e-10 -4.477482948042220489e-10 -2.167517395105732815e-10 -1.481814801920941895e-11 -5.852780437290845482e-11 -8.195576853873723382e-11 -4.232367055223362596e-10 7.969268227081507138e-10 7.363744698642611812e-10 0.000000000000000000e+00
0.000000000000000000e+00 0.000000000000000000e+00 0.000000000000000000e+00 0.000000000000000000e+00 0.000000000000000000e+00 0.000000000000000000e+00 -9.248863384369254447e-09 -5.269977209814558735e-09 -2.832874359056917264e-09 -1.338365383694577284e-09 -1.876207232178531872e-09 -1.430745143097011475e-09 -5.459499695185167071e-10 -3.501850566122236654e-10 -2.090645838224696791e-10 -8.172187999161527356e-11 3.896262418044781214e-11 1.892830158868896694e-10 -1.890974992071318216e-07 0.000000000000000000e+00
0.000000000000000000e+00 0.000000000000000000e+00 0.000000000000000000e+00 0.000000000000000000e+00 0.000000000000000000e+00 0.000000000000000000e+00 1.304285810282821322e-09 -4.963870608545624340e-09 -1.294602089363489131e-09 -2.789011375609629932e-10 -7.317334018502730217e-10 -6.098818992928272190e-10 -2.873303221990130345e-10 -9.450998540811234427e-11 -6.692456798691878516e-11 -4.194945946173392307e-12 9.327767213536946783e-12 -1.518358402178501686e-11 -2.307774191977254291e-07 0.000000000000000000e+00
0.000000000000000000e+00 0.000000000000000000e+00 0.000000000000000000e+00 0.000000000000000000e+00 0.000000000000000000e+00 0.000000000000000000e+00 -2.951968243438816815e-07 -4.709754093920954242e-08 -7.241311158756526895e-08 -3.402742108228173615e-08 -1.711043571178687104e-08 -1.327129571969751476e-08 -4.183654858824288760e-09 -1.561901034457561541e-09 -2.277307881805533790e-10 -1.503621075812084469e-11 1.251346481229028377e-10 2.754634746141644150e-10 -3.295257582152575444e-09 0.000000000000000000e+00
0.000000000000000000e+00 0.000000000000000000e+00 0.000000000000000000e+00 0.000000000000000000e+00 0.000000000000000000e+00 0.000000000000000000e+00 4.473805266342337884e-08 -1.455681031792017479e-08 2.688988428588676094e-09 -4.468135030156202540e-09 4.052407498148158191e-09 -1.229940218786536528e-09 3.518593116151761700e-10 -8.425157785409903973e-11 -9.418425810733924127e-11 -4.782601475636127701e-11 3.692797440140880519e-09 1.598349527890845198e-10 -3.349810495548666696e-09 0.000000000000000000e+00
0.000000000000000000e+00 0.000000000000000000e+00 0.000000000000000000e+00 0.000000000000000000e+00 0.000000000000000000e+00 0.000000000000000000e+00 -5.565298791476716899e-08 -2.264077491875447090e-08 -1.615246687969821134e-08 -1.040845984833778202e-08 -2.343540068332269113e-09 -3.153189713912305490e-09 -1.026731847789992606e-09 -2.883220893774677974e-10 -1.424208904077651916e-10 1.267996118142174509e-11 7.522175185197922480e-11 1.786035971802457941e-10 2.668952339813225528e-06 0.000000000000000000e+00
0.000000000000000000e+00 0.000000000000000000e+00 0.000000000000000000e+00 0.000000000000000000e+00 0.000000000000000000e+00 0.000000000000000000e+00 1.205302399055797634e-08 -1.565760777653194406e-08 -4.105029317597410390e-10 -3.485300880163900194e-09 1.721397876179266541e-09 -4.343098463672698453e-10 -6.581392365242198324e-11 5.197639812822015462e-11 -1.109926563612268568e-10 4.178993395464581557e-11 4.900419155991828643e-11 1.696584258371121316e-10 3.262603949700625563e-06 0.000000000000000000e+00
0.000000000000000000e+00 0.000000000000000000e+00 0.000000000000000000e+00 0.000000000000000000e+00 0.000000000000000000e+00 0.000000000000000000e+00 5.838558560225867606e-10 -3.559311518529740574e-09 -2.789627063673140846e-10 8.567923589494540107e-10 4.173114053822436843e-11 2.379964332179399203e-10 -5.496489182531229726e-10 -4.355981171758346541e-10 1.133149623429743909e-10 -1.147448587561300460e-10 -5.291517905500607243e-10 -1.193803951128298024e-08 1.543646702561053251e-05 0.000000000000000000e+00
0.000000000000000000e+00 0.000000000000000000e+00 0.000000000000000000e+00 0.000000000000000000e+00 0.000000000000000000e+00 0.000000000000000000e+00 -1.884144003160981895e-09 -1.227434980061345601e-09 -3.790877724472501280e-09 -2.293528009539207527e-09 6.269734142311900800e-10 -2.630434162584538859e-10 -9.947683752839547341e-10 -9.569084751425226891e-10 -1.934568885287459032e-10 -1.424030992026739386e-10 4.301818595999177695e-05 -1.344857802357603679e-08 1.543448770860515176e-05 0.000000000000000000e+00
0.000000000000000000e+00 0.000000000000000000e+00 0.000000000000000000e+00 0.000000000000000000e+00 0.000000000000000000e+00 0.000000000000000000e+00 1.448120587235978518e-10 -7.841467612182301099e-10 -8.570775839365588170e-10 3.321906075182131056e-10 3.069955144243041126e-10 1.469350306918452813e-10 -5.916288114192192399e-10 -4.910986815448050851e-10 -7.580394313496977528e-11 -1.351004114808301272e-10 -3.952302191342508370e-10 -1.575727158496593344e-08 1.013407011020020718e+02 0.000000000000000000e+00
0.000000000000000000e+00 0.000000000000000000e+00 0.000000000000000000e+00 0.000000000000000000e+00 0.000000000000000000e+00 0.000000000000000000e+00 -6.146805867871312733e-10 -1.990999755633306584e-10 -1.148539721646790496e-09 2.090454373164301245e-10 4.884493951408166396e-10 6.076645352438476609e-11 -6.423442827344648379e-10 -6.263448029260217667e-10 -1.966366793116286195e-10 -1.669003931960309234e-10 -3.171290166223224791e-10 -1.353302764586424999e-08 1.497553038113692594e+02 0.000000000000000000e+00
