0.000000000000000000e+00 0.000000000000000000e+00 0.000000000000000000e+00 0.000000000000000000e+00 0.000000000000000000e+00 0.000000000000000000e+00 6.974464540844341596e-09 3.260800751781074935e-09 7.818077264369242182e-09 6.080159394847995755e-09 7.592272880515436808e-09 7.921843796713912092e-09 7.827221507949370138e-09 5.956822553174379734e-09 3.131299301436120701e-09 7.973076860328430829e-10 1.397162702175021784e-09 1.488284207720970037e-07 5.813115489729142106e-06 0.000000000000000000e+00
0.000000000000000000e+00 0.000000000000000000e+00 0.000000000000000000e+00 0.000000000000000000e+00 0.000000000000000000e+00 0.000000000000000000e+00 9.855990189668491052e-10 6.481812855862301022e-10 7.917248899175282312e-10 1.787925296379385376e-09 1.030300660977648998e-09 1.315841096056579608e-09 9.363118542540470118e-10 7.483316540071701315e-10 6.465666246629834896e-10 8.930730805783239125e-10 8.234314854926852223e-06 1.658469115488878426e-07 5.822429143398672878e-06 0.000000000000000000e+00
0.000000000000000000e+00 0.000000000000000000e+00 0.000000000000000000e+00 0.000000000000000000e+00 0.000000000000000000e+00 0.000000000000000000e+00 1.345028136060032701e-09 2.153383988546166641e-10 2.463816683805513864e-09 1.895666981821321551e-09 1.827826758442688491e-09 2.200513228312322835e-09 2.268167683376853637e-09 1.812816320194445240e-09 1.127473553742099672e-09 4.633969730909033765e-10 6.749250103728680667e-10 6.956975221076533614e-08 -4.681336942659299893e+00 0.000000000000000000e+00
0.000000000000000000e+00 0.000000000000000000e+00 0.000000000000000000e+00 0.000000000000000000e+00 0.000000000000000000e+00 0.000000000000000000e+00 8.155337530493516264e-10 1.390723276438178545e-10 1.439635544284700849e-09 1.243839173289445773e-09 1.144495637108528279e-09 1.388689320730863660e-09 1.424576213236785580e-09 1.149275231279517749e-09 7.826499586017253196e-10 3.963794417057187678e-10 4.929421113070797291e-10 7.190050054790412470e-08 -6.949270805100752568e+00 0.000000000000000000e+00
0.000000000000000000e+00 0.000000000000000000e+00 0.000000000000000000e+00 0.000000000000000000e+00 0.000000000000000000e+00 0.000000000000000000e+00 -1.760134259428976041e-08 -2.149313979611655662e-08 -4.695321899104988985e-09 -8.560631617496037657e-09 -6.623388830086356183e-09 -3.540522419143052587e-09 -3.250343929086314181e-09 -9.543595638464842555e-10 -7.132717803885361714e-10 -2.107343170859869851e-10 1.185997152950840236e-10 8.937953390541607197e-10 1.209580177627219229e-09 0.000000000000000000e+00
0.000000000000000000e+00 0.000000000000000000e+00 0.000000000000000000e+00 0.000000000000000000e+00 0.000000000000000000e+00 0.000000000000000000e+00 -5.572839383749811641e-09 4.262995179542758852e-09 5.618628188674234894e-10 7.292583723939025687e-10 -7.879845976744077852e-10 -2.984830375136167615e-10 7.633051968217990186e-11 4.746203575377944391e-11 -1.008087267942202699e-10 -9.201040085681902281e-11 -3.025657640636522518e-10 8.787872387552320733e-10 1.209648025481960968e-09 0.000000000000000000e+00
0.000000000000000000e+00 0.000000000000000000e+00 0.000000000000000000e+00 0.000000000000000000e+00 0.000000000000000000e+00 0.000000000000000000e+00 -8.668122456671003606e-09 -3.090954710362710069e-09 9.065319385441571893e-10 -3.998841373557332327e-10 -2.331600902360392107e-09 -1.127535062882539698e-09 -1.143844625455687262e-09 -2.183999427770642939e-10 -2.887381465312281384e-10 -9.904905780406511648e-11 3.943875703800102767e-11 2.618814208880287910e-10 -3.462071089526903208e-07 0.000000000000000000e+00
0.000000000000000000e+00 0.000000000000000000e+00 0.000000000000000000e+00 0.000000000000000000e+00 0.000000000000000000e+00 0.000000000000000000e+00 -5.887210483564481370e-09 1.830112837065569370e-09 1.989608393094099461e-09 1.583186835176328699e-09 -1.156719343887524371e-09 -4.791299443840279026e-10 -4.409157497004122460e-10 1.531311145017800337e-11 -9.972433156715601703e-11 -5.950097556113326038e-12 4.547801645404708585e-12 5.346097791872672391e-11 -4.211982790650828786e-07 0.000000000000000000e+00
0.000000000000000000e+00 0.000000000000000000e+00 0.000000000000000000e+00 0.000000000000000000e+00 0.000000000000000000e+00 0.000000000000000000e+00 -5.196519107095275421e-08 -7.689981255049575186e-08 -7.271857262299581652e-08 -4.106090472911384649e-08 -2.485125430730652471e-08 -4.498983365008781872e-09 -5.148512786489855615e-09 -9.744917884397524116e-10 -7.713380029381777227e-10 1.865378724381691727e-11 1.115653198242880925e-10 1.457583120711427065e-10 -1.856800788259705713e-09 0.000000000000000000e+00
0.000000000000000000e+00 0.000000000000000000e+00 0.000000000000000000e+00 0.000000000000000000e+00 0.000000000000000000e+00 0.000000000000000000e+00 2.542470795962763513e-09 -4.237145744150733212e-09 -4.732717300717494951e-09 -8.651145029384735037e-09 7.395294032993807316e-10 7.508681240706457903e-11 2.849126877551825100e-10 -3.536363584997852249e-10 -2.981012802094408893e-10 2.725595267960832207e-11 2.024856233238925708e-09 1.028952245811525129e-10 -1.890688459678531535e-09 0.000000000000000000e+00
0.000000000000000000e+00 0.000000000000000000e+00 0.000000000000000000e+00 0.000000000000000000e+00 0.000000000000000000e+00 0.000000000000000000e+00 -1.212039734272776598e-08 -4.009658604440185954e-09 -1.902967323509305549e-08 -6.482783857885697044e-09 -7.128423849105197027e-09 -1.203525901764386396e-09 -1.643951566147991174e-09 -4.078711951534646035e-10 -4.686691264019851384e-10 -3.045455196417236456e-11 4.465962535265184305e-13 3.408469242502806318e-10 -3.179708860891970351e-06 0.000000000000000000e+00
0.000000000000000000e+00 0.000000000000000000e+00 0.000000000000000000e+00 0.000000000000000000e+00 0.000000000000000000e+00 0.000000000000000000e+00 -1.825122819203550957e-09 1.116837742291162813e-08 -3.924928941616956370e-09 1.129346505494599284e-09 -2.134536793877910727e-09 -2.609469790984652104e-10 -4.574055134370403225e-10 -2.566880582052017686e-10 -3.373139144918460581e-10 -5.520887524918580649e-11 -4.173544579329657743e-11 3.657665550053984157e-10 -3.867705344911743035e-06 0.000000000000000000e+00
0.000000000000000000e+00 0.000000000000000000e+00 0.000000000000000000e+00 0.000000000000000000e+00 0.000000000000000000e+00 0.000000000000000000e+00 -1.138279951775253756e-10 -5.182462390688730230e-10 -3.532500690045699170e-10 -3.201993685409286485e-10 -1.768318255750152346e-10 -3.427413093968310552e-10 -4.553343735475807737e-11 -2.226517298718345987e-10 -9.792281684876889551e-11 -1.120126308271141302e-10 -2.663092827065010309e-10 -1.802454765897404922e-08 8.941001968506747595e-06 0.000000000000000000e+00
0.000000000000000000e+00 0.000000000000000000e+00 0.000000000000000000e+00 0.000000000000000000e+00 0.000000000000000000e+00 0.000000000000000000e+00 -5.463286154398938302e-09 3.500705094636435891e-10 3.062019988641026933e-09 -2.347465343351040891e-09 -1.981509648119638563e-09 -1.675797470334737084e-09 -7.641702089567546039e-10 -4.868156833343195215e-10 -2.253747573953562138e-10 -9.145843108586131432e-11 5.343916401030405729e-05 -1.991726872687152160e-08 8.947245572471907679e-06 0.000000000000000000e+00
0.000000000000000000e+00 0.000000000000000000e+00 0.000000000000000000e+00 0.000000000000000000e+00 0.000000000000000000e+00 0.000000000000000000e+00 -4.694238111945745700e-10 6.983820692985738359e-10 1.131781536479541909e-10 -5.467276847862258820e-10 -2.680258891767832336e-10 -5.987322240514109305e-10 -6.169602953218540671e-11 -3.757809310816631165e-10 -2.807651011804536247e-10 -1.704658672084159675e-10 -1.217402932189515212e-10 -2.811513651131417919e-08 5.561323493269953389e+01 0.000000000000000000e+00
0.000000000000000000e+00 0.000000000000000000e+00 0.000000000000000000e+00 0.000000000000000000e+00 0.000000000000000000e+00 0.000000000000000000e+00 -8.810615355014942406e-10 6.325553883494246504e-10 3.600625501117840833e-10 -6.440761027181942927e-10 -4.228386787373152809e-10 -6.724759816717269708e-10 -2.297113595961974739e-10 -4.291579663461223243e-10 -3.647648296026489540e-10 -2.160072044824935213e-10 -3.937384664677098857e-11 -3.091405084158384944e-08 8.186474168002062868e+01 0.000000000000000000e+00
