0.000000000000000000e+00 0.000000000000000000e+00 0.000000000000000000e+00 0.000000000000000000e+00 0.000000000000000000e+00 0.000000000000000000e+00 1.099495931047952185e-08 3.298146752774024246e-09 3.192253830940956322e-09 3.250268259378698324e-09 4.853966171516544290e-09 5.271290298245081317e-09 4.304271151132307296e-09 3.419196536880365903e-09 1.893696313181775132e-09 5.501896900501853620e-10 7.957548899806024440e-10 9.913891115725568341e-08 8.698916871081916293e-06 0.000000000000000000e+00
0.000000000000000000e+00 0.000000000000000000e+00 0.000000000000000000e+00 0.000000000000000000e+00 0.000000000000000000e+00 0.000000000000000000e+00 6.080033952789299514e-10 4.705048688322874927e-10 9.445447846878787428e-10 1.602107628989097767e-09 1.356226400150703074e-09 1.011016702974339312e-09 8.230467008738872095e-10 5.968743414768912021e-10 3.670448684865080857e-10 3.539137453103008894e-10 6.243818110701141781e-06 1.079918117622679857e-07 8.696015415899174556e-06 0.000000000000000000e+00
0.000000000000000000e+00 0.000000000000000000e+00 0.000000000000000000e+00 0.000000000000000000e+00 0.000000000000000000e+00 0.000000000000000000e+00 7.590703326213113395e-10 8.255893206489390208e-10 8.174458726600755500e-10 1.000038722403354118e-09 1.042451967677349777e-09 1.109940001638568895e-09 1.089572027368395334e-09 1.017093939368276195e-09 7.424420368422906010e-10 3.272866969944455480e-10 3.529814555891053389e-10 5.467987664800763805e-08 2.124253569330152658e+01 0.000000000000000000e+00
0.000000000000000000e+00 0.000000000000000000e+00 0.000000000000000000e+00 0.000000000000000000e+00 0.000000000000000000e+00 0.000000000000000000e+00 3.560477045742276377e-10 4.006119573903459483e-10 6.548977200931556949e-10 7.947904611617116681e-10 6.612388941551417343e-10 8.063701851166065911e-10 8.379242974744183047e-10 7.930686164936334822e-10 5.875771294759159278e-10 2.715689009903256359e-10 2.339202982753465663e-10 6.461349482361710814e-08 3.140466014313413723e+01 0.000000000000000000e+00
0.000000000000000000e+00 0.000000000000000000e+00 0.000000000000000000e+00 0.000000000000000000e+00 0.000000000000000000e+00 0.000000000000000000e+00 -5.195103580740704632e-08 -7.317463323693359349e-09 -2.049422874096177203e-10 -2.368216800880827546e-09 -3.037190346889938252e-09 -4.272931183800151623e-09 -2.207710214224019640e-09 -1.036497382160985156e-09 -5.385471514222298273e-10 -1.659285673160952280e-10 1.049108208621734135e-10 7.746340490378749937e-10 1.170301977626514536e-09 0.000000000000000000e+00
0.000000000000000000e+00 0.000000000000000000e+00 0.000000000000000000e+00 0.000000000000000000e+00 0.000000000000000000e+00 0.000000000000000000e+00 4.989661961641044401e-09 -2.807914593208996780e-09 -3.013861554157182956e-09 6.761208883166812210e-10 -4.939738303521702867e-10 6.673932416950757445e-10 -1.466476523732171398e-10 5.986964136011622716e-12 -8.204503918984839633e-11 -8.335572121083015505e-11 -8.280008639371085451e-11 7.650149163370475077e-10 1.168596298577796047e-09 0.000000000000000000e+00
0.000000000000000000e+00 0.000000000000000000e+00 0.000000000000000000e+00 0.000000000000000000e+00 0.000000000000000000e+00 0.000000000000000000e+00 -6.973524133791848991e-09 -1.317813736029426079e-09 -8.877943270077517308e-10 -5.539545203504751935e-10 -6.904394994816601855e-10 -7.949885341775851371e-10 -7.956429517288254344e-10 -3.500650701163871266e-10 -2.276228532259798987e-10 -7.365545287197670049e-11 3.851081100018329254e-11 2.074465360521074240e-10 4.847882962092103631e-07 0.000000000000000000e+00
0.000000000000000000e+00 0.000000000000000000e+00 0.000000000000000000e+00 0.000000000000000000e+00 0.000000000000000000e+00 0.000000000000000000e+00 4.826725163401676754e-09 -5.237216088066212578e-11 -1.258007617489748820e-09 6.127483610596884727e-13 -8.998103338478415913e-11 2.201660747526408305e-10 -3.541566716913051260e-10 -1.137911674744099470e-10 -8.915694122066315007e-11 4.542129894700865009e-12 1.000820885022164681e-11 1.936859922195114640e-11 5.886555317238978816e-07 0.000000000000000000e+00
0.000000000000000000e+00 0.000000000000000000e+00 0.000000000000000000e+00 0.000000000000000000e+00 0.000000000000000000e+00 0.000000000000000000e+00 -2.977657275097640252e-07 -6.835834120335998644e-08 -3.139379729968115792e-08 -2.367395978804288705e-08 -1.486002624213968776e-08 -1.372524887937591943e-08 -4.252326450960414224e-09 -1.552565784634596156e-09 -2.507046012706072624e-10 -7.767654245254190939e-11 8.349367483463875921e-11 6.853402408879865220e-10 3.908573984750201946e-09 0.000000000000000000e+00
0.000000000000000000e+00 0.000000000000000000e+00 0.000000000000000000e+00 0.000000000000000000e+00 0.000000000000000000e+00 0.000000000000000000e+00 3.316256362939239110e-08 6.470842199411199439e-09 -1.219693965147613002e-08 1.943268216887942204e-09 -4.131467405637792568e-09 -7.548706977913394017e-11 -4.226204333088781019e-10 -1.798963317795543726e-10 -2.245804806350368256e-10 -3.796111590994274829e-11 2.165280774878978546e-09 7.249860253247001027e-10 3.909701743309156874e-09 0.000000000000000000e+00
0.000000000000000000e+00 0.000000000000000000e+00 0.000000000000000000e+00 0.000000000000000000e+00 0.000000000000000000e+00 0.000000000000000000e+00 -3.768600419055412890e-08 -1.252560528817163889e-08 -1.327443356295573157e-08 -8.217974446976283123e-09 -5.458730035509730695e-09 -2.882908137829951955e-09 -1.294781542407246113e-09 -4.519435816910067390e-10 -4.198154287085172382e-10 1.000352950630518059e-11 1.393883776808925610e-11 -1.058576273232675377e-10 -4.022553527143784598e-06 0.000000000000000000e+00
0.000000000000000000e+00 0.000000000000000000e+00 0.000000000000000000e+00 0.000000000000000000e+00 0.000000000000000000e+00 0.000000000000000000e+00 3.110948687550685337e-08 2.354087090468077260e-09 -8.580766636789556799e-09 -3.169427887728706167e-09 -2.899591169319291519e-09 7.299145601720203366e-11 -4.165206570598088139e-10 -1.666405646008875668e-10 -4.258027334257270750e-10 8.049535866311189925e-11 -8.469612554155267645e-12 -3.196637697823327496e-10 -4.880449583321042295e-06 0.000000000000000000e+00
0.000000000000000000e+00 0.000000000000000000e+00 0.000000000000000000e+00 0.000000000000000000e+00 0.000000000000000000e+00 0.000000000000000000e+00 -1.498660787975882089e-09 -2.062217692951925317e-09 2.204905537728177165e-10 -8.170296470773292685e-10 -1.980117217720028073e-10 -4.721327400386119710e-10 -4.371188186347903587e-10 -1.375055096106434020e-10 -2.438881447743969627e-10 2.216898114791060092e-11 -1.042797402268250272e-10 -1.074075858196214140e-08 -3.741897360182243236e-06 0.000000000000000000e+00
0.000000000000000000e+00 0.000000000000000000e+00 0.000000000000000000e+00 0.000000000000000000e+00 0.000000000000000000e+00 0.000000000000000000e+00 -6.405848009438181190e-09 -3.691096660158708469e-09 -1.223205223890495082e-09 -1.690555755217498057e-09 -2.110016054759950194e-10 -1.893846744603011112e-09 -9.210793310133023521e-10 -1.082603935315121762e-10 -1.492062020059074259e-10 -1.999023825834971342e-11 1.629419619308178477e-04 -1.332520508823671190e-08 -3.748372346495091850e-06 0.000000000000000000e+00
0.000000000000000000e+00 0.000000000000000000e+00 0.000000000000000000e+00 0.000000000000000000e+00 0.000000000000000000e+00 0.000000000000000000e+00 -2.397433267910134748e-09 -2.485355628276498429e-09 -5.034847794566215361e-10 -7.312520242998921988e-11 -2.822193398322935665e-10 -6.493921198970401331e-11 -3.195288043589670614e-10 1.317970757862684247e-12 -2.073750651644270914e-10 -9.793280197737033534e-12 7.484359084359916682e-11 -1.615362549609020675e-08 -1.332745359741717266e+02 0.000000000000000000e+00
0.000000000000000000e+00 0.000000000000000000e+00 0.000000000000000000e+00 0.000000000000000000e+00 0.000000000000000000e+00 0.000000000000000000e+00 -2.756708521644142763e-09 -2.835635288077469560e-09 -4.810094114334036383e-10 -1.286374360201129492e-10 -2.935048212280962741e-10 -1.302564809844755022e-10 -2.939044589791763579e-10 2.409989074531019879e-12 -2.400308380789491965e-10 -5.498910946173912453e-11 1.504048011448642356e-10 -1.614119097938815807e-08 -1.970409484029328837e+02 0.000000000000000000e+00
