0.000000000000000000e+00 0.000000000000000000e+00 0.000000000000000000e+00 0.000000000000000000e+00 0.000000000000000000e+00 0.000000000000000000e+00 7.133086595329956199e-09 6.067921210325374476e-09 3.860870827921965450e-09 6.185071187330059662e-09 4.554999128259229150e-09 5.010185567575892578e-09 4.738431607339539906e-09 3.505157173057725173e-09 1.966556167024342629e-09 5.482793686897651196e-10 7.952451714099801326e-10 1.069095402490835854e-07 1.017240910435554568e-05 0.000000000000000000e+00
0.000000000000000000e+00 0.000000000000000000e+00 0.000000000000000000e+00 0.000000000000000000e+00 0.000000000000000000e+00 0.000000000000000000e+00 -2.184571069438693894e-10 4.035767054020242744e-10 9.640136698466211463e-10 1.104461698334069469e-09 1.410722631424679634e-09 1.147923933923644417e-09 9.335341297638169545e-10 6.818120925046836114e-10 3.891075177839998675e-10 3.719402879966768749e-10 7.682400287496110803e-06 1.163232952500146918e-07 1.017725895732617803e-05 0.000000000000000000e+00
0.000000000000000000e+00 0.000000000000000000e+00 0.000000000000000000e+00 0.000000000000000000e+00 0.000000000000000000e+00 0.000000000000000000e+00 9.055905994178641554e-10 8.341335587199140456e-10 7.651352097596569550e-10 1.085872005801169125e-09 9.279721969037287882e-10 1.194614980118194316e-09 1.228663697840966076e-09 9.649263012666690708e-10 7.011939008299854140e-10 3.182502848383135285e-10 3.359434367488880951e-10 5.904783607346991838e-08 -1.286162076659707054e-01 0.000000000000000000e+00
0.000000000000000000e+00 0.000000000000000000e+00 0.000000000000000000e+00 0.000000000000000000e+00 0.000000000000000000e+00 0.000000000000000000e+00 1.174012892604458719e-10 4.219541108927428785e-10 6.587952439914052931e-10 6.541186515855350369e-10 7.400628685077222219e-10 8.383252062825469321e-10 9.604573824428177108e-10 7.801058819624403609e-10 5.522868387487698458e-10 2.601051135354710368e-10 2.264352800648761483e-10 6.809646434940423281e-08 -2.820984972900504317e-01 0.000000000000000000e+00
0.000000000000000000e+00 0.000000000000000000e+00 0.000000000000000000e+00 0.000000000000000000e+00 0.000000000000000000e+00 0.000000000000000000e+00 -1.758256712606769240e-08 -1.776864025034512999e-08 -1.284942889167699886e-08 -4.023787430035379080e-09 -3.045999681491450328e-09 -4.115275260158554661e-09 -1.776301876300832850e-09 -1.291257595317107426e-09 -6.252475445963584120e-10 -1.651591153346723785e-10 1.107076503565726290e-10 8.369105013442734564e-10 7.296282657355727558e-10 0.000000000000000000e+00
0.000000000000000000e+00 0.000000000000000000e+00 0.000000000000000000e+00 0.000000000000000000e+00 0.000000000000000000e+00 0.000000000000000000e+00 -2.665694193680651367e-09 -5.636414496493642146e-10 5.020129676505913751e-09 1.366577167025970601e-09 5.967567153466320387e-11 -6.967630883995175135e-11 3.126252952602912129e-10 -4.637201006310280511e-11 -8.627580826926649080e-11 -7.265966042686028199e-11 -3.642469378439922232e-10 8.368805127950351279e-10 7.340525543721960448e-10 0.000000000000000000e+00
0.000000000000000000e+00 0.000000000000000000e+00 0.000000000000000000e+00 0.000000000000000000e+00 0.000000000000000000e+00 0.000000000000000000e+00 -5.529885077158860232e-09 -3.616781189257022364e-09 -7.523581446027078230e-10 -6.709560005100498992e-10 -1.537846562062243053e-10 -1.062964411608626014e-09 -2.326632111014880559e-10 -4.129178980092139348e-10 -2.302443677599906622e-10 -6.961887380457146895e-11 3.477257614966079359e-11 2.976632813328812180e-10 -1.540336015788622863e-07 0.000000000000000000e+00
0.000000000000000000e+00 0.000000000000000000e+00 0.000000000000000000e+00 0.000000000000000000e+00 0.000000000000000000e+00 0.000000000000000000e+00 -2.144838913558100564e-09 2.383211408520170429e-10 2.871103370709025782e-09 3.066669535243679670e-10 5.476446596619151119e-10 -1.993770052187334991e-10 2.062749600964659026e-10 -1.255795846995537654e-10 -6.552431417887136390e-11 7.793695658842118597e-12 2.880368293565871331e-12 1.057219624629822748e-10 -1.877989730954123399e-07 0.000000000000000000e+00
0.000000000000000000e+00 0.000000000000000000e+00 0.000000000000000000e+00 0.000000000000000000e+00 0.000000000000000000e+00 0.000000000000000000e+00 -1.213554942468240334e-07 -7.364145553728006611e-08 -6.273367075182655498e-08 -5.076107204804036382e-08 -1.786201177112653795e-08 -1.720143755798914791e-08 -4.776043933187654965e-09 -1.288660604823572178e-09 -5.567596993345878879e-11 2.619281935339148523e-11 5.074670884674998567e-11 8.048235298415655492e-11 -4.342572115417427018e-09 0.000000000000000000e+00
0.000000000000000000e+00 0.000000000000000000e+00 0.000000000000000000e+00 0.000000000000000000e+00 0.000000000000000000e+00 0.000000000000000000e+00 -7.864658168228930547e-09 -3.048921946668286948e-09 1.482867605861426231e-08 3.077150952801864801e-09 2.145682531918929855e-09 -6.690393867744666589e-10 1.295402347422283546e-09 -8.622321810934100849e-11 1.139383351326171482e-10 -1.227650996658734148e-11 -4.603875074633690210e-09 1.991864011547874090e-10 -4.433242555925061922e-09 0.000000000000000000e+00
0.000000000000000000e+00 0.000000000000000000e+00 0.000000000000000000e+00 0.000000000000000000e+00 0.000000000000000000e+00 0.000000000000000000e+00 -2.884591311029560552e-08 -1.963466629137561108e-08 -9.272916028626716983e-09 -1.374508901306345190e-08 -9.200627753905529961e-10 -3.726560462324939574e-09 -1.413854710496592892e-10 -3.640331876367450692e-10 1.480177313375013595e-10 1.639955887427269923e-11 -1.529115703180773314e-11 -1.554760549057556872e-10 -1.741291760019363572e-07 0.000000000000000000e+00
0.000000000000000000e+00 0.000000000000000000e+00 0.000000000000000000e+00 0.000000000000000000e+00 0.000000000000000000e+00 0.000000000000000000e+00 -3.468479703066621892e-09 -3.940429117924613787e-09 5.671621681576224857e-09 -2.772421173369084991e-09 3.284974509156697338e-09 -1.600444080400428141e-10 1.208848661038374758e-09 -7.909881717924613456e-11 1.987895347806382308e-10 1.865419826048803303e-11 -4.460207959051451139e-11 -2.864881863339214240e-10 -2.160077878801060163e-07 0.000000000000000000e+00
0.000000000000000000e+00 0.000000000000000000e+00 0.000000000000000000e+00 0.000000000000000000e+00 0.000000000000000000e+00 0.000000000000000000e+00 -3.853876346114580056e-09 1.060291624251430049e-09 -1.447888489652396110e-09 -1.602946550444648527e-09 7.266120379342449694e-10 -2.001578651698143753e-10 -3.597811842009062821e-10 -2.077723742955286114e-10 -1.763525483406886699e-10 5.363879806917609930e-11 -3.325516174244592536e-10 -1.717253114439461017e-08 -1.611427337283671566e-05 0.000000000000000000e+00
0.000000000000000000e+00 0.000000000000000000e+00 0.000000000000000000e+00 0.000000000000000000e+00 0.000000000000000000e+00 0.000000000000000000e+00 -6.775170966947172348e-09 1.885013520205742827e-09 -2.997475967978919325e-09 -3.849874535672277499e-09 2.083139756271700183e-09 -1.387643327041960279e-09 -7.818051281268417796e-10 -6.554699234731465867e-10 -2.524697807453224676e-10 7.954067672073645872e-11 5.958956728363901725e-05 -1.859609579364335256e-08 -1.613332577062266606e-05 0.000000000000000000e+00
0.000000000000000000e+00 0.000000000000000000e+00 0.000000000000000000e+00 0.000000000000000000e+00 0.000000000000000000e+00 0.000000000000000000e+00 -2.884671995496382836e-09 8.411377887334287300e-10 -1.362900131299558312e-09 -1.818547366789710554e-09 1.218273647186270387e-09 -5.233138531834589872e-10 -5.069448319515202953e-10 -2.867776738707615649e-10 -1.963022560621907409e-10 2.229335647933597194e-11 -2.093280141249448494e-10 -2.211245047021199472e-08 2.008033239320810637e+01 0.000000000000000000e+00
0.000000000000000000e+00 0.000000000000000000e+00 0.000000000000000000e+00 0.000000000000000000e+00 0.000000000000000000e+00 0.000000000000000000e+00 -2.833083958839123730e-09 7.659271396477847780e-10 -1.393086945363000697e-09 -1.735198478384984051e-09 1.454311220333768796e-09 -6.859151261947310202e-10 -5.103835030483354320e-10 -3.675393179964691653e-10 -2.070574849856230282e-10 -8.883313839319356125e-12 -1.513137997517671970e-10 -2.283006721355395143e-08 2.937999521949524251e+01 0.000000000000000000e+00
