0.000000000000000000e+00 0.000000000000000000e+00 0.000000000000000000e+00 0.000000000000000000e+00 0.000000000000000000e+00 0.000000000000000000e+00 -6.959217499162193749e-11 8.364705934005060483e-10 2.486593466708365594e-09 1.299537756685796228e-09 1.100308016351952106e-09 9.402175962853427442e-10 8.925726181126683575e-10 8.057940657717530792e-10 3.307039948853199044e-10 8.868869966524608589e-11 1.513154025176972637e-10 5.673380212225468073e-08 2.397091631684293480e-05 0.000000000000000000e+00
0.000000000000000000e+00 0.000000000000000000e+00 0.000000000000000000e+00 0.000000000000000000e+00 0.000000000000000000e+00 0.000000000000000000e+00 -5.180897970805683451e-10 -4.512731049075595795e-10 1.409795988548361672e-09 2.485935164202466853e-10 -5.190815650870041730e-10 8.971450392286240724e-10 2.991478752490817539e-10 1.902454000695510224e-10 8.372850201373244466e-11 4.597304893401579578e-11 3.477997542538054141e-07 6.155531579216440497e-08 2.393897599201771399e-05 0.000000000000000000e+00
0.000000000000000000e+00 0.000000000000000000e+00 0.000000000000000000e+00 0.000000000000000000e+00 0.000000000000000000e+00 0.000000000000000000e+00 -1.245733758968367221e-10 4.646561003278327945e-10 5.710429947316122838e-10 -2.269493756587076353e-10 2.044388335616328486e-10 5.537780621841408010e-10 3.106680800922164227e-10 3.085557536625455526e-10 1.639146401088219128e-10 6.319064572313560669e-11 7.123220687107889659e-11 1.363962058246329245e-07 6.290547266619842048e+01 0.000000000000000000e+00
0.000000000000000000e+00 0.000000000000000000e+00 0.000000000000000000e+00 0.000000000000000000e+00 0.000000000000000000e+00 0.000000000000000000e+00 2.049432682347334028e-10 1.264411521077450030e-09 4.762211770683049420e-10 -5.925169378307171414e-12 2.379085406738483844e-10 8.171228755509021363e-10 4.512626466209034716e-10 3.845058100368092240e-10 2.314649395033169486e-10 9.110774264283933978e-11 1.262539561438253435e-10 1.956220611538090725e-07 8.998949230909374819e+01 0.000000000000000000e+00
0.000000000000000000e+00 0.000000000000000000e+00 0.000000000000000000e+00 0.000000000000000000e+00 0.000000000000000000e+00 0.000000000000000000e+00 -7.206884797537017732e-09 -1.072705008018669677e-08 -1.009703154315576565e-08 -3.758459457109965294e-09 -3.605276306917541314e-09 -3.051699526726780445e-09 -1.413224631257389963e-09 -7.546555876096977949e-10 -3.190116585696731158e-10 -9.569879725981807664e-11 4.933695695709329074e-11 5.315961827564851412e-10 1.784726761720225005e-09 0.000000000000000000e+00
0.000000000000000000e+00 0.000000000000000000e+00 0.000000000000000000e+00 0.000000000000000000e+00 0.000000000000000000e+00 0.000000000000000000e+00 -1.968196199820857407e-09 6.918858668902056600e-09 3.770249931163890045e-10 7.549073255546406347e-10 1.134681588458441296e-09 -6.101843583708644131e-10 9.957727981232515294e-11 3.900225202919763272e-12 1.862106977892440717e-11 -2.954044906224900165e-11 1.598830365255812710e-10 5.191059008700126609e-10 1.790951714452668436e-09 0.000000000000000000e+00
0.000000000000000000e+00 0.000000000000000000e+00 0.000000000000000000e+00 0.000000000000000000e+00 0.000000000000000000e+00 0.000000000000000000e+00 1.534960691981873064e-09 4.152101421355937084e-09 -6.856613696665571779e-10 -1.005251964089295842e-09 8.720315525314818481e-10 -7.044718057220839292e-10 -8.229291764483794400e-11 -1.695675333222956809e-10 -5.255067230254986097e-11 -3.236178680254435198e-11 1.300733547827119842e-11 7.451363315234898133e-11 3.399854021719992638e-07 0.000000000000000000e+00
0.000000000000000000e+00 0.000000000000000000e+00 0.000000000000000000e+00 0.000000000000000000e+00 0.000000000000000000e+00 0.000000000000000000e+00 3.298952826380892562e-09 8.428723418113318235e-09 1.530542923121058486e-09 -2.769431939452069982e-11 2.130125123146714723e-09 -6.622464501091641047e-11 2.863158196984458701e-10 3.026890810039660950e-11 4.881365796524839994e-11 1.033075031487840877e-11 -4.525878766960768342e-12 -4.219505744303270484e-11 4.233010707753262107e-07 0.000000000000000000e+00
0.000000000000000000e+00 0.000000000000000000e+00 0.000000000000000000e+00 0.000000000000000000e+00 0.000000000000000000e+00 0.000000000000000000e+00 -3.908607083872860237e-08 -2.840822844425934954e-08 -3.002109772999038039e-08 -2.531935307531329920e-08 -2.558173915497047778e-08 -1.344251473575085277e-08 -7.881260304932087387e-09 -2.597834335574302699e-09 -1.752184318448431945e-09 -4.437401837252647423e-10 2.171226540241316400e-10 3.676841300850579373e-09 1.241788816338952857e-08 0.000000000000000000e+00
0.000000000000000000e+00 0.000000000000000000e+00 0.000000000000000000e+00 0.000000000000000000e+00 0.000000000000000000e+00 0.000000000000000000e+00 -4.101265848036118051e-08 3.471713733544218608e-08 1.391261434541167106e-08 -6.287431496252769806e-09 -1.794896957585056105e-09 1.320513418527064461e-09 -5.290823024314195585e-10 7.938262961736496329e-10 2.970106083996808822e-10 -3.337374512580950534e-13 -3.378873283951301856e-10 3.474475701609963189e-09 1.224283763862256366e-08 0.000000000000000000e+00
0.000000000000000000e+00 0.000000000000000000e+00 0.000000000000000000e+00 0.000000000000000000e+00 0.000000000000000000e+00 0.000000000000000000e+00 -1.156541592898003608e-08 5.796036298003611414e-09 7.116725626415951169e-09 -4.530769011394586802e-09 -9.107343499134042799e-10 5.558531871230052820e-10 -2.613551938017698957e-11 3.321634257110641772e-10 -2.784119188795867681e-12 -1.117462699662791364e-10 -5.947400732835178250e-11 2.489445431200514139e-09 -1.068004035090397163e-05 0.000000000000000000e+00
0.000000000000000000e+00 0.000000000000000000e+00 0.000000000000000000e+00 0.000000000000000000e+00 0.000000000000000000e+00 0.000000000000000000e+00 -1.023675917388639803e-08 2.145563828060533030e-08 1.689112253544528798e-08 1.178944344431392618e-09 6.032516742259563085e-09 4.292008988476997742e-09 1.882565240630230083e-09 1.248475822179924288e-09 6.056113437041321678e-10 9.795868857596668341e-11 -1.720561462136177742e-10 2.139828733173031712e-09 -1.285157782739582278e-05 0.000000000000000000e+00
0.000000000000000000e+00 0.000000000000000000e+00 0.000000000000000000e+00 0.000000000000000000e+00 0.000000000000000000e+00 0.000000000000000000e+00 -8.276497722932079754e-11 1.970421064703989275e-09 6.785439944529030039e-11 6.975707336744146008e-10 1.131913489327752471e-10 1.737079472446041292e-10 -2.168571362709670390e-11 5.791230254593336986e-11 1.052366523696765633e-10 -4.268273039529449347e-11 -4.044429174607251757e-10 -1.460572574507574715e-08 -2.417687467450710249e-05 0.000000000000000000e+00
0.000000000000000000e+00 0.000000000000000000e+00 0.000000000000000000e+00 0.000000000000000000e+00 0.000000000000000000e+00 0.000000000000000000e+00 -2.895427864995530020e-09 4.029012663273738280e-09 -1.639095739509468147e-09 -1.007761943473009619e-09 -3.207109726531091790e-10 -8.172051431664471526e-10 1.609612955976986453e-10 -2.505608411680987905e-10 -4.944420952652118387e-11 -1.959364293598069171e-10 -3.107033824105232607e-05 -1.653063595943104997e-08 -2.417243422204515602e-05 0.000000000000000000e+00
0.000000000000000000e+00 0.000000000000000000e+00 0.000000000000000000e+00 0.000000000000000000e+00 0.000000000000000000e+00 0.000000000000000000e+00 2.224577355022344722e-09 2.428609507860145423e-09 -2.080254050898354930e-10 -1.815747772222034190e-10 -1.985324568690118673e-10 -5.495768598578168814e-11 9.597937881921115768e-11 -1.861337932160951124e-10 7.119285916696907344e-12 -5.451650010941338833e-11 -2.734767229627499605e-10 -4.786848929756855324e-08 3.401880305140118139e+02 0.000000000000000000e+00
0.000000000000000000e+00 0.000000000000000000e+00 0.000000000000000000e+00 0.000000000000000000e+00 0.000000000000000000e+00 0.000000000000000000e+00 2.934461319432763691e-09 2.750923564538043107e-09 1.127571468726778248e-11 -3.741066088086940252e-10 -2.855324467682709533e-10 2.215885454890909462e-11 1.696719471683988638e-10 -3.032322351174936910e-10 -6.546674980360269367e-11 -7.326404641563730398e-11 -2.046308177492813907e-10 -6.019326366121268855e-08 5.151079031528960286e+02 0.000000000000000000e+00
