0.000000000000000000e+00 0.000000000000000000e+00 0.000000000000000000e+00 0.000000000000000000e+00 0.000000000000000000e+00 0.000000000000000000e+00 7.319010867775785663e-10 8.653033198871806332e-10 -6.470287011374994742e-10 2.660292879928100769e-09 1.404246930786586474e-09 1.689721634589149499e-09 1.494630073661197281e-09 9.396176857888670895e-10 5.060716796822260863e-10 1.110470255122435129e-10 1.828307075440815679e-10 7.048243847085299864e-08 4.147336595978427364e-05 0.000000000000000000e+00
0.000000000000000000e+00 0.000000000000000000e+00 0.000000000000000000e+00 0.000000000000000000e+00 0.000000000000000000e+00 0.000000000000000000e+00 -2.710105796278366945e-09 1.048323280594725579e-09 -1.834942210057912564e-09 1.424724585293849369e-09 8.824545089590544293e-11 8.570158276198856409e-11 4.593612303627462572e-10 2.628560898030150173e-10 1.140091526831428551e-10 5.172914459788884371e-11 6.822081876886761740e-07 7.869285807057257794e-08 4.150409100591150729e-05 0.000000000000000000e+00
0.000000000000000000e+00 0.000000000000000000e+00 0.000000000000000000e+00 0.000000000000000000e+00 0.000000000000000000e+00 0.000000000000000000e+00 -1.282138550667187993e-09 -2.892792091913712436e-10 -5.036428226092528160e-10 7.828507808717315273e-10 2.265884899181151523e-10 2.237734925973834983e-10 4.082357777834529654e-10 3.196050549500137765e-10 2.349073869731483637e-10 7.745965095854542557e-11 8.086529837383302126e-11 1.089359732407196414e-07 2.174057199302499157e+02 0.000000000000000000e+00
0.000000000000000000e+00 0.000000000000000000e+00 0.000000000000000000e+00 0.000000000000000000e+00 0.000000000000000000e+00 0.000000000000000000e+00 -1.000035848054269070e-09 -8.863797949032843993e-11 -1.131706158702253159e-10 1.053462013545978798e-09 2.132302234059838404e-10 3.477080374204279410e-10 5.926942226166375218e-10 3.764322052716861400e-10 3.079003961042174033e-10 1.132297406256943156e-10 1.363706613456988406e-10 1.560082193253005980e-07 3.339343428569272874e+02 0.000000000000000000e+00
0.000000000000000000e+00 0.000000000000000000e+00 0.000000000000000000e+00 0.000000000000000000e+00 0.000000000000000000e+00 0.000000000000000000e+00 -3.029525819134457452e-08 -9.822063967818767323e-09 -1.026634742149626747e-08 -8.226952567568769026e-09 -5.579904278503180879e-09 -3.443865797541962008e-09 -1.159726983406680358e-09 -7.882171706413429085e-10 -3.165730709035545089e-10 -8.268019188494154208e-11 5.576859236429900122e-11 5.810453544179544265e-10 7.497675375667063548e-10 0.000000000000000000e+00
0.000000000000000000e+00 0.000000000000000000e+00 0.000000000000000000e+00 0.000000000000000000e+00 0.000000000000000000e+00 0.000000000000000000e+00 -9.665542490850532158e-09 5.515299860302214952e-09 -9.999425384528603097e-10 -2.627521566246566439e-09 3.181870852146891607e-09 -1.033486622082312037e-10 2.336060539772111661e-10 4.903473251037613992e-11 -1.860871779965913761e-11 -7.133615959369816228e-12 -1.105530707982842182e-10 5.780017083178112164e-10 7.411433473018724163e-10 0.000000000000000000e+00
0.000000000000000000e+00 0.000000000000000000e+00 0.000000000000000000e+00 0.000000000000000000e+00 0.000000000000000000e+00 0.000000000000000000e+00 -2.871279396807705547e-09 5.085102822961074875e-09 1.598669232357315134e-09 -1.431101954644936106e-09 1.623518580793671191e-09 -1.390278287256844627e-10 2.455574926158488935e-10 -8.957616541913490310e-11 -8.163289930482198157e-11 -1.078100539578339441e-11 9.124745090472385745e-12 -1.626527345337581394e-11 1.435068737873420905e-07 0.000000000000000000e+00
0.000000000000000000e+00 0.000000000000000000e+00 0.000000000000000000e+00 0.000000000000000000e+00 0.000000000000000000e+00 0.000000000000000000e+00 4.801705714064372696e-09 8.040204359243656645e-09 4.117850352294315617e-09 7.102135201031573181e-10 3.614473669435022242e-09 7.878411164845525685e-10 5.731780371470147095e-10 1.205567469368605909e-10 1.069018833962235800e-11 3.871901875797518476e-11 -1.115071962076779598e-11 -1.825675195323389513e-10 1.766967758205925905e-07 0.000000000000000000e+00
0.000000000000000000e+00 0.000000000000000000e+00 0.000000000000000000e+00 0.000000000000000000e+00 0.000000000000000000e+00 0.000000000000000000e+00 -1.845222008576802048e-07 -4.887347350748380146e-08 -3.516724223446790901e-08 -3.331341671802606623e-08 -1.612332687242869193e-08 -1.539816409753029115e-08 -7.390310554613015940e-09 -3.198537495899728186e-09 -1.496109173634808360e-09 -5.423519580940905015e-10 3.586326666816297126e-10 3.950224285155399521e-09 1.803723661838063874e-08 0.000000000000000000e+00
0.000000000000000000e+00 0.000000000000000000e+00 0.000000000000000000e+00 0.000000000000000000e+00 0.000000000000000000e+00 0.000000000000000000e+00 -5.380300803893272261e-08 -1.685477333868485240e-09 1.309746871430762917e-08 9.066572276694486053e-09 2.719614143682528385e-09 9.986636953239110671e-10 1.053517495892317162e-09 6.551156725886386209e-10 5.129312864458822860e-11 -1.646994848295117335e-10 2.661376884362047856e-10 3.791888224249921384e-09 1.819189109613861675e-08 0.000000000000000000e+00
0.000000000000000000e+00 0.000000000000000000e+00 0.000000000000000000e+00 0.000000000000000000e+00 0.000000000000000000e+00 0.000000000000000000e+00 -1.007246682711867537e-08 -4.757504214384339934e-11 1.571337028339942187e-08 1.752297896717223921e-09 7.612331881672655581e-10 1.520965011306419977e-09 1.072629165332750099e-09 6.034414775887792811e-10 -8.662060167477927813e-11 -1.976329230305018013e-10 -9.258905455678155843e-12 7.618927750994556453e-10 -3.813186557700929015e-05 0.000000000000000000e+00
0.000000000000000000e+00 0.000000000000000000e+00 0.000000000000000000e+00 0.000000000000000000e+00 0.000000000000000000e+00 0.000000000000000000e+00 3.783257707786761925e-08 9.807164781794797952e-09 2.622978883503977388e-08 1.377615820627793148e-08 5.396727818111467297e-09 5.867091621118926834e-09 3.070713484886693370e-09 1.589334333721436137e-09 4.047353541256237479e-10 2.381863542517382886e-11 -1.645035099802859572e-10 -1.186690401444029396e-10 -4.649837392415740589e-05 0.000000000000000000e+00
0.000000000000000000e+00 0.000000000000000000e+00 0.000000000000000000e+00 0.000000000000000000e+00 0.000000000000000000e+00 0.000000000000000000e+00 1.129483334245469854e-08 -4.295452922681689632e-09 1.075964276931980195e-09 -1.634072798962584183e-09 -8.674525850544750906e-10 3.282779014822117360e-10 -4.234652791386735802e-10 -2.856269666982623685e-11 -3.016204019758737788e-10 -2.743544364703934610e-10 -3.009246725090458523e-10 -2.130747269114933647e-08 1.831867949450100642e-05 0.000000000000000000e+00
0.000000000000000000e+00 0.000000000000000000e+00 0.000000000000000000e+00 0.000000000000000000e+00 0.000000000000000000e+00 0.000000000000000000e+00 3.429490755337557173e-09 -1.445235983209863765e-08 -2.038670866913756772e-09 1.572189386799742743e-09 -5.100721678427794125e-09 1.551900586423464621e-10 -4.495806152800963960e-10 -6.910883831340649797e-10 -1.902770499363151362e-10 -8.532153294655449905e-11 2.545396777398895632e-05 -2.198057012482048439e-08 1.831325674884051320e-05 0.000000000000000000e+00
0.000000000000000000e+00 0.000000000000000000e+00 0.000000000000000000e+00 0.000000000000000000e+00 0.000000000000000000e+00 0.000000000000000000e+00 1.150296814855966293e-08 -1.499996397400799041e-09 -7.845918756340719430e-10 -3.154290437253255857e-10 -2.104587656120520845e-09 4.216670974501534220e-10 -3.452879725252801582e-10 -4.501485069921506136e-10 -4.639812792564578412e-10 -3.295654088270245511e-10 -1.304363528747397286e-10 -3.171057251345057507e-08 -7.659006773762802140e+02 0.000000000000000000e+00
0.000000000000000000e+00 0.000000000000000000e+00 0.000000000000000000e+00 0.000000000000000000e+00 0.000000000000000000e+00 0.000000000000000000e+00 1.090791368815848412e-08 -1.884261463334820159e-09 -1.657850394456827322e-09 3.494009370285145649e-11 -2.496650466105922653e-09 3.031496725161558937e-10 -2.580507625865406575e-10 -6.506463059079801347e-10 -5.358176882858734912e-10 -3.788146186429722708e-10 -2.363805690366796903e-11 -3.610350755892781453e-08 -1.157376100385454720e+03 0.000000000000000000e+00
