0.000000000000000000e+00 0.000000000000000000e+00 0.000000000000000000e+00 0.000000000000000000e+00 0.000000000000000000e+00 0.000000000000000000e+00 2.754107404884033037e-09 4.813606282957506380e-09 1.130727234378750003e-09 1.591083902175260279e-09 1.911017220582390062e-09 1.808665244828305361e-09 1.203454576645078425e-09 8.949449093535357763e-10 4.268433360695567481e-10 9.466623018948971018e-11 1.643256025954971688e-10 7.302532800232754638e-08 1.945637687267623948e-05 0.000000000000000000e+00
0.000000000000000000e+00 0.000000000000000000e+00 0.000000000000000000e+00 0.000000000000000000e+00 0.000000000000000000e+00 0.000000000000000000e+00 7.693666101998807880e-09 6.349404509927106409e-11 -1.328428507027154561e-09 -9.563986282128895457e-10 1.278727258573545628e-09 2.649179098519639803e-10 3.804291837467466023e-10 1.556640821639134118e-10 8.804705202557446006e-11 4.462610487186749917e-11 1.461952836267140800e-07 8.386275360600934354e-08 1.942695859544847550e-05 0.000000000000000000e+00
0.000000000000000000e+00 0.000000000000000000e+00 0.000000000000000000e+00 0.000000000000000000e+00 0.000000000000000000e+00 0.000000000000000000e+00 1.106417314443366512e-09 -1.270715167310283606e-09 -4.957057114212996287e-10 -4.003062137293904319e-10 6.271838691810913719e-10 3.917975049356740745e-10 2.276465402861821870e-10 2.466170457709650990e-10 1.647499925388106862e-10 6.655675618211662239e-11 7.967312985662869274e-11 1.457109736438132607e-07 -2.706637864429485489e+02 0.000000000000000000e+00
0.000000000000000000e+00 0.000000000000000000e+00 0.000000000000000000e+00 0.000000000000000000e+00 0.000000000000000000e+00 0.000000000000000000e+00 2.069586524906243021e-09 -1.882697869458946895e-09 -2.285108705970436820e-10 -4.498161997709568236e-10 7.883027983428171796e-10 4.750491398506751052e-10 4.088548788306934681e-10 3.691996395574463533e-10 2.542771646245730783e-10 1.103414294674161585e-10 1.558673433232671188e-10 2.125462096822874676e-07 -4.025821696140660606e+02 0.000000000000000000e+00
0.000000000000000000e+00 0.000000000000000000e+00 0.000000000000000000e+00 0.000000000000000000e+00 0.000000000000000000e+00 0.000000000000000000e+00 -1.911145112825233867e-08 -1.668953254970862888e-08 -1.139366531157022869e-08 -9.968928607084201613e-09 -5.356250876677349666e-09 -3.569678420846738900e-09 -1.460255136071031411e-09 -7.043962961252164810e-10 -2.974572856287989487e-10 -7.062038233594199458e-11 5.547503480064824636e-11 5.715044605705942079e-10 1.371000864411283717e-09 0.000000000000000000e+00
0.000000000000000000e+00 0.000000000000000000e+00 0.000000000000000000e+00 0.000000000000000000e+00 0.000000000000000000e+00 0.000000000000000000e+00 -3.905383167047905664e-08 -5.837186197813011606e-09 -4.630375539856714817e-09 -2.956196968443433995e-09 -4.372197735799410401e-10 -3.064223666257400539e-10 -1.457901694841237471e-10 8.307165072181951575e-11 3.184793152413292010e-11 -1.209659488656778345e-11 5.330119702335987029e-11 5.815837026015706170e-10 1.376230672737940116e-09 0.000000000000000000e+00
0.000000000000000000e+00 0.000000000000000000e+00 0.000000000000000000e+00 0.000000000000000000e+00 0.000000000000000000e+00 0.000000000000000000e+00 -1.832220383969942739e-08 -8.289663573280892034e-09 -4.208850080802542462e-10 -1.327318063952908548e-09 8.939733224085957458e-10 -1.373743308699242579e-10 -3.462670693064931302e-10 -4.459980739890010675e-11 -3.696241106704253304e-11 -1.138893422938960682e-11 1.078882585450048111e-11 6.133089665170117004e-11 -8.253676748676395827e-07 0.000000000000000000e+00
0.000000000000000000e+00 0.000000000000000000e+00 0.000000000000000000e+00 0.000000000000000000e+00 0.000000000000000000e+00 0.000000000000000000e+00 -2.043414072794761690e-08 -4.736170693227601019e-09 2.167888221540057663e-09 8.958051888099477724e-10 2.300521633937391147e-09 7.831865541517862723e-10 -2.274983587626138133e-11 1.594213586398162931e-10 6.563580042095355576e-11 2.789678258558919469e-11 -9.639804715474539943e-12 -9.042244182986563107e-11 -1.017349938381827075e-06 0.000000000000000000e+00
0.000000000000000000e+00 0.000000000000000000e+00 0.000000000000000000e+00 0.000000000000000000e+00 0.000000000000000000e+00 0.000000000000000000e+00 -1.425031189779503796e-07 -9.391905091300210145e-08 -4.803368229155274704e-08 -3.426571816209009093e-08 -2.786564803327456748e-08 -1.728442346983190130e-08 -7.043118485512749975e-09 -3.346569352843590679e-09 -1.487854335628578645e-09 -2.978626464870130629e-10 3.113456025485593995e-10 4.170063365493130721e-09 -1.462570192723496370e-09 0.000000000000000000e+00
0.000000000000000000e+00 0.000000000000000000e+00 0.000000000000000000e+00 0.000000000000000000e+00 0.000000000000000000e+00 0.000000000000000000e+00 -2.731594073416375690e-07 -1.678297259652450470e-08 -4.983281087285510326e-09 5.886291406702684187e-09 -6.662548123418410129e-09 -8.421101335180184398e-10 1.498018229705752973e-09 8.573171790110779120e-10 1.937237595679185656e-10 1.021480483219107140e-10 4.697584235492498550e-09 4.222985351727532257e-09 -1.477260450514824250e-09 0.000000000000000000e+00
0.000000000000000000e+00 0.000000000000000000e+00 0.000000000000000000e+00 0.000000000000000000e+00 0.000000000000000000e+00 0.000000000000000000e+00 -1.315407061541910640e-07 -1.078748394831032031e-08 -1.101191192331314802e-09 1.668758796063505124e-09 -2.814650946976058348e-09 -6.164920880696255745e-10 9.265603847968160198e-10 2.082042787059177861e-10 1.311237429428930832e-10 7.177263400779467476e-11 3.051383736055896945e-13 1.068031349065674784e-09 3.309358481467278938e-06 0.000000000000000000e+00
0.000000000000000000e+00 0.000000000000000000e+00 0.000000000000000000e+00 0.000000000000000000e+00 0.000000000000000000e+00 0.000000000000000000e+00 -1.439357033990528193e-07 9.691460400784357549e-09 1.223276454718313864e-08 1.118751813825115680e-08 3.727377128041508287e-09 3.992979817503433691e-09 3.104755311402936300e-09 1.291487079371541127e-09 6.537787716484408777e-10 3.153187178614966194e-10 -1.441933128004351435e-10 2.490265647600016292e-10 3.903499055457909870e-06 0.000000000000000000e+00
0.000000000000000000e+00 0.000000000000000000e+00 0.000000000000000000e+00 0.000000000000000000e+00 0.000000000000000000e+00 0.000000000000000000e+00 3.054677842729985986e-10 -1.441926304288613903e-09 -1.662595322670503043e-09 9.953077906736999667e-10 -1.519799849762136168e-09 1.833057817183938758e-10 -3.290806108133951751e-11 4.798029929201701586e-11 -3.104596077379007529e-10 -2.170320429464071966e-10 -3.454897070303239044e-10 -1.306546168008046329e-08 -1.684033436478923489e-05 0.000000000000000000e+00
0.000000000000000000e+00 0.000000000000000000e+00 0.000000000000000000e+00 0.000000000000000000e+00 0.000000000000000000e+00 0.000000000000000000e+00 1.048909222130767471e-08 -7.246031138202177078e-10 -9.896034948854236280e-10 5.414631424960222937e-10 1.302924539052684148e-11 -2.222493527069910844e-09 -1.246667489011265207e-09 3.376904975633673005e-10 -1.430074277242255002e-10 -1.141484266825811929e-10 7.026150772120662703e-05 -1.277936236931036134e-08 -1.682566084129465592e-05 0.000000000000000000e+00
0.000000000000000000e+00 0.000000000000000000e+00 0.000000000000000000e+00 0.000000000000000000e+00 0.000000000000000000e+00 0.000000000000000000e+00 -5.891810802111912864e-10 2.108699572864709180e-09 -2.177204206093547147e-09 -1.243100918959641080e-10 -2.225239517844850803e-09 -3.579293405937781922e-10 -1.764409394349960533e-10 2.607941019987972160e-10 -3.602953687819071571e-10 -2.451945423597274650e-10 -1.828891598512139709e-10 -3.070342289759775949e-08 -2.045439479688744555e+01 0.000000000000000000e+00
0.000000000000000000e+00 0.000000000000000000e+00 0.000000000000000000e+00 0.000000000000000000e+00 0.000000000000000000e+00 0.000000000000000000e+00 -4.561207936649042777e-10 2.386657220345396430e-09 -1.649278779819719563e-09 -4.488647360121825951e-10 -2.100638407703563033e-09 -6.514556289417887885e-10 -3.758488972081159824e-10 2.966563780113946224e-10 -4.118081478086171228e-10 -2.841314782930807593e-10 -1.135230572037416416e-10 -3.693883934011260923e-08 -3.515328711807732276e+01 0.000000000000000000e+00
