0.000000000000000000e+00 0.000000000000000000e+00 0.000000000000000000e+00 0.000000000000000000e+00 0.000000000000000000e+00 0.000000000000000000e+00 1.054829757973939389e-08 7.582256497579155389e-09 1.059071716000557703e-08 6.921407059397381678e-09 9.096027831200653612e-09 8.382612499104461427e-09 7.752115973557870846e-09 5.503025186365645956e-09 2.731095257365958925e-09 6.655221041222211240e-10 6.084274989272766193e-09 5.839322484725699684e-07 1.763408204610812858e-07 0.000000000000000000e+00
0.000000000000000000e+00 0.000000000000000000e+00 0.000000000000000000e+00 0.000000000000000000e+00 0.000000000000000000e+00 0.000000000000000000e+00 2.355923025015504260e-10 7.607461419250495192e-10 1.295698116051503270e-09 7.660741278266054975e-10 1.142146996945289109e-09 1.318249000956430028e-09 8.375907018670475745e-10 6.679403193502285873e-10 7.757845153167799153e-10 1.579686084670806088e-09 1.775664821841573961e-05 5.781229863998910011e-07 1.783213830233372520e-07 0.000000000000000000e+00
0.000000000000000000e+00 0.000000000000000000e+00 0.000000000000000000e+00 0.000000000000000000e+00 0.000000000000000000e+00 0.000000000000000000e+00 1.812861543936253632e-10 8.764320512780983476e-10 1.218848271323463266e-09 9.511767402580586089e-10 1.267322446423553595e-09 1.269605063553917850e-09 1.441679712421718771e-09 1.293760032942987041e-09 8.783389481476535759e-10 4.607260701476420082e-10 2.063237075014165778e-09 5.206381090795887028e-06 9.194249133538477281e+00 0.000000000000000000e+00
0.000000000000000000e+00 0.000000000000000000e+00 0.000000000000000000e+00 0.000000000000000000e+00 0.000000000000000000e+00 0.000000000000000000e+00 -2.298356877965641793e-10 4.643518423266542133e-10 5.933009934746692262e-10 6.454610737065620715e-10 7.424060401062866731e-10 8.181568495786801297e-10 8.678075366447897164e-10 7.770111124100448642e-10 5.028464363633126772e-10 3.278956168777952021e-10 1.127558206672846384e-09 7.727694154244598877e-06 5.672862744557261294e+01 0.000000000000000000e+00
0.000000000000000000e+00 0.000000000000000000e+00 0.000000000000000000e+00 0.000000000000000000e+00 0.000000000000000000e+00 0.000000000000000000e+00 -9.956697188345151411e-09 -1.527393345614112894e-09 -2.384126669161830676e-08 -9.443459924305782422e-09 -8.309028974841810686e-09 -3.794757621931172648e-09 -1.827937096121780141e-09 -1.215383647041428604e-09 -5.692351481080126313e-10 -1.268049287807627188e-10 3.278058463387714802e-10 1.868512824991347136e-09 2.233407893082403357e-10 0.000000000000000000e+00
0.000000000000000000e+00 0.000000000000000000e+00 0.000000000000000000e+00 0.000000000000000000e+00 0.000000000000000000e+00 0.000000000000000000e+00 -1.685174938851234484e-09 3.908969570026364256e-09 -1.882061703083997058e-09 1.085786092845292636e-09 -9.380704657114083638e-10 -1.469810424814293863e-09 2.403201631565955528e-10 -7.232125075056055246e-11 -1.627368786457054507e-10 -1.984243626291102205e-10 5.554273254895389171e-10 1.792412219457866841e-09 2.233256221901556773e-10 0.000000000000000000e+00
0.000000000000000000e+00 0.000000000000000000e+00 0.000000000000000000e+00 0.000000000000000000e+00 0.000000000000000000e+00 0.000000000000000000e+00 -9.008719679657775849e-10 -9.758786715608102150e-10 -7.414303761823074769e-09 -1.443223013962124280e-09 -2.611216307377546609e-09 -2.022278445839729946e-09 -4.254500859117878306e-10 -4.531067300363724877e-10 -2.441468377256806736e-10 -9.267966728975986136e-11 1.183470158338774145e-10 1.314925983853319562e-09 1.916211816793780887e-07 0.000000000000000000e+00
0.000000000000000000e+00 0.000000000000000000e+00 0.000000000000000000e+00 0.000000000000000000e+00 0.000000000000000000e+00 0.000000000000000000e+00 2.833948257546301293e-10 -3.338309614066229685e-10 -4.095019065716550646e-09 -6.246786704418516908e-12 -1.503349639819857674e-09 -1.576235766103704178e-09 -7.176336379308315717e-11 -2.033977413694598052e-10 -7.853400540385090489e-11 -1.158360493509560978e-11 1.446865231881949819e-11 1.095492321159035035e-09 2.379661498890734814e-07 0.000000000000000000e+00
0.000000000000000000e+00 0.000000000000000000e+00 0.000000000000000000e+00 0.000000000000000000e+00 0.000000000000000000e+00 0.000000000000000000e+00 -8.864138022776944400e-08 -1.562882437932645110e-08 -1.399736850014584075e-07 -1.542404417058334698e-08 -3.327612271491679686e-08 -1.223927290737084323e-08 -6.489071660278659530e-09 7.859837834416913143e-10 -2.276971591862629997e-10 -5.425001411939136743e-11 8.992460387754487342e-11 -4.440821299894395480e-10 -2.254781488634991271e-09 0.000000000000000000e+00
0.000000000000000000e+00 0.000000000000000000e+00 0.000000000000000000e+00 0.000000000000000000e+00 0.000000000000000000e+00 0.000000000000000000e+00 -8.984664931705099772e-09 8.949626270634189004e-09 -2.408374955561315288e-08 1.225326240354249018e-08 -3.889559150064167394e-09 -2.976056369217045756e-09 -1.965384541412380135e-10 9.342224301284137673e-10 -1.970511790272117698e-11 -6.973291167524253450e-11 1.183947414203360626e-08 -7.146802893509090020e-10 -2.255218654517864028e-09 0.000000000000000000e+00
0.000000000000000000e+00 0.000000000000000000e+00 0.000000000000000000e+00 0.000000000000000000e+00 0.000000000000000000e+00 0.000000000000000000e+00 -1.437087639573623673e-08 -1.164045376960566966e-08 -4.782265176151793232e-08 6.905231731174227755e-09 -1.165976411950626625e-08 -5.032681960506828120e-09 -1.707099971546486843e-09 9.415379322635246553e-10 -6.159774611238139158e-12 -7.948976484623497104e-11 -2.583392897206727979e-11 7.216424672022760281e-09 4.341298998535097197e-06 0.000000000000000000e+00
0.000000000000000000e+00 0.000000000000000000e+00 0.000000000000000000e+00 0.000000000000000000e+00 0.000000000000000000e+00 0.000000000000000000e+00 -3.505047166111066202e-09 -8.154751622147075461e-09 -2.930104261056081917e-08 9.256881512455930562e-09 -7.345521780040035699e-09 -3.533144693657600420e-09 -6.495820747419096031e-10 9.360322871672523588e-10 1.014874268953926307e-10 -6.192827397644288986e-11 -5.738608320206308781e-11 1.031614926195780230e-08 6.741360173846817590e-06 0.000000000000000000e+00
0.000000000000000000e+00 0.000000000000000000e+00 0.000000000000000000e+00 0.000000000000000000e+00 0.000000000000000000e+00 0.000000000000000000e+00 1.735723769778462132e-09 8.145994164345225494e-09 1.722942241510541502e-09 -1.650567734383209840e-09 -1.501490279499318182e-10 -5.046653284029013410e-10 -1.430556432280036184e-10 -5.790110215469764764e-10 -1.478537296786876686e-10 -1.673039478361169974e-10 -8.201914597197056390e-10 -1.479620236209813363e-07 1.027711661793573918e-06 0.000000000000000000e+00
0.000000000000000000e+00 0.000000000000000000e+00 0.000000000000000000e+00 0.000000000000000000e+00 0.000000000000000000e+00 0.000000000000000000e+00 8.230656119376923177e-09 3.044678323244525622e-09 1.402019620553032740e-09 -8.511799727342625982e-10 3.602428517604044019e-10 -9.089004786582499765e-10 -4.894216387770699112e-11 -9.150037625903810667e-10 -2.630321498063158492e-10 -1.367379652152642862e-10 -1.555420751713276070e-05 -1.384644043734806473e-07 1.013049191014885875e-06 0.000000000000000000e+00
0.000000000000000000e+00 0.000000000000000000e+00 0.000000000000000000e+00 0.000000000000000000e+00 0.000000000000000000e+00 0.000000000000000000e+00 1.346419186625021106e-09 4.105098996157058163e-09 8.039832559647594348e-10 -1.055008747066002024e-09 6.336476944045979264e-10 -7.629093784911253007e-10 -2.988725603112673946e-10 -7.171511863392198411e-10 -3.289486144670783639e-10 -1.670779856485075321e-10 -5.832396376314544390e-10 -5.747987996931831889e-06 -4.150739225902631446e+00 0.000000000000000000e+00
0.000000000000000000e+00 0.000000000000000000e+00 0.000000000000000000e+00 0.000000000000000000e+00 0.000000000000000000e+00 0.000000000000000000e+00 1.112622669277228537e-09 3.791414851619971745e-09 7.026400367453178152e-10 -9.910713941132506799e-10 8.672200124479443180e-10 -8.734911808503451165e-10 -2.868121313235865789e-10 -8.317417478497577534e-10 -4.165710367933440587e-10 -1.978090913520333202e-10 -4.189198714112209210e-10 -8.837288503275579185e-06 -8.831238429602039730e+01 0.000000000000000000e+00
