0.000000000000000000e+00 0.000000000000000000e+00 0.000000000000000000e+00 0.000000000000000000e+00 0.000000000000000000e+00 0.000000000000000000e+00 8.235197546130430794e-09 3.441864117162292071e-09 8.418054964400267991e-09 5.769729761338048450e-09 7.434880906912672434e-09 6.446818471757429050e-09 5.758961386743499037e-09 3.870629820525839880e-09 1.745510088134294223e-09 6.235423218118213566e-10 3.951425592387531389e-09 3.321766917598640600e-07 5.601653402946973765e-07 0.000000000000000000e+00
0.000000000000000000e+00 0.000000000000000000e+00 0.000000000000000000e+00 0.000000000000000000e+00 0.000000000000000000e+00 0.000000000000000000e+00 2.457833928280624356e-10 -8.303210992831690263e-12 1.798705715568060418e-09 1.618485322538790696e-09 1.956571416900049783e-09 1.989439152639079053e-09 1.378527847490729757e-09 1.164150795520577518e-09 1.239599780223762687e-09 2.714563330939458726e-09 2.727182864988429942e-05 3.303273081473503770e-07 5.634769889367131362e-07 0.000000000000000000e+00
0.000000000000000000e+00 0.000000000000000000e+00 0.000000000000000000e+00 0.000000000000000000e+00 0.000000000000000000e+00 0.000000000000000000e+00 1.028607270630155978e-09 1.275968975234075956e-09 1.906817093664239198e-09 1.435111894784264146e-09 2.148881369305211536e-09 2.476724139179668382e-09 2.368054137364466231e-09 1.646816078239250338e-09 9.528243636551775455e-10 5.639665329941549873e-10 2.252320032210103619e-09 7.023757733874659223e-06 1.780815384109785526e+01 0.000000000000000000e+00
0.000000000000000000e+00 0.000000000000000000e+00 0.000000000000000000e+00 0.000000000000000000e+00 0.000000000000000000e+00 0.000000000000000000e+00 3.578517325830041355e-10 8.310102317204521273e-10 1.189453215877333208e-09 9.445467541131773182e-10 1.453213895783849449e-09 1.832949206245359329e-09 1.780485103169155998e-09 1.286405166523911716e-09 8.087841311678309246e-10 5.987620060557734704e-10 1.858808515922969593e-09 1.045525673538294693e-05 6.610725672721181922e+01 0.000000000000000000e+00
0.000000000000000000e+00 0.000000000000000000e+00 0.000000000000000000e+00 0.000000000000000000e+00 0.000000000000000000e+00 0.000000000000000000e+00 1.281675150067330691e-08 -5.487493536412247290e-09 -9.340667531554603371e-09 -3.817078727841587319e-09 -5.010458977079069840e-09 -3.001318249815372866e-09 -1.669263199581106504e-09 -9.426559880787020630e-10 -4.024022699658346034e-10 -6.451912852421945888e-11 2.145287561124555538e-10 1.216384117568381864e-09 1.370033909451237699e-10 0.000000000000000000e+00
0.000000000000000000e+00 0.000000000000000000e+00 0.000000000000000000e+00 0.000000000000000000e+00 0.000000000000000000e+00 0.000000000000000000e+00 -1.592334917226473351e-09 2.276525405287044803e-09 -6.924995123645204263e-12 3.012566555233312214e-09 1.324899178207534057e-09 7.162085175599565468e-10 -7.577188084358677070e-11 -8.849150254001930273e-11 -1.492131011817819814e-10 -1.246024860403462144e-10 5.065330170527101049e-10 1.171507244420937021e-09 1.396896937789545175e-10 0.000000000000000000e+00
0.000000000000000000e+00 0.000000000000000000e+00 0.000000000000000000e+00 0.000000000000000000e+00 0.000000000000000000e+00 0.000000000000000000e+00 1.122399953825001394e-09 -3.697072937753013600e-10 -3.258313793455340027e-09 2.097919485801793313e-10 -6.100083720337239590e-10 -4.855772450906291369e-10 -4.529038004792428342e-10 -3.847758363610886246e-10 -1.834733407605754640e-10 -4.155214408807317500e-11 8.154172233928363380e-11 8.298010273844700056e-10 3.571972227669445165e-08 0.000000000000000000e+00
0.000000000000000000e+00 0.000000000000000000e+00 0.000000000000000000e+00 0.000000000000000000e+00 0.000000000000000000e+00 0.000000000000000000e+00 -7.158991948540479213e-10 4.271427921575061428e-10 -1.928075991008898491e-09 1.229188356492762378e-09 2.869611727210317701e-10 1.499279267089693405e-10 -1.734210723366380613e-10 -1.848286481982103283e-10 -6.848015115349159140e-11 1.052553739331363790e-11 1.561928698552706525e-11 6.832826309590359658e-10 1.535703194768245754e-08 0.000000000000000000e+00
0.000000000000000000e+00 0.000000000000000000e+00 0.000000000000000000e+00 0.000000000000000000e+00 0.000000000000000000e+00 0.000000000000000000e+00 -5.816169049838595611e-08 -5.553007230526810966e-09 -7.231172738718595493e-08 -2.319599921815270466e-08 -1.324346215591716284e-08 -3.246636559958114312e-09 -5.823036220449416221e-09 -9.050393513647655087e-10 -1.340219568661071743e-10 1.962675369519876757e-10 -1.356911662073482136e-10 -4.419038876976967792e-10 2.714323044816308425e-09 0.000000000000000000e+00
0.000000000000000000e+00 0.000000000000000000e+00 0.000000000000000000e+00 0.000000000000000000e+00 0.000000000000000000e+00 0.000000000000000000e+00 -9.488000466089602231e-09 2.097420772613560337e-08 -3.231925237654198581e-08 1.405573298189073290e-08 4.040173509749648659e-09 2.821441563483948307e-09 -2.140687102811952395e-09 -6.373968689707426858e-10 -4.342068333929258544e-10 3.668691077874111940e-10 2.402559220259164230e-09 -2.732719232747017527e-10 2.754056238270633450e-09 0.000000000000000000e+00
0.000000000000000000e+00 0.000000000000000000e+00 0.000000000000000000e+00 0.000000000000000000e+00 0.000000000000000000e+00 0.000000000000000000e+00 -1.292230408001739221e-09 2.335867063881609062e-08 -3.604246138654688432e-08 7.209004914483416504e-09 1.291186167111193786e-09 2.251974510197802108e-09 -2.953391356558221963e-09 -4.865624738340643035e-10 -3.451814424669601377e-10 2.117631172802720661e-10 -1.430150566050512402e-10 -1.091635454092614389e-09 6.828613487987355439e-06 0.000000000000000000e+00
0.000000000000000000e+00 0.000000000000000000e+00 0.000000000000000000e+00 0.000000000000000000e+00 0.000000000000000000e+00 0.000000000000000000e+00 4.955539187151470738e-09 2.469874434963005381e-08 -2.967472518129019143e-08 1.170223892198927100e-08 3.410476207373253084e-09 3.179966715870462919e-09 -2.295925965528584197e-09 -3.814366788322012224e-10 -4.337749106871405851e-10 2.422689695720259476e-10 -1.406963147212909938e-10 -1.468814003733626985e-09 1.446387855293659296e-05 0.000000000000000000e+00
0.000000000000000000e+00 0.000000000000000000e+00 0.000000000000000000e+00 0.000000000000000000e+00 0.000000000000000000e+00 0.000000000000000000e+00 -1.722456346401752279e-09 4.517498640438467250e-09 -4.516941262097328691e-10 2.374330703399245051e-11 3.796404322573099593e-11 -4.407297005616418267e-10 4.199141610479880611e-11 -6.658959485466673650e-11 -3.307648162139651465e-10 -5.840841792515302725e-11 -7.249417006600553924e-10 -8.475468565423933055e-08 -2.632582069029550088e-06 0.000000000000000000e+00
0.000000000000000000e+00 0.000000000000000000e+00 0.000000000000000000e+00 0.000000000000000000e+00 0.000000000000000000e+00 0.000000000000000000e+00 4.278710174334536151e-09 1.318373036994379858e-09 1.016652382466180942e-09 1.098857467956633200e-11 -1.423203738670520288e-09 -9.273343264787152902e-10 -6.282246578021786356e-10 -2.809697028494082054e-10 -4.165566029398093151e-10 5.024698053614743685e-11 -1.243115702846946807e-05 -7.971716203937331120e-08 -2.622544843977766152e-06 0.000000000000000000e+00
0.000000000000000000e+00 0.000000000000000000e+00 0.000000000000000000e+00 0.000000000000000000e+00 0.000000000000000000e+00 0.000000000000000000e+00 3.478819461321008535e-09 2.839884166691391375e-09 9.608867781559200470e-10 1.497081409407416845e-10 5.294938001687715941e-11 -2.464609070520527001e-10 -4.199310603540928419e-10 -2.323288699176856749e-10 -4.749320810175379231e-10 -5.113268570869481676e-11 -4.754442443718985511e-10 -5.919386892323680846e-06 1.695452010176343265e+02 0.000000000000000000e+00
0.000000000000000000e+00 0.000000000000000000e+00 0.000000000000000000e+00 0.000000000000000000e+00 0.000000000000000000e+00 0.000000000000000000e+00 4.406488751374295411e-09 2.545075435795159724e-09 1.170838502745855821e-09 2.173098427554814465e-10 1.703735059489762590e-11 -1.086177159650066237e-10 -5.193898994206105129e-10 -2.768845982966718513e-10 -5.607682288650244398e-10 -8.059716904415751088e-11 -3.859053451092202136e-10 -8.830614687968543438e-06 5.806504560772375498e+02 0.000000000000000000e+00
