0.000000000000000000e+00 0.000000000000000000e+00 0.000000000000000000e+00 0.000000000000000000e+00 0.000000000000000000e+00 0.000000000000000000e+00 1.902472943042791549e-09 2.964012821866660989e-09 1.583147319350763010e-09 1.925966009102582994e-09 1.850929868106258059e-09 2.577696983046954621e-09 2.233039077246164791e-09 1.537617177508875649e-09 7.102683875257172228e-10 1.567535075338166560e-10 1.522907648062115736e-09 2.153625319235324237e-07 -9.225782272786774071e-08 0.000000000000000000e+00
0.000000000000000000e+00 0.000000000000000000e+00 0.000000000000000000e+00 0.000000000000000000e+00 0.000000000000000000e+00 0.000000000000000000e+00 -5.784556151811897713e-10 2.819003546039765883e-10 2.645738068265090296e-11 5.562366455764861364e-10 7.196376935553109428e-10 4.872583844791730404e-10 3.141056126097503354e-10 2.584312682898233439e-10 2.024093189247352787e-10 3.186621799883709840e-10 1.652278296363805398e-06 2.123904921142055542e-07 -8.985507344944643486e-08 0.000000000000000000e+00
0.000000000000000000e+00 0.000000000000000000e+00 0.000000000000000000e+00 0.000000000000000000e+00 0.000000000000000000e+00 0.000000000000000000e+00 -2.542333980623097263e-10 2.442119043463943827e-10 2.455972910107053493e-10 4.353446253594927396e-10 4.077377743879238224e-10 5.754945032022805722e-10 4.600583014840975084e-10 4.094601216148335387e-10 2.787967240912350281e-10 1.111573872525906679e-10 5.390283119852409848e-10 4.693823533764325670e-06 -1.717676746601327409e+00 0.000000000000000000e+00
0.000000000000000000e+00 0.000000000000000000e+00 0.000000000000000000e+00 0.000000000000000000e+00 0.000000000000000000e+00 0.000000000000000000e+00 -2.169158735218014032e-10 1.910805048179899713e-10 1.363700789019002215e-10 3.687266066959821627e-10 3.813689559507733335e-10 3.814127727850268183e-10 3.234623537656598767e-10 2.897434959090224123e-10 2.071198555638099033e-10 9.309896587619823445e-11 3.364534756975397826e-10 7.103197823838449396e-06 -3.231346795768530455e-01 0.000000000000000000e+00
0.000000000000000000e+00 0.000000000000000000e+00 0.000000000000000000e+00 0.000000000000000000e+00 0.000000000000000000e+00 0.000000000000000000e+00 4.131384854473707651e-10 -1.554780187527560396e-08 -5.042032182415950967e-09 -6.223106257262123489e-09 -2.398719558131240869e-09 -2.598967758457541961e-09 -1.540854226408589333e-09 -7.613981839294715961e-10 -3.726349815461116033e-10 -5.515152789827476435e-11 1.869543744084629136e-10 1.132222153151895321e-09 9.343621573995295185e-11 0.000000000000000000e+00
0.000000000000000000e+00 0.000000000000000000e+00 0.000000000000000000e+00 0.000000000000000000e+00 0.000000000000000000e+00 0.000000000000000000e+00 3.482036990333211548e-10 3.351832285673300838e-11 -2.591144189529454235e-09 1.159764479784431600e-09 2.787399884948960387e-10 -3.497486022445176537e-10 1.112967234849141174e-10 -3.315364083842052778e-11 -9.819912797130848586e-11 -8.192613331540774694e-11 -2.384539336302938974e-10 1.082333652249491257e-09 9.504625528472900903e-11 0.000000000000000000e+00
0.000000000000000000e+00 0.000000000000000000e+00 0.000000000000000000e+00 0.000000000000000000e+00 0.000000000000000000e+00 0.000000000000000000e+00 3.021314915491312050e-09 -3.381383694866240118e-09 -1.737761463882672569e-09 -9.908631780401245055e-10 -3.032218071650683150e-10 -9.044052491934119641e-10 -3.650109196732702006e-10 -2.156150876627442042e-10 -1.555054174709316282e-10 -3.406655039506569064e-11 5.587464184198385666e-11 2.983374875882860735e-10 -1.973929971577991561e-07 0.000000000000000000e+00
0.000000000000000000e+00 0.000000000000000000e+00 0.000000000000000000e+00 0.000000000000000000e+00 0.000000000000000000e+00 0.000000000000000000e+00 3.263711368457637991e-09 -1.057621933396775649e-09 -1.361587669488773855e-09 7.526015619611674902e-11 6.197312121681775706e-11 -5.251997730398383087e-10 -7.604800327982929706e-11 -5.255565927307063336e-11 -4.802505078191973223e-11 1.211892018684979396e-11 -5.369259673147498219e-12 7.138354875562746964e-11 -3.029585976999681757e-07 0.000000000000000000e+00
0.000000000000000000e+00 0.000000000000000000e+00 0.000000000000000000e+00 0.000000000000000000e+00 0.000000000000000000e+00 0.000000000000000000e+00 -2.133636908434569307e-08 -6.444828459962828871e-08 -2.016375455705613992e-08 -2.153243229904969621e-08 -1.268279744960358785e-08 -9.353795740462828384e-09 -2.079677235105979813e-09 -5.191778561055065388e-10 -3.740792726228265813e-10 -4.967519939281605702e-11 8.038427039661816998e-11 7.888688732538120484e-10 -5.759019439061976999e-10 0.000000000000000000e+00
0.000000000000000000e+00 0.000000000000000000e+00 0.000000000000000000e+00 0.000000000000000000e+00 0.000000000000000000e+00 0.000000000000000000e+00 -2.279586678647400963e-09 -8.934198370245872819e-09 -4.063190568492832838e-09 5.167889864223006654e-09 1.224916451216701049e-09 -5.715419862866954955e-10 6.534381838168628226e-12 6.825595371556409378e-11 -7.664675641278864201e-11 -9.898960961668091745e-11 5.841206362407471435e-11 6.073832671933809520e-10 -5.443435810896453598e-10 0.000000000000000000e+00
0.000000000000000000e+00 0.000000000000000000e+00 0.000000000000000000e+00 0.000000000000000000e+00 0.000000000000000000e+00 0.000000000000000000e+00 7.817084161081208584e-09 -1.752189919964651657e-08 -6.179394983027005366e-09 -2.496871484061939321e-09 -2.553527316533266226e-09 -2.962786920115667346e-09 -4.352287315872938180e-10 1.191370397545437811e-10 -1.193443065818311035e-10 -4.613623200729016684e-11 6.164005812924566637e-11 -6.622170030881095029e-09 -1.376767041846965475e-06 0.000000000000000000e+00
0.000000000000000000e+00 0.000000000000000000e+00 0.000000000000000000e+00 0.000000000000000000e+00 0.000000000000000000e+00 0.000000000000000000e+00 1.110605679071843653e-08 -8.909147035843844700e-09 -3.130253309241216555e-09 1.543452881818361246e-09 -5.163454670526966070e-10 -1.595441078676845487e-09 -1.175263487120511515e-10 2.068636570789496927e-10 -2.834458436720534872e-12 -3.338293198713741716e-11 4.525334753162332383e-11 -8.477638101947648361e-09 -2.731713594301118104e-06 0.000000000000000000e+00
0.000000000000000000e+00 0.000000000000000000e+00 0.000000000000000000e+00 0.000000000000000000e+00 0.000000000000000000e+00 0.000000000000000000e+00 -1.352098918984361858e-09 -1.715203774610776827e-10 2.053583379184932639e-09 -2.607779284013807547e-10 3.440974961052472897e-10 -2.713691671108190471e-10 3.797129565107168588e-11 -1.259684371619833170e-10 2.477946708388564276e-11 -7.750392277218984531e-11 -7.406264500555001599e-10 -4.606571665725432785e-08 -3.650167026234926639e-07 0.000000000000000000e+00
0.000000000000000000e+00 0.000000000000000000e+00 0.000000000000000000e+00 0.000000000000000000e+00 0.000000000000000000e+00 0.000000000000000000e+00 -8.424202829173867961e-10 4.369434600335460300e-09 4.963602046069583010e-09 -6.667342763672184521e-10 1.225308834860396585e-09 1.102074954534405829e-09 -1.145760115220824087e-10 -8.693966306373697236e-11 7.354830332196199769e-12 1.135715358112167272e-10 -3.935139253194802974e-05 -5.326290177665576240e-08 -3.615844291198385504e-07 0.000000000000000000e+00
0.000000000000000000e+00 0.000000000000000000e+00 0.000000000000000000e+00 0.000000000000000000e+00 0.000000000000000000e+00 0.000000000000000000e+00 -5.209699128172368800e-10 1.317615298042643754e-09 2.123935202361438655e-09 -7.904778671803666647e-10 3.742906486975781803e-10 5.261825473663323689e-11 -6.084608760156253642e-11 -1.517750510152471207e-10 1.376678336374468100e-11 -1.046873275681116682e-10 -3.958973518605064012e-10 4.609849976915396468e-06 -7.888712577873588927e+00 0.000000000000000000e+00
0.000000000000000000e+00 0.000000000000000000e+00 0.000000000000000000e+00 0.000000000000000000e+00 0.000000000000000000e+00 0.000000000000000000e+00 -4.178119341833759328e-10 2.048772224621520651e-09 2.088120672179699402e-09 -9.015151322029054525e-10 4.219802209983843269e-10 1.407124787547587982e-10 -1.347366766713903323e-10 -1.992876740667816568e-10 -1.828378279796286728e-11 -1.430484375083903830e-10 -3.404653793773671525e-10 6.816441513549278631e-06 -4.225364173177595006e+01 0.000000000000000000e+00
