0.000000000000000000e+00 0.000000000000000000e+00 0.000000000000000000e+00 0.000000000000000000e+00 0.000000000000000000e+00 0.000000000000000000e+00 6.373614735986354540e-09 5.620744624895314913e-09 8.434470237112717765e-09 6.596851292396538463e-09 7.469502509554431013e-09 8.351063699607734666e-09 7.617815916775820047e-09 5.979669948019260059e-09 3.219541584636537002e-09 6.589890577319744333e-10 7.296086734038517736e-09 5.663396147458445951e-07 6.910664842071935872e-07 0.000000000000000000e+00
0.000000000000000000e+00 0.000000000000000000e+00 0.000000000000000000e+00 0.000000000000000000e+00 0.000000000000000000e+00 0.000000000000000000e+00 1.522647823033287351e-09 1.224852298110465199e-09 8.970432061709459607e-10 9.793720934308522602e-10 1.385074591525141376e-09 1.640414921011642428e-09 1.021824144231150356e-09 8.032689853179646968e-10 1.052468477885554133e-09 2.045873833919153607e-09 1.225151440076120232e-05 5.526121946124416546e-07 6.915430474846799276e-07 0.000000000000000000e+00
0.000000000000000000e+00 0.000000000000000000e+00 0.000000000000000000e+00 0.000000000000000000e+00 0.000000000000000000e+00 0.000000000000000000e+00 1.721716945206397759e-09 2.000446813884510581e-09 1.103625506741342965e-09 9.879113034593993487e-10 1.300099295491641777e-09 1.754189918599972384e-09 1.802864805987735044e-09 1.618583833734086958e-09 1.148775079978469565e-09 4.251206950218573900e-10 2.751929992269798268e-09 4.276989144315891081e-06 2.779609797780530300e+01 0.000000000000000000e+00
0.000000000000000000e+00 0.000000000000000000e+00 0.000000000000000000e+00 0.000000000000000000e+00 0.000000000000000000e+00 0.000000000000000000e+00 1.537877233081399915e-09 1.371817986128953205e-09 5.041171445121848254e-10 6.434935149201251256e-10 8.773929374039674456e-10 1.174838639376395349e-09 1.197463216945132654e-09 1.008862259235382268e-09 6.355709323703407582e-10 2.298352375777356279e-10 1.290719034350671913e-09 6.411952670501137961e-06 1.178902413029063041e+02 0.000000000000000000e+00
0.000000000000000000e+00 0.000000000000000000e+00 0.000000000000000000e+00 0.000000000000000000e+00 0.000000000000000000e+00 0.000000000000000000e+00 -1.557035236635704542e-08 -6.206555327643382907e-09 -1.196347726093902197e-08 -6.882839245135271774e-09 -7.905354771214372022e-09 -4.009459804963515325e-09 -1.292054058413440279e-09 -1.023498591954940831e-09 -6.183161963653170199e-10 -1.136099747771933065e-10 3.080291531265658624e-10 1.671788376848571624e-09 1.487315671751110528e-10 0.000000000000000000e+00
0.000000000000000000e+00 0.000000000000000000e+00 0.000000000000000000e+00 0.000000000000000000e+00 0.000000000000000000e+00 0.000000000000000000e+00 1.164470620693834221e-09 -6.860886108277500717e-09 5.472949269513096533e-10 -4.159133458698816354e-09 6.192763044134502980e-10 -7.954491257974658123e-10 8.874521688820452604e-11 -8.345798000677993316e-11 -1.713235205645714207e-10 -1.803832861783631963e-10 -2.565115230450114483e-11 1.608422328064244703e-09 1.461587342317302755e-10 0.000000000000000000e+00
0.000000000000000000e+00 0.000000000000000000e+00 0.000000000000000000e+00 0.000000000000000000e+00 0.000000000000000000e+00 0.000000000000000000e+00 -3.844325112132985745e-09 -9.937043959909064422e-09 -3.477666032929146992e-09 -3.504763535742349862e-09 -1.753320166646962623e-09 -1.189939724819218274e-09 -3.213329680788823967e-10 -3.911820022200715496e-10 -2.683016551958637278e-10 -8.173481317509241378e-11 1.179130157969673224e-10 5.893771954146190096e-10 2.017008383622002172e-07 0.000000000000000000e+00
0.000000000000000000e+00 0.000000000000000000e+00 0.000000000000000000e+00 0.000000000000000000e+00 0.000000000000000000e+00 0.000000000000000000e+00 -1.151550439105640860e-09 -9.458436992836484930e-09 -1.889419357446048342e-09 -2.955756954807834692e-09 -5.246100885225194568e-10 -6.557554140225541341e-10 -8.955757855091036248e-11 -1.820030397202045442e-10 -9.604366899793577429e-11 -6.927469471143774725e-12 2.389676241827065371e-11 2.670461525439543066e-10 5.196076783215058339e-07 0.000000000000000000e+00
0.000000000000000000e+00 0.000000000000000000e+00 0.000000000000000000e+00 0.000000000000000000e+00 0.000000000000000000e+00 0.000000000000000000e+00 -6.619933129896535334e-08 -3.151811443208363750e-08 -7.992702472680972889e-08 -4.407900627213781159e-08 -1.856159448711793498e-08 -8.020292753377527198e-09 -1.992895817945006259e-09 -5.779162076685153196e-10 -1.508787208433081121e-10 -2.097463776106026223e-10 3.111257161596648556e-10 6.531863248150528194e-10 4.952061521818456186e-10 0.000000000000000000e+00
0.000000000000000000e+00 0.000000000000000000e+00 0.000000000000000000e+00 0.000000000000000000e+00 0.000000000000000000e+00 0.000000000000000000e+00 -5.078959789468099975e-08 -1.222219138761706651e-08 -7.801080618079336643e-09 -6.468838585818523311e-09 9.693455528718412977e-09 4.262937605679767770e-10 1.599737490912171648e-10 2.908638922641277285e-10 8.048621216032363798e-11 -2.704353773541890826e-10 -9.481521092764915558e-09 7.658405014899931669e-10 4.916474564654951997e-10 0.000000000000000000e+00
0.000000000000000000e+00 0.000000000000000000e+00 0.000000000000000000e+00 0.000000000000000000e+00 0.000000000000000000e+00 0.000000000000000000e+00 -5.122352963752742239e-08 -1.980896711842959728e-08 -2.641928511128663768e-08 -1.656839023077271542e-08 5.969492450014403164e-11 -1.163051791772661228e-09 -4.899135181728076391e-10 1.846354444912727200e-11 5.040757308471413690e-11 -1.026451641267157487e-10 1.208298434816242873e-10 1.881012152861721247e-09 7.860389782140574165e-06 0.000000000000000000e+00
0.000000000000000000e+00 0.000000000000000000e+00 0.000000000000000000e+00 0.000000000000000000e+00 0.000000000000000000e+00 0.000000000000000000e+00 -4.636483416784072856e-08 -1.648527586119546720e-08 -1.589508603208124914e-08 -1.027151769631082514e-08 3.765242868822068629e-09 2.201678010590744132e-10 -1.788374001384072186e-10 2.059783642363214765e-10 1.320775702536988827e-10 3.469972934793029156e-11 4.141259870530297728e-11 7.655763598865501885e-10 1.604310706906146399e-05 0.000000000000000000e+00
0.000000000000000000e+00 0.000000000000000000e+00 0.000000000000000000e+00 0.000000000000000000e+00 0.000000000000000000e+00 0.000000000000000000e+00 -4.420354056025517133e-10 -1.801362773854805590e-09 -3.000921603182898463e-09 1.479298057619841649e-09 7.423408084061129491e-10 3.762151381500026307e-10 3.394334295442829881e-11 4.100536057935765314e-10 7.027121496054454812e-11 -1.467005975625280500e-10 -1.225335834939596362e-09 -1.103069596136478085e-07 -1.918558922180410821e-06 0.000000000000000000e+00
0.000000000000000000e+00 0.000000000000000000e+00 0.000000000000000000e+00 0.000000000000000000e+00 0.000000000000000000e+00 0.000000000000000000e+00 4.520639749425933695e-10 -1.494340964200158626e-09 -7.271594207641645259e-09 3.061351899650228505e-09 8.565637950568272432e-10 -1.366279637265326016e-09 -6.849802926571315978e-10 -4.784117369466047353e-10 -8.771594016035637158e-11 1.933306947677653079e-10 1.261467790043552392e-04 -1.160255143107551266e-07 -1.911620335838476020e-06 0.000000000000000000e+00
0.000000000000000000e+00 0.000000000000000000e+00 0.000000000000000000e+00 0.000000000000000000e+00 0.000000000000000000e+00 0.000000000000000000e+00 -2.870049246885888538e-09 -2.584080357958320536e-09 -2.752324887989601970e-09 2.334212398209272558e-09 4.776787345152492054e-10 9.405872823981512911e-11 -5.501020440762436762e-10 -5.799392553336458777e-11 -4.165939125777340777e-11 -1.179019086174621685e-10 -6.301373528557584920e-10 -1.172808606688700745e-05 -2.134115195725528622e+02 0.000000000000000000e+00
0.000000000000000000e+00 0.000000000000000000e+00 0.000000000000000000e+00 0.000000000000000000e+00 0.000000000000000000e+00 0.000000000000000000e+00 -3.326733250697397164e-09 -1.944694000314965836e-09 -3.188833096598250124e-09 2.544017656642755123e-09 3.208193396655386091e-10 -1.609438213957491490e-10 -6.500653949759840209e-10 -1.861668676678048509e-10 -1.074355322246527792e-10 -1.400880707953476153e-10 -3.646277656444062490e-10 -1.799065897365988918e-05 -1.033651193528378144e+03 0.000000000000000000e+00
