0.000000000000000000e+00 0.000000000000000000e+00 0.000000000000000000e+00 0.000000000000000000e+00 0.000000000000000000e+00 0.000000000000000000e+00 1.108439542738103763e-10 8.421408469421240632e-11 1.067087789416151224e-10 6.478286816331394810e-11 7.752629786804671224e-11 1.121025947366555729e-10 1.175398043726284568e-10 1.040255725529152495e-10 6.221404234637785352e-11 1.796142243054239587e-11 6.897075979684934773e-11 4.813509890298238712e-09 2.004624184593136406e-07 0.000000000000000000e+00
0.000000000000000000e+00 0.000000000000000000e+00 0.000000000000000000e+00 0.000000000000000000e+00 0.000000000000000000e+00 0.000000000000000000e+00 -2.494100735530699841e-11 1.303498654512366407e-11 9.502306099500317780e-12 1.098469047960774295e-11 1.093721257358322124e-11 2.155149881908366270e-11 1.396587872984569141e-11 1.940064374299754833e-11 3.743178075756412312e-11 1.052578199830069592e-10 2.817671819228081076e-06 5.811314471228778168e-09 1.996939002640899134e-07 0.000000000000000000e+00
0.000000000000000000e+00 0.000000000000000000e+00 0.000000000000000000e+00 0.000000000000000000e+00 0.000000000000000000e+00 0.000000000000000000e+00 4.354472754761376103e-11 2.602497338087054630e-11 2.674784273387700427e-11 2.040821511680136388e-11 3.136464416110660851e-11 4.101620171976215164e-11 4.482814621941556841e-11 4.007123967348159631e-11 2.426145343855355158e-11 8.650631120534404585e-12 3.573437526923029441e-11 1.930022645930413183e-09 -7.574866479352238002e-02 0.000000000000000000e+00
0.000000000000000000e+00 0.000000000000000000e+00 0.000000000000000000e+00 0.000000000000000000e+00 0.000000000000000000e+00 0.000000000000000000e+00 1.156690043847473195e-11 1.534075475074803618e-11 1.497933804054717419e-11 1.036041387403556970e-11 1.817749908476481898e-11 2.339286840286991056e-11 2.630838793900956379e-11 2.352269305312235029e-11 1.444674524578830580e-11 5.936521010681894587e-12 1.916267815196866869e-11 2.137396920613860671e-09 -1.200352300045857135e-01 0.000000000000000000e+00
0.000000000000000000e+00 0.000000000000000000e+00 0.000000000000000000e+00 0.000000000000000000e+00 0.000000000000000000e+00 0.000000000000000000e+00 -3.333778391934676712e-09 2.676312731789363715e-10 -1.677590441710439821e-09 -4.221645273130903969e-10 -7.140071170013827953e-10 -4.704437741638244648e-10 -3.279556024270585694e-10 -2.265291105722334490e-10 -1.082206774087812320e-10 -3.293312513558580820e-11 2.880885754187884403e-11 1.502536219585844190e-10 9.895665618561322440e-11 0.000000000000000000e+00
0.000000000000000000e+00 0.000000000000000000e+00 0.000000000000000000e+00 0.000000000000000000e+00 0.000000000000000000e+00 0.000000000000000000e+00 -1.075216906103527491e-09 7.507398921847827908e-11 3.683898245592322639e-10 9.158311688189991319e-11 -6.213793746117690465e-11 -1.491811707162273733e-10 -4.173759589192864406e-11 -6.711231233868746518e-11 -3.595638835929517262e-11 -3.587824297454765590e-11 -4.503971385491613886e-10 1.689571192478388486e-10 9.992124875247241160e-11 0.000000000000000000e+00
0.000000000000000000e+00 0.000000000000000000e+00 0.000000000000000000e+00 0.000000000000000000e+00 0.000000000000000000e+00 0.000000000000000000e+00 -1.935769391337113677e-09 2.494467048451697351e-10 -2.651340750130052953e-10 -2.210777139889001273e-10 -3.569664976892564623e-10 -2.136763885920463693e-10 -1.598612165102801801e-10 -1.077957965722364861e-10 -5.530975239967346404e-11 -1.714390139713271259e-11 1.504369406662094920e-11 4.582332871586391096e-11 -2.737193928968450921e-08 0.000000000000000000e+00
0.000000000000000000e+00 0.000000000000000000e+00 0.000000000000000000e+00 0.000000000000000000e+00 0.000000000000000000e+00 0.000000000000000000e+00 -1.163587636699276328e-09 2.113726472924039512e-10 3.280072010843189335e-10 -1.223511833737827181e-10 -1.841779422816676828e-10 -1.147060107315138994e-10 -7.837153472064600851e-11 -5.528791085707017576e-11 -2.756178792601869256e-11 -5.450532752643019946e-12 5.378488482613997978e-12 1.104811143788439088e-11 -3.116512392198268834e-08 0.000000000000000000e+00
0.000000000000000000e+00 0.000000000000000000e+00 0.000000000000000000e+00 0.000000000000000000e+00 0.000000000000000000e+00 0.000000000000000000e+00 -1.857201322500250682e-08 -7.321983947183756069e-09 -1.065391758160223512e-08 -2.429593919945528679e-09 -1.971190408324794713e-09 -9.023440335164108249e-10 -6.908456329456933732e-10 -8.720690913856883847e-11 9.426958092557142106e-12 -4.109120517035534754e-11 3.581029420488710471e-11 1.876000641727036943e-10 4.141685720117314947e-10 0.000000000000000000e+00
0.000000000000000000e+00 0.000000000000000000e+00 0.000000000000000000e+00 0.000000000000000000e+00 0.000000000000000000e+00 0.000000000000000000e+00 -3.734019935800162118e-09 -1.514786192800524688e-09 1.747223851044840657e-09 2.100161544331792148e-10 -5.745171644606195968e-10 -4.813308174521557736e-10 -1.421806068955321957e-10 -3.195675024388782196e-11 1.797854740484375689e-11 -1.528607449881532094e-11 1.458550138355848145e-09 1.936577416479655623e-10 4.730666240998032868e-10 0.000000000000000000e+00
0.000000000000000000e+00 0.000000000000000000e+00 0.000000000000000000e+00 0.000000000000000000e+00 0.000000000000000000e+00 0.000000000000000000e+00 -1.057928458152381726e-08 -2.621611929428642076e-09 -2.161855483278805752e-09 -5.941212406953991130e-10 -8.566295561085423248e-10 -2.612281398585286162e-10 -1.307737331347621273e-10 5.669136112813075252e-11 3.153800500574930630e-11 -2.361968136783440513e-11 2.222293709285137687e-11 5.485510332377477253e-11 -3.401969407515333027e-06 0.000000000000000000e+00
0.000000000000000000e+00 0.000000000000000000e+00 0.000000000000000000e+00 0.000000000000000000e+00 0.000000000000000000e+00 0.000000000000000000e+00 -5.945433753087719404e-09 -6.333622483911594198e-10 1.254909359890420287e-09 1.172078172810348990e-10 -4.384115632362934919e-10 -5.349709895573352175e-11 6.268200500466263389e-11 8.500326796222377619e-11 3.054909246277323743e-11 -1.390383612879254600e-11 1.444795704203821947e-11 2.308442600969005750e-11 -3.980320006627036228e-06 0.000000000000000000e+00
0.000000000000000000e+00 0.000000000000000000e+00 0.000000000000000000e+00 0.000000000000000000e+00 0.000000000000000000e+00 0.000000000000000000e+00 -3.550042620152889538e-11 1.385968026726559269e-10 -1.754758138754575915e-10 -9.460687246507130119e-11 1.259822411342233785e-11 -1.152499303632810791e-10 -5.972838362364138499e-11 -5.955293410409159833e-11 -6.874105900680680196e-11 -3.928439404830223835e-11 -1.161940965863720907e-10 -3.555880017253751282e-09 -1.386213014986750553e-06 0.000000000000000000e+00
0.000000000000000000e+00 0.000000000000000000e+00 0.000000000000000000e+00 0.000000000000000000e+00 0.000000000000000000e+00 0.000000000000000000e+00 -3.614158564784932912e-10 2.294519648024975588e-10 -6.641976446155846597e-10 -2.494982124586744347e-10 -1.147406807189924592e-10 -4.083271764511284041e-12 -1.392710821134793753e-10 -1.057172778917281487e-10 -2.953840128765202894e-11 5.406587306588421467e-11 1.735062421150932485e-04 -4.531645560445382819e-09 -1.392386834178208631e-06 0.000000000000000000e+00
0.000000000000000000e+00 0.000000000000000000e+00 0.000000000000000000e+00 0.000000000000000000e+00 0.000000000000000000e+00 0.000000000000000000e+00 4.397940492341689688e-11 4.634846415248332473e-10 -1.623205799195250848e-10 -8.270886884915713133e-11 2.967415255867869557e-11 -8.151939601508889265e-11 -6.802260277413644501e-11 -3.925969511349038886e-11 -6.558968002491975872e-11 -4.698524342196186961e-11 -8.151665561037801639e-11 -6.733423153985960725e-09 -2.116255934305523922e+01 0.000000000000000000e+00
0.000000000000000000e+00 0.000000000000000000e+00 0.000000000000000000e+00 0.000000000000000000e+00 0.000000000000000000e+00 0.000000000000000000e+00 1.147357733847870555e-10 6.033112543635003023e-10 -1.542268354228961741e-10 -8.554674403042287468e-11 2.905323353748803356e-11 -5.239437670960713661e-11 -8.900004751292085317e-11 -5.223790705079294049e-11 -6.896711985472741332e-11 -5.546095128111446961e-11 -6.051140896465064208e-11 -7.112293699143152135e-09 -3.106601432258447915e+01 0.000000000000000000e+00
