0.000000000000000000e+00 0.000000000000000000e+00 0.000000000000000000e+00 0.000000000000000000e+00 0.000000000000000000e+00 0.000000000000000000e+00 6.129717354700347628e-11 6.962695176871720631e-11 4.707456008027957896e-11 5.769470950530733092e-11 5.395248465807056516e-11 4.078511258615015792e-11 4.798926245892423154e-11 4.558377996654749475e-11 2.510071029946004711e-11 1.645394206124643610e-11 3.491023964107241402e-11 3.572937129298948409e-09 2.405975521779966526e-07 0.000000000000000000e+00
0.000000000000000000e+00 0.000000000000000000e+00 0.000000000000000000e+00 0.000000000000000000e+00 0.000000000000000000e+00 0.000000000000000000e+00 1.118522470138442747e-11 -1.215839676064371434e-12 6.954000006372316363e-13 1.969427969585040059e-11 1.305496657128450957e-11 1.130805653140587346e-11 1.191553930481799056e-11 1.188237073873105398e-11 1.667281787990311431e-11 1.217339411025403553e-10 4.636003496881776688e-06 4.218329751204931017e-09 2.400898836498244868e-07 0.000000000000000000e+00
0.000000000000000000e+00 0.000000000000000000e+00 0.000000000000000000e+00 0.000000000000000000e+00 0.000000000000000000e+00 0.000000000000000000e+00 5.819768126590526225e-12 1.061660885953009817e-11 1.784695642215434529e-12 1.386921594419292334e-11 1.281569141711054105e-11 1.279335857777884492e-11 1.682042173937956249e-11 1.482737652523004566e-11 1.510319162438055291e-11 1.812000783052591708e-11 3.726011285553976557e-11 2.512338822005437923e-09 1.117148206648845132e+01 0.000000000000000000e+00
0.000000000000000000e+00 0.000000000000000000e+00 0.000000000000000000e+00 0.000000000000000000e+00 0.000000000000000000e+00 0.000000000000000000e+00 9.641912143399579034e-13 -3.251187801487027540e-13 5.302195547533015835e-13 8.409057207098448928e-12 7.830270505370006253e-12 1.168493484794724705e-11 1.555951043794654309e-11 1.260425426860887763e-11 1.618701719898723510e-11 1.995511253674676282e-11 4.258672916182959935e-11 3.209167962872504209e-09 1.537812875103260879e+01 0.000000000000000000e+00
0.000000000000000000e+00 0.000000000000000000e+00 0.000000000000000000e+00 0.000000000000000000e+00 0.000000000000000000e+00 0.000000000000000000e+00 -3.246777807245366443e-10 -3.682976555307834016e-10 -1.053479913745752137e-09 -6.985868110227973714e-10 -5.397828352256327288e-10 -2.715680941771032697e-10 -2.294317319664940874e-10 -1.257196313523712961e-10 -7.491372335030578087e-11 -1.725042203330003273e-11 1.688895869184081243e-11 9.743275008030886300e-11 2.413830848994330758e-10 0.000000000000000000e+00
0.000000000000000000e+00 0.000000000000000000e+00 0.000000000000000000e+00 0.000000000000000000e+00 0.000000000000000000e+00 0.000000000000000000e+00 -3.730877301275249059e-10 -3.506914673147696297e-10 1.866083133883923341e-10 2.583505121315405324e-11 2.419313182441662135e-11 -1.173855403440161759e-10 -3.638060457374057765e-11 -1.789166565945060570e-11 -2.000826678411295438e-11 -1.350064773575154833e-11 4.222138267131631293e-10 1.091278204256648658e-10 2.424047717064881941e-10 0.000000000000000000e+00
0.000000000000000000e+00 0.000000000000000000e+00 0.000000000000000000e+00 0.000000000000000000e+00 0.000000000000000000e+00 0.000000000000000000e+00 -2.716097113630277548e-10 -5.827067292802832379e-11 -9.472717822028259629e-11 -2.212851226101929472e-10 -1.437402001417082901e-10 -9.060767885272211613e-11 -9.820569921459706383e-11 -5.058207583322332568e-11 -2.871027908493546404e-11 -6.359535243963385600e-12 8.034104385472638455e-12 2.201258695187192817e-11 -6.576128113939671765e-08 0.000000000000000000e+00
0.000000000000000000e+00 0.000000000000000000e+00 0.000000000000000000e+00 0.000000000000000000e+00 0.000000000000000000e+00 0.000000000000000000e+00 -2.712145517726855757e-10 -2.685577675433485438e-11 2.820849556359221546e-10 -3.709458917606712609e-12 2.388495658986279264e-11 -2.136066575931494153e-11 -4.143698285398488064e-11 -1.664251245352881200e-11 -7.048354766165197585e-12 8.749169870027792798e-13 1.980136489055964773e-12 -2.565672432872952497e-12 -8.198405593532900083e-08 0.000000000000000000e+00
0.000000000000000000e+00 0.000000000000000000e+00 0.000000000000000000e+00 0.000000000000000000e+00 0.000000000000000000e+00 0.000000000000000000e+00 -2.276267400431657210e-09 -3.477708608405784101e-09 -6.657877309139349570e-09 -2.481200717466643130e-09 -1.452869980329871649e-09 -7.420987064563258860e-10 -3.297704523521373701e-10 -1.033760335355145187e-10 -1.441751753652800633e-10 -3.779890792000043329e-11 2.126039493516733943e-11 1.320927200224670779e-10 -1.748455048816407995e-10 0.000000000000000000e+00
0.000000000000000000e+00 0.000000000000000000e+00 0.000000000000000000e+00 0.000000000000000000e+00 0.000000000000000000e+00 0.000000000000000000e+00 -3.670768776632567657e-09 -2.360036639458405122e-09 -2.286062986657683568e-10 -1.571099531069278860e-10 -4.220259908974276990e-10 -3.575156057761587548e-10 1.197437250151107382e-11 1.402136032761411503e-11 -6.686338596524788591e-11 -5.558261271876593912e-11 -4.577899795899662415e-09 1.542710212267900106e-10 -1.537889110417945326e-10 0.000000000000000000e+00
0.000000000000000000e+00 0.000000000000000000e+00 0.000000000000000000e+00 0.000000000000000000e+00 0.000000000000000000e+00 0.000000000000000000e+00 -2.155201632916418587e-09 -1.314045112837666417e-09 -1.373881862415699738e-09 -6.724049433054317782e-10 -5.829302222804784464e-10 -3.748277520534968536e-10 -8.532353877282947874e-11 2.930359958082662087e-11 -6.348768273016085527e-11 -1.682893876585707624e-11 2.376749692491186578e-12 -1.665637165555968133e-10 -1.873393883254811571e-08 0.000000000000000000e+00
0.000000000000000000e+00 0.000000000000000000e+00 0.000000000000000000e+00 0.000000000000000000e+00 0.000000000000000000e+00 0.000000000000000000e+00 -2.247308444013136066e-09 -6.771690369836724685e-10 6.219056485402456646e-10 4.553986477425471241e-11 -2.484568419326480207e-10 -2.202282602361683130e-10 1.604968044932467830e-11 6.553842550573256813e-11 -3.129612434428438697e-11 -5.517805565554206241e-12 -1.002554151486526255e-11 -2.337689416373163863e-10 6.859260528049834266e-08 0.000000000000000000e+00
0.000000000000000000e+00 0.000000000000000000e+00 0.000000000000000000e+00 0.000000000000000000e+00 0.000000000000000000e+00 0.000000000000000000e+00 3.455381371447873102e-11 -6.800784220013950393e-11 -5.915358557663511963e-11 -3.105069113277058779e-10 6.198847465601200743e-11 9.730831322559102301e-12 9.293697522592213407e-12 -2.306722858039833379e-11 -4.849369005505453031e-12 4.095148932548010477e-14 -6.709424825457634381e-11 -2.522979690980672632e-09 -7.146901438813283397e-06 0.000000000000000000e+00
0.000000000000000000e+00 0.000000000000000000e+00 0.000000000000000000e+00 0.000000000000000000e+00 0.000000000000000000e+00 0.000000000000000000e+00 3.729182613283632908e-10 -1.469216999469881343e-09 -5.280119651940135432e-10 -3.338366382247536501e-10 -1.379621921779292670e-11 -3.798326405254857878e-12 -2.642972872456557870e-11 -1.341386137852098712e-11 4.003132579097823755e-11 1.337784799454605221e-10 -5.071360023656898560e-05 -2.879939301610392510e-09 -7.151650130889697792e-06 0.000000000000000000e+00
0.000000000000000000e+00 0.000000000000000000e+00 0.000000000000000000e+00 0.000000000000000000e+00 0.000000000000000000e+00 0.000000000000000000e+00 -3.078900248661123045e-10 5.091637428366485779e-11 -4.657491885067026971e-11 -2.643759276019579985e-10 9.306619111278625733e-11 -2.203105499278909055e-11 1.157082898002295380e-11 -5.155259856609457742e-11 -5.624984064446929567e-12 -4.139892813634847019e-12 -5.859778240423823690e-11 -3.430634420176971171e-09 2.227275678134090597e+01 0.000000000000000000e+00
0.000000000000000000e+00 0.000000000000000000e+00 0.000000000000000000e+00 0.000000000000000000e+00 0.000000000000000000e+00 0.000000000000000000e+00 -3.751577834075958768e-10 2.588074785958633741e-11 -9.588629662603410658e-11 -2.441272428127215072e-10 1.076775968077052057e-10 -2.205654937943345079e-11 4.729204280747366943e-12 -6.508005137731245887e-11 -6.133249627187186031e-12 -9.951114612441515979e-12 -5.736286699698116901e-11 -3.002921940223596603e-09 3.146072449101767532e+01 0.000000000000000000e+00
