0.000000000000000000e+00 0.000000000000000000e+00 0.000000000000000000e+00 0.000000000000000000e+00 0.000000000000000000e+00 0.000000000000000000e+00 9.836986228530765024e-11 8.120983844803706036e-11 7.834046156156711363e-11 6.733882183100655048e-11 8.808207116268708578e-11 1.184690086677675814e-10 9.955721038126312670e-11 8.285492549944423163e-11 5.252734714361635025e-11 1.878323565900292772e-11 4.903748222105729779e-11 4.321375113167809497e-09 -1.878304292115018798e-07 0.000000000000000000e+00
0.000000000000000000e+00 0.000000000000000000e+00 0.000000000000000000e+00 0.000000000000000000e+00 0.000000000000000000e+00 0.000000000000000000e+00 1.658948182685972654e-11 1.749257569466494971e-11 1.202075293806079587e-11 8.601230252231871261e-12 2.737317456704723315e-11 2.364039913651144488e-11 2.057629858288851925e-11 1.908433684089946678e-11 2.576797188409112043e-11 8.994423669294433816e-11 5.264026804361625631e-06 5.111795457430825519e-09 -1.887096021910451967e-07 0.000000000000000000e+00
0.000000000000000000e+00 0.000000000000000000e+00 0.000000000000000000e+00 0.000000000000000000e+00 0.000000000000000000e+00 0.000000000000000000e+00 3.760420742257429881e-11 2.085812251253361978e-11 2.408232140397265275e-11 1.847136898832701835e-11 3.414373807876471684e-11 3.916388383170866006e-11 3.719544992608415041e-11 3.123763402477621569e-11 2.222951325575109813e-11 1.162815953895669307e-11 2.604247297473922637e-11 2.352709683797139573e-09 -5.690606071317944270e+00 0.000000000000000000e+00
0.000000000000000000e+00 0.000000000000000000e+00 0.000000000000000000e+00 0.000000000000000000e+00 0.000000000000000000e+00 0.000000000000000000e+00 2.019571919468829468e-11 1.602623918456594605e-11 7.843608440903607341e-12 8.385765828975944321e-12 1.959355325943777668e-11 2.044296659208273057e-11 2.230214947060451484e-11 2.008213148489867028e-11 1.605332540942933471e-11 1.031743079663601927e-11 1.685128350827393836e-11 2.879915445892694551e-09 -7.832691170916600498e+00 0.000000000000000000e+00
0.000000000000000000e+00 0.000000000000000000e+00 0.000000000000000000e+00 0.000000000000000000e+00 0.000000000000000000e+00 0.000000000000000000e+00 -1.438873947382885156e-09 -2.975408525730235573e-09 -1.906856680010165498e-09 -1.568211051398199084e-10 -3.538095081946068450e-10 -6.125528125035978079e-10 -1.957181028261845839e-10 -1.517617064833903046e-10 -7.772191699988498874e-11 -2.846901394096172777e-11 2.586938257699661372e-11 1.589305582417080038e-10 2.879897717506014811e-10 0.000000000000000000e+00
0.000000000000000000e+00 0.000000000000000000e+00 0.000000000000000000e+00 0.000000000000000000e+00 0.000000000000000000e+00 0.000000000000000000e+00 -4.711394245604794543e-10 -8.198546839320223562e-10 -2.598358673133256535e-10 4.759734705962152535e-10 5.756672912538310672e-11 -1.777668410039687633e-10 7.183426129102361053e-12 -8.028694328657319973e-13 -1.366240329191284005e-11 -2.336119214765106128e-11 -1.525387892678364193e-10 1.770323474991286908e-10 2.902246855677455889e-10 0.000000000000000000e+00
0.000000000000000000e+00 0.000000000000000000e+00 0.000000000000000000e+00 0.000000000000000000e+00 0.000000000000000000e+00 0.000000000000000000e+00 -9.141809937900064324e-10 -1.230795114375269344e-09 -6.648398160296121342e-10 1.705869691118888480e-10 -5.833786310245407661e-11 -3.274119577623688618e-10 -8.127694928533701774e-11 -5.565425333731677927e-11 -2.993450352058235282e-11 -1.117562015184216402e-11 1.233515549769337086e-11 5.253748566029094233e-11 -8.355527321185602322e-08 0.000000000000000000e+00
0.000000000000000000e+00 0.000000000000000000e+00 0.000000000000000000e+00 0.000000000000000000e+00 0.000000000000000000e+00 0.000000000000000000e+00 -6.038602504595259187e-10 -5.152700927253530211e-10 -1.501935319281166578e-10 2.804773550760547097e-10 6.079019859757293173e-11 -1.852516463189655878e-10 -2.469871423521503059e-11 -1.070370492972456620e-11 -7.580092556092876404e-12 5.187961270888938375e-13 3.025909396515996075e-12 1.771212219245883984e-11 -1.030259799587264460e-07 0.000000000000000000e+00
0.000000000000000000e+00 0.000000000000000000e+00 0.000000000000000000e+00 0.000000000000000000e+00 0.000000000000000000e+00 0.000000000000000000e+00 -7.108369649231825720e-09 -1.622096944852454585e-08 -9.278514289544608047e-09 -3.061071857893689075e-10 -2.206611073253422638e-09 -1.528285889779331990e-09 -1.696341253350981652e-10 -1.402781177794211664e-10 -8.309105212789815638e-11 -4.057923398725836272e-11 2.675029800588514982e-11 4.791460916882596029e-10 7.766474690293502881e-10 0.000000000000000000e+00
0.000000000000000000e+00 0.000000000000000000e+00 0.000000000000000000e+00 0.000000000000000000e+00 0.000000000000000000e+00 0.000000000000000000e+00 -2.395729074163979797e-09 -6.331666666946166812e-09 -2.469621782679257925e-09 2.248929352920073509e-09 1.145822798634599761e-10 2.677830667229811078e-11 9.552036979968286381e-11 -2.501308697376173513e-11 -4.096599297119390260e-11 3.375296248342681021e-11 1.446657777509284401e-09 5.359321754968146017e-10 8.124164571020086249e-10 0.000000000000000000e+00
0.000000000000000000e+00 0.000000000000000000e+00 0.000000000000000000e+00 0.000000000000000000e+00 0.000000000000000000e+00 0.000000000000000000e+00 -5.654288841695926353e-09 -7.199124776890586766e-09 -4.146804342005049914e-09 1.152296839849362374e-09 -8.953754258063800737e-10 -5.075743814755588009e-10 1.151349283847501296e-11 -2.516830451651875066e-11 -4.274247534922300759e-11 -1.218820315250855638e-11 1.510487417996180254e-11 1.866212632027809326e-10 -6.023605124653141148e-07 0.000000000000000000e+00
0.000000000000000000e+00 0.000000000000000000e+00 0.000000000000000000e+00 0.000000000000000000e+00 0.000000000000000000e+00 0.000000000000000000e+00 -4.348848649082422107e-09 -3.432843545139155230e-09 -1.891954458266309550e-09 1.679065886459309601e-09 -3.107235303051968654e-10 -3.621851489545164171e-11 8.659147601655981399e-11 1.298537776049235396e-11 -3.213464445078494334e-11 2.210265033753486147e-12 6.655357790854844597e-12 5.122318121126379568e-11 -6.956916280963510374e-07 0.000000000000000000e+00
0.000000000000000000e+00 0.000000000000000000e+00 0.000000000000000000e+00 0.000000000000000000e+00 0.000000000000000000e+00 0.000000000000000000e+00 2.176466050179002113e-13 3.361213335316983325e-11 -1.361953371826531844e-10 4.601558561125464941e-11 -3.868314495299968358e-11 8.157119325918040401e-11 -8.243065154738497476e-11 -3.905465402486685391e-11 -2.481676875749133413e-12 -1.924763875710282246e-11 -8.419917709721486736e-11 -3.923220223835014638e-09 2.936621105357074553e-06 0.000000000000000000e+00
0.000000000000000000e+00 0.000000000000000000e+00 0.000000000000000000e+00 0.000000000000000000e+00 0.000000000000000000e+00 0.000000000000000000e+00 4.689825200645583703e-10 -1.921859098353583991e-10 -4.875204428411890941e-10 1.475648111265749420e-10 -2.225628320992211011e-10 2.628111329878535212e-10 -8.560277002898673831e-11 -1.091120719889230232e-10 -6.836831703939367203e-11 5.631826786813535905e-11 1.856406230518266754e-05 -4.358212159509391417e-09 2.941645710635488092e-06 0.000000000000000000e+00
0.000000000000000000e+00 0.000000000000000000e+00 0.000000000000000000e+00 0.000000000000000000e+00 0.000000000000000000e+00 0.000000000000000000e+00 1.536621351303192429e-10 -5.001044460381166940e-11 -1.516996932297836146e-10 2.498520669934485805e-11 -4.193708851877106961e-11 8.629047155485654787e-11 -7.823054474611192508e-11 -5.044300800951932415e-11 -2.379855055272865853e-11 -3.247042117036955962e-11 -6.901505545003165093e-11 -6.497146551985941312e-09 2.700818544728825898e+01 0.000000000000000000e+00
0.000000000000000000e+00 0.000000000000000000e+00 0.000000000000000000e+00 0.000000000000000000e+00 0.000000000000000000e+00 0.000000000000000000e+00 2.890468246253073148e-10 -1.315086610419532203e-10 -1.602051392561114806e-10 2.093333437756464979e-11 -4.446750161459313472e-11 1.084439382018087542e-10 -6.937315104986720854e-11 -6.022607307483242871e-11 -4.178942815694973858e-11 -4.372766829147005722e-11 -5.689638572173088409e-11 -7.576239092537060307e-09 3.890416931148009638e+01 0.000000000000000000e+00
