0.000000000000000000e+00 0.000000000000000000e+00 0.000000000000000000e+00 0.000000000000000000e+00 0.000000000000000000e+00 0.000000000000000000e+00 2.542452098319986137e-09 2.483042034776355391e-09 2.874396080402319796e-09 2.131692895622090155e-09 2.619049695063076196e-09 3.164276027257719720e-09 2.530457504894797430e-09 1.988932113627936171e-09 1.147282623280493547e-09 3.962897953285647216e-10 5.550230096787458806e-10 5.077704963967221208e-08 2.306862073208541895e-06 0.000000000000000000e+00
0.000000000000000000e+00 0.000000000000000000e+00 0.000000000000000000e+00 0.000000000000000000e+00 0.000000000000000000e+00 0.000000000000000000e+00 -8.307696996763511861e-11 5.118259010933582508e-10 6.725067030168396421e-10 2.924617820913019199e-10 4.139669662268135827e-10 5.413051641402622146e-10 4.219652965207533284e-10 3.769982148062416275e-10 3.487754580540078225e-10 5.170842169749071506e-10 6.636776210329394790e-05 5.637886764364463219e-08 2.308860822618589439e-06 0.000000000000000000e+00
0.000000000000000000e+00 0.000000000000000000e+00 0.000000000000000000e+00 0.000000000000000000e+00 0.000000000000000000e+00 0.000000000000000000e+00 5.566623541055168346e-10 6.420407937019297764e-10 5.445532893895122949e-10 5.115584729509759837e-10 6.312408301588473805e-10 8.300878260966628255e-10 7.624933713879688870e-10 6.757149837713893736e-10 4.640089120965739837e-10 2.560347691486449767e-10 2.804955755988014727e-10 1.894678565051261327e-08 1.594568068014332596e+01 0.000000000000000000e+00
0.000000000000000000e+00 0.000000000000000000e+00 0.000000000000000000e+00 0.000000000000000000e+00 0.000000000000000000e+00 0.000000000000000000e+00 1.430590437576653539e-10 3.041780747506483013e-10 2.427147238605316565e-10 2.549063272003624355e-10 3.000295785847130358e-10 4.709790277627294383e-10 4.860276151759019740e-10 4.600054146762433623e-10 3.254482684387087376e-10 2.086946160014100918e-10 1.873811752560254436e-10 1.785044805865232153e-08 2.277495959987628282e+01 0.000000000000000000e+00
0.000000000000000000e+00 0.000000000000000000e+00 0.000000000000000000e+00 0.000000000000000000e+00 0.000000000000000000e+00 0.000000000000000000e+00 -6.547990415238789813e-09 -1.404049579125627696e-08 -1.050341712280653624e-08 -1.151921680713073453e-09 -1.849648651840351650e-09 -3.055795484902690661e-09 -1.025689101396556040e-09 -6.880316423139053286e-10 -3.833480937202370459e-10 -1.277949453966346906e-10 7.836300786338577686e-11 5.138113554934946555e-10 7.710935043337365937e-10 0.000000000000000000e+00
0.000000000000000000e+00 0.000000000000000000e+00 0.000000000000000000e+00 0.000000000000000000e+00 0.000000000000000000e+00 0.000000000000000000e+00 -1.433329244192293700e-10 -2.766509770138936360e-09 -1.252902505308649395e-09 9.076459675913537653e-10 4.834998930110960016e-10 -6.752388349724317428e-10 2.082635093483743169e-10 6.339061167244140636e-12 -6.265057086776516069e-11 -7.006010260764679626e-11 -4.669205057212485053e-10 5.196561035807806442e-10 7.729574747514631501e-10 0.000000000000000000e+00
0.000000000000000000e+00 0.000000000000000000e+00 0.000000000000000000e+00 0.000000000000000000e+00 0.000000000000000000e+00 0.000000000000000000e+00 -3.613059368984131442e-09 -5.957936701221945101e-09 -3.678215672391896228e-09 9.989885487436305575e-10 -1.471443871111141130e-10 -1.395332920750588195e-09 -2.201718090696653884e-10 -2.648288656488439514e-10 -1.571177272404061985e-10 -6.107534331168058596e-11 3.098110812880638627e-11 1.783458972061622953e-10 2.387088364231098557e-07 0.000000000000000000e+00
0.000000000000000000e+00 0.000000000000000000e+00 0.000000000000000000e+00 0.000000000000000000e+00 0.000000000000000000e+00 0.000000000000000000e+00 -2.405670862264297462e-09 -3.575166155575177253e-09 -1.708573045138810258e-09 1.411012681298930832e-09 3.275180629576779212e-10 -8.398500109440448892e-10 3.557941346659859768e-11 -1.050874550908083208e-10 -5.775075761208658743e-11 -7.034838736316927372e-12 7.774906491500909478e-12 5.994401732251525298e-11 2.872801145332954431e-07 0.000000000000000000e+00
0.000000000000000000e+00 0.000000000000000000e+00 0.000000000000000000e+00 0.000000000000000000e+00 0.000000000000000000e+00 0.000000000000000000e+00 -3.921492979125492568e-08 -6.123288921477569654e-08 -5.519937979125199803e-08 -4.851063498948942412e-09 -1.213574340750742957e-08 -6.930242826735907086e-09 -5.688382826670756180e-10 -2.636386502989883256e-10 -2.271178793690409792e-10 7.869199624686644171e-12 6.984462757770603216e-11 1.093038766230010086e-09 -1.288649141129718392e-09 0.000000000000000000e+00
0.000000000000000000e+00 0.000000000000000000e+00 0.000000000000000000e+00 0.000000000000000000e+00 0.000000000000000000e+00 0.000000000000000000e+00 -2.442154962091113062e-09 -5.350027136838561669e-09 -1.179129370185382804e-08 5.339373268762337861e-09 1.020115463350880154e-09 8.444817617355094488e-10 8.520799079005728303e-10 -3.247054316627392925e-11 -9.831755059056294599e-11 1.431214992534900789e-10 1.741490863893346054e-08 1.113614615520064402e-09 -1.322273588098491985e-09 0.000000000000000000e+00
0.000000000000000000e+00 0.000000000000000000e+00 0.000000000000000000e+00 0.000000000000000000e+00 0.000000000000000000e+00 0.000000000000000000e+00 -2.112667861490627239e-08 -2.024959193631690483e-08 -2.086872204943611233e-08 2.302364809848955602e-09 -2.808958549420047687e-09 -1.979887488549560365e-09 4.695784613834688916e-10 1.866625180100800014e-11 -1.215291380814178619e-10 8.007868054947711739e-11 4.475310359140999639e-11 5.961840560512581258e-10 -1.478098755676001660e-06 0.000000000000000000e+00
0.000000000000000000e+00 0.000000000000000000e+00 0.000000000000000000e+00 0.000000000000000000e+00 0.000000000000000000e+00 0.000000000000000000e+00 -1.412499478398059270e-08 -8.169558199092992642e-09 -1.122727608413512638e-08 4.390445061341003071e-09 -1.536678195515903848e-10 -2.637841765714193393e-10 7.505715748409532375e-10 7.434611687784951007e-11 -8.658503443397611851e-11 1.284490131257468322e-10 2.426654871077241380e-11 3.681810980852329125e-10 -1.727626867633467072e-06 0.000000000000000000e+00
0.000000000000000000e+00 0.000000000000000000e+00 0.000000000000000000e+00 0.000000000000000000e+00 0.000000000000000000e+00 0.000000000000000000e+00 8.798469041680746612e-10 -5.234025634442672005e-11 4.138875252332567557e-10 7.791088092007937921e-10 -3.272610187666516411e-10 -1.385588004948635735e-11 -1.482387423105770400e-10 -2.031118628286740476e-10 -8.589418437693707882e-11 -1.110554804915305760e-10 -1.781627256253070528e-10 -7.390390867162415331e-09 -5.854100249904626046e-07 0.000000000000000000e+00
0.000000000000000000e+00 0.000000000000000000e+00 0.000000000000000000e+00 0.000000000000000000e+00 0.000000000000000000e+00 0.000000000000000000e+00 2.364431997531025609e-09 4.501912805037084681e-10 -4.829863160307376926e-10 1.792633040829107674e-09 -1.490511081954185978e-09 -1.576592661883809021e-10 -3.496756691998393675e-10 -4.629246753652066317e-10 -2.867765794331268519e-10 -8.114717431510745819e-11 6.390534594978083960e-04 -9.706089373222045727e-09 -5.948869540036113419e-07 0.000000000000000000e+00
0.000000000000000000e+00 0.000000000000000000e+00 0.000000000000000000e+00 0.000000000000000000e+00 0.000000000000000000e+00 0.000000000000000000e+00 2.343903597086709641e-09 -9.289928154293745070e-10 -1.273462349640499643e-10 8.797140552731555370e-10 -3.359619649023266288e-10 -9.038965326745756537e-12 -1.313334505292089222e-10 -3.268842223796161704e-10 -2.136677736887182530e-10 -1.422929527556827444e-10 -9.915081903120801476e-11 -1.273510572950408835e-08 -1.707581550350843997e+02 0.000000000000000000e+00
0.000000000000000000e+00 0.000000000000000000e+00 0.000000000000000000e+00 0.000000000000000000e+00 0.000000000000000000e+00 0.000000000000000000e+00 2.635267623284251435e-09 -1.029230316283263217e-09 -2.491729315665646907e-10 1.012737902508129607e-09 -3.454819821475787915e-10 -3.202373856493833033e-11 -1.227355166315862125e-10 -3.982351215755224729e-10 -2.851143363171316186e-10 -1.697909484247091845e-10 -7.099015689876813614e-11 -1.387488944001261020e-08 -2.475338223763994563e+02 0.000000000000000000e+00
