0.000000000000000000e+00 0.000000000000000000e+00 0.000000000000000000e+00 0.000000000000000000e+00 0.000000000000000000e+00 0.000000000000000000e+00 2.708807235312985771e-09 2.187454541167440416e-09 2.953732458358059401e-09 2.165317436413618552e-09 2.726215557980314243e-09 2.514478646717146972e-09 2.505640657951309873e-09 1.901005751044696568e-09 1.117386378486164363e-09 3.573717268048239923e-10 6.228957947097725909e-10 5.396531020236811563e-08 2.097677229013408248e-06 0.000000000000000000e+00
0.000000000000000000e+00 0.000000000000000000e+00 0.000000000000000000e+00 0.000000000000000000e+00 0.000000000000000000e+00 0.000000000000000000e+00 3.275358503618388976e-11 2.494318046007110390e-10 2.434407370789033050e-10 3.625262794658026363e-10 3.487615681164049076e-10 3.859557001719191023e-10 2.303178323051919332e-10 1.669126342695033055e-10 1.869851088444039722e-10 3.398830300305473385e-10 5.118107806273915114e-05 5.865776144853641222e-08 2.100880907576098405e-06 0.000000000000000000e+00
0.000000000000000000e+00 0.000000000000000000e+00 0.000000000000000000e+00 0.000000000000000000e+00 0.000000000000000000e+00 0.000000000000000000e+00 5.502778455698410036e-10 4.098211428809280557e-10 4.373891889944463530e-10 4.724426835780526855e-10 4.674462630459246475e-10 4.629246326115951413e-10 5.406521741379843922e-10 4.432792053678912332e-10 3.457637521371020825e-10 1.737443218931895922e-10 2.648200242324951739e-10 1.851930784663638746e-08 -4.511467064251054637e+01 0.000000000000000000e+00
0.000000000000000000e+00 0.000000000000000000e+00 0.000000000000000000e+00 0.000000000000000000e+00 0.000000000000000000e+00 0.000000000000000000e+00 1.355416127301476266e-10 2.480846174326239461e-10 1.987311488590024691e-10 2.667346903911084927e-10 2.005501624669182507e-10 2.011155495752045525e-10 2.720954408620527123e-10 2.310739921829873317e-10 1.926869958614266003e-10 9.595658866844774729e-11 1.342937384529235022e-10 1.810445428502266292e-08 -6.703628986257692191e+01 0.000000000000000000e+00
0.000000000000000000e+00 0.000000000000000000e+00 0.000000000000000000e+00 0.000000000000000000e+00 0.000000000000000000e+00 0.000000000000000000e+00 -3.921100610611516907e-09 -4.081618337279095939e-09 -1.346301444214348486e-08 -4.989949914172771260e-09 -4.305592106215734215e-09 -2.174308784910104055e-09 -1.153651613150827091e-09 -7.882237788356672688e-10 -4.061660249709260273e-10 -1.466628859132077247e-10 8.011967048387962384e-11 5.523415443174812138e-10 6.375654389351350932e-10 0.000000000000000000e+00
0.000000000000000000e+00 0.000000000000000000e+00 0.000000000000000000e+00 0.000000000000000000e+00 0.000000000000000000e+00 0.000000000000000000e+00 1.463686554090910098e-09 5.065117479345837574e-10 -1.283632045011570967e-09 -8.696659352489847825e-12 1.557461449028833054e-10 -7.402470650481714398e-10 9.399851982870156813e-11 -6.305597909229984874e-11 -6.944985265527820767e-11 -8.818926869911587556e-11 1.496915438314928444e-09 5.554819076104187858e-10 6.388026248528000210e-10 0.000000000000000000e+00
0.000000000000000000e+00 0.000000000000000000e+00 0.000000000000000000e+00 0.000000000000000000e+00 0.000000000000000000e+00 0.000000000000000000e+00 -2.495639499922260039e-09 3.396950894125428655e-10 -5.101141021327934683e-09 -1.253478394797447335e-09 -1.350542996874819515e-09 -9.600637341235726552e-10 -2.885728879384228447e-10 -3.064493208252561064e-10 -1.685849973698396220e-10 -7.903161250529124916e-11 3.075273937364825695e-11 1.794621755330558551e-10 -2.992655692656957855e-07 0.000000000000000000e+00
0.000000000000000000e+00 0.000000000000000000e+00 0.000000000000000000e+00 0.000000000000000000e+00 0.000000000000000000e+00 0.000000000000000000e+00 -1.525904655846706654e-09 1.278106405966360426e-09 -2.714537550164149092e-09 -2.562511571776284896e-10 -4.181102194907819947e-10 -6.101134865935246654e-10 -2.651852249706925002e-11 -1.379123699922080652e-10 -6.369025139808674251e-11 -2.389755975001159796e-11 7.614464495334656535e-12 5.125800832149672113e-11 -3.645530805818472812e-07 0.000000000000000000e+00
0.000000000000000000e+00 0.000000000000000000e+00 0.000000000000000000e+00 0.000000000000000000e+00 0.000000000000000000e+00 0.000000000000000000e+00 -3.567190701436525878e-08 -1.932433695955627425e-08 -8.019483810971648777e-08 -7.432826407981234487e-09 -1.585891426453916492e-08 -7.641882440955727576e-09 -3.676931500762080362e-09 4.001686542970690678e-11 -3.093525503734705556e-10 -3.482651247748787637e-11 2.923081273918129618e-11 2.710249249569674581e-10 2.621813796162298069e-09 0.000000000000000000e+00
0.000000000000000000e+00 0.000000000000000000e+00 0.000000000000000000e+00 0.000000000000000000e+00 0.000000000000000000e+00 0.000000000000000000e+00 6.601213116437526288e-09 2.278239737213200612e-10 -7.312387153443072853e-09 4.745381763649772727e-09 3.997684900199696396e-09 -2.838145589509122246e-09 1.710407297150680539e-10 3.836851431164039993e-10 -1.154499440627679732e-11 -2.847691996842828003e-12 -6.197727838445573519e-09 1.834490840474199752e-10 2.593611411904762420e-09 0.000000000000000000e+00
0.000000000000000000e+00 0.000000000000000000e+00 0.000000000000000000e+00 0.000000000000000000e+00 0.000000000000000000e+00 0.000000000000000000e+00 -1.978003555583565634e-08 -5.060064051352588416e-09 -2.471987887511260213e-08 2.898667858216383802e-09 -3.263491657215965057e-09 -3.469722541702391913e-09 -9.446941996322864403e-10 2.290657325894038057e-10 -1.208314615546601125e-10 -9.523029626966019949e-13 -2.063233616273733414e-15 1.994981092306054403e-10 1.801599997434389969e-06 0.000000000000000000e+00
0.000000000000000000e+00 0.000000000000000000e+00 0.000000000000000000e+00 0.000000000000000000e+00 0.000000000000000000e+00 0.000000000000000000e+00 -1.150917703328038858e-08 -1.091448477173638661e-09 -9.613279056693626813e-09 5.392064811272208138e-09 5.567889043019809309e-10 -2.297128305791370004e-09 -1.014029281571431106e-10 3.063770331605030945e-10 -2.325541173206861936e-11 2.226004521608418078e-11 -1.292261924601994828e-11 2.056802967882021274e-10 2.187994543102341335e-06 0.000000000000000000e+00
0.000000000000000000e+00 0.000000000000000000e+00 0.000000000000000000e+00 0.000000000000000000e+00 0.000000000000000000e+00 0.000000000000000000e+00 1.625937640447073444e-09 7.889211361349193984e-10 1.796266039026111752e-11 3.174907681541180019e-10 4.574422275391310930e-10 -2.454501505768801849e-11 -2.403261579553240825e-11 -1.385641543435596621e-10 -7.459616022020291024e-11 -6.228489825878722920e-11 -2.707158034856054362e-10 -1.025825769482764065e-08 -7.761549521996526319e-06 0.000000000000000000e+00
0.000000000000000000e+00 0.000000000000000000e+00 0.000000000000000000e+00 0.000000000000000000e+00 0.000000000000000000e+00 0.000000000000000000e+00 -2.734922845752464241e-10 9.596204287372251397e-10 -1.667533560920947809e-09 -9.534524693088536772e-10 1.307661163667033112e-09 -7.184861431361301167e-10 -6.581566654476891331e-10 -2.995322213467583597e-10 -1.423889960367002470e-10 7.976113020150627403e-11 -2.694690167988161270e-04 -1.122264140425991777e-08 -7.757240085386793004e-06 0.000000000000000000e+00
0.000000000000000000e+00 0.000000000000000000e+00 0.000000000000000000e+00 0.000000000000000000e+00 0.000000000000000000e+00 0.000000000000000000e+00 8.928420653708556606e-10 1.430967007870500017e-09 -3.598223393475613288e-10 -3.208959168933677207e-10 4.413736193881513474e-10 -1.650860966635706371e-10 -1.187129955680997864e-10 -1.721876644771763497e-10 -1.373848274183972558e-10 -1.042977484228637473e-10 -1.872817646808149926e-10 -1.718154613239288959e-08 -1.516866299659482991e+02 0.000000000000000000e+00
0.000000000000000000e+00 0.000000000000000000e+00 0.000000000000000000e+00 0.000000000000000000e+00 0.000000000000000000e+00 0.000000000000000000e+00 4.433783407927633038e-10 1.581880430158569462e-09 -5.827889015398135346e-10 -5.136942003260970412e-10 4.854020426639239832e-10 -2.232991870418822964e-10 -2.412375690686565315e-10 -2.331849362671628159e-10 -1.985995540616780815e-10 -1.555788378956454614e-10 -1.395196554161872022e-10 -2.060220073684689033e-08 -2.230893995205249780e+02 0.000000000000000000e+00
