0.000000000000000000e+00 0.000000000000000000e+00 0.000000000000000000e+00 0.000000000000000000e+00 0.000000000000000000e+00 0.000000000000000000e+00 3.022062052147046166e-09 1.658548561709641728e-09 2.050333132421076151e-09 1.588340983291168581e-09 1.426101416362028011e-09 1.726468067091388555e-09 1.491765282888743387e-09 1.265575890546513661e-09 7.200220661228719954e-10 2.092582475610621201e-10 3.627206517542863647e-10 3.625228291741987956e-08 2.245579200336275552e-06 0.000000000000000000e+00
0.000000000000000000e+00 0.000000000000000000e+00 0.000000000000000000e+00 0.000000000000000000e+00 0.000000000000000000e+00 0.000000000000000000e+00 -2.457103458051693455e-10 8.814588650880506715e-11 3.840724758042084745e-10 2.688487642684197387e-10 1.271593206110414966e-10 3.057432941550189950e-10 2.102041101474956246e-10 1.516017402836258289e-10 1.257786553598629705e-10 1.706955721930024776e-10 2.348648498927731690e-05 4.017796492443580327e-08 2.247387757617160301e-06 0.000000000000000000e+00
0.000000000000000000e+00 0.000000000000000000e+00 0.000000000000000000e+00 0.000000000000000000e+00 0.000000000000000000e+00 0.000000000000000000e+00 3.673001942328043577e-10 4.353342774439924422e-10 4.188226614869735429e-10 2.379307807272646235e-10 2.647589288080931359e-10 3.351562055665187431e-10 3.632144499435853019e-10 3.495077444929019408e-10 2.429031942813911067e-10 1.066415382368497546e-10 1.543824041587902232e-10 1.789519459210570745e-08 -2.336303710985066573e+01 0.000000000000000000e+00
0.000000000000000000e+00 0.000000000000000000e+00 0.000000000000000000e+00 0.000000000000000000e+00 0.000000000000000000e+00 0.000000000000000000e+00 -1.342268083097554909e-11 2.818324726740399383e-10 2.797414777244112291e-10 6.652213968515012825e-11 1.334982035979107369e-10 1.803089178456555725e-10 2.379112841028409360e-10 2.203606963736384553e-10 1.531260182661471529e-10 6.831676704868013905e-11 7.958146663536737192e-11 1.971159922333999555e-08 -3.534696805298790423e+01 0.000000000000000000e+00
0.000000000000000000e+00 0.000000000000000000e+00 0.000000000000000000e+00 0.000000000000000000e+00 0.000000000000000000e+00 0.000000000000000000e+00 -2.664778292312504178e-08 -3.459384570500856609e-09 -6.705035657656423555e-09 -7.082122216094717278e-09 -4.066571252047695465e-09 -1.937349065025983818e-09 -9.549638150490225641e-10 -7.966459226398627144e-10 -3.503170141153142315e-10 -1.221193993234179093e-10 7.358867492647891302e-11 4.810354560494566000e-10 6.363658306387314776e-10 0.000000000000000000e+00
0.000000000000000000e+00 0.000000000000000000e+00 0.000000000000000000e+00 0.000000000000000000e+00 0.000000000000000000e+00 0.000000000000000000e+00 -1.457055514575970580e-09 -2.678947545461300700e-09 -3.123513260580804191e-09 -2.132581395669401496e-09 -1.343994552719037521e-10 1.008782752608732208e-10 3.740407847458399058e-11 -9.612464790576443869e-11 -5.196580647966924661e-11 -6.898150707406527510e-11 -8.209411021001204814e-10 4.880260431256846049e-10 6.394313992136724576e-10 0.000000000000000000e+00
0.000000000000000000e+00 0.000000000000000000e+00 0.000000000000000000e+00 0.000000000000000000e+00 0.000000000000000000e+00 0.000000000000000000e+00 -1.024369142994510765e-08 -2.494399864080356836e-09 -3.207308464809180856e-09 -2.422345054007389480e-09 -1.184720441668761731e-09 -4.507449810425425568e-10 -2.950797865399646819e-10 -3.040772611215835952e-10 -1.440227943754966046e-10 -5.901145881085419975e-11 3.154966329102295755e-11 1.224351400816866236e-10 1.523200483436081320e-08 0.000000000000000000e+00
0.000000000000000000e+00 0.000000000000000000e+00 0.000000000000000000e+00 0.000000000000000000e+00 0.000000000000000000e+00 0.000000000000000000e+00 -4.689397201011809699e-09 -2.130729858198803814e-09 -2.200868831333285311e-09 -1.279307687956882135e-09 -2.917010439328862291e-10 -9.111835378928583079e-12 -7.401168676365151518e-11 -1.376171358697611750e-10 -5.286339978889208578e-11 -8.175438250930653665e-12 1.147002726207028066e-11 2.861641157460542449e-12 1.908106771398811783e-08 0.000000000000000000e+00
0.000000000000000000e+00 0.000000000000000000e+00 0.000000000000000000e+00 0.000000000000000000e+00 0.000000000000000000e+00 0.000000000000000000e+00 -1.329276040486203301e-07 -4.159191087995882909e-08 -3.577601509594884528e-08 -2.298027800808083386e-08 -1.315462751554800249e-08 -6.340303562394118620e-09 -3.059966835103169477e-09 -1.177380106952583694e-09 -7.855448072732555724e-11 -3.629991112365929493e-11 2.831672276849523394e-11 3.447292090508124227e-10 -1.233225560782631727e-09 0.000000000000000000e+00
0.000000000000000000e+00 0.000000000000000000e+00 0.000000000000000000e+00 0.000000000000000000e+00 0.000000000000000000e+00 0.000000000000000000e+00 -8.917373819920443471e-10 -1.630887706575757759e-08 -6.745974362779552270e-09 -9.392567705921069773e-11 -8.906510555130262726e-10 3.673932169740312848e-10 1.046855903804298947e-09 2.000521863951145085e-10 8.931420171913695455e-12 5.565078215944855184e-11 -1.532130165294846433e-09 3.556404991348785550e-10 -1.163253106833174065e-09 0.000000000000000000e+00
0.000000000000000000e+00 0.000000000000000000e+00 0.000000000000000000e+00 0.000000000000000000e+00 0.000000000000000000e+00 0.000000000000000000e+00 -5.150275546343155726e-08 -1.658299985690476885e-08 -1.288225435059989950e-08 -5.070794870509293452e-09 -4.187033738103494760e-09 -1.285962860719679905e-09 1.656116930307948990e-10 7.703621045651433614e-12 4.516017921780281609e-11 4.471976543991378652e-11 -6.006409198474939457e-12 -4.873564143595311279e-10 7.877557180491932880e-06 0.000000000000000000e+00
0.000000000000000000e+00 0.000000000000000000e+00 0.000000000000000000e+00 0.000000000000000000e+00 0.000000000000000000e+00 0.000000000000000000e+00 -2.298887514138493773e-08 -9.809613277350055080e-09 -6.018211545370067578e-09 -3.637183657828565191e-10 -1.276833135056917917e-09 2.132712986810316183e-10 1.101249745245586510e-09 3.679061202810569553e-10 7.733736905874551518e-11 1.003705544165135575e-10 -2.261230482187865501e-11 -7.123567656062031082e-10 9.532107596592750900e-06 0.000000000000000000e+00
0.000000000000000000e+00 0.000000000000000000e+00 0.000000000000000000e+00 0.000000000000000000e+00 0.000000000000000000e+00 0.000000000000000000e+00 1.414682591442756511e-09 4.315910692218910661e-10 -4.152751638655201939e-10 -8.623972884376070566e-10 5.972047830429771945e-10 -1.349340285087055221e-10 -2.523730500027458968e-10 -1.116260478800566138e-10 -1.701243311715697723e-10 -8.217191565032856985e-11 -2.735799417380749966e-10 -8.932244029559956171e-09 3.031561269525068862e-06 0.000000000000000000e+00
0.000000000000000000e+00 0.000000000000000000e+00 0.000000000000000000e+00 0.000000000000000000e+00 0.000000000000000000e+00 0.000000000000000000e+00 2.526867049808477364e-09 -5.495740707411250123e-10 2.389960333132774835e-09 -4.763197965399256284e-10 -1.064851534698122722e-09 -1.024040687586591463e-09 -2.911858286032690249e-10 -1.787686820958950697e-10 -2.072232053278527949e-10 2.487868407629668265e-11 3.939533949498807974e-04 -1.192315790203787293e-08 3.025984112623523275e-06 0.000000000000000000e+00
0.000000000000000000e+00 0.000000000000000000e+00 0.000000000000000000e+00 0.000000000000000000e+00 0.000000000000000000e+00 0.000000000000000000e+00 1.643167936029147126e-09 1.500615791115104932e-12 1.249659216017429023e-10 -6.845066156969518439e-10 4.796597155473261258e-10 -2.509093931556155963e-10 -2.133050320914067529e-10 -1.978943085739151828e-10 -2.431677738187407071e-10 -1.022502459686289254e-10 -1.985100414989075362e-10 -1.105735340072004865e-08 4.449978409703908966e+01 0.000000000000000000e+00
0.000000000000000000e+00 0.000000000000000000e+00 0.000000000000000000e+00 0.000000000000000000e+00 0.000000000000000000e+00 0.000000000000000000e+00 1.998108194533361529e-09 -1.739742907606442488e-10 3.971892093987566859e-10 -6.291783544435008069e-10 3.103120302505944002e-10 -3.710662213141864618e-10 -2.259833180280768563e-10 -2.272683927051548606e-10 -2.913191357551040297e-10 -1.296379379564075459e-10 -1.596375340598137554e-10 -8.170092946763899427e-09 6.437131888907394739e+01 0.000000000000000000e+00
