0.000000000000000000e+00 0.000000000000000000e+00 0.000000000000000000e+00 0.000000000000000000e+00 0.000000000000000000e+00 0.000000000000000000e+00 2.129827674106875680e-09 2.262559315843940161e-09 3.505400484745615804e-09 2.420102338307522736e-09 3.512763658299207829e-09 3.450576659150726944e-09 3.224588230636106960e-09 2.662044626180675283e-09 1.594705597266422858e-09 5.600150825469489721e-10 9.409489265538798852e-10 6.542896751176622500e-08 1.370936221331737776e-07 0.000000000000000000e+00
0.000000000000000000e+00 0.000000000000000000e+00 0.000000000000000000e+00 0.000000000000000000e+00 0.000000000000000000e+00 0.000000000000000000e+00 4.036187291079895479e-11 1.277902485148421336e-09 3.880406431882582179e-10 3.940580587482493689e-10 5.685382809086934437e-10 5.977815183901042060e-10 4.475757459935060963e-10 3.925116022464628620e-10 4.475248046787958655e-10 6.435713389982144380e-10 9.519655010546633467e-05 7.251919653928037257e-08 1.384192712632607456e-07 0.000000000000000000e+00
0.000000000000000000e+00 0.000000000000000000e+00 0.000000000000000000e+00 0.000000000000000000e+00 0.000000000000000000e+00 0.000000000000000000e+00 3.002169666415699602e-10 9.968066571495728366e-10 8.442687745263546687e-10 4.988542167630474310e-10 9.396241024002506339e-10 9.078489444665960745e-10 9.106740192803942664e-10 8.486668996731711905e-10 6.362140267713179040e-10 3.304403915046221251e-10 4.849231928515413386e-10 2.538381602294931721e-08 2.650259929156121075e+00 0.000000000000000000e+00
0.000000000000000000e+00 0.000000000000000000e+00 0.000000000000000000e+00 0.000000000000000000e+00 0.000000000000000000e+00 0.000000000000000000e+00 9.816435565422749946e-11 7.877161076660457806e-10 4.403401636736803688e-10 2.338410020820811714e-10 5.463689367648534863e-10 5.268052887489605350e-10 5.708597043159016369e-10 5.398088093264351955e-10 4.191950213116640244e-10 2.200202153949671180e-10 2.796653178177893531e-10 2.305391881347052023e-08 3.859840683999379962e+00 0.000000000000000000e+00
0.000000000000000000e+00 0.000000000000000000e+00 0.000000000000000000e+00 0.000000000000000000e+00 0.000000000000000000e+00 0.000000000000000000e+00 -6.012617542459010748e-09 -5.116475530206812357e-09 -4.135809688242351704e-09 -4.784418155135772659e-09 -3.810367168145767075e-09 -2.540281026963649594e-09 -1.853062773495357292e-09 -8.185679395143065539e-10 -4.583181172342460132e-10 -1.681685702540581476e-10 8.401205191917823536e-11 5.536927381256786107e-10 8.091034860729254696e-10 0.000000000000000000e+00
0.000000000000000000e+00 0.000000000000000000e+00 0.000000000000000000e+00 0.000000000000000000e+00 0.000000000000000000e+00 0.000000000000000000e+00 6.537694457260242989e-10 -2.529273699410753997e-09 -1.222784228661139124e-09 5.302614184512384147e-10 -3.970709575887293690e-10 -1.051020733091985931e-10 -1.428729611071945845e-10 -1.616416693049635500e-10 -9.716394991202575787e-11 -1.161232657965819478e-10 5.828061059079174943e-11 5.541899203413969618e-10 8.103057140719265197e-10 0.000000000000000000e+00
0.000000000000000000e+00 0.000000000000000000e+00 0.000000000000000000e+00 0.000000000000000000e+00 0.000000000000000000e+00 0.000000000000000000e+00 -8.994225365901000487e-10 -1.780207416018696665e-09 -1.301287006432674502e-09 -1.489774355515222657e-09 -9.744081797418589624e-10 -8.451618891770639076e-10 -6.939470303611906600e-10 -3.478072928603475819e-10 -1.903919156441306886e-10 -9.880771740022139994e-11 3.430607234370293087e-11 1.542284327574784383e-10 2.711905584166427956e-07 0.000000000000000000e+00
0.000000000000000000e+00 0.000000000000000000e+00 0.000000000000000000e+00 0.000000000000000000e+00 0.000000000000000000e+00 0.000000000000000000e+00 5.607159480194417079e-10 -8.334589061223862946e-10 -5.927013340309533444e-10 -4.406953820888307941e-10 -2.157198606468395509e-10 -3.384437398784835850e-10 -3.284167150923620426e-10 -1.957322417458084261e-10 -7.419838138990304806e-11 -4.021814481702935434e-11 1.125774468288077863e-11 2.403301696704986453e-11 3.308754795702032244e-07 0.000000000000000000e+00
0.000000000000000000e+00 0.000000000000000000e+00 0.000000000000000000e+00 0.000000000000000000e+00 0.000000000000000000e+00 0.000000000000000000e+00 -2.079720880932378260e-08 -3.970495936201212822e-08 -3.468948987465575129e-08 -9.602953878147258251e-09 -1.560123973189243210e-08 -2.597035396222993793e-09 -3.734056507224167350e-09 -5.287104483700445744e-11 -3.211765718188156330e-10 -1.564694113834570790e-10 1.223536331453350323e-10 4.781791211624612191e-10 2.887751259067045641e-09 0.000000000000000000e+00
0.000000000000000000e+00 0.000000000000000000e+00 0.000000000000000000e+00 0.000000000000000000e+00 0.000000000000000000e+00 0.000000000000000000e+00 -4.696685650329516186e-09 -1.495312114410139461e-08 -9.555603453625117205e-09 -7.925871784635792212e-10 -4.056835850585855780e-09 2.201511666194843425e-09 -1.496950688080312847e-10 4.399023383607294648e-11 4.115672670660655966e-11 -5.977507804350017618e-11 -3.214594116150571081e-08 4.228769806751539466e-10 2.877051173782949797e-09 0.000000000000000000e+00
0.000000000000000000e+00 0.000000000000000000e+00 0.000000000000000000e+00 0.000000000000000000e+00 0.000000000000000000e+00 0.000000000000000000e+00 1.913539345181405536e-09 -9.995299658096438769e-09 -1.290017297654484070e-08 -1.203800555078229790e-09 -4.557995470822713073e-09 8.348256087883600946e-11 -1.374941714716439486e-09 2.216516081429531492e-10 2.705023617262167588e-11 -7.235734695925902469e-11 5.368675086271247446e-11 -1.996158334140116221e-10 -2.296635506782797311e-07 0.000000000000000000e+00
0.000000000000000000e+00 0.000000000000000000e+00 0.000000000000000000e+00 0.000000000000000000e+00 0.000000000000000000e+00 0.000000000000000000e+00 7.734144641365550207e-09 -3.227735413125149035e-09 -6.532483929258699035e-09 8.836725087076152067e-10 -1.778520695996873066e-09 9.488559041144339053e-10 -5.924829253727499252e-10 2.452018672489662835e-10 1.228136853259922298e-10 -2.782446550127776939e-12 2.840158395933807919e-11 -3.485503428901327840e-10 -2.428044801763097780e-07 0.000000000000000000e+00
0.000000000000000000e+00 0.000000000000000000e+00 0.000000000000000000e+00 0.000000000000000000e+00 0.000000000000000000e+00 0.000000000000000000e+00 -2.600030042272317604e-09 -1.072288731503313655e-09 -9.674668729769701728e-10 -3.295534054225164993e-10 -3.387342828388353349e-10 -7.222825982446212175e-10 -4.904119172578981689e-10 -2.428103007603188846e-10 -1.883326256379002017e-10 -1.281230847920574793e-10 -2.072452565983034948e-10 -1.012622752493233924e-08 2.568479539777780437e-06 0.000000000000000000e+00
0.000000000000000000e+00 0.000000000000000000e+00 0.000000000000000000e+00 0.000000000000000000e+00 0.000000000000000000e+00 0.000000000000000000e+00 -5.684945246017715993e-09 6.185185950181034651e-10 -1.709029734651023252e-09 -1.316563858595341731e-09 -7.555637359739593828e-10 -4.500886772428894107e-10 -5.295939737577579961e-10 -3.418769286501024369e-10 -2.392399687576120090e-10 -1.087765114942176882e-10 -4.363397693571941611e-04 -1.214609760462273166e-08 2.571170357687397292e-06 0.000000000000000000e+00
0.000000000000000000e+00 0.000000000000000000e+00 0.000000000000000000e+00 0.000000000000000000e+00 0.000000000000000000e+00 0.000000000000000000e+00 -2.352715839529060224e-09 -5.629045627895783514e-10 -7.599289486105371181e-10 -4.604111095732512639e-10 8.808840640093857920e-11 -7.989764200296263441e-10 -4.565551740325594743e-10 -2.577517068781044920e-10 -1.978341774687291878e-10 -1.526488831427305243e-10 -1.035261965179623321e-10 -1.636949195800884841e-08 -9.280345697925037030e+01 0.000000000000000000e+00
0.000000000000000000e+00 0.000000000000000000e+00 0.000000000000000000e+00 0.000000000000000000e+00 0.000000000000000000e+00 0.000000000000000000e+00 -2.365388902149354684e-09 -5.101797697153908284e-10 -6.550495245788711634e-10 -5.393514433980850544e-10 1.676158145172962006e-10 -8.077654551064545384e-10 -4.888774429202645193e-10 -2.914217163938142229e-10 -2.162619166987378221e-10 -1.785668471803142899e-10 -5.999001717292325207e-11 -1.793630164045658928e-08 -1.381493326162060384e+02 0.000000000000000000e+00
