0.000000000000000000e+00 0.000000000000000000e+00 0.000000000000000000e+00 0.000000000000000000e+00 0.000000000000000000e+00 0.000000000000000000e+00 4.986279665145061349e-09 2.889370931055429241e-09 1.824190323481340841e-09 1.619766111242871877e-09 2.083904188444610999e-09 2.671206719878630054e-09 2.347627315866669616e-09 1.921440856895922488e-09 1.133603122109804943e-09 3.020220650661357307e-10 5.449471308536015887e-10 5.514967296799000206e-08 3.484585957844327784e-06 0.000000000000000000e+00
0.000000000000000000e+00 0.000000000000000000e+00 0.000000000000000000e+00 0.000000000000000000e+00 0.000000000000000000e+00 0.000000000000000000e+00 6.105215892677749936e-10 3.564467497094823739e-10 3.109898669646695499e-10 2.638275265061568721e-10 2.391317327055948050e-10 3.124387566844378686e-10 2.312878232096193808e-10 1.797416241249963981e-10 1.362425888600929213e-10 1.818300908511614775e-10 1.464689507811837417e-05 5.971877274197796581e-08 3.480445184533552156e-06 0.000000000000000000e+00
0.000000000000000000e+00 0.000000000000000000e+00 0.000000000000000000e+00 0.000000000000000000e+00 0.000000000000000000e+00 0.000000000000000000e+00 1.035730565045100197e-09 5.326948197386415465e-10 3.529303173466847186e-10 3.430265101876116637e-10 3.065772782538803239e-10 4.920704659926129517e-10 5.417417361804025618e-10 4.675775417967526686e-10 3.240976810041820149e-10 1.314556707802824176e-10 1.985709421064601158e-10 1.834807686445532739e-08 2.927522105911943129e+01 0.000000000000000000e+00
0.000000000000000000e+00 0.000000000000000000e+00 0.000000000000000000e+00 0.000000000000000000e+00 0.000000000000000000e+00 0.000000000000000000e+00 6.237212957025268436e-10 1.956116847264319525e-10 2.356828770296179069e-10 1.741483610638192767e-10 1.133912650261056736e-10 2.183295081799022294e-10 3.079789589484568049e-10 2.626266014499148551e-10 1.663985793190981067e-10 6.633127459917739248e-11 7.787730529038008214e-11 1.672005990440458893e-08 4.282364135711648601e+01 0.000000000000000000e+00
0.000000000000000000e+00 0.000000000000000000e+00 0.000000000000000000e+00 0.000000000000000000e+00 0.000000000000000000e+00 0.000000000000000000e+00 -2.878562484198088515e-08 -6.519078450778183928e-09 -6.960530177959130908e-09 -2.573778460607471044e-09 -2.483104460767333942e-09 -2.496716235766398468e-09 -7.585586420625027431e-10 -7.769730764185799098e-10 -4.196666281514959597e-10 -1.402485607305655837e-10 7.910550306996375758e-11 5.279534804931648895e-10 6.631299901584347843e-10 0.000000000000000000e+00
0.000000000000000000e+00 0.000000000000000000e+00 0.000000000000000000e+00 0.000000000000000000e+00 0.000000000000000000e+00 0.000000000000000000e+00 -2.810917973584168944e-09 -1.334166636815204590e-09 1.865744803657566529e-09 5.037605335133931026e-10 7.399216698392835087e-12 -1.900268680531473529e-10 1.310564841491986419e-10 1.347492015726961682e-11 -7.903654009231058925e-11 -8.395164836147752671e-11 4.833195498721334935e-10 5.270012899278689176e-10 6.599946376462353399e-10 0.000000000000000000e+00
0.000000000000000000e+00 0.000000000000000000e+00 0.000000000000000000e+00 0.000000000000000000e+00 0.000000000000000000e+00 0.000000000000000000e+00 -1.018345133308189170e-08 -2.845717922736423286e-09 -4.018516670213473860e-10 -3.580201475329459894e-10 -6.178665122594006452e-10 -1.055330765506545255e-09 -5.690644584365422794e-11 -2.464938217854868796e-10 -1.819848631472742580e-10 -7.768903134443086777e-11 3.175943597670575338e-11 1.638677872164272520e-10 -5.904303778879777438e-08 0.000000000000000000e+00
0.000000000000000000e+00 0.000000000000000000e+00 0.000000000000000000e+00 0.000000000000000000e+00 0.000000000000000000e+00 0.000000000000000000e+00 -4.285562530284747140e-09 -1.589598425082699125e-09 1.687048446815979993e-09 1.923605857648484081e-10 -7.279041153027337243e-11 -5.759785988274633947e-10 1.365300216978566349e-10 -6.200917824056794698e-11 -7.700989094108339778e-11 -2.514533354881961436e-11 1.010554709072096681e-11 4.110115443233951111e-11 -7.229019904150245849e-08 0.000000000000000000e+00
0.000000000000000000e+00 0.000000000000000000e+00 0.000000000000000000e+00 0.000000000000000000e+00 0.000000000000000000e+00 0.000000000000000000e+00 -1.761342210537209356e-07 -4.963857367484075582e-08 -5.312047305043560120e-08 -1.955690656586676693e-08 -1.628284784322295847e-08 -8.479475639745453137e-09 -2.144114642642656296e-09 -6.086960285898379736e-10 4.766212489551303195e-11 -1.201027433042974047e-10 1.053844027507345937e-10 4.081359534061269485e-10 4.888051424096615301e-09 0.000000000000000000e+00
0.000000000000000000e+00 0.000000000000000000e+00 0.000000000000000000e+00 0.000000000000000000e+00 0.000000000000000000e+00 0.000000000000000000e+00 -2.076290599870777367e-08 -1.417203057555978837e-08 6.143206111717483550e-09 3.667479027525309654e-10 -1.486713846950268332e-09 -2.094388062958916335e-09 1.902612681501818579e-11 -8.068708465998346597e-11 1.018125405895004881e-10 -3.123752470404307410e-11 4.716353084304213041e-09 3.283360176971347875e-10 4.916233243364768950e-09 0.000000000000000000e+00
0.000000000000000000e+00 0.000000000000000000e+00 0.000000000000000000e+00 0.000000000000000000e+00 0.000000000000000000e+00 0.000000000000000000e+00 -6.019317817808830549e-08 -1.613191408928475450e-08 -1.150564356184136042e-08 -6.087889291623810236e-09 -5.195021844420601303e-09 -3.803507381153783099e-09 -9.748696954313231469e-11 6.701267993569811258e-11 1.858206479844438575e-10 -6.183245341320029915e-11 4.777011505557376954e-11 3.123933777929551594e-10 6.721479547527380041e-06 0.000000000000000000e+00
0.000000000000000000e+00 0.000000000000000000e+00 0.000000000000000000e+00 0.000000000000000000e+00 0.000000000000000000e+00 0.000000000000000000e+00 -2.481611571826731519e-08 -6.829567001430600491e-09 1.643417990907988546e-09 -2.023949095950496726e-09 -1.815292292271048681e-09 -2.383569812230003712e-09 4.056968772272254599e-10 1.938660825316066702e-10 2.107034447955760618e-10 -1.746591981603224242e-11 1.568985203720910566e-11 2.858911700429604243e-10 8.146049075318815422e-06 0.000000000000000000e+00
0.000000000000000000e+00 0.000000000000000000e+00 0.000000000000000000e+00 0.000000000000000000e+00 0.000000000000000000e+00 0.000000000000000000e+00 -1.863251651507889315e-09 4.401711533534633007e-10 -2.585082430370906959e-10 3.160327333153858090e-10 -1.417485785476721685e-10 -2.920803677661322015e-10 -1.162948257377252491e-10 -3.366282976837235554e-10 -1.826313171343784612e-10 -1.143056743920895309e-10 -3.100889631663931846e-10 -1.029740812245263209e-08 3.674376394915554153e-06 0.000000000000000000e+00
0.000000000000000000e+00 0.000000000000000000e+00 0.000000000000000000e+00 0.000000000000000000e+00 0.000000000000000000e+00 0.000000000000000000e+00 -8.339062361369395969e-09 4.360896704488892761e-10 -3.013924582452481848e-10 -9.231053584444407837e-10 -3.974568124814486218e-10 -1.789890010561619191e-09 -5.958239901866318049e-10 -4.306376023479000397e-10 -2.269083891369780225e-10 -3.766460780745362084e-11 -2.373737784044428235e-04 -1.174165389037664102e-08 3.678503968102378766e-06 0.000000000000000000e+00
0.000000000000000000e+00 0.000000000000000000e+00 0.000000000000000000e+00 0.000000000000000000e+00 0.000000000000000000e+00 0.000000000000000000e+00 -2.519704406425418697e-09 2.801610322009059565e-10 -3.311125431882420433e-10 3.635177007857255182e-10 2.703745769592411324e-11 -3.290746268440514287e-10 -8.221958508214253841e-11 -3.266836040261069989e-10 -2.497109951640684784e-10 -1.323055690746383431e-10 -2.424098016174745861e-10 -2.454055982618165587e-08 -1.078419222669230919e+02 0.000000000000000000e+00
0.000000000000000000e+00 0.000000000000000000e+00 0.000000000000000000e+00 0.000000000000000000e+00 0.000000000000000000e+00 0.000000000000000000e+00 -2.886568044183459172e-09 -2.193188643655599237e-10 -2.576251637902766726e-10 2.806129888222908057e-10 -8.376924550596035911e-11 -4.426009524953462875e-10 -1.363771591106464898e-10 -3.662190277117748974e-10 -2.896951214305143826e-10 -1.532300398876574418e-10 -1.962271843320504930e-10 -2.942786094017422761e-08 -1.578591394409315001e+02 0.000000000000000000e+00
