0.000000000000000000e+00 0.000000000000000000e+00 0.000000000000000000e+00 0.000000000000000000e+00 0.000000000000000000e+00 0.000000000000000000e+00 2.823965812687224296e-09 3.058854079862296366e-09 2.322630695115745901e-09 1.958164857838102182e-09 2.191061388930614978e-09 2.577148072827521113e-09 1.985445693723196635e-09 1.453908090676435805e-09 7.659277642841644450e-10 1.998650283687002511e-10 2.615814817108323458e-10 4.262938525435147822e-08 1.216551050377992455e-05 0.000000000000000000e+00
0.000000000000000000e+00 0.000000000000000000e+00 0.000000000000000000e+00 0.000000000000000000e+00 0.000000000000000000e+00 0.000000000000000000e+00 5.826698274196797511e-10 7.459402931977051548e-11 1.295560699761632849e-09 4.882435896698094843e-10 5.981677366880219494e-10 7.282117193629999161e-10 4.994230446774351679e-10 3.014752179402461733e-10 1.505047905563370808e-10 9.621123315823593281e-11 1.981651006976723813e-06 4.386881894444280375e-08 1.217150746265657465e-05 0.000000000000000000e+00
0.000000000000000000e+00 0.000000000000000000e+00 0.000000000000000000e+00 0.000000000000000000e+00 0.000000000000000000e+00 0.000000000000000000e+00 9.025224847941173387e-10 4.208463033550095735e-10 5.021228343310261924e-10 3.711826553874597668e-10 3.867551999317207243e-10 5.563619376933125509e-10 5.220100413000182595e-10 4.186970161774332872e-10 2.978026212632418314e-10 1.169136828154580733e-10 9.514150303920776870e-11 4.672755442959450747e-08 5.186337045766572373e+01 0.000000000000000000e+00
0.000000000000000000e+00 0.000000000000000000e+00 0.000000000000000000e+00 0.000000000000000000e+00 0.000000000000000000e+00 0.000000000000000000e+00 4.465448948670085168e-10 1.013205539687925583e-10 5.522609347935756738e-10 3.371536130732112795e-10 3.249133184894784228e-10 4.422012149812457659e-10 4.425586041542843998e-10 3.690210926315534505e-10 2.646254287038523959e-10 1.035060901312203309e-10 7.322557221812038513e-11 6.193190200020153113e-08 7.689425030967673536e+01 0.000000000000000000e+00
0.000000000000000000e+00 0.000000000000000000e+00 0.000000000000000000e+00 0.000000000000000000e+00 0.000000000000000000e+00 0.000000000000000000e+00 -1.181940917118697115e-08 1.275246458783193397e-09 -6.020605743740361840e-09 -1.343395979336678505e-09 -3.072450440136706867e-09 -1.911919037520436380e-09 -1.266222602414824136e-09 -6.108086997506472132e-10 -3.658804646348702099e-10 -1.054008440956750072e-10 6.448622157785768520e-11 4.786275206737355545e-10 8.029440158807218611e-10 0.000000000000000000e+00
0.000000000000000000e+00 0.000000000000000000e+00 0.000000000000000000e+00 0.000000000000000000e+00 0.000000000000000000e+00 0.000000000000000000e+00 7.183969852776045342e-10 -3.019891103973835158e-09 6.293520833857583022e-09 2.609574267794031638e-09 2.137727272222018585e-12 1.889409345564598611e-10 -6.265742156583416219e-11 7.547508977879836241e-11 -3.228561646788363867e-11 -4.747596730470306034e-11 -8.676741307190387741e-11 4.529825322783849569e-10 8.038279063730031622e-10 0.000000000000000000e+00
0.000000000000000000e+00 0.000000000000000000e+00 0.000000000000000000e+00 0.000000000000000000e+00 0.000000000000000000e+00 0.000000000000000000e+00 -3.774108898087021138e-09 -1.393623745911507774e-09 1.785026027550506534e-09 6.461348836733827956e-10 -5.257026824694474237e-10 -4.755671333903674286e-10 -4.317773102298786028e-10 -1.312727745819468301e-10 -1.208362057536299804e-10 -4.762856243358228416e-11 2.094462135934229541e-11 1.238524226332057312e-10 -3.138610923056133752e-07 0.000000000000000000e+00
0.000000000000000000e+00 0.000000000000000000e+00 0.000000000000000000e+00 0.000000000000000000e+00 0.000000000000000000e+00 0.000000000000000000e+00 -1.407664621073145850e-09 -2.228554363115810806e-09 3.618086500167533836e-09 1.246329638015799291e-09 8.269556051633159771e-11 -8.176074845404421008e-11 -1.814979561135567273e-10 1.944351230626856000e-11 -1.779120411773118947e-11 1.960288875084811133e-12 5.090008633568823390e-12 7.847814076980813011e-12 -3.812880801970920384e-07 0.000000000000000000e+00
0.000000000000000000e+00 0.000000000000000000e+00 0.000000000000000000e+00 0.000000000000000000e+00 0.000000000000000000e+00 0.000000000000000000e+00 -4.351394870455539971e-08 -3.278937422095040058e-08 -3.905867311811933101e-08 -2.038024355707364020e-08 -8.809309520672263316e-09 -7.622177467614781212e-09 -1.170348591253013318e-09 -7.595203080402739003e-10 -3.992334641738539359e-11 -4.095295243729621962e-11 3.425802342790050097e-11 6.371294052302670107e-10 4.489343388007922369e-10 0.000000000000000000e+00
0.000000000000000000e+00 0.000000000000000000e+00 0.000000000000000000e+00 0.000000000000000000e+00 0.000000000000000000e+00 0.000000000000000000e+00 2.276076132875852166e-08 -2.788133211921769358e-08 1.619967181048859796e-08 9.034550708365041176e-09 2.472413620200701460e-09 -3.883661660380869067e-10 -2.833385674840801378e-10 8.119288885774606653e-11 1.552177451944323106e-10 -3.444127244737847937e-11 2.133147931782546822e-09 4.665070956032386871e-10 5.543609726551690289e-10 0.000000000000000000e+00
0.000000000000000000e+00 0.000000000000000000e+00 0.000000000000000000e+00 0.000000000000000000e+00 0.000000000000000000e+00 0.000000000000000000e+00 -4.464031101817951369e-09 -2.258662189163978739e-08 1.481986402128467711e-09 1.476798078513783124e-09 -7.071728732947717535e-10 -2.624854003585190325e-09 -3.003811700692861903e-10 -1.113811283453151021e-10 1.892742849039412421e-10 -3.499545670792438352e-11 1.078711687311013746e-11 -5.328330317917893880e-10 5.681165165731031441e-06 0.000000000000000000e+00
0.000000000000000000e+00 0.000000000000000000e+00 0.000000000000000000e+00 0.000000000000000000e+00 0.000000000000000000e+00 0.000000000000000000e+00 6.822002074185941838e-09 -1.992890982849281226e-08 1.070576853815114219e-08 6.592631133730311675e-09 1.299591361676650347e-09 -1.128282676593433563e-09 -6.346658129291742343e-11 7.935283491476730090e-11 2.558050596976878569e-10 -2.143515087478398520e-11 -1.093354941593716936e-11 -7.774298032269860568e-10 6.893740518989799054e-06 0.000000000000000000e+00
0.000000000000000000e+00 0.000000000000000000e+00 0.000000000000000000e+00 0.000000000000000000e+00 0.000000000000000000e+00 0.000000000000000000e+00 1.878905058377342535e-09 -7.625681172559403849e-10 1.686043263264696740e-10 3.445891532783632122e-11 -3.898532905377347899e-10 -2.905570732598864351e-10 -4.453885974755330776e-11 -1.943968010986139947e-10 -7.031838532828385549e-11 -4.718358771447051869e-12 -2.005658965595575387e-10 -6.631832470538640454e-09 2.793377625512189233e-06 0.000000000000000000e+00
0.000000000000000000e+00 0.000000000000000000e+00 0.000000000000000000e+00 0.000000000000000000e+00 0.000000000000000000e+00 0.000000000000000000e+00 8.117267833536922021e-10 -2.728522293768146079e-09 1.503022992796198981e-11 -1.121152993527573432e-09 -6.005308400428730941e-10 -4.340554407076761777e-10 -2.376462989201475160e-10 -3.028219443248546405e-10 -7.354537191338299508e-11 -6.207380264406247962e-11 -8.295061396086505503e-06 -8.360052386461819707e-09 2.797163565477372049e-06 0.000000000000000000e+00
0.000000000000000000e+00 0.000000000000000000e+00 0.000000000000000000e+00 0.000000000000000000e+00 0.000000000000000000e+00 0.000000000000000000e+00 9.910383514261487255e-10 2.400375075190188385e-10 1.131493057355393511e-10 3.181969873518071874e-11 -3.791253919244637433e-11 -2.745315757299171155e-10 -6.958750598964491075e-11 -2.284645885549943675e-10 -5.432037294227913816e-11 -2.140987678114301260e-11 -9.973824366197258170e-11 -7.596003446476146996e-09 5.785369561403651772e+01 0.000000000000000000e+00
0.000000000000000000e+00 0.000000000000000000e+00 0.000000000000000000e+00 0.000000000000000000e+00 0.000000000000000000e+00 0.000000000000000000e+00 1.172100633507757646e-09 1.365122275274166934e-10 1.532137617367912523e-10 -3.753016436412397142e-11 5.434604736380722238e-12 -2.748186300902865424e-10 -9.975810197812893378e-11 -2.656887109303175052e-10 -6.872436333230765008e-11 -5.124961700990393300e-11 -6.754375986023659684e-11 -4.721423191555859690e-09 8.488945382345190183e+01 0.000000000000000000e+00
