0.000000000000000000e+00 0.000000000000000000e+00 0.000000000000000000e+00 0.000000000000000000e+00 0.000000000000000000e+00 0.000000000000000000e+00 1.438557938686556021e-08 7.048920773623593726e-09 1.318096739565193858e-08 9.912068978992269520e-09 1.271282756612034049e-08 1.091757368152454249e-08 1.124240555172037529e-08 8.846143831464449778e-09 5.469268499815930406e-09 1.964872779570053889e-09 4.636132506966995055e-10 4.430890386945660475e-08 2.554672132474016151e-05 0.000000000000000000e+00
0.000000000000000000e+00 0.000000000000000000e+00 0.000000000000000000e+00 0.000000000000000000e+00 0.000000000000000000e+00 0.000000000000000000e+00 -1.531528722076050529e-10 9.526987199093103098e-10 4.527541515546654807e-11 1.725722028645904777e-09 1.497322224921494192e-09 1.510497279601079315e-09 8.464478994541752161e-10 6.816169667354515954e-10 5.497096003518094620e-10 7.213487235907729251e-10 1.069135210500731248e-05 6.297051109071548313e-08 2.569070760277594040e-05 0.000000000000000000e+00
0.000000000000000000e+00 0.000000000000000000e+00 0.000000000000000000e+00 0.000000000000000000e+00 0.000000000000000000e+00 0.000000000000000000e+00 1.654124089010150280e-09 2.732141798427968674e-09 2.030901130752007220e-09 2.334824754354287712e-09 2.405094856137967497e-09 2.677073107403530245e-09 2.607403912912819082e-09 2.072457239692837032e-09 1.522752063420451612e-09 7.871800467346126947e-10 2.293403213736426050e-10 1.056890479165494833e-08 8.886383658979957545e+02 0.000000000000000000e+00
0.000000000000000000e+00 0.000000000000000000e+00 0.000000000000000000e+00 0.000000000000000000e+00 0.000000000000000000e+00 0.000000000000000000e+00 3.292115247654711494e-10 1.835720180218691789e-09 3.751307954649270492e-10 1.285909983527328783e-09 1.016213903567793300e-09 1.265631075383643508e-09 1.282133458532911952e-09 1.083841916628123472e-09 8.291631470887817056e-10 4.342302959033218949e-10 1.334741469123908474e-10 5.847368485802701459e-09 1.079082836545034297e+03 0.000000000000000000e+00
0.000000000000000000e+00 0.000000000000000000e+00 0.000000000000000000e+00 0.000000000000000000e+00 0.000000000000000000e+00 0.000000000000000000e+00 -2.132714785145124336e-08 -1.181620314878913742e-08 -3.460955751437289820e-08 -1.123822831648730881e-08 -7.819013996303973288e-09 -5.579161932089069980e-09 -2.676292991961786571e-09 -1.755795145206033588e-09 -9.854963026504358005e-10 -3.814766438776355973e-10 1.380174631084443004e-11 5.039313109763245649e-10 3.856862505571289136e-09 0.000000000000000000e+00
0.000000000000000000e+00 0.000000000000000000e+00 0.000000000000000000e+00 0.000000000000000000e+00 0.000000000000000000e+00 0.000000000000000000e+00 -6.105726252635978744e-09 -7.973728913136947056e-09 -2.252001586859758451e-09 2.459497318447507814e-09 2.211063506935128880e-09 -1.155470224477838114e-09 1.058903141863568992e-10 -1.572207951675217302e-10 -1.083571403555597005e-10 -1.262977039013111866e-10 6.319391261563255201e-10 5.364733879318238006e-10 3.925581728062484157e-09 0.000000000000000000e+00
0.000000000000000000e+00 0.000000000000000000e+00 0.000000000000000000e+00 0.000000000000000000e+00 0.000000000000000000e+00 0.000000000000000000e+00 -6.969200016771588485e-09 -8.123985935197740391e-09 -1.496301754381579378e-08 -2.161886115127485520e-09 -1.515234822170647364e-09 -2.041533302487341509e-09 -6.735667833726915413e-10 -6.902644631468029493e-10 -3.742529817546703303e-10 -1.860162673369890563e-10 -4.183894467223005820e-12 1.839637975039368517e-10 1.353650229334421139e-06 0.000000000000000000e+00
0.000000000000000000e+00 0.000000000000000000e+00 0.000000000000000000e+00 0.000000000000000000e+00 0.000000000000000000e+00 0.000000000000000000e+00 -3.042804960287972225e-09 -5.943577492073946575e-09 -7.205750948918200945e-09 1.126030568920249863e-09 8.055350712448688251e-10 -8.092425724183689807e-10 2.890766627684493065e-11 -2.844887928398652643e-10 -1.114500249141354166e-10 -5.654909258085155158e-11 2.565821453274600135e-12 3.429864997281254092e-11 1.660685249743154310e-06 0.000000000000000000e+00
0.000000000000000000e+00 0.000000000000000000e+00 0.000000000000000000e+00 0.000000000000000000e+00 0.000000000000000000e+00 0.000000000000000000e+00 -8.792837552878936993e-08 -3.107676704386224737e-08 -1.715971287345155380e-07 -2.682171076928040863e-08 -3.603481335608226960e-08 -1.874853344348811229e-08 -9.007424407198779639e-09 -1.182996374692508254e-09 -9.681411276744757965e-10 -3.078513268983014255e-10 1.297068151638433705e-11 4.044272846669248916e-10 1.843126923689955264e-09 0.000000000000000000e+00
0.000000000000000000e+00 0.000000000000000000e+00 0.000000000000000000e+00 0.000000000000000000e+00 0.000000000000000000e+00 0.000000000000000000e+00 -4.596084048025335998e-09 -3.718402383675160106e-10 -5.974001710184868059e-09 1.048789614296620217e-08 9.147922121075041889e-09 -7.730300912483806858e-09 4.816865391687017977e-10 7.343514446106908340e-10 7.532685887211924996e-11 1.049916790223200833e-11 1.240811361200886170e-08 2.777512832611866159e-10 2.085465832556397206e-09 0.000000000000000000e+00
0.000000000000000000e+00 0.000000000000000000e+00 0.000000000000000000e+00 0.000000000000000000e+00 0.000000000000000000e+00 0.000000000000000000e+00 -2.681942006749075973e-08 -2.130565725362764336e-08 -6.667910094977280588e-08 1.377311933771830050e-09 -7.472194013964297308e-09 -6.687571115927945687e-09 -1.809625738792297624e-09 8.358137405054366619e-10 -1.137376866850207272e-10 -8.136544035584773930e-11 -5.188265065792195036e-12 -2.712957959974111437e-10 -1.192078637611017484e-06 0.000000000000000000e+00
0.000000000000000000e+00 0.000000000000000000e+00 0.000000000000000000e+00 0.000000000000000000e+00 0.000000000000000000e+00 0.000000000000000000e+00 -7.870201448411461695e-09 -1.423648117172051673e-08 -2.549597954378671363e-08 1.137319884271161073e-08 3.050249186999816537e-09 -3.234331235832734466e-09 6.200098752984093080e-10 1.379052924353237210e-09 2.112015530740370493e-10 5.455292101152030063e-11 1.845730005574839852e-11 -5.158401137114141588e-10 4.124727443973381675e-07 0.000000000000000000e+00
0.000000000000000000e+00 0.000000000000000000e+00 0.000000000000000000e+00 0.000000000000000000e+00 0.000000000000000000e+00 0.000000000000000000e+00 2.015636715184306829e-09 2.888221847500948765e-09 -1.525179823408806677e-09 1.483839328738925550e-09 1.558847637769707481e-10 -4.830185812971402119e-10 -6.608113780123957904e-10 -6.115750898759113459e-10 -2.531885467405447211e-10 -2.041004920858147649e-10 -2.025621239238045756e-10 -6.826265981304482152e-09 -4.457070690423736454e-05 0.000000000000000000e+00
0.000000000000000000e+00 0.000000000000000000e+00 0.000000000000000000e+00 0.000000000000000000e+00 0.000000000000000000e+00 0.000000000000000000e+00 2.450553154286756975e-09 3.811989395698742293e-09 -4.607168051473970631e-09 -6.180113141096074697e-10 -7.735949778071153675e-11 -6.957669914215231169e-10 -9.930740731113121772e-10 -9.685948769517015999e-10 -4.402555668950222696e-10 -3.164147134879399584e-10 -9.223009740385630605e-07 -9.234131232866884069e-09 -4.456942721391048763e-05 0.000000000000000000e+00
0.000000000000000000e+00 0.000000000000000000e+00 0.000000000000000000e+00 0.000000000000000000e+00 0.000000000000000000e+00 0.000000000000000000e+00 7.677322741176940255e-11 3.369492751175276166e-09 -1.625125690776239917e-09 1.143780844650447219e-09 5.542884756679887583e-10 -1.189553222485403442e-10 -8.353265837446767370e-10 -7.457800075803836186e-10 -2.794445466117113791e-10 -2.447146486190273019e-10 -1.662468457669160868e-10 -5.973038509635374303e-09 -2.224939311481159905e+02 0.000000000000000000e+00
0.000000000000000000e+00 0.000000000000000000e+00 0.000000000000000000e+00 0.000000000000000000e+00 0.000000000000000000e+00 0.000000000000000000e+00 -8.585858302561006638e-10 2.832205195799293751e-09 -1.751632145373189172e-09 9.458091343006612239e-10 6.482405521334715736e-10 6.389520336035794808e-11 -8.813630291472194902e-10 -7.925476215359649660e-10 -3.042767898051090390e-10 -2.893374649316807070e-10 -1.565442160144896845e-10 -5.445028866139078135e-09 -2.701163577810182232e+02 0.000000000000000000e+00
