0.000000000000000000e+00 0.000000000000000000e+00 0.000000000000000000e+00 0.000000000000000000e+00 0.000000000000000000e+00 0.000000000000000000e+00 5.649834232462773672e-09 4.617671705198285000e-09 4.066882690998311161e-09 4.598840858938128311e-09 5.129663442481452364e-09 5.252649953870899248e-09 4.915294092059342351e-09 4.127163378137004599e-09 2.450172233178043046e-09 7.766811693981773946e-10 2.147378736531121687e-10 1.756167844219395572e-08 9.261141994826565388e-05 0.000000000000000000e+00
0.000000000000000000e+00 0.000000000000000000e+00 0.000000000000000000e+00 0.000000000000000000e+00 0.000000000000000000e+00 0.000000000000000000e+00 1.211933832568303853e-09 2.075263297096762256e-09 1.106398034661031579e-09 1.570258429830193623e-09 9.197693597741679694e-10 1.051513213059769263e-09 6.971463429598539069e-10 5.831276955184279018e-10 4.585852083469536598e-10 4.624515676015960742e-10 4.138877462762927730e-06 2.713872620374896560e-08 9.267539080992897704e-05 0.000000000000000000e+00
0.000000000000000000e+00 0.000000000000000000e+00 0.000000000000000000e+00 0.000000000000000000e+00 0.000000000000000000e+00 0.000000000000000000e+00 9.919845095356350228e-10 5.779459849309346137e-10 1.480873637917555600e-09 1.886778572328544456e-09 1.699812643138638317e-09 1.969966753745887580e-09 1.896558001892597200e-09 1.567125681165129732e-09 1.007426865619037670e-09 4.004631890095323567e-10 1.330508770170550208e-10 6.280414769468927897e-09 1.558152558451015466e+02 0.000000000000000000e+00
0.000000000000000000e+00 0.000000000000000000e+00 0.000000000000000000e+00 0.000000000000000000e+00 0.000000000000000000e+00 0.000000000000000000e+00 7.577189448696789354e-10 3.959089752006381529e-10 1.181560541596540813e-09 1.409836960967443009e-09 1.158651634044757425e-09 1.372604598530036993e-09 1.292232586545743343e-09 1.059523199835688703e-09 7.213000722470129550e-10 3.046606269613376214e-10 1.050203928991648128e-10 4.860569397920518928e-09 -3.160644651109787446e+02 0.000000000000000000e+00
0.000000000000000000e+00 0.000000000000000000e+00 0.000000000000000000e+00 0.000000000000000000e+00 0.000000000000000000e+00 0.000000000000000000e+00 -1.504799573282146173e-08 -2.502603976719278739e-08 -3.138929209096710533e-09 -9.493635697441055750e-09 -6.031942183850369361e-09 -3.651793454144339607e-09 -2.766781655650015342e-09 -9.618703858552957240e-10 -6.540811826723450701e-10 -2.411636994520892762e-10 1.510562914693712674e-11 3.317406407923830281e-10 1.417822430433376301e-09 0.000000000000000000e+00
0.000000000000000000e+00 0.000000000000000000e+00 0.000000000000000000e+00 0.000000000000000000e+00 0.000000000000000000e+00 0.000000000000000000e+00 -2.536077937483660451e-09 -2.627366940065950503e-09 6.612073874955637366e-09 2.099160291965330591e-10 8.136413003198704279e-10 -4.186287262674484632e-10 3.003730462264739928e-11 1.012777692234497493e-11 -6.518852148337105834e-11 -6.734271628204346424e-11 -2.129250082031980764e-10 3.547544894528297798e-10 1.464039627795304190e-09 0.000000000000000000e+00
0.000000000000000000e+00 0.000000000000000000e+00 0.000000000000000000e+00 0.000000000000000000e+00 0.000000000000000000e+00 0.000000000000000000e+00 -3.881917638705075225e-09 -7.288919329814025196e-09 3.062280101892244232e-09 -1.944806641528280652e-09 -1.845541837569081973e-09 -1.128807792639710798e-09 -1.106789563613200980e-09 -3.146621338881752428e-10 -2.488030288247917404e-10 -1.108041313594302499e-10 7.989413475057168327e-13 1.216021016159461265e-10 6.745357158539770534e-07 0.000000000000000000e+00
0.000000000000000000e+00 0.000000000000000000e+00 0.000000000000000000e+00 0.000000000000000000e+00 0.000000000000000000e+00 0.000000000000000000e+00 -3.726911359110948516e-10 -1.107237494826181748e-09 5.301145590759188890e-09 7.473443796267498409e-10 -2.586961258463874376e-10 -2.765808629081796726e-10 -4.588080493473553130e-10 -6.287998241145284205e-11 -7.102062954406906393e-11 -2.507570405539798255e-11 3.813083314731827844e-12 2.375490887237704861e-11 1.053978058526561223e-06 0.000000000000000000e+00
0.000000000000000000e+00 0.000000000000000000e+00 0.000000000000000000e+00 0.000000000000000000e+00 0.000000000000000000e+00 0.000000000000000000e+00 -3.505164157078706454e-08 -1.049790155477013287e-07 -6.083587841776450823e-08 -3.899608651859608892e-08 -2.477602777831416842e-08 -6.145995299968047073e-09 -4.622697951047275940e-09 -1.252224845796364224e-09 -7.894195014219484904e-10 -4.468531528542265078e-11 5.727532801829153467e-11 2.710812430509944273e-10 -6.306072875977164181e-09 0.000000000000000000e+00
0.000000000000000000e+00 0.000000000000000000e+00 0.000000000000000000e+00 0.000000000000000000e+00 0.000000000000000000e+00 0.000000000000000000e+00 1.692161326431479482e-08 -3.392743743759281820e-08 1.215471639390091866e-08 -3.502128974564788295e-09 3.370340857750776667e-09 -1.086807884313313358e-10 5.621184365077477796e-10 -3.053236887245191702e-10 -4.817707278562392288e-11 7.070437947277117575e-11 -2.305128043687956881e-09 2.280362487937834028e-10 -6.203360845767423752e-09 0.000000000000000000e+00
0.000000000000000000e+00 0.000000000000000000e+00 0.000000000000000000e+00 0.000000000000000000e+00 0.000000000000000000e+00 0.000000000000000000e+00 1.183997769503079021e-08 -1.773407654182450311e-08 -1.309600544837649876e-08 -2.581843999622789803e-09 -6.460177251923942562e-09 -2.341281747468383692e-09 -7.112329562081784152e-10 -3.528889396997844040e-10 -1.772646149804368671e-10 8.476369908755102819e-11 2.993201047461873282e-11 -1.296338641979228690e-10 -9.700508518502436549e-06 0.000000000000000000e+00
0.000000000000000000e+00 0.000000000000000000e+00 0.000000000000000000e+00 0.000000000000000000e+00 0.000000000000000000e+00 0.000000000000000000e+00 2.308086610860279618e-08 7.069281970269340452e-09 4.756607247470355675e-09 8.553995883565772839e-09 1.799436907700809409e-11 -8.314967827813688572e-10 5.939277179575028969e-10 -8.858466100816031938e-11 6.291236429754140312e-11 1.513269831103362834e-10 3.655779458394803767e-11 -2.610235025445539476e-10 -1.253813775381496969e-05 0.000000000000000000e+00
0.000000000000000000e+00 0.000000000000000000e+00 0.000000000000000000e+00 0.000000000000000000e+00 0.000000000000000000e+00 0.000000000000000000e+00 -5.216957396844632847e-09 -1.476331879058309578e-09 1.024970212042284668e-09 2.016058680317429348e-11 3.353097011071963053e-10 -3.129721665923335186e-10 -4.380822922138746358e-10 -4.971769277219606270e-10 -2.759149615994525115e-10 -1.023675476860752228e-10 -1.488122159141911145e-10 -3.882255339075095562e-09 2.603222236958880364e-06 0.000000000000000000e+00
0.000000000000000000e+00 0.000000000000000000e+00 0.000000000000000000e+00 0.000000000000000000e+00 0.000000000000000000e+00 0.000000000000000000e+00 1.069967515766722159e-09 2.180197992033921237e-09 -1.043456957040836359e-09 -1.941740672725702232e-09 -6.882789243832215587e-10 -1.214956267859714668e-09 -7.954941045110720438e-10 -6.155036391059291962e-10 -2.654306868421244865e-10 -7.387049160116225209e-11 -6.172456496358614624e-06 -5.750719424562917757e-09 2.564792616907613901e-06 0.000000000000000000e+00
0.000000000000000000e+00 0.000000000000000000e+00 0.000000000000000000e+00 0.000000000000000000e+00 0.000000000000000000e+00 0.000000000000000000e+00 -2.252085012765249616e-09 -1.924216445562378988e-09 1.122783859657844861e-10 -5.987803028194189239e-10 2.021779057759233504e-10 -4.633329233451978808e-10 -3.965356527897133687e-10 -5.028514254503278943e-10 -3.045787319005536727e-10 -1.694589909735903926e-10 -1.237308231163165987e-10 -2.317711424753145205e-09 3.983140587967844226e+02 0.000000000000000000e+00
0.000000000000000000e+00 0.000000000000000000e+00 0.000000000000000000e+00 0.000000000000000000e+00 0.000000000000000000e+00 0.000000000000000000e+00 -1.026380900954086459e-09 -1.845405675295655864e-09 -2.625390184233046579e-10 -8.383698788520784031e-10 9.503152635820023338e-11 -5.261334313377794550e-10 -3.974850518280144186e-10 -4.992839471734603342e-10 -3.421777079121071450e-10 -2.287050330761230535e-10 -1.216213367679151490e-10 -1.654480463672047307e-09 4.013571592712130496e+02 0.000000000000000000e+00
