0.000000000000000000e+00 0.000000000000000000e+00 0.000000000000000000e+00 0.000000000000000000e+00 0.000000000000000000e+00 0.000000000000000000e+00 1.738148148544531530e-08 1.267829815775344613e-08 7.442377925192859495e-09 1.104766339386856934e-08 1.081239677229388836e-08 1.280007524993670130e-08 1.203206165154625081e-08 1.073659064087368470e-08 6.647214205251345715e-09 2.389967320984296769e-09 5.849682978197162798e-10 4.783425863290173398e-08 7.243499178188244139e-06 0.000000000000000000e+00
0.000000000000000000e+00 0.000000000000000000e+00 0.000000000000000000e+00 0.000000000000000000e+00 0.000000000000000000e+00 0.000000000000000000e+00 4.363756323763004231e-09 3.595233424608043008e-09 2.338435636699706580e-11 2.784852963013561977e-09 2.294611040677791670e-09 1.698137326672699060e-09 1.730897137675248973e-09 1.397868783696834142e-09 1.301212764600657993e-09 1.586146915303581444e-09 1.372922787692022474e-05 6.962779916949013334e-08 7.220108534158062655e-06 0.000000000000000000e+00
0.000000000000000000e+00 0.000000000000000000e+00 0.000000000000000000e+00 0.000000000000000000e+00 0.000000000000000000e+00 0.000000000000000000e+00 5.918880790011710541e-09 3.325106989090334943e-09 2.411092424182168330e-09 2.868954495840344747e-09 2.842559355998662056e-09 3.590626409369524974e-09 3.642415363416624367e-09 3.384859085937653263e-09 2.347942127607921713e-09 1.131618748080019170e-09 3.256038937159996643e-10 1.304120604965133786e-08 -1.474516834871883475e+02 0.000000000000000000e+00
0.000000000000000000e+00 0.000000000000000000e+00 0.000000000000000000e+00 0.000000000000000000e+00 0.000000000000000000e+00 0.000000000000000000e+00 3.561899248865851052e-09 1.907627347995361639e-09 1.727839232979581064e-09 1.552269378425468307e-09 1.792108342093178654e-09 2.041791925072254673e-09 2.244838004702142167e-09 2.098863036342365142e-09 1.502173639360870707e-09 7.027172168339167318e-10 2.025360916884388021e-10 7.225480307412179607e-09 -1.759817948420923130e+02 0.000000000000000000e+00
0.000000000000000000e+00 0.000000000000000000e+00 0.000000000000000000e+00 0.000000000000000000e+00 0.000000000000000000e+00 0.000000000000000000e+00 -4.288157959568557624e-08 -3.882983859084351010e-08 -1.384075030417296519e-08 -1.401797561179417678e-08 -7.288428853608088081e-09 -4.915047301098290576e-09 -3.403996033514343966e-09 -1.950894920627192399e-09 -1.047008775466112252e-09 -3.760682700601173380e-10 1.774080290855393909e-11 4.752258497063609560e-10 2.505620386109916154e-09 0.000000000000000000e+00
0.000000000000000000e+00 0.000000000000000000e+00 0.000000000000000000e+00 0.000000000000000000e+00 0.000000000000000000e+00 0.000000000000000000e+00 -9.557865631614630058e-09 -2.647919513943018794e-09 -4.219708620042020935e-09 -5.134038494042647217e-10 6.327089046375468908e-10 -9.951752661367576826e-10 -3.715313826547400200e-10 -3.515307921697689123e-10 -1.773921840435102574e-10 -1.588434944828021157e-10 8.938655784338191161e-11 5.051903555607446198e-10 2.557687418845244046e-09 0.000000000000000000e+00
0.000000000000000000e+00 0.000000000000000000e+00 0.000000000000000000e+00 0.000000000000000000e+00 0.000000000000000000e+00 0.000000000000000000e+00 -2.257428948063168058e-08 -1.099529407161084999e-08 -6.174102724387032334e-09 -5.041364571054242869e-09 -6.081222781430919055e-10 -2.159363479021714654e-09 -1.274188443440105822e-09 -9.618026263074167957e-10 -4.564220667390778150e-10 -1.914220782524286337e-10 -1.494543936238613848e-12 1.608395776994614624e-10 -2.995880054748588602e-07 0.000000000000000000e+00
0.000000000000000000e+00 0.000000000000000000e+00 0.000000000000000000e+00 0.000000000000000000e+00 0.000000000000000000e+00 0.000000000000000000e+00 -1.454258752332699533e-08 -1.494312428142138542e-09 -3.316066035429188786e-09 -1.539724700409985642e-09 1.394293841329312636e-09 -1.128487490527562027e-09 -5.303965555040659842e-10 -5.534764424968098319e-10 -1.897098325580921838e-10 -6.670154147359673190e-11 4.004135959753563298e-12 1.805543598833995118e-11 -3.638322311458053822e-07 0.000000000000000000e+00
0.000000000000000000e+00 0.000000000000000000e+00 0.000000000000000000e+00 0.000000000000000000e+00 0.000000000000000000e+00 0.000000000000000000e+00 -2.015399786753496818e-07 -1.451827750671253906e-07 -9.197621052628830126e-08 -5.859923538404407617e-08 -2.701176669354528206e-08 -1.477214111645642428e-08 -7.028714340132233627e-09 -3.038289057138825492e-09 -2.273792116223391156e-10 -1.057509286656926902e-10 9.566530214749977707e-11 7.638500108253489731e-10 -2.437401816364968571e-09 0.000000000000000000e+00
0.000000000000000000e+00 0.000000000000000000e+00 0.000000000000000000e+00 0.000000000000000000e+00 0.000000000000000000e+00 0.000000000000000000e+00 -6.822804737714931337e-08 -3.913407418553114737e-08 -1.714353088051439305e-08 -9.304280939822619079e-09 -3.441581309432893103e-09 -3.185499135521537153e-09 4.074313416574519662e-10 -2.883742311673615160e-10 5.087079536320417732e-10 1.410208220150404094e-10 4.671132582733710012e-10 7.402496451191700221e-10 -2.105316038402252323e-09 0.000000000000000000e+00
0.000000000000000000e+00 0.000000000000000000e+00 0.000000000000000000e+00 0.000000000000000000e+00 0.000000000000000000e+00 0.000000000000000000e+00 -1.084315285924603543e-07 -5.836494379722905625e-08 -2.492228607278952314e-08 -2.286310707629288160e-08 -8.215942929774616533e-09 -4.230043821921999713e-09 -2.213794048091491370e-09 -8.427257585813066438e-10 5.049992566822995644e-10 1.304656256244809252e-10 3.058835548836495360e-11 -9.785356005397664025e-12 2.441028851153925953e-05 0.000000000000000000e+00
0.000000000000000000e+00 0.000000000000000000e+00 0.000000000000000000e+00 0.000000000000000000e+00 0.000000000000000000e+00 0.000000000000000000e+00 -7.276415425225733550e-08 -2.808392155083669238e-08 -3.167858027117511695e-09 -9.576513803298036126e-09 -1.703416969709651171e-09 -8.347932363693981310e-10 -4.677331411517345677e-10 -2.176255376013327930e-11 7.805010133396899155e-10 2.667536807594140359e-10 1.804240057921672470e-11 -2.739382049206244243e-10 3.713769540449268438e-05 0.000000000000000000e+00
0.000000000000000000e+00 0.000000000000000000e+00 0.000000000000000000e+00 0.000000000000000000e+00 0.000000000000000000e+00 0.000000000000000000e+00 -1.753198162568852176e-09 7.450727223720708024e-10 1.026705983621805499e-09 -3.719835509753700566e-10 1.644772821046955054e-10 -6.645035943750989813e-10 -9.157644064108664749e-10 -4.948697173330191189e-10 -2.023405248324233492e-10 -1.835287388414458271e-10 -2.612819334039013840e-10 -4.954424594126803988e-09 4.341460924090958785e-05 0.000000000000000000e+00
0.000000000000000000e+00 0.000000000000000000e+00 0.000000000000000000e+00 0.000000000000000000e+00 0.000000000000000000e+00 0.000000000000000000e+00 -3.895656399869893855e-09 -2.734620556891725669e-10 -3.073308040043182100e-09 -1.519232112292763532e-09 -1.598660774143143123e-10 -1.688410106929309564e-09 -6.362069439346007351e-10 -8.363178994660279438e-10 -2.215596933649536945e-10 3.691673043390826567e-11 -7.312472723201658980e-07 -6.478225858761624634e-09 4.335205431599350350e-05 0.000000000000000000e+00
0.000000000000000000e+00 0.000000000000000000e+00 0.000000000000000000e+00 0.000000000000000000e+00 0.000000000000000000e+00 0.000000000000000000e+00 -7.609102770497683402e-10 1.415167803626367360e-09 5.746780111073034154e-10 -8.516001490727551234e-10 2.564177392312883315e-10 -9.502124769858382762e-10 -7.135407335409273965e-10 -3.573335937363478529e-10 -3.511909283842359640e-10 -2.609687195523386566e-10 -2.316148122033492490e-10 -3.831062247019893760e-09 2.949369116387877625e+02 0.000000000000000000e+00
0.000000000000000000e+00 0.000000000000000000e+00 0.000000000000000000e+00 0.000000000000000000e+00 0.000000000000000000e+00 0.000000000000000000e+00 3.850624064518584915e-10 1.353698921058588045e-09 2.053539682169445269e-11 -1.092843190393381731e-09 3.126808704645885222e-10 -1.056654754254960958e-09 -7.021454541599576789e-10 -3.528934724084910964e-10 -4.418660460537023234e-10 -3.473553384268790276e-10 -2.223335343054239890e-10 -3.396864888432650173e-09 4.641982084453937887e+02 0.000000000000000000e+00
