0.000000000000000000e+00 0.000000000000000000e+00 0.000000000000000000e+00 0.000000000000000000e+00 0.000000000000000000e+00 0.000000000000000000e+00 4.677467400578861383e-09 3.517303907435916382e-09 4.784242373319929118e-09 4.704514857583540381e-09 5.946499228153290923e-09 6.594100903861808583e-09 5.264987377604187105e-09 3.948576047462716952e-09 2.039319234402378499e-09 5.455832996294957837e-10 1.890755042211758664e-10 1.878814224208620003e-08 8.527228574936119090e-05 0.000000000000000000e+00
0.000000000000000000e+00 0.000000000000000000e+00 0.000000000000000000e+00 0.000000000000000000e+00 0.000000000000000000e+00 0.000000000000000000e+00 3.033987610451078222e-09 5.986973231818412825e-10 3.174094280748086622e-10 1.106409428765501439e-10 8.282671761866648321e-10 6.418804179799056955e-10 5.673642932737075596e-10 4.297255705947786753e-10 3.005574275377520694e-10 4.135544976997769500e-10 6.865495578771299315e-06 3.054477368700074637e-08 8.538785585793544006e-05 0.000000000000000000e+00
0.000000000000000000e+00 0.000000000000000000e+00 0.000000000000000000e+00 0.000000000000000000e+00 0.000000000000000000e+00 0.000000000000000000e+00 9.300446811034895312e-10 5.260398214045153532e-10 1.122444219956392159e-09 7.695123186506713020e-10 1.046926343315813098e-09 1.338809880018626592e-09 9.999689182706477783e-10 7.739361835998148139e-10 5.262144173331650815e-10 3.184252490722567047e-10 1.386782451992388787e-10 5.815162406014279632e-09 4.084827124341825765e+03 0.000000000000000000e+00
0.000000000000000000e+00 0.000000000000000000e+00 0.000000000000000000e+00 0.000000000000000000e+00 0.000000000000000000e+00 0.000000000000000000e+00 6.703065542381441071e-10 1.152023301324026788e-10 4.367155603113619377e-10 3.370929511637029465e-10 4.781613113051382625e-10 7.073124093873926168e-10 5.422271563478583837e-10 4.769880969325538697e-10 4.411739258052841570e-10 3.972559181884177484e-10 1.660800296227776857e-10 5.989521316702888166e-09 7.571137440386401067e+03 0.000000000000000000e+00
0.000000000000000000e+00 0.000000000000000000e+00 0.000000000000000000e+00 0.000000000000000000e+00 0.000000000000000000e+00 0.000000000000000000e+00 -4.932712011899658408e-09 2.890086267932139898e-09 -9.697839157855907387e-09 -6.699537479472495912e-09 -7.590829500793094343e-09 -4.474056553338983087e-09 -1.856770737792455514e-09 -9.832439355158005285e-10 -6.433196111732354757e-10 -2.063612679796745508e-10 1.537203027863939198e-11 2.778599939338388315e-10 2.970351431173654048e-09 0.000000000000000000e+00
0.000000000000000000e+00 0.000000000000000000e+00 0.000000000000000000e+00 0.000000000000000000e+00 0.000000000000000000e+00 0.000000000000000000e+00 8.232660070000165110e-09 2.826706100258457184e-09 7.974680845606790902e-10 -1.821839491967571706e-09 3.157742807701798301e-10 -8.393247000506769120e-10 1.291610134300518011e-10 -2.986474912794308423e-11 -5.189402742512903582e-11 -4.794227971785815632e-11 -3.165511534800965015e-10 3.010118316038757163e-10 3.008278167262122948e-09 0.000000000000000000e+00
0.000000000000000000e+00 0.000000000000000000e+00 0.000000000000000000e+00 0.000000000000000000e+00 0.000000000000000000e+00 0.000000000000000000e+00 -1.154921456065929698e-09 2.446824581789854822e-09 -2.326052092201433099e-09 -2.135318512144660338e-09 -2.632226132781549539e-09 -1.726728594407137672e-09 -4.514098172939445626e-10 -3.186651722910139023e-10 -2.361875507293564061e-10 -8.002135343953223906e-11 5.725652258917819673e-12 8.726947843968366246e-11 1.811106928352948090e-06 0.000000000000000000e+00
0.000000000000000000e+00 0.000000000000000000e+00 0.000000000000000000e+00 0.000000000000000000e+00 0.000000000000000000e+00 0.000000000000000000e+00 1.200360381741734262e-09 2.079784432215144303e-09 2.028986098467363612e-10 -6.094654262394798502e-10 -7.771304100399869965e-10 -7.518069861179470290e-10 4.815497748775342687e-11 -7.769102670814511190e-11 -6.317509221905531954e-11 -8.962320248232236338e-13 1.033870071538051347e-11 2.382635062328860866e-12 2.162713447818386113e-06 0.000000000000000000e+00
0.000000000000000000e+00 0.000000000000000000e+00 0.000000000000000000e+00 0.000000000000000000e+00 0.000000000000000000e+00 0.000000000000000000e+00 -6.286370135957232882e-08 6.102406179373934048e-09 -7.024925777811406034e-08 -4.356112936071820550e-08 -2.577708686996177254e-08 -1.134354576284492591e-08 -4.358111607850871336e-09 -2.717291518170891060e-09 -7.375198533952086362e-10 -2.603406455532359520e-10 5.661180865104921490e-11 6.488329645682205051e-10 1.237245527051122400e-08 0.000000000000000000e+00
0.000000000000000000e+00 0.000000000000000000e+00 0.000000000000000000e+00 0.000000000000000000e+00 0.000000000000000000e+00 0.000000000000000000e+00 -1.714795610049937513e-09 7.970757847461891028e-09 -1.435514111443123498e-08 -2.216793535837743020e-10 1.639048863356078467e-09 -2.214865633870036457e-09 8.648500060113816252e-10 -7.071892299506432679e-10 2.949989605032162915e-10 6.337354180658096415e-11 5.739648506421726588e-09 7.059719132182914696e-10 1.265173626124096187e-08 0.000000000000000000e+00
0.000000000000000000e+00 0.000000000000000000e+00 0.000000000000000000e+00 0.000000000000000000e+00 0.000000000000000000e+00 0.000000000000000000e+00 -3.414671506996353157e-08 8.610963682723213059e-09 -2.632089012744353425e-08 -1.407068866608345986e-08 -4.870179357147230951e-09 -3.458718633568271587e-09 -3.462486714665455125e-10 -1.287161042578159645e-09 2.901530103376199258e-11 -3.639424564366860112e-11 2.535004915538546209e-11 -3.519630775939186826e-11 8.055697773419917516e-06 0.000000000000000000e+00
0.000000000000000000e+00 0.000000000000000000e+00 0.000000000000000000e+00 0.000000000000000000e+00 0.000000000000000000e+00 0.000000000000000000e+00 -1.995508096029425364e-08 8.848209893178926354e-09 -9.934993084203077476e-09 -3.271807391825174281e-09 2.184788729474593682e-09 -8.926092672622193602e-10 1.016328466868655837e-09 -7.573738855141916808e-10 3.255845902008711976e-10 1.000976171573405152e-10 3.657952904231804716e-11 -2.902347589821033817e-10 1.872122909018805219e-05 0.000000000000000000e+00
0.000000000000000000e+00 0.000000000000000000e+00 0.000000000000000000e+00 0.000000000000000000e+00 0.000000000000000000e+00 0.000000000000000000e+00 -2.813020654823921365e-10 -6.744063965925782978e-10 -4.147944591271278812e-10 -9.569937168176743123e-10 -6.099169681849510257e-10 -1.963551019700007288e-10 -5.932984903479729665e-10 -3.235761073817763104e-10 -1.474020989320997998e-10 -1.030167245610410722e-10 -1.785151206825250716e-10 -3.179234293896577661e-09 -2.336718156592700176e-05 0.000000000000000000e+00
0.000000000000000000e+00 0.000000000000000000e+00 0.000000000000000000e+00 0.000000000000000000e+00 0.000000000000000000e+00 0.000000000000000000e+00 1.975596023505481561e-09 8.830218749565853687e-11 -1.107676092764810872e-09 -5.272010376100488523e-10 -6.854660670375937532e-10 -6.254317693889023374e-10 -7.340331333974083947e-10 -5.291989529731149776e-10 -2.121082656305889439e-10 -7.313551753321138513e-11 1.131649756683083540e-06 -5.207742571751059178e-09 -2.331173044821284186e-05 0.000000000000000000e+00
0.000000000000000000e+00 0.000000000000000000e+00 0.000000000000000000e+00 0.000000000000000000e+00 0.000000000000000000e+00 0.000000000000000000e+00 -5.952742171375151590e-10 -1.067351566542906814e-10 2.450214743052455260e-10 -5.377422244203612839e-10 -1.468391098718976376e-10 -1.934743071330514491e-10 -5.297386930745767034e-10 -4.196816148502721927e-10 -1.325169823996223287e-10 -1.315799857034635354e-10 -1.620738669985851902e-10 -1.720784538987984935e-09 -9.206192892381365027e+02 0.000000000000000000e+00
0.000000000000000000e+00 0.000000000000000000e+00 0.000000000000000000e+00 0.000000000000000000e+00 0.000000000000000000e+00 0.000000000000000000e+00 -6.586931602573232134e-10 9.824053441583650182e-11 1.825465649547478762e-10 -3.907101353267581276e-10 4.553656473508413168e-11 -1.855536283159666787e-10 -5.203407338732721111e-10 -4.827723085694180458e-10 -1.460292537115586900e-10 -1.641783856967632203e-10 -1.597344917205895906e-10 -1.149674588954513185e-09 -1.611550538447418376e+03 0.000000000000000000e+00
