0.000000000000000000e+00 0.000000000000000000e+00 0.000000000000000000e+00 0.000000000000000000e+00 0.000000000000000000e+00 0.000000000000000000e+00 5.240074766328383935e-09 2.268408473090971326e-09 4.398141993529683740e-09 5.018500644653385545e-09 4.514438834209805379e-09 5.018609328074027419e-09 4.860674416885668065e-09 3.692498702007976198e-09 1.848522597592618569e-09 5.085938540009712782e-10 6.249868798748176788e-10 9.081102442787666776e-08 1.029122076115489444e-05 0.000000000000000000e+00
0.000000000000000000e+00 0.000000000000000000e+00 0.000000000000000000e+00 0.000000000000000000e+00 0.000000000000000000e+00 0.000000000000000000e+00 1.277104619140773758e-09 5.011256117642310680e-10 2.199305529764655607e-10 1.022501646213488147e-09 9.939068008176704623e-10 9.235582254013706941e-10 7.641861031823791134e-10 5.800731030207518237e-10 4.309847699585177145e-10 5.112101047433428008e-10 1.083725498863528336e-06 9.793311106417489523e-08 1.029581405086529974e-05 0.000000000000000000e+00
0.000000000000000000e+00 0.000000000000000000e+00 0.000000000000000000e+00 0.000000000000000000e+00 0.000000000000000000e+00 0.000000000000000000e+00 8.335821925981997039e-10 3.783203489479262467e-10 7.218723912953606071e-10 1.448089411578098242e-09 9.899850156607270928e-10 1.317771163576408320e-09 1.259370072283730762e-09 1.016403737355337979e-09 6.968476970227742320e-10 3.663970343085020531e-10 3.187488928799503070e-10 4.742686625503522341e-08 -2.665118192063729907e+00 0.000000000000000000e+00
0.000000000000000000e+00 0.000000000000000000e+00 0.000000000000000000e+00 0.000000000000000000e+00 0.000000000000000000e+00 0.000000000000000000e+00 9.381444241451117249e-10 1.680997727765404772e-10 3.122153163557082842e-10 9.263342268041539641e-10 5.959508346027478468e-10 8.353927961811916725e-10 8.198422346672788646e-10 6.911145935053648712e-10 5.548646096534730994e-10 3.824166435312590913e-10 3.016495648036468786e-10 4.913194333910055917e-08 -3.772388688737862594e+00 0.000000000000000000e+00
0.000000000000000000e+00 0.000000000000000000e+00 0.000000000000000000e+00 0.000000000000000000e+00 0.000000000000000000e+00 0.000000000000000000e+00 -1.609351115585093689e-08 -1.417163150558392684e-08 -8.092080316626161289e-09 -7.241478486368326173e-09 -4.958175872726654418e-09 -3.966304841456915173e-09 -2.049712389641877990e-09 -1.102133294558046181e-09 -6.070400454409551972e-10 -1.615125869508948563e-10 9.890736426899201472e-11 6.676298153176592778e-10 1.132008773562398275e-09 0.000000000000000000e+00
0.000000000000000000e+00 0.000000000000000000e+00 0.000000000000000000e+00 0.000000000000000000e+00 0.000000000000000000e+00 0.000000000000000000e+00 2.153378217127996026e-09 4.531795913323470030e-09 -1.472968891914724749e-09 -1.624600813955429204e-10 7.390881815639237205e-11 -1.196126103664335752e-09 2.177466739892926674e-10 2.437041253800768695e-11 -4.873715998994219451e-11 -6.941433270527462651e-11 2.052157049672220237e-10 6.546570561378744107e-10 1.134989310110563911e-09 0.000000000000000000e+00
0.000000000000000000e+00 0.000000000000000000e+00 0.000000000000000000e+00 0.000000000000000000e+00 0.000000000000000000e+00 0.000000000000000000e+00 -3.341319988232752562e-09 -2.504609903474348067e-09 -2.729721601257543715e-09 -1.659972859401302729e-09 -1.371209709212922566e-09 -1.764715327865542281e-09 -5.411335375445092057e-10 -3.837384295071443840e-10 -2.242761474355080128e-10 -7.936845344921144193e-11 3.468346914180495784e-11 1.840383993044684897e-10 1.542780578764950777e-07 0.000000000000000000e+00
0.000000000000000000e+00 0.000000000000000000e+00 0.000000000000000000e+00 0.000000000000000000e+00 0.000000000000000000e+00 0.000000000000000000e+00 2.674806741738836057e-10 9.085989372450026730e-10 -1.259949770563915272e-09 -2.441642360551135475e-10 -3.892345563423235035e-10 -1.152058421367771519e-09 -8.113871844191498699e-11 -1.301220782240855896e-10 -5.901879877407898831e-11 -8.413827820941902262e-12 8.499616567834575942e-12 2.140484737808655914e-11 1.860400027536807555e-07 0.000000000000000000e+00
0.000000000000000000e+00 0.000000000000000000e+00 0.000000000000000000e+00 0.000000000000000000e+00 0.000000000000000000e+00 0.000000000000000000e+00 -8.575810711509932058e-08 -9.963109356876837716e-08 -3.586931993454763786e-08 -3.592864362215881455e-08 -1.352099068896905464e-08 -9.507751864605505888e-09 -5.763942846897931597e-09 -1.469941707381771281e-09 -9.103739785915534991e-11 -1.762163260621927622e-10 5.495833110087557671e-11 2.548564463781452191e-10 1.034318999336845801e-08 0.000000000000000000e+00
0.000000000000000000e+00 0.000000000000000000e+00 0.000000000000000000e+00 0.000000000000000000e+00 0.000000000000000000e+00 0.000000000000000000e+00 4.233438381154093014e-08 -6.187165488327210242e-09 4.511057277674876169e-10 -8.535072969306904301e-09 -1.052575732557706873e-09 -1.055355219090916895e-09 1.614469167246105568e-09 -1.901875907733657244e-10 2.089823571560401735e-10 -9.668773908349577700e-11 1.366379944607132278e-09 2.341741522285721789e-10 1.042636128425576472e-08 0.000000000000000000e+00
0.000000000000000000e+00 0.000000000000000000e+00 0.000000000000000000e+00 0.000000000000000000e+00 0.000000000000000000e+00 0.000000000000000000e+00 1.093262388150607271e-09 -3.710694559406546073e-08 -9.641133397482875777e-09 -1.219074033526267448e-08 -3.856792043942162748e-09 -3.225481906083019324e-09 -7.856541052558603603e-10 -4.831153215032968691e-10 1.784045728300600042e-10 -1.412241899524766448e-10 -5.027413956966247557e-11 -2.359901869047247834e-10 2.060355574910541565e-06 0.000000000000000000e+00
0.000000000000000000e+00 0.000000000000000000e+00 0.000000000000000000e+00 0.000000000000000000e+00 0.000000000000000000e+00 0.000000000000000000e+00 2.564048890579142099e-08 -1.746257873714044455e-08 -2.085399633955601327e-09 -6.255230930423881182e-09 -1.204783092895730364e-09 -1.559538833624116836e-09 6.948727229503918609e-10 -1.926123992672278989e-10 2.609423283320391179e-10 -1.133735910069438488e-10 -9.037073419022172772e-11 -3.737580595785099655e-10 2.488883950618530581e-06 0.000000000000000000e+00
0.000000000000000000e+00 0.000000000000000000e+00 0.000000000000000000e+00 0.000000000000000000e+00 0.000000000000000000e+00 0.000000000000000000e+00 2.052177728593897039e-10 9.728652000023329513e-10 -6.320788212314159913e-10 5.164554790700930883e-10 1.383605323126442066e-10 -1.129584261937021553e-09 -4.758001671248157129e-10 -6.127236017039340967e-10 -3.850149709321564594e-10 -8.552146057437389508e-11 -2.881599788694200641e-10 -1.447766840626138419e-08 -9.578176392489026807e-06 0.000000000000000000e+00
0.000000000000000000e+00 0.000000000000000000e+00 0.000000000000000000e+00 0.000000000000000000e+00 0.000000000000000000e+00 0.000000000000000000e+00 5.030892600792717152e-09 1.825088837351260304e-09 -2.967426346338250547e-09 2.871640033851813000e-09 -1.411872928163662792e-09 -5.094056307686116493e-10 -6.763921296691406328e-10 -5.169058233228483355e-10 -3.445244598562386259e-10 -2.472723862515134454e-11 1.648863822479992452e-06 -1.617586936921385973e-08 -9.582314363794949995e-06 0.000000000000000000e+00
0.000000000000000000e+00 0.000000000000000000e+00 0.000000000000000000e+00 0.000000000000000000e+00 0.000000000000000000e+00 0.000000000000000000e+00 1.551537147921513208e-09 1.528584817828675992e-09 -1.007036794304047829e-09 1.104061924055744797e-09 -7.079526689082607891e-10 -6.916502354824555712e-10 -6.823379463165829418e-10 -4.824858631608725176e-10 -4.592097612276399698e-10 -1.170002541036292529e-10 -1.427242360919219079e-10 -2.463793061425135883e-08 -6.648536831630583777e+01 0.000000000000000000e+00
0.000000000000000000e+00 0.000000000000000000e+00 0.000000000000000000e+00 0.000000000000000000e+00 0.000000000000000000e+00 0.000000000000000000e+00 1.837009833761097514e-09 1.546262070378866414e-09 -9.318775609479870111e-10 1.293565042103018346e-09 -9.272348845149513786e-10 -5.989288996460076222e-10 -7.273983423979313921e-10 -4.708132629161967073e-10 -5.194022678349095113e-10 -1.690009077223249991e-10 -9.874589932355083000e-11 -2.775248554848435139e-08 -9.849589353933687619e+01 0.000000000000000000e+00
