0.000000000000000000e+00 0.000000000000000000e+00 0.000000000000000000e+00 0.000000000000000000e+00 0.000000000000000000e+00 0.000000000000000000e+00 7.683478288261106351e-09 6.654742526198074436e-09 1.248308704748600998e-08 1.283917438456738994e-08 1.140388631301172232e-08 1.494815505850912412e-08 1.099156640445101339e-08 8.500758511125677110e-09 4.350495015742749919e-09 1.135476551718381518e-09 1.737687531720689098e-09 2.599936609850828297e-07 5.905748611483057275e-06 0.000000000000000000e+00
0.000000000000000000e+00 0.000000000000000000e+00 0.000000000000000000e+00 0.000000000000000000e+00 0.000000000000000000e+00 0.000000000000000000e+00 1.240628376859177953e-09 -1.555730775584108008e-09 4.722270659914280631e-10 1.460603358225787726e-09 1.048955808226886051e-09 1.460979207719089839e-09 1.127605248219443411e-09 7.057201931024585927e-10 4.764113658038570069e-10 6.693773912394261028e-10 1.769004610519932664e-06 2.739584294629905564e-07 5.903809885351749367e-06 0.000000000000000000e+00
0.000000000000000000e+00 0.000000000000000000e+00 0.000000000000000000e+00 0.000000000000000000e+00 0.000000000000000000e+00 0.000000000000000000e+00 1.526000576406103727e-09 -2.442386559724689745e-11 1.002336307868710398e-09 1.268825028747725728e-09 1.043961432219531285e-09 1.670558180832581303e-09 1.641068050546705173e-09 1.448678911761564153e-09 1.039033013462679215e-09 6.121611141138927852e-10 6.663882265438214239e-10 5.761807171915347118e-08 4.163968696226174870e+01 0.000000000000000000e+00
0.000000000000000000e+00 0.000000000000000000e+00 0.000000000000000000e+00 0.000000000000000000e+00 0.000000000000000000e+00 0.000000000000000000e+00 1.703506418230740100e-09 8.647366002972905793e-11 2.264642028409440140e-10 6.634619653060194670e-10 4.967871294292387940e-10 8.061034970716143857e-10 1.026891604465198340e-09 9.659204973786800080e-10 7.360139056733913469e-10 5.423297213805603286e-10 4.999018150475116207e-10 5.518339982401026420e-08 6.135464540831617342e+01 0.000000000000000000e+00
0.000000000000000000e+00 0.000000000000000000e+00 0.000000000000000000e+00 0.000000000000000000e+00 0.000000000000000000e+00 0.000000000000000000e+00 -1.511589434315392873e-08 -1.158899762313922254e-08 -7.039427129796832235e-09 -3.325832448350629607e-10 -8.031041274620799318e-09 -2.288365254469039471e-09 -1.748834984768742867e-09 -1.339858933753999309e-09 -7.892803353537753576e-10 -2.422599375027956943e-10 1.488800570306847119e-10 1.031440154170028351e-09 1.498421701113218434e-09 0.000000000000000000e+00
0.000000000000000000e+00 0.000000000000000000e+00 0.000000000000000000e+00 0.000000000000000000e+00 0.000000000000000000e+00 0.000000000000000000e+00 -4.719885397258200781e-09 -1.785642926668840763e-09 3.275254708198490301e-09 1.710473617398306440e-09 3.528302636219089335e-10 4.651708171804224714e-10 -2.067787053997280560e-10 1.601342177813024536e-10 -5.837932585421169978e-11 -1.117315367548009838e-10 1.251935456498513459e-10 9.981118939494304161e-10 1.499770256295129176e-09 0.000000000000000000e+00
0.000000000000000000e+00 0.000000000000000000e+00 0.000000000000000000e+00 0.000000000000000000e+00 0.000000000000000000e+00 0.000000000000000000e+00 -5.851370792890498932e-09 -2.197656817029524873e-09 -1.299142720832398925e-09 6.104429275896850684e-10 -1.593594838743102913e-09 -3.139152331233273767e-10 -5.000763253404204538e-10 -3.065801844580862569e-10 -2.588402622870130262e-10 -1.161704730633602057e-10 5.252192386633013566e-11 2.634522823203852665e-10 -4.113238289542668114e-07 0.000000000000000000e+00
0.000000000000000000e+00 0.000000000000000000e+00 0.000000000000000000e+00 0.000000000000000000e+00 0.000000000000000000e+00 0.000000000000000000e+00 -3.508432445907730722e-09 8.863376716812579899e-12 2.251084562624177494e-10 8.473285833383440892e-10 1.163932966785363608e-10 2.363111027607532650e-10 -1.704963023305550507e-10 3.434392074970261985e-11 -3.589382354048522278e-11 -1.186241065866685808e-11 1.333997085451373744e-11 1.659868294524177943e-11 -4.984671528277590647e-07 0.000000000000000000e+00
0.000000000000000000e+00 0.000000000000000000e+00 0.000000000000000000e+00 0.000000000000000000e+00 0.000000000000000000e+00 0.000000000000000000e+00 -6.001490982565596566e-08 -4.208435847683845148e-08 -3.855997908745209443e-08 -1.733268724985355015e-08 -2.864567958236787529e-08 -1.124563822010954558e-08 1.445475625990083606e-09 -1.876385553787035295e-09 1.615661725846395516e-10 1.261327734505698030e-10 1.202087727395229709e-10 1.740674877984432754e-09 -1.153609148199756218e-09 0.000000000000000000e+00
0.000000000000000000e+00 0.000000000000000000e+00 0.000000000000000000e+00 0.000000000000000000e+00 0.000000000000000000e+00 0.000000000000000000e+00 -2.354235411634444737e-10 -2.759905418776904384e-09 3.639980852265305596e-09 1.716780521292462697e-08 1.480693141776051601e-09 1.064164908584905035e-09 -4.024975168587598288e-10 3.830296618711565317e-10 -4.892813999738009117e-11 4.960280362910342402e-11 -3.983428634995930462e-10 1.606665806745740097e-09 -1.184036551671316478e-09 0.000000000000000000e+00
0.000000000000000000e+00 0.000000000000000000e+00 0.000000000000000000e+00 0.000000000000000000e+00 0.000000000000000000e+00 0.000000000000000000e+00 -6.626855579731498996e-09 -9.732910298836207894e-09 -8.763782374583504260e-09 7.424045057093244456e-09 -6.145798460587495290e-09 -2.413358613976376566e-09 1.497497501513042048e-09 -3.832666488234099506e-10 6.195288320286863681e-11 1.062497418403151620e-10 5.714986581769762403e-11 -1.782303412436873287e-10 4.204280589008628219e-06 0.000000000000000000e+00
0.000000000000000000e+00 0.000000000000000000e+00 0.000000000000000000e+00 0.000000000000000000e+00 0.000000000000000000e+00 0.000000000000000000e+00 6.070746939986152135e-09 -9.472156570214426221e-10 -1.678026192377342961e-09 1.355666647679052446e-08 -1.669585980842839815e-10 2.689341301511902775e-10 1.199022819779610352e-09 1.377383376083994286e-10 1.434535107801160777e-11 6.789239907115582719e-11 -3.302059584957060532e-12 -6.864265626897709662e-10 5.113101001910703504e-06 0.000000000000000000e+00
0.000000000000000000e+00 0.000000000000000000e+00 0.000000000000000000e+00 0.000000000000000000e+00 0.000000000000000000e+00 0.000000000000000000e+00 -4.947624277256193039e-11 1.050655808289240636e-10 -9.262271309136256920e-10 -5.229244605667126093e-10 -2.031325274106143096e-10 -2.218821630413246270e-10 -2.443696918897732802e-10 -9.212350745143608375e-11 -1.057893968845397631e-10 -5.557216166078999019e-11 -5.032430344095801788e-10 -2.363242759594623277e-08 5.489291939986105368e-06 0.000000000000000000e+00
0.000000000000000000e+00 0.000000000000000000e+00 0.000000000000000000e+00 0.000000000000000000e+00 0.000000000000000000e+00 0.000000000000000000e+00 -1.758267703020109063e-09 -2.499421671812262387e-09 -8.156160424306994513e-10 -1.762856321169959498e-09 -4.578416105363328759e-10 -2.748567902345140069e-09 -1.096454829159421008e-09 -4.659263290851687980e-10 -3.438838020930378277e-10 -3.482105608460693260e-11 -2.053336560897492345e-06 -2.559252498605393710e-08 5.491652842604619857e-06 0.000000000000000000e+00
0.000000000000000000e+00 0.000000000000000000e+00 0.000000000000000000e+00 0.000000000000000000e+00 0.000000000000000000e+00 0.000000000000000000e+00 1.972442265822564038e-09 1.453220719646072964e-09 -6.203344978823596823e-10 -3.965412605450334271e-10 1.485871951193809973e-10 -9.136943024749809524e-10 -6.006175563097375225e-10 -3.797401393278088670e-10 -3.463955429464587507e-10 -7.137981587588425074e-11 -2.850578099269477105e-10 -3.944725092816328767e-08 -1.859527153155622514e+01 0.000000000000000000e+00
0.000000000000000000e+00 0.000000000000000000e+00 0.000000000000000000e+00 0.000000000000000000e+00 0.000000000000000000e+00 0.000000000000000000e+00 2.179257964575702371e-09 1.535306377770920664e-09 -3.238662851654244738e-10 -4.960358219516744080e-10 2.015546123467078855e-10 -1.154777405445084316e-09 -7.016844203898432364e-10 -4.468769503038272349e-10 -4.553438664961810822e-10 -9.175161594578385118e-11 -1.486505980716479495e-10 -4.816135715628926674e-08 -2.827232787312669160e+01 0.000000000000000000e+00
