0.000000000000000000e+00 0.000000000000000000e+00 0.000000000000000000e+00 0.000000000000000000e+00 0.000000000000000000e+00 0.000000000000000000e+00 6.028550266514383729e-10 2.153585914347356053e-09 5.498091527129660503e-09 4.876782929751891528e-09 3.471980388852091395e-09 4.309563079254968581e-09 3.998802044527577088e-09 2.647518886491606274e-09 1.299042184328573161e-09 4.196040721662716287e-10 6.193838362483003384e-10 7.965892675550958978e-08 8.140660386701676081e-06 0.000000000000000000e+00
0.000000000000000000e+00 0.000000000000000000e+00 0.000000000000000000e+00 0.000000000000000000e+00 0.000000000000000000e+00 0.000000000000000000e+00 -6.522982000526512418e-10 1.124751969943074419e-10 2.273192170990792837e-10 7.260306941789114884e-10 5.884551361629081935e-10 7.705352942878274138e-10 5.435746705245869175e-10 4.168742444087626457e-10 2.819246741330142526e-10 3.411453307022258675e-10 1.299822271542739995e-06 8.549004811912901190e-08 8.143474111087994698e-06 0.000000000000000000e+00
0.000000000000000000e+00 0.000000000000000000e+00 0.000000000000000000e+00 0.000000000000000000e+00 0.000000000000000000e+00 0.000000000000000000e+00 -1.307411118711704724e-10 3.505096126768186891e-10 5.112850166795545849e-10 7.380771759341426428e-10 5.331749898517242860e-10 7.325400876246695212e-10 6.992419759923192247e-10 6.365833079567343799e-10 4.810276711870772854e-10 3.067473446271020292e-10 3.530040512260592735e-10 4.593114605088652640e-08 -1.105434905046607952e+01 0.000000000000000000e+00
0.000000000000000000e+00 0.000000000000000000e+00 0.000000000000000000e+00 0.000000000000000000e+00 0.000000000000000000e+00 0.000000000000000000e+00 -7.453776260096387497e-11 4.491302635846882548e-10 1.970061735159069203e-10 4.142067541162068146e-10 3.152459039153191791e-10 5.995891098394445121e-10 5.541862997913895840e-10 5.215998252280084936e-10 4.402861322381386830e-10 3.103883159199246621e-10 3.299999774541010930e-10 5.801157686982268710e-08 -1.608981390717380577e+01 0.000000000000000000e+00
0.000000000000000000e+00 0.000000000000000000e+00 0.000000000000000000e+00 0.000000000000000000e+00 0.000000000000000000e+00 0.000000000000000000e+00 1.374558341402402120e-09 -9.933080881880717526e-09 -7.976446858930512303e-09 -8.342538616294590343e-09 -5.226806721125704652e-09 -4.085842028027174831e-09 -2.266428127381459003e-09 -1.211356430988480069e-09 -5.348754214367311285e-10 -1.495354307900097459e-10 9.300179266799921869e-11 6.917033253081938736e-10 1.054032292456362248e-09 0.000000000000000000e+00
0.000000000000000000e+00 0.000000000000000000e+00 0.000000000000000000e+00 0.000000000000000000e+00 0.000000000000000000e+00 0.000000000000000000e+00 -1.637960043253629760e-10 2.673044098626024639e-09 1.032305237110705288e-09 6.235602576907286430e-10 -1.369629121982831300e-09 -1.108202808100189203e-10 -6.920415436769492468e-11 7.459282787363658271e-11 -3.783846959995988557e-11 -7.112940351699088333e-11 1.924631142214254979e-10 6.729493301821273358e-10 1.052777927844127069e-09 0.000000000000000000e+00
0.000000000000000000e+00 0.000000000000000000e+00 0.000000000000000000e+00 0.000000000000000000e+00 0.000000000000000000e+00 0.000000000000000000e+00 2.439811609126197845e-09 -2.112184905655981390e-09 1.725825534072869643e-10 -1.331065737831663776e-09 -1.933509919171999994e-09 -1.035894466307827932e-09 -6.159864807330728890e-10 -2.927829211614974200e-10 -1.755656221679788891e-10 -6.750662736363069692e-11 3.392042986091400700e-11 1.992615517057900634e-10 9.590422120223702135e-08 0.000000000000000000e+00
0.000000000000000000e+00 0.000000000000000000e+00 0.000000000000000000e+00 0.000000000000000000e+00 0.000000000000000000e+00 0.000000000000000000e+00 3.083156807351420192e-09 1.633502732422224774e-10 1.975444113149711310e-09 3.844997033687071309e-10 -1.026476291087649419e-09 -1.590802122093352191e-10 -1.650606205603569550e-10 4.042393540930432431e-12 -2.144554834156716335e-11 3.354358862291383683e-12 8.986526206612188493e-12 2.988545597233814356e-11 1.168876699118179160e-07 0.000000000000000000e+00
0.000000000000000000e+00 0.000000000000000000e+00 0.000000000000000000e+00 0.000000000000000000e+00 0.000000000000000000e+00 0.000000000000000000e+00 -1.248551739973084713e-08 -3.850969549250954135e-08 -4.815175747734426461e-08 -4.242203909449229252e-08 -2.496313271067773791e-08 -6.349347230267176511e-09 -3.801951640072113144e-09 -1.549135689590629679e-09 -6.915909695652799505e-10 2.264015972575637243e-11 -6.895126737968346814e-11 3.885900204401161639e-10 1.083498279418842983e-09 0.000000000000000000e+00
0.000000000000000000e+00 0.000000000000000000e+00 0.000000000000000000e+00 0.000000000000000000e+00 0.000000000000000000e+00 0.000000000000000000e+00 -3.040726898338546061e-09 6.434570373098433529e-09 1.140631922094384984e-10 -1.641672947046379867e-09 -7.665880046569193567e-09 7.470935953409485872e-10 -8.217885958140302598e-10 1.036847558814515667e-10 -1.560270008128804206e-10 6.933906067587462514e-11 2.093679034798466278e-10 3.687832214626166388e-10 9.864806847673804135e-10 0.000000000000000000e+00
0.000000000000000000e+00 0.000000000000000000e+00 0.000000000000000000e+00 0.000000000000000000e+00 0.000000000000000000e+00 0.000000000000000000e+00 5.554328189421931230e-10 -1.241584479350587644e-08 -4.811039464246245687e-09 -8.750669944508629072e-09 -1.055950835257181822e-08 -1.374128843163060796e-09 -1.263877245504579361e-09 -2.896658068135896883e-10 -3.682090495948389954e-10 5.921133398971937544e-11 -5.792979723821968613e-11 3.882582387090258134e-10 6.375302919865332538e-07 0.000000000000000000e+00
0.000000000000000000e+00 0.000000000000000000e+00 0.000000000000000000e+00 0.000000000000000000e+00 0.000000000000000000e+00 0.000000000000000000e+00 5.180085065836636409e-09 -4.441706408596569692e-09 5.476575579181820644e-09 -3.904342605000872578e-10 -6.432103285650030993e-09 1.155268594099330631e-11 -6.340840136134369929e-10 8.373243368561826043e-11 -2.212790881616563732e-10 9.651075582585475933e-11 -4.577633422985824692e-11 3.492627175060177900e-10 7.613425480924116040e-07 0.000000000000000000e+00
0.000000000000000000e+00 0.000000000000000000e+00 0.000000000000000000e+00 0.000000000000000000e+00 0.000000000000000000e+00 0.000000000000000000e+00 1.347408020225372878e-09 -6.379380779512512592e-10 -1.546257853678951877e-09 -9.014130678399814249e-11 5.907592451260217493e-11 -5.151885422238838308e-10 1.021615846458407626e-10 -1.506218878535434043e-10 -2.806098047821498217e-10 -1.904347373615499921e-10 -3.206447159457943882e-10 -1.525303392458731196e-08 -1.084053907702680181e-05 0.000000000000000000e+00
0.000000000000000000e+00 0.000000000000000000e+00 0.000000000000000000e+00 0.000000000000000000e+00 0.000000000000000000e+00 0.000000000000000000e+00 2.451175869226051577e-09 -3.693722267976340599e-09 -6.202551525006635560e-10 8.512250742263078820e-11 -1.584472678742544647e-10 -2.158047629595106306e-10 -1.338654909956459930e-10 -5.626481838574255490e-10 -3.125581213933973271e-10 -1.081797908512624023e-10 -5.562833517825912025e-06 -1.767088068269512671e-08 -1.085091213789542482e-05 0.000000000000000000e+00
0.000000000000000000e+00 0.000000000000000000e+00 0.000000000000000000e+00 0.000000000000000000e+00 0.000000000000000000e+00 0.000000000000000000e+00 1.228911400306411150e-09 2.903133726066355577e-10 -1.527189792534787942e-09 8.786182034734108601e-11 -2.478704730276875973e-10 4.298241387124153185e-11 9.270109998199759221e-11 -2.637083576750995937e-10 -3.381377495567585661e-10 -2.277315204993319423e-10 -1.917643658834539922e-10 -2.754291385474323929e-08 -8.843177886507719165e+01 0.000000000000000000e+00
0.000000000000000000e+00 0.000000000000000000e+00 0.000000000000000000e+00 0.000000000000000000e+00 0.000000000000000000e+00 0.000000000000000000e+00 1.296965754566549843e-09 3.803100084020309818e-10 -1.598331545348958298e-09 4.996823954292851987e-11 -3.408282102739414761e-10 1.586579533518925060e-10 3.842477751724960762e-11 -3.405013495043639535e-10 -3.873289604411946311e-10 -2.772012810465138063e-10 -1.352415692867062132e-10 -3.110318947760496818e-08 -1.286568164551500786e+02 0.000000000000000000e+00
