0.000000000000000000e+00 0.000000000000000000e+00 0.000000000000000000e+00 0.000000000000000000e+00 0.000000000000000000e+00 0.000000000000000000e+00 9.452342923016148909e-10 1.138858317339395208e-08 5.174589242916117655e-09 2.893195103138426214e-09 3.304328706192525841e-09 3.904576158131913120e-09 3.024469433072604721e-09 2.303790152562895060e-09 1.226989648527069894e-09 3.710009387482302268e-10 4.956312605729550287e-10 6.162516193181625942e-08 6.326117936800970589e-06 0.000000000000000000e+00
0.000000000000000000e+00 0.000000000000000000e+00 0.000000000000000000e+00 0.000000000000000000e+00 0.000000000000000000e+00 0.000000000000000000e+00 6.613571927994025036e-10 2.485466765827890812e-09 4.864868324773941317e-10 1.074815290582076372e-09 1.499454662328044314e-09 1.023075561862937524e-09 6.541291632856860651e-10 4.246271345185025780e-10 2.767695306952364558e-10 2.737748642937507492e-10 1.508605835290872742e-06 6.527802172926916981e-08 6.331354003310956139e-06 0.000000000000000000e+00
0.000000000000000000e+00 0.000000000000000000e+00 0.000000000000000000e+00 0.000000000000000000e+00 0.000000000000000000e+00 0.000000000000000000e+00 -3.177058651890744806e-10 1.227523618108219444e-09 8.836006587192529647e-10 5.100126116270824880e-10 6.321448931368803498e-10 8.567292451855814290e-10 6.780508930993152518e-10 6.205760590799438241e-10 4.486485439411172864e-10 2.308288718836023375e-10 2.357177990162007626e-10 4.444442133144054060e-08 -2.829303746308852396e+00 0.000000000000000000e+00
0.000000000000000000e+00 0.000000000000000000e+00 0.000000000000000000e+00 0.000000000000000000e+00 0.000000000000000000e+00 0.000000000000000000e+00 -1.446446782876996242e-10 5.941974398504203573e-10 4.340089777891325855e-10 4.455343769156722954e-10 5.551006684529874444e-10 6.468022824292532724e-10 5.665846727594374467e-10 4.826842657519061499e-10 3.611615535051646105e-10 1.950278826670767317e-10 1.915578838481967207e-10 5.589744198915199888e-08 -4.097747475186423571e+00 0.000000000000000000e+00
0.000000000000000000e+00 0.000000000000000000e+00 0.000000000000000000e+00 0.000000000000000000e+00 0.000000000000000000e+00 0.000000000000000000e+00 1.384492688637297771e-08 -1.401163962193042839e-08 -1.082625634484508019e-08 -5.949465029080419714e-09 -4.233647981359480284e-09 -3.723696597752461794e-09 -1.862144383182651867e-09 -9.799126469892327599e-10 -4.996562195243326052e-10 -1.353160692574468116e-10 8.195703978524636560e-11 6.009374877297500566e-10 7.530547716695089190e-10 0.000000000000000000e+00
0.000000000000000000e+00 0.000000000000000000e+00 0.000000000000000000e+00 0.000000000000000000e+00 0.000000000000000000e+00 0.000000000000000000e+00 1.176682325920602837e-09 -4.954263377012573498e-09 1.217632554457078113e-09 2.210018637085471531e-10 2.146538432542880691e-10 -4.615010130085411496e-10 1.027555720756902367e-10 5.992173130140301557e-12 -6.474086170964755353e-11 -6.684923756855238302e-11 -2.246482794492265035e-10 5.769280334723182043e-10 7.510528145342995222e-10 0.000000000000000000e+00
0.000000000000000000e+00 0.000000000000000000e+00 0.000000000000000000e+00 0.000000000000000000e+00 0.000000000000000000e+00 0.000000000000000000e+00 6.562885211713852294e-09 -4.128287584941921907e-09 -1.453291520330485540e-09 -1.840093576471403250e-09 -7.598032631903912108e-10 -1.489005801274727836e-09 -4.179583962287709655e-10 -3.136971037607458614e-10 -1.750510605531810125e-10 -6.612326606251395360e-11 3.000538722980574857e-11 1.517608786451750582e-10 -2.133796320689982160e-08 0.000000000000000000e+00
0.000000000000000000e+00 0.000000000000000000e+00 0.000000000000000000e+00 0.000000000000000000e+00 0.000000000000000000e+00 0.000000000000000000e+00 3.871944146140611267e-09 -2.090639788606668671e-09 8.393501245558618520e-10 -7.293521164894494123e-10 1.076588513394880504e-10 -8.220141086226267634e-10 -2.529201265535194995e-11 -9.250038021064970180e-11 -3.680964816203893417e-11 -5.981834017300054840e-12 9.202802191939944016e-12 5.834787426442222668e-12 -2.452771674553687210e-08 0.000000000000000000e+00
0.000000000000000000e+00 0.000000000000000000e+00 0.000000000000000000e+00 0.000000000000000000e+00 0.000000000000000000e+00 0.000000000000000000e+00 1.697288853476467569e-08 4.351786683672040048e-09 -5.789705602445424837e-08 -3.512568747990136829e-08 -2.090914482516242262e-08 -1.005768236035953252e-08 -3.742197607640511624e-09 -2.076817973426572655e-09 -4.972706144256326581e-11 5.669042962558211401e-11 8.505718784921886217e-11 4.012732677044646526e-10 -3.345823670883144285e-09 0.000000000000000000e+00
0.000000000000000000e+00 0.000000000000000000e+00 0.000000000000000000e+00 0.000000000000000000e+00 0.000000000000000000e+00 0.000000000000000000e+00 3.980111962714747901e-09 1.556056613830718597e-08 3.115694075439769826e-09 1.786486958594670808e-09 2.880555579435085464e-10 1.678402645968804464e-11 3.514333165166324373e-11 -4.332700967974129130e-10 2.871523505600359754e-10 1.294889210163236607e-10 -5.452658021082726417e-09 3.315500367468928625e-10 -3.384835097167346211e-09 0.000000000000000000e+00
0.000000000000000000e+00 0.000000000000000000e+00 0.000000000000000000e+00 0.000000000000000000e+00 0.000000000000000000e+00 0.000000000000000000e+00 1.361997825612086957e-08 4.244381905268326520e-09 -1.162498376212841379e-08 -7.444040854314642868e-09 -2.865078012169412494e-09 -3.877291008636098810e-09 -6.041648659256758723e-10 -6.931430712745685607e-10 2.706818568070460295e-10 1.169187092995686995e-10 1.280033131956152678e-11 3.269009733434452251e-10 -1.448613851089136605e-06 0.000000000000000000e+00
0.000000000000000000e+00 0.000000000000000000e+00 0.000000000000000000e+00 0.000000000000000000e+00 0.000000000000000000e+00 0.000000000000000000e+00 9.997290384884156123e-09 5.195069356692970761e-09 4.794065646488471505e-10 -2.769170923526013622e-10 1.275604055645428756e-09 -1.836006456548829086e-09 2.363627370993099813e-10 -3.379530782625476819e-10 3.799074036106827503e-10 1.595589117590327312e-10 -1.198494836122373625e-11 2.621243492151302565e-10 -1.759960624114362344e-06 0.000000000000000000e+00
0.000000000000000000e+00 0.000000000000000000e+00 0.000000000000000000e+00 0.000000000000000000e+00 0.000000000000000000e+00 0.000000000000000000e+00 2.710950661823309646e-11 -4.419082964486167790e-10 2.826700448280491693e-10 -1.520552746812398851e-10 -3.036523803566101607e-10 -1.215980404701485786e-10 -2.381302178806161685e-10 -4.903246435988927655e-10 -1.722873495689354150e-10 -5.805972147463237573e-11 -4.038049991561791325e-10 -1.485669148579335286e-08 -9.659189412649959631e-06 0.000000000000000000e+00
0.000000000000000000e+00 0.000000000000000000e+00 0.000000000000000000e+00 0.000000000000000000e+00 0.000000000000000000e+00 0.000000000000000000e+00 5.888281975486471192e-10 3.026182393352551529e-09 4.709286151885340236e-09 2.165738491462704256e-10 -3.608001358046190200e-10 -9.774824949297410041e-10 -8.934569561738974146e-10 -1.013177686895019433e-09 -3.453817406999986434e-10 -8.575527937486870703e-11 8.265939732029432331e-06 -1.628217222153798497e-08 -9.673070998963732714e-06 0.000000000000000000e+00
0.000000000000000000e+00 0.000000000000000000e+00 0.000000000000000000e+00 0.000000000000000000e+00 0.000000000000000000e+00 0.000000000000000000e+00 4.363786284746954364e-10 1.436599497888311116e-09 6.332760969642139682e-10 -8.133147188108091607e-10 -1.473983795343520624e-10 -1.083068537800587612e-11 -2.513485993119936980e-10 -7.216775699011469171e-10 -2.800798691009269682e-10 -8.764792619889707172e-11 -2.610385050288883723e-10 -2.007365010933643812e-08 -9.476288560386878146e+01 0.000000000000000000e+00
0.000000000000000000e+00 0.000000000000000000e+00 0.000000000000000000e+00 0.000000000000000000e+00 0.000000000000000000e+00 0.000000000000000000e+00 2.900688948424613343e-10 1.975348302734651747e-09 7.388317466774342283e-10 -8.991524666938036390e-10 -1.865643820805403624e-10 -1.590543146196950788e-10 -3.371021205825977167e-10 -8.307043716319786100e-10 -3.686149689553618702e-10 -1.245195921843156901e-10 -2.014386303026204877e-10 -2.129554235086797032e-08 -1.391125797450067125e+02 0.000000000000000000e+00
