0.000000000000000000e+00 0.000000000000000000e+00 0.000000000000000000e+00 0.000000000000000000e+00 0.000000000000000000e+00 0.000000000000000000e+00 3.177230242496613101e-09 1.706602482525234929e-09 3.311539385974139973e-09 3.672145054397784365e-09 3.593803687246882189e-09 3.834011579494566678e-09 3.760056887542474050e-09 2.802775037492551635e-09 1.412511261303786100e-09 4.020645560221103556e-10 4.730319028603334362e-10 6.604632746273576961e-08 1.022645999447721474e-05 0.000000000000000000e+00
0.000000000000000000e+00 0.000000000000000000e+00 0.000000000000000000e+00 0.000000000000000000e+00 0.000000000000000000e+00 0.000000000000000000e+00 1.660240117334622197e-09 3.588391207078591705e-10 2.726485964950616777e-10 7.025237491939127266e-10 9.895284118428776968e-10 6.182516412880141771e-10 5.981494217140561083e-10 4.172883104734157639e-10 3.271342560074527552e-10 3.986988044125631400e-10 2.061961515607769181e-06 7.001718530504519829e-08 1.023343615455432187e-05 0.000000000000000000e+00
0.000000000000000000e+00 0.000000000000000000e+00 0.000000000000000000e+00 0.000000000000000000e+00 0.000000000000000000e+00 0.000000000000000000e+00 7.481404118934745624e-10 2.608780950567088407e-10 5.806611750743433756e-10 9.893654883468326409e-10 8.927630790768784263e-10 9.895168701652227371e-10 9.894979040847751303e-10 7.779419839974764907e-10 5.381451202018090358e-10 2.962083313870974206e-10 2.494929922308078488e-10 3.797804316387440036e-08 2.836392379232393068e+01 0.000000000000000000e+00
0.000000000000000000e+00 0.000000000000000000e+00 0.000000000000000000e+00 0.000000000000000000e+00 0.000000000000000000e+00 0.000000000000000000e+00 1.071829629123553146e-09 1.906087803607669352e-10 2.803309673120088553e-10 6.780322193815926902e-10 5.928316653631134524e-10 6.271910296385423588e-10 6.480139213297404051e-10 5.256007511331297567e-10 4.183966801989180870e-10 3.062406199167967357e-10 2.389059105364790334e-10 4.152634575497799372e-08 4.159197958846726806e+01 0.000000000000000000e+00
0.000000000000000000e+00 0.000000000000000000e+00 0.000000000000000000e+00 0.000000000000000000e+00 0.000000000000000000e+00 0.000000000000000000e+00 -1.567949738639918605e-08 -1.855369432819480065e-08 -9.070483698962235573e-09 -6.614388271882477675e-09 -5.600211182977801736e-09 -4.096563469542162682e-09 -2.103038987973174707e-09 -9.887587460109773518e-10 -5.124251349866408240e-10 -1.294270589485871071e-10 8.008195436730445864e-11 5.593428911912100873e-10 8.559327050194763959e-10 0.000000000000000000e+00
0.000000000000000000e+00 0.000000000000000000e+00 0.000000000000000000e+00 0.000000000000000000e+00 0.000000000000000000e+00 0.000000000000000000e+00 4.864162523460775555e-09 2.147053435352301644e-09 -3.769549770514906474e-10 -5.262404171249841068e-10 2.420356598804170586e-10 -1.046171337442509220e-09 2.349480632363560810e-10 4.124340431863793198e-11 -4.635674424260527176e-11 -5.470443486912727389e-11 7.469284708049278853e-11 5.387667900311657480e-10 8.572528361826274899e-10 0.000000000000000000e+00
0.000000000000000000e+00 0.000000000000000000e+00 0.000000000000000000e+00 0.000000000000000000e+00 0.000000000000000000e+00 0.000000000000000000e+00 -1.547747493813128649e-09 -6.074877613600117830e-09 -3.555833759920095503e-09 -1.834421574266053649e-09 -1.065500567762676566e-09 -1.684492286014944600e-09 -5.467023824282323611e-10 -3.157593392986577639e-10 -1.875457177314056513e-10 -5.989448609022326896e-11 2.836145020661960312e-11 1.475685105567992263e-10 5.599509763407066696e-08 0.000000000000000000e+00
0.000000000000000000e+00 0.000000000000000000e+00 0.000000000000000000e+00 0.000000000000000000e+00 0.000000000000000000e+00 0.000000000000000000e+00 2.376100761124794581e-09 -2.240313607742649589e-09 -1.901863982903262330e-09 -6.751051810471203814e-10 6.023899106168975618e-11 -1.049163557792996783e-09 -8.398272191400817575e-11 -8.739362705603956210e-11 -4.666140879209806246e-11 2.307325204964184981e-13 8.327602390580143874e-12 1.243071815572737141e-11 6.664444697961467440e-08 0.000000000000000000e+00
0.000000000000000000e+00 0.000000000000000000e+00 0.000000000000000000e+00 0.000000000000000000e+00 0.000000000000000000e+00 0.000000000000000000e+00 -7.111694599654498253e-08 -9.463922959633230599e-08 -3.368361810107200432e-08 -3.239875427375061166e-08 -1.238445953497275242e-08 -9.209383994015604622e-09 -5.298795086428532923e-09 -1.532481495723157694e-09 -1.429572555583139444e-10 -1.701821946193270436e-10 6.729663277310883426e-11 3.730570291852280339e-10 9.598976532910171038e-09 0.000000000000000000e+00
0.000000000000000000e+00 0.000000000000000000e+00 0.000000000000000000e+00 0.000000000000000000e+00 0.000000000000000000e+00 0.000000000000000000e+00 5.605316327771996945e-08 -1.100545346311372246e-08 2.776343616408580661e-09 -5.744919931808948820e-09 -9.765587389449023408e-10 -1.522650709865608140e-09 1.219835649983130744e-09 -6.010077299960101935e-11 2.326750759343851054e-10 -8.048760902963388198e-11 -1.073087848963906032e-09 3.209161739551175322e-10 9.669563363710722643e-09 0.000000000000000000e+00
0.000000000000000000e+00 0.000000000000000000e+00 0.000000000000000000e+00 0.000000000000000000e+00 0.000000000000000000e+00 0.000000000000000000e+00 1.433281446496688816e-08 -3.935348599302081692e-08 -7.809054115647641333e-09 -9.962177829184711012e-09 -3.384487290901532867e-09 -3.331201687317522876e-09 -9.006656882300584659e-10 -3.445629962215478107e-10 1.803963493001999205e-10 -1.204776265642569574e-10 -3.903937017290524021e-11 -1.509875073297664877e-10 4.378271961871578595e-06 0.000000000000000000e+00
0.000000000000000000e+00 0.000000000000000000e+00 0.000000000000000000e+00 0.000000000000000000e+00 0.000000000000000000e+00 0.000000000000000000e+00 3.746754537612100210e-08 -2.243906809666321974e-08 -6.303318597770293789e-10 -4.481321246610843722e-09 -1.031248388249953618e-09 -1.830181319990487080e-09 3.851291686208840717e-10 -1.812748430610228735e-11 2.840250547943656355e-10 -8.037237022470286454e-11 -7.983657633306956630e-11 -3.190844773634144264e-10 5.286841191794613424e-06 0.000000000000000000e+00
0.000000000000000000e+00 0.000000000000000000e+00 0.000000000000000000e+00 0.000000000000000000e+00 0.000000000000000000e+00 0.000000000000000000e+00 -3.059399460141742956e-10 -3.515215543976328519e-10 2.596220057192033061e-09 2.208808596969898827e-10 -1.454149894814869158e-10 -7.956983019620975680e-10 -4.352732292724381994e-10 -4.659285949581304022e-10 -1.528509698898439686e-10 -6.274802647885543910e-11 -3.176737766346990529e-10 -1.604741072173531699e-08 5.516937838398110461e-06 0.000000000000000000e+00
0.000000000000000000e+00 0.000000000000000000e+00 0.000000000000000000e+00 0.000000000000000000e+00 0.000000000000000000e+00 0.000000000000000000e+00 1.035577975519078976e-10 -8.394395160525380284e-09 2.423131953837751071e-09 -1.024401755343288598e-09 1.636130074199214967e-10 -1.109227029020882138e-09 -1.157374056590928338e-09 -5.414257651561311834e-10 -2.416854433462015633e-10 5.161075741591021264e-12 -1.223956264738643021e-06 -1.753080425612051243e-08 5.519631854856807061e-06 0.000000000000000000e+00
0.000000000000000000e+00 0.000000000000000000e+00 0.000000000000000000e+00 0.000000000000000000e+00 0.000000000000000000e+00 0.000000000000000000e+00 -4.906126843158541068e-10 -1.266468092570922055e-09 1.795581511131876957e-09 -5.676958355159634920e-10 -5.243731128294415114e-10 -6.945174483541170766e-10 -6.182240319835418069e-10 -4.286226552927589709e-10 -2.519867514842797839e-10 -7.629023100679020925e-11 -2.252256149742097130e-10 -3.154769099967443140e-08 -3.384510678103259096e+01 0.000000000000000000e+00
0.000000000000000000e+00 0.000000000000000000e+00 0.000000000000000000e+00 0.000000000000000000e+00 0.000000000000000000e+00 0.000000000000000000e+00 -9.016626451100233575e-10 -1.942337634934965453e-09 1.866853903884025349e-09 -1.016312319986942720e-09 -6.403108485271501151e-10 -6.462972243804901898e-10 -7.330235068432003742e-10 -4.347889803616057379e-10 -3.114208393651461331e-10 -1.133788562813507374e-10 -2.061235378878386985e-10 -3.829304137680995924e-08 -4.852035681402804101e+01 0.000000000000000000e+00
