0.000000000000000000e+00 0.000000000000000000e+00 0.000000000000000000e+00 0.000000000000000000e+00 0.000000000000000000e+00 0.000000000000000000e+00 1.851191245323601657e-08 1.069552289450070517e-08 7.004499596556422122e-09 6.579135372233768510e-09 8.481791890443608145e-09 1.007950031516917668e-08 8.463060056194953664e-09 6.672704676423341432e-09 3.711881145474997548e-09 9.477356593349531762e-10 1.456381282001648254e-09 1.672497833244234382e-07 5.016348455798172543e-06 0.000000000000000000e+00
0.000000000000000000e+00 0.000000000000000000e+00 0.000000000000000000e+00 0.000000000000000000e+00 0.000000000000000000e+00 0.000000000000000000e+00 3.273466787139931462e-09 6.024031745675903907e-10 4.681745407617440160e-10 4.741401803547278795e-10 4.527925702366990941e-10 1.019201449582360648e-09 9.286531124807366728e-10 6.301150426663280126e-10 4.265425167151617327e-10 4.924300763680489386e-10 2.539651881749400807e-06 1.714753969010103591e-07 5.007053213513227739e-06 0.000000000000000000e+00
0.000000000000000000e+00 0.000000000000000000e+00 0.000000000000000000e+00 0.000000000000000000e+00 0.000000000000000000e+00 0.000000000000000000e+00 3.088906738483530395e-09 1.787586319405866950e-09 7.300850878782188165e-10 8.913921712178967992e-10 1.028994255223964127e-09 1.614398311782643545e-09 1.757181724679332121e-09 1.469797954358159462e-09 1.023463333952739060e-09 4.188147156681525940e-10 4.868119496168039266e-10 5.392712404087881943e-08 5.652451046870797313e+01 0.000000000000000000e+00
0.000000000000000000e+00 0.000000000000000000e+00 0.000000000000000000e+00 0.000000000000000000e+00 0.000000000000000000e+00 0.000000000000000000e+00 1.915812080241183932e-09 5.941422564844900630e-10 3.627683709498899167e-10 3.249742147834997695e-10 3.984802565420808163e-10 8.277141687141930200e-10 1.112693946952329577e-09 8.915272944824884783e-10 5.602271475874477751e-10 2.205757370154775223e-10 1.973943582512923760e-10 4.970833016316466152e-08 8.298574249496067523e+01 0.000000000000000000e+00
0.000000000000000000e+00 0.000000000000000000e+00 0.000000000000000000e+00 0.000000000000000000e+00 0.000000000000000000e+00 0.000000000000000000e+00 -6.311293123386569607e-08 -1.359993425741997461e-08 -1.881611209616995081e-08 -8.625605866101361042e-10 -3.496074660812617665e-09 -5.121356251097460459e-09 -1.921689542236624647e-09 -1.433948984853841242e-09 -7.518660683095453468e-10 -2.691195653897829865e-10 1.269340817633262679e-10 8.962032131182071385e-10 1.176546919676582272e-09 0.000000000000000000e+00
0.000000000000000000e+00 0.000000000000000000e+00 0.000000000000000000e+00 0.000000000000000000e+00 0.000000000000000000e+00 0.000000000000000000e+00 -4.833895138081059563e-09 -3.282413686023022050e-09 1.796293174624857862e-09 2.651984279316026909e-09 -1.310362759098763357e-10 -4.055035859865847696e-10 5.602269604084337045e-10 3.994058621895253565e-12 -1.523829942774424046e-10 -1.499887158235031536e-10 1.866270015436655434e-10 8.554056243025332989e-10 1.173162751387384710e-09 0.000000000000000000e+00
0.000000000000000000e+00 0.000000000000000000e+00 0.000000000000000000e+00 0.000000000000000000e+00 0.000000000000000000e+00 0.000000000000000000e+00 -1.880737076920935645e-08 -6.760038822276966291e-09 -3.511263796161449035e-09 5.236482175713475503e-10 -1.056302166522369452e-09 -1.945899946775382437e-09 -1.283128882542287468e-10 -4.373120950908998995e-10 -3.357177800638136139e-10 -1.458893422534409741e-10 4.457882620061958132e-11 2.718664477558484191e-10 -3.214811022856764906e-07 0.000000000000000000e+00
0.000000000000000000e+00 0.000000000000000000e+00 0.000000000000000000e+00 0.000000000000000000e+00 0.000000000000000000e+00 0.000000000000000000e+00 -7.121262409094410583e-09 -4.544735252339703833e-09 6.580654337419710080e-10 9.530487708799258183e-10 -3.141703169815398180e-10 -1.036281628473790647e-09 3.623707633794057419e-10 -1.206125117889184358e-10 -1.525344872559011964e-10 -4.167118403622859317e-11 1.270595620504970736e-11 6.343298733237302832e-11 -3.894316432816980034e-07 0.000000000000000000e+00
0.000000000000000000e+00 0.000000000000000000e+00 0.000000000000000000e+00 0.000000000000000000e+00 0.000000000000000000e+00 0.000000000000000000e+00 -3.450293998364971314e-07 -9.700636319053504064e-08 -1.016246833309507941e-07 -3.643781618676355121e-08 -3.036436737324361334e-08 -1.667475788716713918e-08 -3.858042126679574003e-09 -1.170004436896878483e-09 1.741546576372244601e-10 -1.824632562555123704e-10 1.625282255754425488e-10 6.235227934747707419e-10 6.813009753302974529e-09 0.000000000000000000e+00
0.000000000000000000e+00 0.000000000000000000e+00 0.000000000000000000e+00 0.000000000000000000e+00 0.000000000000000000e+00 0.000000000000000000e+00 -3.522029227222750946e-08 -2.921010095230305918e-08 1.603790131652287091e-08 1.691614059540646966e-09 -1.964263978958447410e-10 -3.888888570361750730e-09 2.005953654225434157e-10 6.001321288959020156e-11 2.572495736344749263e-10 -2.932009423903043776e-11 2.436009709892734008e-09 4.828750994390996634e-10 6.797995196311759657e-09 0.000000000000000000e+00
0.000000000000000000e+00 0.000000000000000000e+00 0.000000000000000000e+00 0.000000000000000000e+00 0.000000000000000000e+00 0.000000000000000000e+00 -1.069327974151605070e-07 -3.135220628680799754e-08 -1.854021510446966713e-08 -1.008558563127422860e-08 -8.017180224096581343e-09 -6.647612306755138079e-09 -1.641530607237534955e-10 2.343754644986234277e-10 3.861032185216734212e-10 -6.247180428109515191e-11 7.375643081664949808e-11 2.284631078017064698e-10 6.748732350437979670e-06 0.000000000000000000e+00
0.000000000000000000e+00 0.000000000000000000e+00 0.000000000000000000e+00 0.000000000000000000e+00 0.000000000000000000e+00 0.000000000000000000e+00 -4.417333283280409192e-08 -1.522743648400409693e-08 4.512796418274237108e-09 -2.905761237082809685e-09 -2.003460563869443413e-09 -4.035134621172834376e-09 6.894583425531971478e-10 5.172740902307647115e-10 4.301188707172051832e-10 2.538613432410712584e-11 3.013974287807716985e-11 1.206991425535684104e-10 8.158500292939703969e-06 0.000000000000000000e+00
0.000000000000000000e+00 0.000000000000000000e+00 0.000000000000000000e+00 0.000000000000000000e+00 0.000000000000000000e+00 0.000000000000000000e+00 1.407217168656522649e-09 2.320787062604855380e-09 -1.565831340992477958e-10 5.122570635977396466e-10 2.704369260363852919e-10 -9.784985958179895284e-10 -3.387867585891811855e-10 -4.649116116885466732e-10 -1.368614352755232000e-10 -9.645287827132352012e-11 -3.570179245505673208e-10 -1.637733357704256044e-08 -3.283054202697672295e-06 0.000000000000000000e+00
0.000000000000000000e+00 0.000000000000000000e+00 0.000000000000000000e+00 0.000000000000000000e+00 0.000000000000000000e+00 0.000000000000000000e+00 -7.060775572191832175e-09 2.869632995463596630e-09 2.585688289784612120e-09 1.509210986931186881e-09 -8.056761925198142838e-10 -2.656123918496603594e-09 -5.137951731132142954e-10 -4.475921163169805309e-10 -1.833076978521236947e-10 -1.080232714178954197e-10 1.002496675699902692e-05 -1.781875130991587796e-08 -3.302233907432377902e-06 0.000000000000000000e+00
0.000000000000000000e+00 0.000000000000000000e+00 0.000000000000000000e+00 0.000000000000000000e+00 0.000000000000000000e+00 0.000000000000000000e+00 8.820300158095574964e-10 -2.125993951798070554e-10 1.378527490529803166e-09 5.175057396141468705e-10 5.107288436368356918e-10 -1.363147435068123330e-09 -6.039990776278015330e-10 -2.841273509292776162e-10 -2.097798259201253346e-10 -1.851365937626116801e-10 -1.776512763655782507e-10 -1.767599169430911444e-08 -1.852841625104919672e+02 0.000000000000000000e+00
0.000000000000000000e+00 0.000000000000000000e+00 0.000000000000000000e+00 0.000000000000000000e+00 0.000000000000000000e+00 0.000000000000000000e+00 1.394644856487424515e-10 -3.295709294365054765e-10 1.713344935393495981e-09 3.729153190036481078e-10 6.378521675268165885e-10 -1.578330538852860957e-09 -6.870550181919169237e-10 -2.887360497894993982e-10 -2.525639518344038810e-10 -2.617488612688264444e-10 -8.250968013191224103e-11 -1.770820803138459458e-08 -2.728362457974130280e+02 0.000000000000000000e+00
