0.000000000000000000e+00 0.000000000000000000e+00 0.000000000000000000e+00 0.000000000000000000e+00 0.000000000000000000e+00 0.000000000000000000e+00 1.327832931314234254e-10 1.132188154013529110e-10 1.444170512742267497e-10 2.248016619301473421e-10 2.434914414598745792e-10 2.700719905599262107e-10 2.679398596377554351e-10 1.899977223520657043e-10 9.325074905822126301e-11 1.820187726432567811e-11 3.216118160317952456e-12 9.245776883566879164e-10 1.674570589214705870e-07 0.000000000000000000e+00
0.000000000000000000e+00 0.000000000000000000e+00 0.000000000000000000e+00 0.000000000000000000e+00 0.000000000000000000e+00 0.000000000000000000e+00 -4.404004808149703846e-12 -1.134313047600161053e-11 1.221714764212936088e-11 -1.929117585229948196e-12 5.730415224829693490e-12 8.989662538731648241e-12 5.987661377172785305e-12 5.244448243466389666e-12 3.452736161503695176e-12 6.289244456591964175e-13 4.659055511077627631e-09 1.192597691228848604e-09 1.690796610237571735e-07 0.000000000000000000e+00
0.000000000000000000e+00 0.000000000000000000e+00 0.000000000000000000e+00 0.000000000000000000e+00 0.000000000000000000e+00 0.000000000000000000e+00 4.240263451982670100e-10 4.777100574621556549e-10 5.540763940753463701e-10 9.049072309660219445e-10 1.124313458875945842e-09 1.283407857782446441e-09 1.023267984688613175e-09 6.288423479629185351e-10 2.458792003013220822e-10 4.629371366351821768e-11 6.414615659759701427e-07 2.080808982126623431e-09 1.773030537195586609e-07 0.000000000000000000e+00
0.000000000000000000e+00 0.000000000000000000e+00 0.000000000000000000e+00 0.000000000000000000e+00 0.000000000000000000e+00 0.000000000000000000e+00 -1.213065632181262211e-11 -3.615536556868272667e-12 9.146576318433787677e-12 2.242811000178067575e-13 1.148451084137893947e-12 3.207182293980716327e-12 3.272353858048070417e-12 2.503887538841063275e-12 1.493696297280625027e-12 4.683805052911314250e-13 5.766277609932421057e-14 1.585857513402481319e-11 -3.984801001270682264e+00 0.000000000000000000e+00
0.000000000000000000e+00 0.000000000000000000e+00 0.000000000000000000e+00 0.000000000000000000e+00 0.000000000000000000e+00 0.000000000000000000e+00 -1.612089477962119829e-11 1.866114426152728187e-11 2.097110182112718724e-11 1.727074780102154305e-11 2.266558904245738833e-11 2.936922335787517651e-11 2.930490818149085268e-11 2.132185975318377581e-11 1.373933900361192668e-11 6.140058112928805212e-12 1.294195830906314630e-12 1.222291621081870251e-10 -6.889065925231966503e+01 0.000000000000000000e+00
0.000000000000000000e+00 0.000000000000000000e+00 0.000000000000000000e+00 0.000000000000000000e+00 0.000000000000000000e+00 0.000000000000000000e+00 -4.103424872105382708e-12 -1.066424535365246776e-11 1.845399457068391497e-12 -2.201605873497839996e-12 2.585318823658433269e-12 4.379405263649048290e-12 2.616301681077436342e-12 2.372449625826058021e-12 8.132590225948753860e-13 2.600558853845789375e-14 -4.063738873151544526e-15 9.774074221770038421e-12 8.607009517255425453e+04 0.000000000000000000e+00
0.000000000000000000e+00 0.000000000000000000e+00 0.000000000000000000e+00 0.000000000000000000e+00 0.000000000000000000e+00 0.000000000000000000e+00 7.935639924264763083e-10 -1.467798086241924513e-09 -1.008467413259196432e-09 -7.321398210301372768e-10 -5.380365823273236291e-10 -1.264547408708955178e-11 -1.451784798643523941e-10 -5.972464368716477129e-11 -2.393385673843301984e-11 -5.924907209352931634e-12 6.290551932678896139e-13 1.019186840695331593e-11 1.676387768749406447e-10 0.000000000000000000e+00
0.000000000000000000e+00 0.000000000000000000e+00 0.000000000000000000e+00 0.000000000000000000e+00 0.000000000000000000e+00 0.000000000000000000e+00 -2.127103508141437451e-10 1.939529146088236475e-10 9.614066586049825435e-10 1.686584358245313828e-10 4.214658246186642382e-11 5.140740903802156566e-12 3.973537240379946908e-12 2.326186572582085889e-12 2.032398894443309903e-12 7.746815771346833452e-13 -1.268886172914446558e-11 1.007382788360166629e-11 1.692404128616494683e-10 0.000000000000000000e+00
0.000000000000000000e+00 0.000000000000000000e+00 0.000000000000000000e+00 0.000000000000000000e+00 0.000000000000000000e+00 0.000000000000000000e+00 1.692778034787747786e-09 -2.987937927556662331e-09 -2.829961227363724429e-09 -1.630213001299231312e-09 -1.207039509321266554e-09 -3.732512123012363335e-11 -2.780813775629778819e-10 -1.069837982696116465e-10 -3.584192289499103130e-11 -8.908019103030251903e-12 -1.239023408816917149e-11 1.420232469939753413e-11 1.745918452742121957e-10 0.000000000000000000e+00
0.000000000000000000e+00 0.000000000000000000e+00 0.000000000000000000e+00 0.000000000000000000e+00 0.000000000000000000e+00 0.000000000000000000e+00 2.775640440811851444e-11 1.821165688514367242e-10 8.306688472797695430e-10 1.645730202648831025e-10 2.034956905225710241e-11 1.178368696739971440e-11 1.121829713942144437e-11 -2.864746921328058148e-12 -4.051600172262104392e-12 -2.207771992775612018e-13 -5.185774336495994896e-14 1.689334369896949058e-12 -1.890094588908349688e-07 0.000000000000000000e+00
0.000000000000000000e+00 0.000000000000000000e+00 0.000000000000000000e+00 0.000000000000000000e+00 0.000000000000000000e+00 0.000000000000000000e+00 -2.288572040171775817e-10 6.571351497569845435e-10 1.290046416577800863e-09 4.056270120950123755e-10 1.961312931597127199e-10 1.279749598681048806e-11 5.329151840190000336e-11 1.413161892863740608e-11 3.779639006286489924e-12 2.727178698446484687e-12 1.449992728603710255e-13 -2.092940551516102994e-12 -4.040066294901275979e-07 0.000000000000000000e+00
0.000000000000000000e+00 0.000000000000000000e+00 0.000000000000000000e+00 0.000000000000000000e+00 0.000000000000000000e+00 0.000000000000000000e+00 -1.900898741606061935e-10 1.787779071804945730e-10 3.931318154176963125e-10 5.469482144983268678e-11 1.074930666135910312e-10 -2.933049062949331468e-11 -1.690932937300683182e-11 -4.086692188327178470e-12 2.234299721822141041e-12 -6.327762343545437416e-13 3.635782806097700002e-14 -1.307407740090763895e-12 9.381392115943925855e-05 0.000000000000000000e+00
0.000000000000000000e+00 0.000000000000000000e+00 0.000000000000000000e+00 0.000000000000000000e+00 0.000000000000000000e+00 0.000000000000000000e+00 1.462121601197487252e-09 -1.022257685986001431e-08 -3.562418758039865719e-09 -2.224528791069401178e-09 -2.442836599021014752e-09 5.566994919082941350e-11 -7.446979628199511807e-10 -6.082600171161717059e-10 -2.109581616528435670e-10 -5.990675510884565691e-11 4.635707647250576954e-12 1.799138295969099274e-10 3.346637478825384793e-09 0.000000000000000000e+00
0.000000000000000000e+00 0.000000000000000000e+00 0.000000000000000000e+00 0.000000000000000000e+00 0.000000000000000000e+00 0.000000000000000000e+00 -3.454441688287697457e-09 1.595063143466413886e-10 -7.550019514469357393e-10 5.776321933518643110e-11 3.096813502190532212e-10 1.261431316469493773e-10 6.424043157217027696e-11 6.411200874839646197e-11 4.600314323779855572e-11 1.136989727062426615e-11 -1.446355157846600458e-10 1.767734728994219289e-10 3.375269221552408224e-09 0.000000000000000000e+00
0.000000000000000000e+00 0.000000000000000000e+00 0.000000000000000000e+00 0.000000000000000000e+00 0.000000000000000000e+00 0.000000000000000000e+00 5.813919351154603430e-09 -1.965991106638956570e-08 -6.240989432567349127e-09 -4.500150053540583276e-09 -5.442802279174758801e-09 -3.149614911733307004e-11 -1.500795947697067735e-09 -1.107677647994848352e-09 -3.550133164454596352e-10 -9.434911737153167800e-11 -5.508824525411610039e-10 2.587249878426974118e-10 3.446129112884539616e-09 0.000000000000000000e+00
0.000000000000000000e+00 0.000000000000000000e+00 0.000000000000000000e+00 0.000000000000000000e+00 0.000000000000000000e+00 0.000000000000000000e+00 -1.593921210311130572e-09 5.635679098873754765e-10 3.808884790811598308e-10 -1.122413224156147199e-10 1.969700287054837420e-10 9.061923963254483320e-11 5.790170284400763947e-11 -9.222093826482345748e-12 2.388287445276820126e-11 2.632943316798198667e-12 -4.430849174807065247e-13 -1.152154444321342811e-11 4.965203753887515908e-06 0.000000000000000000e+00
0.000000000000000000e+00 0.000000000000000000e+00 0.000000000000000000e+00 0.000000000000000000e+00 0.000000000000000000e+00 0.000000000000000000e+00 -2.529680249941386781e-09 3.588550104101501460e-09 1.401916744432835890e-09 5.233701312605586126e-10 9.882068615130267826e-10 9.442849216819299836e-11 2.895581816614361938e-10 1.717619678086613971e-10 1.035003589349705354e-10 3.463458570922341450e-11 2.198067650814896092e-12 -8.428197599834546633e-11 7.079974685282786551e-06 0.000000000000000000e+00
0.000000000000000000e+00 0.000000000000000000e+00 0.000000000000000000e+00 0.000000000000000000e+00 0.000000000000000000e+00 0.000000000000000000e+00 -1.917450680112414632e-09 4.199451872082744769e-11 -3.343091889657784239e-10 6.140697990790949059e-11 3.678636272416191112e-10 4.149484794576496357e-11 2.321102492250111585e-11 -1.007309677677192318e-11 8.422716584242095570e-13 -6.954182385393879743e-12 -3.000914563894886412e-12 -2.253100623414675034e-11 7.509793918196504790e-03 0.000000000000000000e+00
0.000000000000000000e+00 0.000000000000000000e+00 0.000000000000000000e+00 0.000000000000000000e+00 0.000000000000000000e+00 0.000000000000000000e+00 9.023876863736789387e-11 -3.236767996365268108e-11 6.138952481912237797e-11 -1.069497183999325802e-10 -5.329562023774656282e-11 -2.538906555480911906e-11 4.704777486658822986e-12 4.368524661801703169e-12 -8.750154145349082295e-12 -7.549859910665812872e-12 3.059151896441951492e-12 -1.448929528141261528e-10 5.157107488266728333e-06 0.000000000000000000e+00
0.000000000000000000e+00 0.000000000000000000e+00 0.000000000000000000e+00 0.000000000000000000e+00 0.000000000000000000e+00 0.000000000000000000e+00 2.091461011148140271e-10 1.914853264227960567e-10 4.791229434843579550e-11 -3.483201776539020013e-11 2.178978681247221914e-11 -7.533710970441619178e-11 1.712769778139179235e-11 -1.260680764915980859e-11 -1.208823916890669168e-12 -2.428742794000942087e-12 6.895134117292435843e-06 -2.526631006198421981e-10 5.154482018032261941e-06 0.000000000000000000e+00
0.000000000000000000e+00 0.000000000000000000e+00 0.000000000000000000e+00 0.000000000000000000e+00 0.000000000000000000e+00 0.000000000000000000e+00 -2.500647721333778611e-10 -4.720488584020164348e-10 3.644570758282600952e-11 -2.733215004066380594e-11 -2.247430393506941491e-10 -1.116118479204474137e-10 -1.639720556320999726e-11 -5.722924617244325029e-11 -1.830055144809498128e-11 -3.824595240581469680e-12 -3.727121973568956696e-05 -2.812856285249549264e-10 5.156336599882178428e-06 0.000000000000000000e+00
0.000000000000000000e+00 0.000000000000000000e+00 0.000000000000000000e+00 0.000000000000000000e+00 0.000000000000000000e+00 0.000000000000000000e+00 -1.877367502498460142e-11 6.511874117573627307e-11 3.009010356806660001e-11 -1.094661966195416050e-10 -9.033467302879562665e-12 -3.357930751142738989e-11 1.068595277649573451e-11 8.243325476340662659e-12 -8.519148419195085976e-12 -1.144274189327374617e-11 6.109649699809230008e-12 -2.406852170532034263e-10 6.638326807479797864e+00 0.000000000000000000e+00
0.000000000000000000e+00 0.000000000000000000e+00 0.000000000000000000e+00 0.000000000000000000e+00 0.000000000000000000e+00 0.000000000000000000e+00 -4.728745584565240551e-11 1.145208380270237206e-10 1.620053772904089589e-11 -9.712035051206400448e-11 1.804691779412010895e-11 -3.490611724273790184e-11 1.821778240112248946e-11 6.365296568226453426e-12 -6.219623434470596483e-12 -1.478173941279959129e-11 7.491914303950714560e-12 -3.187175505958634898e-10 4.994119325311907005e+02 0.000000000000000000e+00
0.000000000000000000e+00 0.000000000000000000e+00 0.000000000000000000e+00 0.000000000000000000e+00 0.000000000000000000e+00 0.000000000000000000e+00 1.990398238517746822e-10 2.630233085188218554e-10 -4.440002803432275430e-11 -3.272340153880503309e-11 2.423199082503079763e-11 -2.471338816317319751e-11 4.011444753028939872e-11 -7.782625638857899608e-12 7.785548101760360093e-12 -1.855365772662275774e-11 7.130450869928244538e-12 -2.798709517248523463e-10 -3.031338487611442804e+08 0.000000000000000000e+00
0.000000000000000000e+00 0.000000000000000000e+00 0.000000000000000000e+00 0.000000000000000000e+00 0.000000000000000000e+00 0.000000000000000000e+00 2.830350249770948239e-09 2.815654951853912982e-09 4.064097744399216076e-09 3.291879488724296016e-09 2.991749028214006375e-09 2.401071033962448768e-09 2.170320826118463024e-09 1.470862491113177227e-09 7.105385849187403747e-10 1.510734903473366676e-10 2.869418774539524916e-11 7.071760670070898350e-09 -7.966879339349128286e-05 0.000000000000000000e+00
0.000000000000000000e+00 0.000000000000000000e+00 0.000000000000000000e+00 0.000000000000000000e+00 0.000000000000000000e+00 0.000000000000000000e+00 1.740864948030078935e-09 1.766776429699354168e-10 1.161646826580181153e-09 1.001357830441644958e-09 2.744737802019673856e-10 3.000267698767841388e-10 6.054387383489943380e-11 8.001334751023086740e-11 8.191547929726104771e-11 1.262473057759120021e-11 4.237755100943869642e-08 9.397840605572723718e-09 -7.962801384648211106e-05 0.000000000000000000e+00
0.000000000000000000e+00 0.000000000000000000e+00 0.000000000000000000e+00 0.000000000000000000e+00 0.000000000000000000e+00 0.000000000000000000e+00 9.221663798327169643e-09 1.672687013160836928e-08 1.361788885057819765e-08 1.266875647746779132e-08 1.357197661972046542e-08 1.208373770996582402e-08 7.964477010571503121e-09 5.040853070547074351e-09 1.947150631777018416e-09 3.649971988242369137e-10 7.486072791430602193e-06 1.580865176498085646e-08 -7.952552599817860196e-05 0.000000000000000000e+00
0.000000000000000000e+00 0.000000000000000000e+00 0.000000000000000000e+00 0.000000000000000000e+00 0.000000000000000000e+00 0.000000000000000000e+00 8.351829814153484660e-10 -5.171068695468245530e-10 1.260440645701321279e-09 7.695047191468752969e-10 2.061925966665317076e-10 8.482830219769841033e-12 2.188794389963912344e-10 9.735506242609931249e-11 1.383084600340044399e-10 3.589822003827538540e-11 8.221151625628902927e-12 1.822934203314179904e-09 8.357577623862496694e+03 0.000000000000000000e+00
0.000000000000000000e+00 0.000000000000000000e+00 0.000000000000000000e+00 0.000000000000000000e+00 0.000000000000000000e+00 0.000000000000000000e+00 1.501785340798060096e-09 8.437237866623458601e-11 1.132355007468708530e-09 1.062610122287211915e-09 5.703123865682517684e-10 2.130906444672663353e-10 3.450969467010649960e-10 2.773622050706997075e-10 2.505128348613534765e-10 7.564268171009676398e-11 1.922127824214516930e-11 2.772492095927723313e-09 5.439898749109951314e+04 0.000000000000000000e+00
0.000000000000000000e+00 0.000000000000000000e+00 0.000000000000000000e+00 0.000000000000000000e+00 0.000000000000000000e+00 0.000000000000000000e+00 -2.421183882568145191e-11 5.263620035435069620e-10 2.871428794731199789e-10 3.962358700393083210e-10 3.780105199994233112e-11 2.705129646120593275e-10 -1.374211224159627026e-11 1.398902169135026898e-10 1.387608834894062368e-10 5.190977591114255727e-11 8.356006495404355016e-12 5.061403328728537850e-10 4.906820267730903625e+07 0.000000000000000000e+00
0.000000000000000000e+00 0.000000000000000000e+00 0.000000000000000000e+00 0.000000000000000000e+00 0.000000000000000000e+00 0.000000000000000000e+00 -9.291068848162524041e-09 -2.019567796422593496e-08 -1.068801391450888752e-08 -8.107008467319105273e-09 -6.019952159986277679e-09 -3.751671960829246678e-09 -1.806937597633145128e-09 -8.597975682205338070e-10 -3.500548932964782782e-10 -9.986028233730290161e-11 1.056727984640593144e-11 2.091242644940840046e-10 1.588758331534424179e-09 0.000000000000000000e+00
0.000000000000000000e+00 0.000000000000000000e+00 0.000000000000000000e+00 0.000000000000000000e+00 0.000000000000000000e+00 0.000000000000000000e+00 1.006254023016788940e-09 7.461105016348217459e-09 6.235988784555772119e-09 2.252060011302382246e-09 1.028660324860755252e-09 -1.323115640422143657e-09 1.156450434446888051e-10 9.651399416995348820e-11 5.335862990565473384e-11 1.560733189619200759e-12 8.400264730051928260e-11 2.085781855588105460e-10 1.614833427769268085e-09 0.000000000000000000e+00
0.000000000000000000e+00 0.000000000000000000e+00 0.000000000000000000e+00 0.000000000000000000e+00 0.000000000000000000e+00 0.000000000000000000e+00 -1.848786592642307214e-08 -4.511761183227486638e-08 -2.616396089704818382e-08 -1.852572606390814148e-08 -1.388557134713539834e-08 -6.367113314373423435e-09 -3.582219973123731502e-09 -1.610895998291372063e-09 -5.641902080312676431e-10 -1.440090268660370814e-10 2.646889217137376350e-10 2.974685725285919191e-10 1.663586673726041577e-09 0.000000000000000000e+00
0.000000000000000000e+00 0.000000000000000000e+00 0.000000000000000000e+00 0.000000000000000000e+00 0.000000000000000000e+00 0.000000000000000000e+00 1.384011025512543211e-09 1.446700344583864009e-09 2.262156924826387016e-09 8.823655821700363531e-11 7.205387665876596085e-10 -1.394517376079363217e-09 -1.089276147713534543e-10 -3.779775480383648722e-11 4.052617958353068321e-12 -2.158371383324456946e-11 -1.564367433968943339e-12 1.904664092837787305e-11 -9.674065404273707388e-07 0.000000000000000000e+00
0.000000000000000000e+00 0.000000000000000000e+00 0.000000000000000000e+00 0.000000000000000000e+00 0.000000000000000000e+00 0.000000000000000000e+00 4.189544129653064304e-09 8.536394080911562657e-09 6.324610114458954330e-09 3.010553343080343777e-09 2.751344989679755611e-09 -6.242062498306046831e-10 4.154768361408473567e-10 2.325518274076267886e-10 1.263964948127879315e-10 2.449311827627771814e-11 2.145946591343659716e-12 -5.874860356529109999e-11 -4.891010895086501206e-06 0.000000000000000000e+00
0.000000000000000000e+00 0.000000000000000000e+00 0.000000000000000000e+00 0.000000000000000000e+00 0.000000000000000000e+00 0.000000000000000000e+00 -3.180667769359799047e-10 6.724890644493527037e-09 4.356109295883260591e-09 3.643561580276832728e-09 1.195218102531075841e-09 -8.875660329137753089e-10 5.501149258602018375e-11 1.056346070612460728e-10 -1.951213724982491249e-11 -2.842716833643017979e-12 -1.471789437316998013e-12 -1.090960927275756908e-11 -5.858157875676158876e-04 0.000000000000000000e+00
0.000000000000000000e+00 0.000000000000000000e+00 0.000000000000000000e+00 0.000000000000000000e+00 0.000000000000000000e+00 0.000000000000000000e+00 -7.784492471960954137e-08 -9.618956951237866173e-08 -7.203673997296325918e-08 -4.689344352504314039e-08 -2.509280796150958883e-08 -1.593348327754797031e-08 -9.022493909293633851e-09 -4.469317523238980521e-09 -1.682883974345292241e-09 -5.646810997179164156e-10 5.255283205745375067e-11 1.459386366774262195e-09 2.460722132404169611e-08 0.000000000000000000e+00
0.000000000000000000e+00 0.000000000000000000e+00 0.000000000000000000e+00 0.000000000000000000e+00 0.000000000000000000e+00 0.000000000000000000e+00 8.476945971124850047e-09 5.688905676693936999e-08 7.839162598298698393e-10 -6.578414759044975253e-09 4.390748831175689920e-09 -6.252795117401656468e-09 -9.087019929468440882e-11 7.493297313655812786e-10 4.085196570320609559e-10 1.531523211734847107e-11 6.383813787204727665e-11 1.359559258605786477e-09 2.495048066534635461e-08 0.000000000000000000e+00
0.000000000000000000e+00 0.000000000000000000e+00 0.000000000000000000e+00 0.000000000000000000e+00 0.000000000000000000e+00 0.000000000000000000e+00 -1.550850916548985328e-07 -2.333839665845549629e-07 -1.394675042540204321e-07 -8.748668986090463836e-08 -5.786109075174831182e-08 -2.875683102516142447e-08 -1.730504156200256038e-08 -8.658843710261764239e-09 -2.844392066911883161e-09 -7.662348091556394385e-10 -3.882410184212158374e-09 2.010091075573790753e-09 2.546122227688081990e-08 0.000000000000000000e+00
0.000000000000000000e+00 0.000000000000000000e+00 0.000000000000000000e+00 0.000000000000000000e+00 0.000000000000000000e+00 0.000000000000000000e+00 2.503024504410630521e-09 2.595490517114654994e-08 -1.019317717528295748e-08 -5.927238715466838053e-09 4.456836666983141964e-09 -7.228828813425107196e-09 7.671787794935568354e-11 -9.313515230196186314e-11 1.921563792157780718e-10 -1.241045237092650567e-10 -3.407261062266695214e-11 4.871301641985565828e-11 -6.310795170993452427e-05 0.000000000000000000e+00
0.000000000000000000e+00 0.000000000000000000e+00 0.000000000000000000e+00 0.000000000000000000e+00 0.000000000000000000e+00 0.000000000000000000e+00 2.607230165662615462e-08 6.250004167924730125e-08 8.823113341758029844e-09 5.962943192204090189e-09 1.263978371668311616e-08 -4.014621980505558386e-09 2.611514540253676618e-09 1.358660179363946619e-09 8.507679661631497194e-10 1.283521123195845957e-10 -1.038450698241992845e-11 -4.442321881412079216e-10 3.402123014827637768e-05 0.000000000000000000e+00
0.000000000000000000e+00 0.000000000000000000e+00 0.000000000000000000e+00 0.000000000000000000e+00 0.000000000000000000e+00 0.000000000000000000e+00 4.824002008708211423e-09 3.424801248267722567e-08 -2.599986883108209312e-09 -5.269043556894558397e-09 1.936957362498051251e-09 -2.822015368796328125e-09 -9.471639212599430559e-10 7.774243437371810050e-10 1.267221303992974054e-10 -9.917423323323794526e-11 -2.230104179328656690e-11 4.415801474261855296e-10 -4.164434179258675456e-02 0.000000000000000000e+00
0.000000000000000000e+00 0.000000000000000000e+00 0.000000000000000000e+00 0.000000000000000000e+00 0.000000000000000000e+00 0.000000000000000000e+00 -6.302463253869495455e-10 2.806414658834921077e-10 -8.034518704846535046e-10 -6.430288301702803618e-10 4.089250411776840601e-10 -7.914960394505276444e-10 -5.976977011785508116e-10 -2.844933475532307153e-10 -2.407986090093227938e-10 -1.730432612687552911e-10 -7.988194941804546910e-11 -4.061430445410723218e-09 5.301710920022434056e-05 0.000000000000000000e+00
0.000000000000000000e+00 0.000000000000000000e+00 0.000000000000000000e+00 0.000000000000000000e+00 0.000000000000000000e+00 0.000000000000000000e+00 1.028970433561936981e-09 -3.177452680693165327e-09 -5.437085450788485192e-10 -3.171977933459194485e-10 -1.075341861645528119e-09 -4.997912472542759823e-10 -8.693567210966649443e-10 -5.771550319356972299e-10 -1.342133694398462539e-10 -7.327188158842856709e-11 -3.713487125911019393e-05 -4.761313828005521827e-09 5.300126138693102360e-05 0.000000000000000000e+00
0.000000000000000000e+00 0.000000000000000000e+00 0.000000000000000000e+00 0.000000000000000000e+00 0.000000000000000000e+00 0.000000000000000000e+00 4.942972183856471251e-09 4.427688129800089660e-09 1.440053422746790267e-09 -2.095020457854145478e-09 5.173669950652643401e-10 -2.209088083690297555e-09 -9.669380936849415055e-10 -6.260695812190472747e-10 -2.616049345188142702e-10 -5.793278909102037108e-11 1.948411808009866634e-04 -5.640708725108268907e-09 5.300319119214135665e-05 0.000000000000000000e+00
0.000000000000000000e+00 0.000000000000000000e+00 0.000000000000000000e+00 0.000000000000000000e+00 0.000000000000000000e+00 0.000000000000000000e+00 6.358716182970809742e-10 -8.579668270282820241e-10 -2.490166958563045412e-09 -4.354393558463133196e-10 1.633988915633962166e-10 -8.015462668088203471e-10 -4.028290480922630143e-10 -2.496262610726929699e-10 -1.334401522967903267e-10 -1.628067525892328459e-10 -6.098137610673413733e-11 -2.025021444110546158e-09 5.959120246373080363e+02 0.000000000000000000e+00
0.000000000000000000e+00 0.000000000000000000e+00 0.000000000000000000e+00 0.000000000000000000e+00 0.000000000000000000e+00 0.000000000000000000e+00 7.786250582224978918e-10 -1.750704794369806579e-09 -3.123611772304678584e-09 -1.765301411229174435e-10 -1.602707560600370044e-10 -8.101658823282064938e-10 -4.087933679293766346e-10 -2.803327121999154577e-10 -1.217248401457807826e-10 -1.732877128699478674e-10 -5.496656037117942826e-11 -1.220768907878189930e-09 1.626037441604921332e+04 0.000000000000000000e+00
0.000000000000000000e+00 0.000000000000000000e+00 0.000000000000000000e+00 0.000000000000000000e+00 0.000000000000000000e+00 0.000000000000000000e+00 1.002728371242270895e-09 -2.740717489256532763e-09 -2.759499821023940678e-09 -8.989145717180863300e-10 -1.073757256850041238e-09 -4.174464794013774822e-10 -6.530245272209465267e-10 -5.200593536020112899e-10 -1.957948550189391737e-10 -1.767447748850236514e-10 -7.343592857239837164e-12 -5.610368358251329502e-10 -2.767722452834229946e+09 0.000000000000000000e+00
0.000000000000000000e+00 0.000000000000000000e+00 0.000000000000000000e+00 0.000000000000000000e+00 0.000000000000000000e+00 0.000000000000000000e+00 8.331808472035074830e-09 3.566235066888923301e-09 7.832932143137313028e-09 4.418281300001158641e-09 6.453071966582895607e-09 6.901728827438869603e-09 6.679191104726335805e-09 5.237536240580564872e-09 3.165459850042626168e-09 1.040045847096983855e-09 2.295838166858535765e-10 2.294856047943191228e-08 4.154712672343151281e-06 0.000000000000000000e+00
0.000000000000000000e+00 0.000000000000000000e+00 0.000000000000000000e+00 0.000000000000000000e+00 0.000000000000000000e+00 0.000000000000000000e+00 1.128997741737199634e-09 1.182674472404438957e-09 9.377236724085488930e-10 1.283411557514389196e-09 1.919182934760352468e-09 1.839599511469026679e-09 1.313281787294261145e-09 9.033032400185186425e-10 4.794401678193597752e-10 3.594667544983798095e-10 8.739658532616747001e-06 3.315324658469427512e-08 4.190824518470099864e-06 0.000000000000000000e+00
0.000000000000000000e+00 0.000000000000000000e+00 0.000000000000000000e+00 0.000000000000000000e+00 0.000000000000000000e+00 0.000000000000000000e+00 2.898910188275458135e-08 1.029658333456604874e-08 2.798311976688104648e-08 1.548613582571545452e-08 2.749520100628970626e-08 2.898236403701264445e-08 2.321403011658269483e-08 1.640966621213411970e-08 8.307937374537654165e-09 2.718098097045889637e-09 1.002825213182561144e-04 4.438866667689321840e-08 4.232560049121617159e-06 0.000000000000000000e+00
0.000000000000000000e+00 0.000000000000000000e+00 0.000000000000000000e+00 0.000000000000000000e+00 0.000000000000000000e+00 0.000000000000000000e+00 1.300358709617514670e-09 7.214888906910160081e-10 1.823434775651784668e-09 1.302741959433161287e-09 1.705313244350194061e-09 1.915350697079961266e-09 1.935922446758607183e-09 1.613126735418907035e-09 1.136957642531593919e-09 4.967561356114008277e-10 1.157000968445274841e-10 6.240827300903516783e-09 4.352718868646547890e+00 0.000000000000000000e+00
0.000000000000000000e+00 0.000000000000000000e+00 0.000000000000000000e+00 0.000000000000000000e+00 0.000000000000000000e+00 0.000000000000000000e+00 3.970367315801014143e-10 3.976354105365333427e-10 8.991080425901545460e-10 8.586324554103494522e-10 1.027729416584029063e-09 1.169893534133945734e-09 1.234328898900855097e-09 1.100441275244902092e-09 7.983452414564007034e-10 3.409227877823770309e-10 6.941772595731123475e-11 3.113809291074832661e-09 8.937279881880294852e+01 0.000000000000000000e+00
0.000000000000000000e+00 0.000000000000000000e+00 0.000000000000000000e+00 0.000000000000000000e+00 0.000000000000000000e+00 0.000000000000000000e+00 4.165035854645159953e-10 3.839350765764452589e-10 6.244815487438876480e-10 6.026686909371779575e-10 1.010053146454873893e-09 1.160220506251417175e-09 1.175253294958384074e-09 9.413655200442786948e-10 5.796048946065198331e-10 2.005682269842449003e-10 3.181582422804668921e-11 6.715649550556936082e-10 -2.671883407301902771e+06 0.000000000000000000e+00
0.000000000000000000e+00 0.000000000000000000e+00 0.000000000000000000e+00 0.000000000000000000e+00 0.000000000000000000e+00 0.000000000000000000e+00 -1.559772264230545365e-08 -1.314940186216729977e-08 -1.161237539178441130e-08 -6.075114210461423330e-09 -5.513893737961442316e-09 -3.061472377623764489e-09 -2.844002096062476302e-09 -1.068829017824708857e-09 -6.925112297208346283e-10 -2.525652846692662807e-10 1.161680011246357336e-11 3.156626004500659990e-10 2.030972994094253640e-09 0.000000000000000000e+00
0.000000000000000000e+00 0.000000000000000000e+00 0.000000000000000000e+00 0.000000000000000000e+00 0.000000000000000000e+00 0.000000000000000000e+00 -1.977857941725271239e-09 -1.567192082253951161e-09 -3.037312961079963370e-09 7.472488702820080093e-10 -2.449286215418056379e-09 -6.535626109612595691e-10 -1.875523071823259697e-10 -5.271809910508200178e-11 -6.383887154834609020e-11 -7.474606154476626990e-11 5.229659079733922827e-10 3.302950252385594089e-10 2.078615741717847389e-09 0.000000000000000000e+00
0.000000000000000000e+00 0.000000000000000000e+00 0.000000000000000000e+00 0.000000000000000000e+00 0.000000000000000000e+00 0.000000000000000000e+00 -2.778133645264502710e-08 -2.378394067330928613e-08 -1.963930275904674971e-08 -1.304498128328306463e-08 -9.432258241444333733e-09 -5.944139795575234764e-09 -5.369501642326363150e-09 -1.912808506529981792e-09 -1.091060618937289247e-09 -3.977533627700949771e-10 -3.040092911112140230e-10 4.305524785536290093e-10 2.125462769280609245e-09 0.000000000000000000e+00
0.000000000000000000e+00 0.000000000000000000e+00 0.000000000000000000e+00 0.000000000000000000e+00 0.000000000000000000e+00 0.000000000000000000e+00 -6.104086812571320524e-09 -3.045716383417857463e-09 -4.613210504292814872e-09 -8.264484360325732110e-10 -2.419915737829182046e-09 -1.110831115166231749e-09 -1.130141985166035042e-09 -3.477935544236124443e-10 -2.667421255497842565e-10 -1.213366270288901513e-10 -2.022900031429550307e-12 9.930879682824801845e-11 1.440806139009638830e-07 0.000000000000000000e+00
0.000000000000000000e+00 0.000000000000000000e+00 0.000000000000000000e+00 0.000000000000000000e+00 0.000000000000000000e+00 0.000000000000000000e+00 -2.600122285014866976e-09 4.641739257479929797e-10 -2.122751862605147797e-09 9.516290917479215875e-10 -1.439662629276327290e-09 -4.619079403951081810e-10 -4.951005238314725940e-10 -9.225521893946701263e-11 -8.756151747874382959e-11 -3.521798967202976171e-11 1.937926828723636920e-12 2.512053521129022127e-12 6.267418737451983887e-09 0.000000000000000000e+00
0.000000000000000000e+00 0.000000000000000000e+00 0.000000000000000000e+00 0.000000000000000000e+00 0.000000000000000000e+00 0.000000000000000000e+00 -1.391374623058647169e-09 6.592107719028805665e-10 -1.667158306076924697e-09 8.518218137383031495e-10 -1.894560058910206892e-09 -6.084032398530906004e-10 -2.340979803809888388e-10 -9.189901713229409266e-11 -4.383947957013585637e-11 -6.778961280685874291e-12 4.291250634425476979e-12 -1.049021255204086364e-11 -1.246160172390509699e-03 0.000000000000000000e+00
0.000000000000000000e+00 0.000000000000000000e+00 0.000000000000000000e+00 0.000000000000000000e+00 0.000000000000000000e+00 0.000000000000000000e+00 -9.626738783565000101e-08 -5.717122242908171253e-08 -8.251324905531797053e-08 -2.073946284109619556e-08 -2.377921459445626495e-08 -3.984258019798577717e-09 -3.244041590870202016e-09 -1.654060537821024804e-09 -7.578700800063252791e-10 -8.060374174842829364e-11 3.904087057629344972e-11 2.432392482586479752e-11 4.816432065580119217e-09 0.000000000000000000e+00
0.000000000000000000e+00 0.000000000000000000e+00 0.000000000000000000e+00 0.000000000000000000e+00 0.000000000000000000e+00 0.000000000000000000e+00 -6.328698499866105733e-09 -1.767363579721137862e-08 -1.152055655694826204e-08 -3.252647423185454772e-09 -3.427801803998644276e-09 4.214485157640018288e-10 2.186932081592327721e-10 -2.837179702731484620e-10 -2.008313836058937686e-10 -9.708385217433639496e-11 3.717843343880762558e-09 3.815223351073288705e-11 4.816328356515727684e-09 0.000000000000000000e+00
0.000000000000000000e+00 0.000000000000000000e+00 0.000000000000000000e+00 0.000000000000000000e+00 0.000000000000000000e+00 0.000000000000000000e+00 -1.766427334037335028e-07 -9.354582210274903936e-08 -1.490801391556847187e-07 -3.889218629995658289e-08 -4.778358682714530846e-08 -8.901684115185164425e-09 -6.693216585340407734e-09 -2.526118945039656397e-09 -9.508515560049531814e-10 -4.513766632392950688e-11 -3.030215188760976276e-09 7.365546175881009377e-11 4.780171932065405636e-09 0.000000000000000000e+00
0.000000000000000000e+00 0.000000000000000000e+00 0.000000000000000000e+00 0.000000000000000000e+00 0.000000000000000000e+00 0.000000000000000000e+00 -2.958266345773580668e-08 -8.835709857571928441e-09 -3.215779275561174393e-08 -2.645006835333553772e-09 -8.464718485634982590e-09 -4.241409099877421822e-10 -1.181736441281127776e-09 -4.522386967005142423e-10 -4.198689808921866423e-10 -1.266907556539909453e-10 3.755025218219594456e-11 -6.434085539959842029e-11 -4.504256262648432693e-06 0.000000000000000000e+00
0.000000000000000000e+00 0.000000000000000000e+00 0.000000000000000000e+00 0.000000000000000000e+00 0.000000000000000000e+00 0.000000000000000000e+00 -5.248833476267973405e-09 5.532523789267724680e-09 -1.426208115924255798e-08 3.090098703617575880e-09 -3.257392559623456515e-09 7.281311061620637611e-10 -3.742950589720263674e-10 -9.435623332396765317e-11 -2.798836262122300205e-10 -1.414249236912895394e-10 3.851238905181651357e-11 -9.787204151864665384e-11 -6.632861536210975443e-06 0.000000000000000000e+00
0.000000000000000000e+00 0.000000000000000000e+00 0.000000000000000000e+00 0.000000000000000000e+00 0.000000000000000000e+00 0.000000000000000000e+00 1.812130204565445639e-09 -6.130437540669424841e-09 -1.099644514193036355e-08 6.509938552476915327e-10 -3.533532090018339734e-09 2.889323599456244259e-10 1.905476344740744198e-10 -5.092114206337320808e-10 -2.648556689157691331e-10 -1.212342940589332468e-10 2.697230664187405584e-11 -7.126825537761386655e-11 -7.639462402190012880e-02 0.000000000000000000e+00
0.000000000000000000e+00 0.000000000000000000e+00 0.000000000000000000e+00 0.000000000000000000e+00 0.000000000000000000e+00 0.000000000000000000e+00 2.394739941973083930e-09 -1.429632258410435235e-10 -1.537636680650114768e-10 -7.354880300469085060e-10 -4.550289510794176622e-10 -3.342456872703362282e-10 -3.298967967028025866e-10 -2.720974275359403650e-10 -2.399913676172560645e-10 -1.112987765439483330e-10 -1.511378878430241289e-10 -3.888760989944923198e-09 1.081698187817805020e-05 0.000000000000000000e+00
0.000000000000000000e+00 0.000000000000000000e+00 0.000000000000000000e+00 0.000000000000000000e+00 0.000000000000000000e+00 0.000000000000000000e+00 -1.896445171630903409e-09 1.384758766808718155e-09 7.848794743003274393e-10 -1.759643915602727947e-09 -1.155256496415219173e-09 -1.523176247674661554e-10 -5.239280925415534192e-10 -4.228038972057131465e-10 -2.128540295648058626e-10 -3.042901373040806518e-11 5.840722104003109850e-06 -5.488906892000996040e-09 1.080918998272577009e-05 0.000000000000000000e+00
0.000000000000000000e+00 0.000000000000000000e+00 0.000000000000000000e+00 0.000000000000000000e+00 0.000000000000000000e+00 0.000000000000000000e+00 6.882941662579049853e-10 -1.272453659183290102e-09 1.836409039074647042e-12 -1.213994153752645616e-09 -2.815157604336896667e-10 -1.030371808124622968e-09 -8.767315070034511046e-10 -3.693641543900709880e-10 -2.566651880456957238e-10 5.209757697072470500e-11 -8.882434498825918050e-05 -5.918947163682613341e-09 1.081340246201076783e-05 0.000000000000000000e+00
0.000000000000000000e+00 0.000000000000000000e+00 0.000000000000000000e+00 0.000000000000000000e+00 0.000000000000000000e+00 0.000000000000000000e+00 8.893869365832590148e-10 3.789394757206076184e-11 -2.594606780346713193e-10 -7.001364213941190375e-10 -4.382801357769180082e-10 -1.366146740355031386e-10 -2.493880116386428088e-10 -2.357305328375136946e-10 -2.357366232286985086e-10 -1.453526705326134774e-10 -1.277611857152147752e-10 -2.675409783810320452e-09 5.966479744634751796e+02 0.000000000000000000e+00
0.000000000000000000e+00 0.000000000000000000e+00 0.000000000000000000e+00 0.000000000000000000e+00 0.000000000000000000e+00 0.000000000000000000e+00 2.102211322064400144e-10 2.413054976201786093e-10 -2.183742126709232410e-10 -7.497224352641943148e-10 -4.940836929710758147e-10 -3.981620106367756120e-11 -2.631809912637979006e-10 -2.571269219465417358e-10 -2.578839101985793763e-10 -1.888014250569806971e-10 -1.219918195906050769e-10 -2.043998484038936221e-09 3.887873448726134939e+03 0.000000000000000000e+00
0.000000000000000000e+00 0.000000000000000000e+00 0.000000000000000000e+00 0.000000000000000000e+00 0.000000000000000000e+00 0.000000000000000000e+00 -8.822231135985463520e-10 7.277259286560262992e-10 3.813389904268149050e-10 -9.499936759542087511e-10 -7.158981690907568615e-10 1.491507891759401852e-10 -4.959442076031969055e-10 -3.769957418321357676e-10 -2.952920975131839742e-10 -2.428589695681111034e-10 -1.111314994787762755e-10 -3.816515020308536522e-10 -5.833514291097365379e+09 0.000000000000000000e+00
0.000000000000000000e+00 0.000000000000000000e+00 0.000000000000000000e+00 0.000000000000000000e+00 0.000000000000000000e+00 0.000000000000000000e+00 1.261074751780332440e-10 2.257010333927809512e-10 6.132738064434333338e-11 4.939076108875141652e-11 2.400051863941905945e-11 2.545507561917355152e-11 1.504027765250273598e-11 1.091456495544708240e-11 6.315545062015970560e-12 1.491478997504042531e-12 3.450958882496718733e-13 4.569043245349935711e-11 3.298662837193492865e-07 0.000000000000000000e+00
0.000000000000000000e+00 0.000000000000000000e+00 0.000000000000000000e+00 0.000000000000000000e+00 0.000000000000000000e+00 0.000000000000000000e+00 -3.153258085814517177e-11 5.702416361602226884e-12 -1.983618804633487358e-11 2.120493736906514027e-11 5.051516043769907472e-12 9.513951186715267067e-12 5.072188635781479407e-12 1.884725755250509711e-12 6.870519306256439220e-13 3.772526209605742814e-13 2.615804371138046079e-09 6.936571663757610535e-11 3.315917900268005474e-07 0.000000000000000000e+00
0.000000000000000000e+00 0.000000000000000000e+00 0.000000000000000000e+00 0.000000000000000000e+00 0.000000000000000000e+00 0.000000000000000000e+00 3.861199945435707180e-10 6.871385351602017809e-10 2.142269998297319212e-10 1.953982371808432939e-10 1.279788468700484980e-10 9.624533153929012294e-11 4.727045428067443965e-11 3.248614964194640261e-11 1.341658645576615918e-11 3.205824601817431720e-12 1.182622956884300928e-07 9.348775211628716987e-11 3.309383866425318695e-07 0.000000000000000000e+00
0.000000000000000000e+00 0.000000000000000000e+00 0.000000000000000000e+00 0.000000000000000000e+00 0.000000000000000000e+00 0.000000000000000000e+00 -2.149166269174471333e-11 2.313816669800362732e-11 1.064207658371731303e-11 8.976076786456472904e-12 4.058211359612077727e-12 3.642192751250116106e-12 5.029429328583728017e-12 3.026863278392349442e-12 1.376957826590523095e-12 8.396547764070106865e-13 1.788473580020340483e-13 1.577715235755774430e-11 -4.232861621024491683e+01 0.000000000000000000e+00
0.000000000000000000e+00 0.000000000000000000e+00 0.000000000000000000e+00 0.000000000000000000e+00 0.000000000000000000e+00 0.000000000000000000e+00 -3.673294921840605630e-11 1.063082239418655154e-13 3.355795317942805637e-12 5.147902668690115872e-12 2.475907348098866104e-12 3.906290836710243643e-13 4.084090138088105925e-12 2.118271937196873372e-12 5.225552203308039603e-13 8.630456678444954878e-13 1.680859572427894331e-13 1.322107123611450381e-11 -1.753848545358340516e+02 0.000000000000000000e+00
0.000000000000000000e+00 0.000000000000000000e+00 0.000000000000000000e+00 0.000000000000000000e+00 0.000000000000000000e+00 0.000000000000000000e+00 -4.213438590928266871e-12 1.082146056404966203e-11 -9.344158621983164924e-12 5.356253056378501245e-13 -3.418250946031607114e-12 3.399187970035310250e-12 4.593529318111202428e-12 2.375114782820479636e-12 1.451042518764427077e-12 8.848162613134244801e-13 1.042536923008417637e-13 1.896323903723452120e-11 2.291481676529906690e+05 0.000000000000000000e+00
0.000000000000000000e+00 0.000000000000000000e+00 0.000000000000000000e+00 0.000000000000000000e+00 0.000000000000000000e+00 0.000000000000000000e+00 -6.920319943681034257e-10 -1.566956513882566488e-09 -5.830667332470303333e-10 -8.372397545024883331e-10 -5.953443032620392296e-10 -3.047517051827612683e-10 -2.196916256764507473e-10 -1.005854728943158531e-10 -4.524126968876564305e-11 -1.282183854358826841e-11 2.060485401440574122e-13 1.848454755973435539e-11 6.700591185554168384e-11 0.000000000000000000e+00
0.000000000000000000e+00 0.000000000000000000e+00 0.000000000000000000e+00 0.000000000000000000e+00 0.000000000000000000e+00 0.000000000000000000e+00 2.897036714568805950e-10 -1.424886517988662194e-09 4.812562280481820504e-10 -4.180470358915702588e-10 -2.454444940294476919e-11 -1.556499132544356981e-11 -1.967223261148244099e-11 -7.296798807476013425e-12 -1.203644278500470623e-11 -4.698738226108085186e-12 -2.987662599750199392e-11 1.939021061378978499e-11 6.899821610080018918e-11 0.000000000000000000e+00
0.000000000000000000e+00 0.000000000000000000e+00 0.000000000000000000e+00 0.000000000000000000e+00 0.000000000000000000e+00 0.000000000000000000e+00 -1.567809685611315145e-09 -1.761263406385343008e-09 -1.569805263529834816e-09 -1.285802677326953228e-09 -1.274406121517103662e-09 -6.590735340547237520e-10 -3.962125941350259703e-10 -1.621769728689572524e-10 -6.049128102739052096e-11 -1.661450292914085525e-11 -1.040330981674964678e-11 2.438481963627173179e-11 7.310410018379239755e-11 0.000000000000000000e+00
0.000000000000000000e+00 0.000000000000000000e+00 0.000000000000000000e+00 0.000000000000000000e+00 0.000000000000000000e+00 0.000000000000000000e+00 2.408945811216556331e-10 -9.203111531434612288e-10 2.562965965714741753e-10 -1.715381392913886927e-10 -1.738988822166413192e-10 -6.862789033687797361e-11 -7.861515420258161444e-11 -3.269996052729473780e-11 -2.467332793005647577e-11 -8.289248299219985114e-12 -6.421298262400867290e-13 7.810980709467095747e-12 -3.062740311422387092e-07 0.000000000000000000e+00
0.000000000000000000e+00 0.000000000000000000e+00 0.000000000000000000e+00 0.000000000000000000e+00 0.000000000000000000e+00 0.000000000000000000e+00 4.858225445709694867e-10 -7.590239416242938362e-10 4.940097593749056073e-10 6.889552608910682129e-12 -8.416900598149116488e-12 1.165790871031436023e-11 -2.921710873455503565e-11 -8.671753904578772968e-12 -1.583358639849214438e-11 -5.217681378118370767e-12 -5.361046548029876399e-13 2.849937827138988724e-12 -4.736704666739039941e-07 0.000000000000000000e+00
0.000000000000000000e+00 0.000000000000000000e+00 0.000000000000000000e+00 0.000000000000000000e+00 0.000000000000000000e+00 0.000000000000000000e+00 8.988242605218987068e-11 -1.075997873226205838e-09 2.297331491378301520e-10 -2.565004360748893259e-10 1.070241698009483034e-10 3.746548811653438144e-12 -2.488055245404533289e-11 -8.896189470858223856e-12 -1.263865965599207655e-11 -3.819199916229982023e-12 -5.169600571439583648e-13 2.283489799942163478e-12 -7.677230864983992855e-05 0.000000000000000000e+00
0.000000000000000000e+00 0.000000000000000000e+00 0.000000000000000000e+00 0.000000000000000000e+00 0.000000000000000000e+00 0.000000000000000000e+00 -5.760222756126916701e-09 -1.770819574072007992e-08 -5.762181847288120436e-09 -4.170634908907398484e-09 -2.221799070602316229e-09 -4.115405374848414223e-10 -4.460598689174747792e-10 -1.962614700556631400e-10 -7.627072029859108295e-11 -1.613685902459570317e-11 3.137327201286819515e-12 1.356511468869665653e-11 -6.761874360788394240e-10 0.000000000000000000e+00
0.000000000000000000e+00 0.000000000000000000e+00 0.000000000000000000e+00 0.000000000000000000e+00 0.000000000000000000e+00 0.000000000000000000e+00 3.694537830386747876e-09 -4.669206549028137211e-09 -4.204745004519697125e-10 -1.723749801662502033e-09 5.565987390356183437e-10 1.509029748557245361e-10 5.894181980509926358e-13 4.455039059248995927e-11 -6.417115765978115147e-12 -2.735570158943817582e-12 1.030520450546449116e-11 -6.430439725804699016e-14 -6.885305914746099577e-10 0.000000000000000000e+00
0.000000000000000000e+00 0.000000000000000000e+00 0.000000000000000000e+00 0.000000000000000000e+00 0.000000000000000000e+00 0.000000000000000000e+00 -1.406964035157273497e-08 -2.982885210378986641e-08 -1.088411823486230249e-08 -6.853109197287105132e-09 -5.310024031516806667e-09 -1.111068038588740256e-09 -8.783171390615798294e-10 -4.118198700632175580e-10 -1.186224154132982643e-10 -1.401628112360134742e-11 -8.595602203833083874e-10 1.666991480175262764e-12 -6.542650707966823765e-10 0.000000000000000000e+00
0.000000000000000000e+00 0.000000000000000000e+00 0.000000000000000000e+00 0.000000000000000000e+00 0.000000000000000000e+00 0.000000000000000000e+00 8.325837134362398040e-10 -7.046427615147550265e-09 -1.063444811021357666e-09 -8.599643742194007657e-10 -4.187066411808428919e-10 -1.660261985567623424e-11 -4.099893435886042364e-11 2.387233372456921949e-11 -2.235124561106565791e-11 -1.320664637876956464e-11 -1.089854590267750236e-12 3.289103176450190276e-11 1.402288392465601023e-06 0.000000000000000000e+00
0.000000000000000000e+00 0.000000000000000000e+00 0.000000000000000000e+00 0.000000000000000000e+00 0.000000000000000000e+00 0.000000000000000000e+00 2.774217253708517775e-09 -3.259564461842279989e-09 4.458414779993447909e-10 1.177639313900526396e-10 2.761437869034754519e-10 1.234977563223958251e-10 7.768413542224774594e-11 8.420178647125823760e-11 -4.822707451640023594e-12 -9.627326160312993167e-12 -3.310355047950251706e-12 3.227674750659262659e-11 5.964755400111338503e-07 0.000000000000000000e+00
0.000000000000000000e+00 0.000000000000000000e+00 0.000000000000000000e+00 0.000000000000000000e+00 0.000000000000000000e+00 0.000000000000000000e+00 1.068235424028145926e-09 -2.623055167609642033e-09 -9.107021526617634583e-11 -7.140052030007635409e-10 6.967878946828149688e-10 1.463030331937400856e-10 -4.664792000634189340e-11 -2.027995197185883551e-11 -3.926363289149710235e-11 -2.556562852258828499e-12 -2.961420061738423285e-12 8.091912927042132502e-12 -1.940501603125883079e-03 0.000000000000000000e+00
0.000000000000000000e+00 0.000000000000000000e+00 0.000000000000000000e+00 0.000000000000000000e+00 0.000000000000000000e+00 0.000000000000000000e+00 -1.883671928098088624e-10 -2.192582888413923974e-10 -2.128500710897835175e-10 -1.098498293630211612e-10 -8.498402146853479758e-11 -9.132779061581018142e-11 8.604811700594967243e-11 -3.185285523999606932e-12 -1.748649617960179646e-11 -1.315714992983351348e-11 -1.424498330475692834e-11 -3.175363559172306660e-10 5.227015615127810169e-06 0.000000000000000000e+00
0.000000000000000000e+00 0.000000000000000000e+00 0.000000000000000000e+00 0.000000000000000000e+00 0.000000000000000000e+00 0.000000000000000000e+00 -5.627745030910018943e-10 -1.326707519432700281e-10 -6.936595901823263182e-10 1.860140492482336873e-10 2.601561101172158935e-11 -2.923509262173689079e-10 1.387662870936148070e-10 2.087553678286129460e-11 -2.133556576139639537e-11 -7.649256689397712439e-12 8.322192692203132353e-07 -4.352667442201152110e-10 5.222583911449015934e-06 0.000000000000000000e+00
0.000000000000000000e+00 0.000000000000000000e+00 0.000000000000000000e+00 0.000000000000000000e+00 0.000000000000000000e+00 0.000000000000000000e+00 -8.658256694794614882e-10 1.834862790840893282e-10 3.892906915421870343e-10 -3.038928956530233125e-10 -4.796187984076619913e-10 1.451911821969432919e-10 -3.886908487775458878e-11 1.584415227881258590e-11 -4.738793250547080721e-11 -1.786370613811563666e-11 -3.322312595454594528e-06 -4.631505668300466659e-10 5.224601910892618849e-06 0.000000000000000000e+00
0.000000000000000000e+00 0.000000000000000000e+00 0.000000000000000000e+00 0.000000000000000000e+00 0.000000000000000000e+00 0.000000000000000000e+00 -2.238936911218322076e-10 -7.984323281672805824e-11 -2.791971751857591815e-10 -2.263198724609860790e-10 -1.036300053046402069e-10 -1.882905035404697209e-10 9.982022374402506672e-11 -8.948270990687199160e-12 -1.672434150255745854e-11 -1.393511124473521784e-11 -1.123428066161728201e-11 -4.146365382026677099e-10 6.218919875983765877e+01 0.000000000000000000e+00
0.000000000000000000e+00 0.000000000000000000e+00 0.000000000000000000e+00 0.000000000000000000e+00 0.000000000000000000e+00 0.000000000000000000e+00 -2.851860188740402794e-10 -7.794725219873532804e-11 -3.087612857081673270e-10 -2.464486396973764926e-10 -1.055944476021578324e-10 -2.320283218009889522e-10 1.117217352241011444e-10 -8.292260490708027274e-12 -1.678309973333219444e-11 -1.394940562043056658e-11 -9.763422361395829966e-12 -4.944396926496707072e-10 2.423620776453720111e+02 0.000000000000000000e+00
0.000000000000000000e+00 0.000000000000000000e+00 0.000000000000000000e+00 0.000000000000000000e+00 0.000000000000000000e+00 0.000000000000000000e+00 -3.992491332858774209e-10 -3.599904426296239284e-11 -3.711377387831902657e-10 -6.763352383139710241e-11 -3.487359266058688044e-11 -2.556354897146701769e-10 1.337370905285466806e-10 2.876687711422380507e-11 -1.927937602907856054e-11 -2.521304818922526051e-12 -9.683130130522053226e-12 -6.915146729011132215e-10 -1.704616201557734311e+08 0.000000000000000000e+00
0.000000000000000000e+00 0.000000000000000000e+00 0.000000000000000000e+00 0.000000000000000000e+00 0.000000000000000000e+00 0.000000000000000000e+00 1.692418344556804399e-07 1.327506867732573250e-07 8.721836571648065353e-08 5.330167629469822638e-08 4.264737263307073480e-08 2.772658075967161931e-08 2.129804034382230614e-08 1.138655396122404905e-08 4.720199698831956665e-09 1.384272464229942142e-09 7.774467169158424112e-10 1.046690128007819238e-08 2.634564374044594471e-05 0.000000000000000000e+00
0.000000000000000000e+00 0.000000000000000000e+00 0.000000000000000000e+00 0.000000000000000000e+00 0.000000000000000000e+00 0.000000000000000000e+00 2.062881798207930195e-07 1.116126305489250511e-07 1.181009025428106038e-07 6.339673703217053042e-08 6.896181403615871749e-08 4.512435796417469772e-08 2.380528582085858555e-08 9.876578862470861403e-09 3.105088454378574279e-09 1.057411562979170274e-09 6.692449906542745737e-06 2.061520297919715685e-08 2.697138212066459154e-05 0.000000000000000000e+00
0.000000000000000000e+00 0.000000000000000000e+00 0.000000000000000000e+00 0.000000000000000000e+00 0.000000000000000000e+00 0.000000000000000000e+00 3.737283035099101653e-07 3.322134379100498248e-07 1.349761987298135473e-07 8.657497821514130520e-08 5.590447630391372249e-08 2.842014495972707632e-08 1.698988290230659909e-08 7.895208024099755626e-09 2.386646787695185501e-09 9.956042022728899223e-10 1.609754815055584843e-05 1.614826283752944691e-08 2.638561639112214650e-05 0.000000000000000000e+00
0.000000000000000000e+00 0.000000000000000000e+00 0.000000000000000000e+00 0.000000000000000000e+00 0.000000000000000000e+00 0.000000000000000000e+00 7.976531600719134418e-08 5.077019108725924510e-08 4.924584192977353627e-08 2.832731821853109730e-08 2.765632798685577742e-08 2.089823342358627220e-08 1.634941933722091668e-08 9.238748944705213018e-09 4.325704229896010666e-09 1.372062954198934045e-09 7.859593453907915761e-10 1.314958782097738926e-08 9.947034360999111868e-01 0.000000000000000000e+00
0.000000000000000000e+00 0.000000000000000000e+00 0.000000000000000000e+00 0.000000000000000000e+00 0.000000000000000000e+00 0.000000000000000000e+00 7.184215457836274388e-08 4.011319413260124656e-08 4.362679778611250033e-08 2.400460287954999391e-08 2.583081045249027169e-08 2.039065454459297376e-08 1.570276552765802927e-08 8.831999793820111353e-09 4.260659405591547239e-09 1.384684914718487374e-09 7.970307185872068319e-10 1.371047664960951839e-08 -1.220342917306339814e+00 0.000000000000000000e+00
0.000000000000000000e+00 0.000000000000000000e+00 0.000000000000000000e+00 0.000000000000000000e+00 0.000000000000000000e+00 0.000000000000000000e+00 9.733816788579164443e-08 5.059227699772592792e-08 5.529801043394800842e-08 3.073435930004289379e-08 3.545894147341179423e-08 2.830036824042433659e-08 2.037082716143706359e-08 1.049311665237629305e-08 4.703987326464878944e-09 1.466989227235092141e-09 8.326105847700817393e-10 9.929070783621681769e-09 3.295902838212856650e+07 0.000000000000000000e+00
0.000000000000000000e+00 0.000000000000000000e+00 0.000000000000000000e+00 0.000000000000000000e+00 0.000000000000000000e+00 0.000000000000000000e+00 -6.910380903254153999e-08 2.902596378130737882e-08 -2.697298811920666786e-08 1.227259148781846740e-08 -2.754018810638582855e-09 7.711176767006936831e-10 -6.783592539431112411e-10 3.731356156752263697e-10 -6.372693471862381685e-11 1.595267606586598652e-12 8.622469301167750129e-12 -2.377791035221093080e-12 -1.115035685909094285e-10 0.000000000000000000e+00
0.000000000000000000e+00 0.000000000000000000e+00 0.000000000000000000e+00 0.000000000000000000e+00 0.000000000000000000e+00 0.000000000000000000e+00 -3.217499587981915443e-08 -2.068231930294947084e-09 -2.838154170817090014e-08 2.121433988671066987e-08 4.806449213880443302e-10 9.630434498434886179e-10 -3.361691848715236277e-10 3.320494750207119761e-10 -6.794263005012317043e-11 7.325450176436774104e-12 1.720107739441052379e-10 -2.819202245864175323e-12 -1.112777448880821009e-10 0.000000000000000000e+00
0.000000000000000000e+00 0.000000000000000000e+00 0.000000000000000000e+00 0.000000000000000000e+00 0.000000000000000000e+00 0.000000000000000000e+00 -1.027212660082956645e-07 5.730141512746833519e-08 -2.688593450932576059e-08 4.903384037631908758e-09 -6.195329989868155377e-09 8.504440919404654552e-10 -9.034320730925357675e-10 2.566678324561257360e-10 -5.163657788056495942e-11 9.200980773305479602e-12 -3.427213539479637994e-10 -2.086431779749336894e-12 -1.113091922555623230e-10 0.000000000000000000e+00
0.000000000000000000e+00 0.000000000000000000e+00 0.000000000000000000e+00 0.000000000000000000e+00 0.000000000000000000e+00 0.000000000000000000e+00 -3.613107221981435149e-08 1.081777499365571237e-08 -2.117298638213535652e-08 1.213740719404093018e-08 -8.491396610446692064e-10 5.371611622375891437e-10 -4.197578825359752566e-10 3.400213276419023685e-10 -6.909671139912812005e-11 1.089004164062905750e-12 8.798120517230807451e-12 -2.912211315212112494e-12 4.774460320925272416e-08 0.000000000000000000e+00
0.000000000000000000e+00 0.000000000000000000e+00 0.000000000000000000e+00 0.000000000000000000e+00 0.000000000000000000e+00 0.000000000000000000e+00 -2.382092405566004469e-08 3.611073858431935479e-09 -1.942215607534285959e-08 1.253178111641570269e-08 -1.665107853907124384e-11 5.237181463291190143e-10 -3.421655402901971927e-10 3.352459907289429153e-10 -7.174198181512931702e-11 7.195733264410996172e-13 9.094323629069853053e-12 -2.327597602089056881e-12 7.470588925162931022e-08 0.000000000000000000e+00
0.000000000000000000e+00 0.000000000000000000e+00 0.000000000000000000e+00 0.000000000000000000e+00 0.000000000000000000e+00 0.000000000000000000e+00 -1.888107958844341766e-08 -1.318790627671168801e-09 -2.066117246353672311e-08 1.487233618398784011e-08 9.683999059434236593e-10 9.049899330918201767e-10 -4.116939351080638629e-10 3.774377572380387037e-10 -7.387744393921428915e-11 1.237317198174819589e-13 9.795012274372580257e-12 1.942516625770443371e-12 6.272040904229121802e-05 0.000000000000000000e+00
0.000000000000000000e+00 0.000000000000000000e+00 0.000000000000000000e+00 0.000000000000000000e+00 0.000000000000000000e+00 0.000000000000000000e+00 -1.600229939423230726e-07 3.154375637903709148e-07 -1.282643336300853961e-07 8.556231748989355600e-08 -3.623200832377758873e-08 1.527087354775577061e-09 6.577869265602299451e-10 -1.215608887373162565e-09 -4.029842904158523565e-10 2.246971301344888347e-10 2.103894931007672486e-12 1.220985644592171706e-10 -1.595735702436363597e-10 0.000000000000000000e+00
0.000000000000000000e+00 0.000000000000000000e+00 0.000000000000000000e+00 0.000000000000000000e+00 0.000000000000000000e+00 0.000000000000000000e+00 1.960915948438725510e-07 -4.576654429108622971e-08 -5.295187121774936556e-08 8.796682501483040535e-08 -4.862260845812559678e-08 -1.535603408667257808e-09 1.675925949625342576e-09 -1.146847525287094809e-09 -4.122538512453784029e-10 1.467159390556623534e-10 3.411227045604776132e-09 1.497978670931625659e-10 -2.307057652473598855e-10 0.000000000000000000e+00
0.000000000000000000e+00 0.000000000000000000e+00 0.000000000000000000e+00 0.000000000000000000e+00 0.000000000000000000e+00 0.000000000000000000e+00 -4.776327734814257570e-07 6.431077371200475869e-07 -2.009022439907601606e-07 9.041314548032828391e-08 -2.961474886726732349e-08 5.308345840044278827e-09 -3.427805865271596648e-10 -1.074588801273365080e-09 -3.798507598477524045e-10 1.129660802227037339e-10 4.347984082981371193e-09 1.166847704479991378e-10 -2.041408399873918538e-10 0.000000000000000000e+00
0.000000000000000000e+00 0.000000000000000000e+00 0.000000000000000000e+00 0.000000000000000000e+00 0.000000000000000000e+00 0.000000000000000000e+00 1.819740510899880443e-08 1.036995923154244265e-07 -7.104360161426471261e-08 6.311269764448271638e-08 -3.108693410261493584e-08 -2.378297022037161189e-10 1.099769285112608478e-09 -1.082818389334349618e-09 -4.213237810743121780e-10 2.274213665229120228e-10 -5.854107870266370863e-13 1.768199729858086766e-10 1.711760950870346975e-06 0.000000000000000000e+00
0.000000000000000000e+00 0.000000000000000000e+00 0.000000000000000000e+00 0.000000000000000000e+00 0.000000000000000000e+00 0.000000000000000000e+00 9.189805472757334043e-08 1.852821186428503967e-08 -4.865768593697169987e-08 5.567631000952991602e-08 -3.000971043741451968e-08 -8.155510037984754626e-10 1.245070374943285021e-09 -1.060087962291643935e-09 -4.250427091949704446e-10 2.324107912205013546e-10 7.348292113151355246e-13 2.011692055433736923e-10 2.168543633381595395e-06 0.000000000000000000e+00
0.000000000000000000e+00 0.000000000000000000e+00 0.000000000000000000e+00 0.000000000000000000e+00 0.000000000000000000e+00 0.000000000000000000e+00 1.556229575014307657e-07 -4.594193665345510947e-08 -3.422732345940852838e-08 5.704945344315142426e-08 -3.380924957056986210e-08 -6.342473553980739089e-10 1.203661590086645317e-09 -1.209301867694337655e-09 -3.878906675592029887e-10 2.470484860419328429e-10 1.088693009759647244e-11 2.458524524066738127e-10 1.146339158117175294e-03 0.000000000000000000e+00
0.000000000000000000e+00 0.000000000000000000e+00 0.000000000000000000e+00 0.000000000000000000e+00 0.000000000000000000e+00 0.000000000000000000e+00 6.805039848746746366e-10 4.279280741890310380e-10 3.734178169869857750e-10 2.772866738878188629e-10 2.194955461366939410e-10 4.713084957429062264e-10 2.026073504127756826e-10 1.034899248367418035e-10 1.715829462937301535e-11 -1.046641696507379470e-11 1.679839116267007058e-11 5.261599109892590363e-11 2.709402268686473640e-06 0.000000000000000000e+00
0.000000000000000000e+00 0.000000000000000000e+00 0.000000000000000000e+00 0.000000000000000000e+00 0.000000000000000000e+00 0.000000000000000000e+00 1.309818733399925379e-09 1.237157730583501389e-09 8.582713262256950177e-10 1.224355844499443541e-10 5.782060177188190548e-10 5.400876710400293887e-10 -5.561004390788121393e-11 5.670994263940657709e-11 -1.501582841898952325e-11 -4.180318869664840247e-11 -4.009277307996423980e-06 -1.408237913398025473e-10 2.722242996758828089e-06 0.000000000000000000e+00
0.000000000000000000e+00 0.000000000000000000e+00 0.000000000000000000e+00 0.000000000000000000e+00 0.000000000000000000e+00 0.000000000000000000e+00 5.363966963231087765e-10 8.130634540910435549e-10 4.149185012406773314e-10 9.720142417287225949e-10 9.480977805434860959e-10 1.401251927137515031e-09 4.901263282261645612e-10 1.818274430483429790e-10 5.730443280995854252e-13 -5.521466804478440725e-12 -3.420359848524251581e-05 -1.281778977312265092e-10 2.712523152856458721e-06 0.000000000000000000e+00
0.000000000000000000e+00 0.000000000000000000e+00 0.000000000000000000e+00 0.000000000000000000e+00 0.000000000000000000e+00 0.000000000000000000e+00 5.261613114885325171e-10 4.057077294046334539e-10 4.734852367285795471e-10 1.810711550553552651e-10 2.077101223377518337e-10 4.702375436489195262e-10 1.890421142804683236e-10 7.464165576607382658e-11 -1.037140307392255865e-11 -1.193910975288362700e-11 1.980827579138975794e-11 -9.281900878917115125e-11 1.546702960655141013e+01 0.000000000000000000e+00
0.000000000000000000e+00 0.000000000000000000e+00 0.000000000000000000e+00 0.000000000000000000e+00 0.000000000000000000e+00 0.000000000000000000e+00 6.371488571749643877e-10 3.717360847228859991e-10 4.649188276111757438e-10 1.227560592346126209e-10 1.885030783007509297e-10 4.211740141668075444e-10 1.535831458831895554e-10 5.106680228738443924e-11 -1.999590913371583254e-11 -1.339882203401326491e-11 2.277691869879426420e-11 -1.630201084727338823e-10 -1.419825763824847087e+01 0.000000000000000000e+00
0.000000000000000000e+00 0.000000000000000000e+00 0.000000000000000000e+00 0.000000000000000000e+00 0.000000000000000000e+00 0.000000000000000000e+00 2.043144166693696023e-09 3.906016088706456690e-10 5.498010016278356233e-10 2.357439190949808059e-10 2.290599091925877067e-10 3.508347496429062141e-10 -8.628660970045202618e-11 -4.378602161406353310e-11 -1.264671324803730942e-11 -2.004690244722036127e-11 2.340581299332099772e-11 -1.684392935347611389e-10 1.406026008620620472e+06 0.000000000000000000e+00
0.000000000000000000e+00 0.000000000000000000e+00 0.000000000000000000e+00 0.000000000000000000e+00 0.000000000000000000e+00 0.000000000000000000e+00 1.022105361535953633e-12 9.367102586706130998e-13 9.176908406523356142e-13 5.820893121041806509e-13 3.171277749100026693e-13 1.127694768823725037e-13 7.721937175853512711e-14 4.027882886064243491e-14 1.936323324734910461e-14 1.212073678971066593e-14 6.645898890165883623e-15 8.241222907929196443e-14 2.449083216814667417e-10 0.000000000000000000e+00
0.000000000000000000e+00 0.000000000000000000e+00 0.000000000000000000e+00 0.000000000000000000e+00 0.000000000000000000e+00 0.000000000000000000e+00 1.246673528501425840e-12 5.714552080123186246e-13 5.460555951068635556e-13 3.025274520495334004e-13 2.954327905036166772e-13 1.695632350943774920e-13 7.081417104310452433e-14 2.421669320142605431e-14 1.413517021001652235e-14 1.097880894165748591e-14 7.248915600350874372e-10 1.603561709338181539e-13 2.486439061374390571e-10 0.000000000000000000e+00
0.000000000000000000e+00 0.000000000000000000e+00 0.000000000000000000e+00 0.000000000000000000e+00 0.000000000000000000e+00 0.000000000000000000e+00 4.636375954731543953e-12 3.730033447257205185e-12 3.316785958243179266e-12 2.405314927602479028e-12 1.550065022493382466e-12 4.255923030483060327e-13 1.345676464919117323e-13 6.638070053354263111e-14 1.938600953725924056e-14 1.075197617505082308e-14 2.272485988852234789e-09 1.676847823082297239e-13 2.456783991297134343e-10 0.000000000000000000e+00
0.000000000000000000e+00 0.000000000000000000e+00 0.000000000000000000e+00 0.000000000000000000e+00 0.000000000000000000e+00 0.000000000000000000e+00 3.179319916566907978e-13 2.438987478931290111e-13 2.589026922512544273e-13 1.514908664839214861e-13 1.046609623731148593e-13 6.593093796146301945e-14 4.465643601051326315e-14 2.272895966239821220e-14 1.722917102788233651e-14 1.231217911655431136e-14 6.556403757878083199e-15 1.093922922245451599e-13 -1.301288590621125412e-04 0.000000000000000000e+00
0.000000000000000000e+00 0.000000000000000000e+00 0.000000000000000000e+00 0.000000000000000000e+00 0.000000000000000000e+00 0.000000000000000000e+00 3.445506635318608205e-13 1.713336054579971561e-13 1.789471999838861179e-13 9.724364590969229920e-14 9.196437362464012879e-14 6.832331102180927427e-14 4.201969231346096690e-14 2.130247961539097589e-14 1.796088382804759469e-14 1.277896148483320662e-14 6.654144982750073619e-15 1.419565959417303814e-13 9.934036350245454422e-05 0.000000000000000000e+00
0.000000000000000000e+00 0.000000000000000000e+00 0.000000000000000000e+00 0.000000000000000000e+00 0.000000000000000000e+00 0.000000000000000000e+00 8.434567927425462071e-13 4.298614040434003984e-13 3.821243230433146251e-13 2.242543379375179428e-13 1.959591845726991843e-13 1.150244144091155077e-13 5.994398462918766754e-14 2.952434235020995613e-14 2.093027294983216379e-14 1.370526912982853685e-14 6.964433898697274643e-15 1.660647803200236521e-13 1.695084357893854587e-01 0.000000000000000000e+00
0.000000000000000000e+00 0.000000000000000000e+00 0.000000000000000000e+00 0.000000000000000000e+00 0.000000000000000000e+00 0.000000000000000000e+00 -6.615178474862220486e-11 -1.312902186070371970e-10 -1.063041152718921876e-10 2.542451235619372165e-11 7.388551785365249876e-12 -1.097278710624345756e-12 -2.158271793390818909e-12 6.325451802205118919e-14 7.845464842262462428e-14 1.556281980152010574e-14 4.531475779791995913e-16 -7.531816016359948190e-15 -6.769745279977982424e-13 0.000000000000000000e+00
0.000000000000000000e+00 0.000000000000000000e+00 0.000000000000000000e+00 0.000000000000000000e+00 0.000000000000000000e+00 0.000000000000000000e+00 -6.039343643302416888e-11 -1.522189569437721177e-10 1.736940877471028187e-10 6.857069618398420335e-12 6.477808938813011528e-12 -9.910182252744055938e-13 -2.833562499045861829e-12 2.107899210106781589e-13 -3.308449330269347949e-15 -4.363162533896715409e-14 -1.533089873254688905e-12 -1.247651950588428027e-14 -6.875757044443045367e-13 0.000000000000000000e+00
0.000000000000000000e+00 0.000000000000000000e+00 0.000000000000000000e+00 0.000000000000000000e+00 0.000000000000000000e+00 0.000000000000000000e+00 -7.184680707229066241e-11 -1.176637820165428978e-10 -3.631498310121218604e-10 4.644950542637216969e-11 8.916891445196336418e-12 -1.903135838716721619e-12 -9.131802711046064754e-13 -1.633887004726574899e-13 1.043555165097523205e-13 -4.876221085243513457e-14 -3.078078738267985323e-12 -2.430473504274143748e-14 -6.774204398204139867e-13 0.000000000000000000e+00
0.000000000000000000e+00 0.000000000000000000e+00 0.000000000000000000e+00 0.000000000000000000e+00 0.000000000000000000e+00 0.000000000000000000e+00 -4.697652724998363652e-11 -1.090858340296470003e-10 1.722389631984217915e-11 1.308349440710823214e-11 4.964453209913713743e-12 -9.598942168363286330e-13 -2.179706662068958425e-12 1.828891427479341771e-13 3.086035653368467249e-14 1.961752462146129864e-14 -5.089203124675006438e-16 1.962930836780817893e-14 -7.994832582878478882e-11 0.000000000000000000e+00
0.000000000000000000e+00 0.000000000000000000e+00 0.000000000000000000e+00 0.000000000000000000e+00 0.000000000000000000e+00 0.000000000000000000e+00 -4.332086883269135666e-11 -9.105904801537309986e-11 7.832156344770302618e-11 5.659084978692050183e-12 3.351622969188624342e-12 -7.975896991657794319e-13 -2.222430222360639514e-12 2.058182154360850347e-13 7.442194392573906744e-15 2.172388523633132874e-14 -1.011085799303715664e-15 3.242816997411888905e-14 1.478804340064269955e-11 0.000000000000000000e+00
0.000000000000000000e+00 0.000000000000000000e+00 0.000000000000000000e+00 0.000000000000000000e+00 0.000000000000000000e+00 0.000000000000000000e+00 -5.858111511566205127e-11 -3.705980046747399529e-11 1.763625670375645085e-10 -1.137637294259404882e-11 -8.551450448625493541e-13 -1.345605228821268861e-13 -2.427879144916424892e-12 9.210914816060872313e-14 -1.034059059266824407e-14 1.889158979486254948e-14 2.598716537465436734e-16 4.006462812093160205e-14 -2.320849973282529005e-08 0.000000000000000000e+00
0.000000000000000000e+00 0.000000000000000000e+00 0.000000000000000000e+00 0.000000000000000000e+00 0.000000000000000000e+00 0.000000000000000000e+00 -4.367446635754002685e-10 -1.246375995621947835e-09 -6.231904785324957358e-10 1.841691362467987072e-10 -7.075913370487032044e-11 7.967113053072610964e-12 -3.032508988904390103e-12 2.255741691394476995e-12 -7.428746456586071811e-13 1.332014403858323192e-13 6.619913763232644740e-15 2.461008042391453297e-13 -5.106779224531795712e-12 0.000000000000000000e+00
0.000000000000000000e+00 0.000000000000000000e+00 0.000000000000000000e+00 0.000000000000000000e+00 0.000000000000000000e+00 0.000000000000000000e+00 7.058500076673916601e-10 -5.202240398449349585e-10 3.739828761126433007e-10 1.245899618249962125e-10 -1.649237037733121968e-11 6.664582173038097128e-12 -6.747650512509071243e-12 2.799185359788137697e-12 -8.088312629867615800e-13 -2.348561706599479484e-13 2.294461650604335856e-11 4.759426780440356794e-13 -5.457705949430103517e-12 0.000000000000000000e+00
0.000000000000000000e+00 0.000000000000000000e+00 0.000000000000000000e+00 0.000000000000000000e+00 0.000000000000000000e+00 0.000000000000000000e+00 -1.451181771102505997e-09 -1.930396393439317022e-09 -1.554332430468980612e-09 2.553362341728741349e-10 -1.397758853127044931e-10 9.122834961301619917e-12 2.025159584989973332e-12 1.486233345536235071e-12 -6.808036418196170966e-13 -3.008324842289279129e-13 -5.393664256277566778e-11 4.794879262632541598e-13 -5.193039466843841190e-12 0.000000000000000000e+00
0.000000000000000000e+00 0.000000000000000000e+00 0.000000000000000000e+00 0.000000000000000000e+00 0.000000000000000000e+00 0.000000000000000000e+00 7.231108451544034341e-11 -7.253674854393531702e-10 -1.229433195032721950e-10 1.194654584804306912e-10 -3.208667752242663762e-11 4.907205043074707818e-12 -4.041121126917450597e-12 2.554045737936507784e-12 -7.445777757259120485e-13 1.977632124353685317e-13 5.917890160994790260e-15 -1.543525996084248756e-14 7.023177586843708692e-09 0.000000000000000000e+00
0.000000000000000000e+00 0.000000000000000000e+00 0.000000000000000000e+00 0.000000000000000000e+00 0.000000000000000000e+00 0.000000000000000000e+00 2.848030303110993641e-10 -4.437316105000282643e-10 1.189637753867048783e-10 9.067432427724046206e-11 -1.638249610914388621e-11 4.255848473551497911e-12 -4.558025718274330222e-12 2.772621573454320184e-12 -7.519241748381530838e-13 2.168474267972805389e-13 6.946675876388944495e-15 -1.340103001763239156e-13 1.575307262341711471e-08 0.000000000000000000e+00
0.000000000000000000e+00 0.000000000000000000e+00 0.000000000000000000e+00 0.000000000000000000e+00 0.000000000000000000e+00 0.000000000000000000e+00 4.761265961822927848e-10 8.972403170599305187e-11 4.879620326146658909e-10 5.589188305685010892e-11 -3.008731224742332174e-12 6.697141692783904587e-12 -5.544130913900622610e-12 3.457694704052207439e-12 -7.637747001937674350e-13 1.760333657776858910e-13 -1.185651031676453413e-14 -4.168211684478871277e-13 3.289729700682781488e-07 0.000000000000000000e+00
0.000000000000000000e+00 0.000000000000000000e+00 0.000000000000000000e+00 0.000000000000000000e+00 0.000000000000000000e+00 0.000000000000000000e+00 -6.060221830332278499e-13 1.704772313499261379e-12 1.649381068275152685e-12 4.195528118865491681e-13 8.801996553351620008e-13 8.756035076980539081e-13 8.560826757986291012e-13 -6.598251583707963338e-13 -8.680792281658100405e-14 -1.733839429673616488e-13 6.927668107354110395e-14 -9.609339393090689171e-13 7.187728976658756488e-09 0.000000000000000000e+00
0.000000000000000000e+00 0.000000000000000000e+00 0.000000000000000000e+00 0.000000000000000000e+00 0.000000000000000000e+00 0.000000000000000000e+00 6.889769903543047791e-13 5.057207286342130174e-12 2.721209037867777227e-12 6.219040569813251264e-13 2.967594779344707007e-12 2.136270884485945549e-12 6.726831766589105493e-13 -3.322771225643183502e-13 8.834692244917162723e-14 3.496419020720349266e-14 -4.229235167242777433e-08 -1.334905001937826242e-12 7.165425660005086168e-09 0.000000000000000000e+00
0.000000000000000000e+00 0.000000000000000000e+00 0.000000000000000000e+00 0.000000000000000000e+00 0.000000000000000000e+00 0.000000000000000000e+00 -4.092266292151788073e-12 -5.786424553475918449e-13 3.579135145930512373e-13 1.834087146858422442e-12 -3.160547716394876132e-13 -2.688074728962355458e-13 8.062139789944989275e-13 -1.233104128039872418e-12 2.171746769459738144e-13 2.835170486367799973e-13 -4.099540688424377683e-07 -1.680899036741222020e-12 7.172290542272549465e-09 0.000000000000000000e+00
0.000000000000000000e+00 0.000000000000000000e+00 0.000000000000000000e+00 0.000000000000000000e+00 0.000000000000000000e+00 0.000000000000000000e+00 -7.517978311083670776e-13 1.937890011064756357e-12 1.206614071955378563e-12 6.963442104638367083e-13 1.345513110266165604e-12 1.238537950358965406e-12 3.005545749566440857e-13 -7.701859715285611388e-13 -5.803055008417259005e-14 -2.031512585891125503e-13 8.637050034040569886e-14 -4.503348489815463748e-13 -6.938090694616198817e-02 0.000000000000000000e+00
0.000000000000000000e+00 0.000000000000000000e+00 0.000000000000000000e+00 0.000000000000000000e+00 0.000000000000000000e+00 0.000000000000000000e+00 -4.245488757892215348e-13 2.150626800014000543e-12 1.267793712536426558e-12 8.453590357551432715e-13 1.626599014511521487e-12 1.473483057911836391e-12 2.309975270269244638e-13 -7.129754685871153609e-13 -1.720998387427935401e-14 -2.108110326178124889e-13 9.368671955500326042e-14 -3.816828350833729255e-13 1.557467405267943805e-01 0.000000000000000000e+00
0.000000000000000000e+00 0.000000000000000000e+00 0.000000000000000000e+00 0.000000000000000000e+00 0.000000000000000000e+00 0.000000000000000000e+00 -2.996678358603561811e-14 2.485972446985065566e-12 1.912737186120490312e-12 7.267904061842193587e-13 2.090926459823519637e-12 1.997238901051976083e-12 6.611687409384933530e-13 -2.235512770290392272e-13 -1.370888043146868579e-14 -2.186610673244613583e-13 9.027030397277142341e-14 -8.398063043514592600e-13 -1.710936500134087401e+05 0.000000000000000000e+00
0.000000000000000000e+00 0.000000000000000000e+00 0.000000000000000000e+00 0.000000000000000000e+00 0.000000000000000000e+00 0.000000000000000000e+00 3.691034619441116999e-17 2.115914743763776985e-17 1.590053688100678037e-17 7.531252962942705045e-18 7.220258553129776818e-18 4.415330652427491691e-18 3.258801000715802137e-18 1.691275247085382511e-18 7.229970588521905728e-19 2.275292458290997666e-19 1.179426297757254065e-19 1.671842763520422603e-18 3.606544681252537936e-15 0.000000000000000000e+00
0.000000000000000000e+00 0.000000000000000000e+00 0.000000000000000000e+00 0.000000000000000000e+00 0.000000000000000000e+00 0.000000000000000000e+00 1.207557945927622000e-16 3.094885605567819110e-17 1.955749306774492445e-17 1.113780663430601743e-17 1.275259422580470346e-17 6.544378503900636870e-18 3.468753364011440901e-18 1.533001379386946352e-18 4.847949109307788325e-19 1.595049685361687213e-19 2.199949947809649394e-15 3.200009980721791437e-18 3.691595184052332276e-15 0.000000000000000000e+00
0.000000000000000000e+00 0.000000000000000000e+00 0.000000000000000000e+00 0.000000000000000000e+00 0.000000000000000000e+00 0.000000000000000000e+00 6.373613686243127069e-17 2.175106459889506759e-17 1.758604487250936632e-17 7.895693639659769410e-18 7.793459597008433312e-18 4.834321381865900888e-18 2.636277783045652627e-18 1.123604297728515656e-18 3.942089658357595496e-19 1.517120712911601197e-19 5.771873189940576557e-15 2.523583048923084910e-18 3.606474989284861595e-15 0.000000000000000000e+00
0.000000000000000000e+00 0.000000000000000000e+00 0.000000000000000000e+00 0.000000000000000000e+00 0.000000000000000000e+00 0.000000000000000000e+00 3.174212062334226979e-17 1.273196490149144423e-17 8.928251464791420145e-18 4.737859940477111604e-18 5.013725619962830141e-18 3.132482587096171335e-18 2.376542145417604627e-18 1.390046868192099337e-18 6.628103137180337103e-19 2.263675079359008700e-19 1.190343881665220355e-19 2.047837836943710383e-18 1.937385677884232730e-10 0.000000000000000000e+00
0.000000000000000000e+00 0.000000000000000000e+00 0.000000000000000000e+00 0.000000000000000000e+00 0.000000000000000000e+00 0.000000000000000000e+00 3.655668709550235845e-17 1.123787307533063915e-17 7.463461523445215653e-18 4.216597476023186803e-18 4.722402457395112345e-18 2.966935939902418169e-18 2.241060538719818108e-18 1.346642358106174649e-18 6.543892037173353146e-19 2.292110097301635964e-19 1.203009378752778468e-19 2.141964464763561526e-18 3.140936195509651017e-10 0.000000000000000000e+00
0.000000000000000000e+00 0.000000000000000000e+00 0.000000000000000000e+00 0.000000000000000000e+00 0.000000000000000000e+00 0.000000000000000000e+00 5.572906103013163860e-17 1.454434433529499611e-17 9.338666462940058494e-18 5.322891623303455293e-18 6.298046127062534552e-18 4.081024613378078793e-18 2.963491715045759187e-18 1.638760151071969544e-18 7.214488916716881406e-19 2.434686975541033702e-19 1.232649654557333605e-19 1.463262263575758155e-18 5.420353470227212353e-03 0.000000000000000000e+00
0.000000000000000000e+00 0.000000000000000000e+00 0.000000000000000000e+00 0.000000000000000000e+00 0.000000000000000000e+00 0.000000000000000000e+00 -3.699351415625744476e-13 5.039034312436517172e-13 -5.493002746849235011e-13 1.321685607529098890e-13 2.932957404282660291e-14 1.080747309394112927e-14 -1.914770227338310996e-14 2.963381659946235719e-16 -8.916570403153604766e-16 -7.590197007219254515e-17 4.559662451891647553e-17 1.720338625107238692e-17 -4.804564311748555290e-15 0.000000000000000000e+00
0.000000000000000000e+00 0.000000000000000000e+00 0.000000000000000000e+00 0.000000000000000000e+00 0.000000000000000000e+00 0.000000000000000000e+00 -1.314993179971402383e-12 3.574469558943514303e-13 -3.872793635126914425e-13 1.287450011349113624e-13 5.272464735350524923e-14 6.560507225300278612e-15 -1.859119869266432710e-14 2.944900682681782212e-16 -7.720147308439658294e-16 2.489077222670544607e-17 -1.610542133162048898e-15 2.664669765647010968e-17 -4.706979305271875334e-15 0.000000000000000000e+00
0.000000000000000000e+00 0.000000000000000000e+00 0.000000000000000000e+00 0.000000000000000000e+00 0.000000000000000000e+00 0.000000000000000000e+00 4.603929659031301061e-13 6.432661486667868448e-13 -7.179265958091927308e-13 1.442513176637850020e-13 8.664409626869056013e-15 1.831968644877410300e-14 -1.641833310108892597e-14 -1.138328457042931410e-16 -5.323988173296446486e-16 -5.316745532431709203e-17 -1.553547368655868750e-14 2.487926079887405928e-17 -4.698310838213621584e-15 0.000000000000000000e+00
0.000000000000000000e+00 0.000000000000000000e+00 0.000000000000000000e+00 0.000000000000000000e+00 0.000000000000000000e+00 0.000000000000000000e+00 -5.844399336570946156e-13 3.168315128006345009e-13 -3.396642911581439981e-13 9.340306998072089678e-14 3.224554823488699633e-14 6.807606655384460046e-15 -1.606896985511174501e-14 5.353101906684512283e-16 -8.406172843391955128e-16 -3.576881174187860490e-17 4.920993252282533505e-17 1.272640017626144934e-17 1.239140342624205879e-12 0.000000000000000000e+00
0.000000000000000000e+00 0.000000000000000000e+00 0.000000000000000000e+00 0.000000000000000000e+00 0.000000000000000000e+00 0.000000000000000000e+00 -6.964409846077279235e-13 2.582569861910894016e-13 -2.714806353236579047e-13 8.432070987534327744e-14 3.439657517737874635e-14 5.142532684414661929e-15 -1.547685508583751282e-14 6.139377428458170819e-16 -8.365995160466527750e-16 -1.804388426559512714e-17 5.128015546188821164e-17 5.919714991187137719e-18 7.320189760377271176e-13 0.000000000000000000e+00
0.000000000000000000e+00 0.000000000000000000e+00 0.000000000000000000e+00 0.000000000000000000e+00 0.000000000000000000e+00 0.000000000000000000e+00 -8.935990620445930613e-13 2.878713156051384427e-13 -2.910715606249729318e-13 1.065642241877077098e-13 4.079464861014864961e-14 3.496162135417903015e-15 -1.823445141303357413e-14 5.886100290099775012e-16 -9.276436329931476772e-16 -1.515695872430784036e-17 3.448405475901292675e-17 -3.849082238911422055e-17 1.356366052360565767e-09 0.000000000000000000e+00
0.000000000000000000e+00 0.000000000000000000e+00 0.000000000000000000e+00 0.000000000000000000e+00 0.000000000000000000e+00 0.000000000000000000e+00 -4.411877576158620728e-13 2.216144884168411216e-12 -1.987386769935845832e-12 6.927118184614909978e-13 -3.740507016280831013e-13 3.102938748912439868e-14 -1.916969137172482765e-14 -5.993687129154996948e-15 -4.066661445870455386e-15 2.869151165090538234e-15 -1.386803664470085452e-16 2.544871752849532389e-15 -1.428151853854117844e-13 0.000000000000000000e+00
0.000000000000000000e+00 0.000000000000000000e+00 0.000000000000000000e+00 0.000000000000000000e+00 0.000000000000000000e+00 0.000000000000000000e+00 -4.639009814962037191e-12 -5.124947929512380810e-13 -1.588202603885545344e-12 8.128007625284086517e-13 -6.976627967697887016e-13 4.262596681953379039e-14 -2.392450615735118516e-14 -4.495235244782934785e-15 -3.873758020373833709e-15 2.536479243999533357e-15 1.417422465676041741e-13 3.943201455494206757e-15 -1.418786582101150828e-13 0.000000000000000000e+00
0.000000000000000000e+00 0.000000000000000000e+00 0.000000000000000000e+00 0.000000000000000000e+00 0.000000000000000000e+00 0.000000000000000000e+00 3.258349558732032664e-12 4.684870737861521176e-12 -2.433850593654353116e-12 6.478566247745739956e-13 -1.342708351115381917e-13 2.787293555624091418e-14 -1.220606558199485012e-14 -3.276746476583031328e-15 -3.103503702957658212e-15 2.146714493868507328e-15 2.060369489525876787e-13 3.010983935822521552e-15 -1.410286454810677427e-13 0.000000000000000000e+00
0.000000000000000000e+00 0.000000000000000000e+00 0.000000000000000000e+00 0.000000000000000000e+00 0.000000000000000000e+00 0.000000000000000000e+00 -1.704956966798059039e-12 6.831055414220516845e-13 -1.287846182109054559e-12 5.448771076155037799e-13 -3.879278126091692549e-13 2.429476902316296889e-14 -1.905845902507061118e-14 -5.950486632957088489e-15 -3.700723556964963435e-15 2.961445543697117767e-15 -1.505965829121183369e-16 3.536235251021256682e-15 1.348772542428451917e-10 0.000000000000000000e+00
0.000000000000000000e+00 0.000000000000000000e+00 0.000000000000000000e+00 0.000000000000000000e+00 0.000000000000000000e+00 0.000000000000000000e+00 -2.313952163207351189e-12 1.064983234377525790e-13 -1.066090748369371329e-12 5.041125109176727525e-13 -4.044020517507577512e-13 2.336605191211589689e-14 -1.977748419380340657e-14 -5.790551492472687583e-15 -3.563252538057870210e-15 3.018808773612762523e-15 -1.885124601375030719e-16 3.737674118791513113e-15 1.927455559996436404e-10 0.000000000000000000e+00
0.000000000000000000e+00 0.000000000000000000e+00 0.000000000000000000e+00 0.000000000000000000e+00 0.000000000000000000e+00 0.000000000000000000e+00 -3.212930319076526422e-12 -1.526743972420640559e-13 -1.161024159013444234e-12 5.560447555855984151e-13 -4.687728529687428983e-13 3.142982547379696404e-14 -2.426441401470214846e-14 -4.895373025531967519e-15 -3.679767252524962259e-15 3.119954633429094438e-15 -3.703886301516510540e-16 2.476543098218720167e-15 -1.070369211686600148e-08 0.000000000000000000e+00
0.000000000000000000e+00 0.000000000000000000e+00 0.000000000000000000e+00 0.000000000000000000e+00 0.000000000000000000e+00 0.000000000000000000e+00 1.769958311611695071e-16 2.182986014405074402e-14 -1.340201454480300663e-14 -4.494379034582169246e-17 9.210754854813246593e-16 -2.235627599772978099e-15 -1.371063680971496370e-15 -1.112398217169757401e-15 -1.378312859456983637e-15 -2.091747018579907502e-16 -1.892908409667142426e-16 -4.513074812609380405e-15 -7.134578832032154614e-11 0.000000000000000000e+00
0.000000000000000000e+00 0.000000000000000000e+00 0.000000000000000000e+00 0.000000000000000000e+00 0.000000000000000000e+00 0.000000000000000000e+00 2.013372306774491680e-14 4.928729024500169309e-14 1.196891035479532353e-14 7.473323381811959760e-15 1.828056052992178492e-15 6.177943210400801860e-15 -1.640046198734590579e-15 6.737217750677216439e-16 -5.093801404099336208e-16 3.854661713375721188e-16 8.215123911160542986e-10 -7.452594363320414039e-15 -7.124055606457467083e-11 0.000000000000000000e+00
0.000000000000000000e+00 0.000000000000000000e+00 0.000000000000000000e+00 0.000000000000000000e+00 0.000000000000000000e+00 0.000000000000000000e+00 7.584019876927015443e-14 2.251292050085904872e-14 -2.374223425766791897e-14 -1.170315124530511073e-14 -1.567119088164193626e-14 -4.406631456824999838e-15 3.950173806806070623e-17 -2.127629328387154498e-15 -5.122427384963643739e-16 -3.361185964674849414e-16 -3.033969371003079230e-09 -6.831868067282505794e-15 -7.129347050462254722e-11 0.000000000000000000e+00
0.000000000000000000e+00 0.000000000000000000e+00 0.000000000000000000e+00 0.000000000000000000e+00 0.000000000000000000e+00 0.000000000000000000e+00 2.493938108884816130e-15 2.205122895154633084e-14 -8.146464300867288927e-15 2.913122192251890123e-15 1.918251331307118181e-15 -8.198765626827331702e-16 -2.150721170288487770e-15 -9.420875505973772837e-16 -1.154363107565589957e-15 -3.459934220548056112e-16 -1.967307872411726170e-16 -5.989651400711864488e-15 -1.723299330129936431e-04 0.000000000000000000e+00
0.000000000000000000e+00 0.000000000000000000e+00 0.000000000000000000e+00 0.000000000000000000e+00 0.000000000000000000e+00 0.000000000000000000e+00 7.564715341620435114e-16 2.262262110615910151e-14 -6.984248119542430881e-15 4.680383579406352079e-15 2.737778806135818010e-15 -2.846698883095287844e-16 -2.524523614611740401e-15 -7.050393574536804853e-16 -1.141185211284151944e-15 -4.200167125578832800e-16 -1.936088207081298859e-16 -6.495618968015132696e-15 4.647120626293671682e-03 0.000000000000000000e+00
0.000000000000000000e+00 0.000000000000000000e+00 0.000000000000000000e+00 0.000000000000000000e+00 0.000000000000000000e+00 0.000000000000000000e+00 -1.819434403626812132e-15 2.525455079147923646e-14 -1.289479629271265943e-15 5.516863287200546897e-15 2.856423012697539673e-15 2.443048614948233351e-15 -1.149116843232364857e-15 1.887035052666625267e-15 -2.016056589709754100e-15 -4.387357129869781731e-16 -2.228273914503163276e-16 -1.308846980740123372e-14 -1.240895953837117304e+03 0.000000000000000000e+00
0.000000000000000000e+00 0.000000000000000000e+00 0.000000000000000000e+00 0.000000000000000000e+00 0.000000000000000000e+00 0.000000000000000000e+00 1.262490853930711764e-08 1.317731892550959187e-08 1.004678193508345173e-08 8.671153762516141546e-09 9.578693611888290269e-09 7.926801001032612442e-09 7.713922828467613345e-09 5.979087520571470541e-09 3.316441511910992440e-09 9.696706098905644709e-10 2.307339146787550055e-10 2.415511906097612024e-08 9.671104004920719893e-06 0.000000000000000000e+00
0.000000000000000000e+00 0.000000000000000000e+00 0.000000000000000000e+00 0.000000000000000000e+00 0.000000000000000000e+00 0.000000000000000000e+00 1.387498472638695426e-09 3.125236847517588054e-10 4.275235752820367531e-09 1.501302140472263257e-09 1.902581466144213373e-09 1.872368853180423701e-09 6.231917554271550930e-10 8.852667966084916575e-10 5.215370958683841586e-10 3.312590469631859400e-10 6.176551274909103877e-06 3.611207046528199588e-08 9.684310379090739496e-06 0.000000000000000000e+00
0.000000000000000000e+00 0.000000000000000000e+00 0.000000000000000000e+00 0.000000000000000000e+00 0.000000000000000000e+00 0.000000000000000000e+00 4.965034413082716530e-08 3.317861647930817692e-08 4.069295302414403962e-08 3.043462051406007924e-08 3.866148816847656840e-08 3.395369689213996951e-08 2.764641882882143028e-08 1.908532378434213853e-08 8.730526822491638343e-09 2.666435995159883044e-09 1.079925566313456631e-04 4.989107185193951068e-08 9.827965950795058275e-06 0.000000000000000000e+00
0.000000000000000000e+00 0.000000000000000000e+00 0.000000000000000000e+00 0.000000000000000000e+00 0.000000000000000000e+00 0.000000000000000000e+00 2.469034480344158631e-09 6.809328535583636188e-10 3.837039612843482094e-09 2.996783810117140645e-09 2.211181708798300726e-09 2.227417575407844089e-09 1.915008322454889199e-09 1.780509045747432825e-09 1.128313748192627899e-09 4.462884254773585189e-10 1.159509748722990281e-10 7.179779202929051045e-09 -1.921119400246243458e+01 0.000000000000000000e+00
0.000000000000000000e+00 0.000000000000000000e+00 0.000000000000000000e+00 0.000000000000000000e+00 0.000000000000000000e+00 0.000000000000000000e+00 2.390115358757781125e-09 -4.178056395441803072e-10 4.156843843313858862e-09 2.800589297852381388e-09 1.427614741514218855e-09 1.675232804925488190e-09 1.209247906863895805e-09 1.350356332935460783e-09 8.907312531244562533e-10 3.533066697909027478e-10 8.218187946317681114e-11 5.499040177122491810e-09 6.081008480188669637e+03 0.000000000000000000e+00
0.000000000000000000e+00 0.000000000000000000e+00 0.000000000000000000e+00 0.000000000000000000e+00 0.000000000000000000e+00 0.000000000000000000e+00 8.272692843755048981e-10 3.802092934107161093e-10 2.446900755037975914e-09 5.088137209040844736e-10 9.198973002240390413e-10 7.422918689846690760e-10 2.938734703588986641e-10 9.386113833137871465e-10 7.802568922376037452e-10 2.170667983774732028e-10 4.235319427309361126e-11 2.846994763899605289e-09 1.172471815641784668e+08 0.000000000000000000e+00
0.000000000000000000e+00 0.000000000000000000e+00 0.000000000000000000e+00 0.000000000000000000e+00 0.000000000000000000e+00 0.000000000000000000e+00 -1.454468918780396871e-08 -3.239819109260144815e-08 -1.158105532468817719e-08 -1.351087729868437745e-08 -8.463865608409062580e-09 -4.907299875255541488e-09 -3.596424463847568880e-09 -1.479818226306536137e-09 -8.222733039470469882e-10 -2.942373693606174884e-10 1.701713922678015597e-11 3.895113074327239173e-10 2.195340160673850154e-09 0.000000000000000000e+00
0.000000000000000000e+00 0.000000000000000000e+00 0.000000000000000000e+00 0.000000000000000000e+00 0.000000000000000000e+00 0.000000000000000000e+00 7.727983777890082194e-09 -9.562466715680018887e-09 2.070144214472304003e-08 -6.795277253642267814e-11 1.321035428539591051e-09 -1.111335146984405869e-09 1.808551896670810372e-10 3.302782464034062584e-13 -1.435351043160308126e-11 -7.341139606168187570e-11 3.995970078853422464e-10 4.000860212750187954e-10 2.256840891183049707e-09 0.000000000000000000e+00
0.000000000000000000e+00 0.000000000000000000e+00 0.000000000000000000e+00 0.000000000000000000e+00 0.000000000000000000e+00 0.000000000000000000e+00 -3.433558659088681996e-08 -5.345912105009948882e-08 -4.109073914332513475e-08 -2.729908024337605519e-08 -1.909561265899920974e-08 -9.691680169156910542e-09 -7.109784552149769239e-09 -2.704674498227361579e-09 -1.365789204074774673e-09 -4.449646408711117328e-10 1.637673732565333023e-09 5.361213317624620840e-10 2.330474455875125046e-09 0.000000000000000000e+00
0.000000000000000000e+00 0.000000000000000000e+00 0.000000000000000000e+00 0.000000000000000000e+00 0.000000000000000000e+00 0.000000000000000000e+00 5.451953597277837822e-09 -7.140749229181792497e-09 1.042725815742824740e-08 -2.200758032696566891e-09 -1.020756174628072630e-09 -1.398869221437209552e-09 -9.999165756757498372e-10 -3.696269621510142140e-10 -2.421120051836534236e-10 -1.343859312399763378e-10 -1.501853221127473941e-12 9.972948392909833047e-11 -1.306524905056950188e-06 0.000000000000000000e+00
0.000000000000000000e+00 0.000000000000000000e+00 0.000000000000000000e+00 0.000000000000000000e+00 0.000000000000000000e+00 0.000000000000000000e+00 1.064542881280945897e-08 3.577750063364519954e-10 1.728411183738855081e-08 1.777544607532228555e-09 1.495653455951485474e-09 -2.698344937135815881e-10 -8.829340063088835037e-11 1.820531015880033878e-11 -5.639709194028257971e-12 -3.118834604485548369e-11 4.806843483950651737e-12 -2.693141975234932039e-11 -1.490800963353814029e-05 0.000000000000000000e+00
0.000000000000000000e+00 0.000000000000000000e+00 0.000000000000000000e+00 0.000000000000000000e+00 0.000000000000000000e+00 0.000000000000000000e+00 1.878234340532205043e-09 -5.783308979933464863e-09 1.367506192504012521e-08 2.344255031668087374e-09 1.279932015475238346e-09 -7.654308361437295119e-10 8.212806175381718238e-12 -2.541987806484805377e-11 6.377851046013706901e-12 -1.414164414041131091e-11 6.228125805850288639e-12 -5.858612485846226481e-12 -5.110526100914589186e-04 0.000000000000000000e+00
0.000000000000000000e+00 0.000000000000000000e+00 0.000000000000000000e+00 0.000000000000000000e+00 0.000000000000000000e+00 0.000000000000000000e+00 -7.194127972564874687e-08 -1.792938232996708439e-07 -1.179636897648118629e-07 -5.931471560858438850e-08 -4.144660010127195934e-08 -1.576218343993240019e-08 -1.011398800326702089e-08 -4.503796576982398146e-09 -1.768123809695985591e-09 -6.904925536551711752e-10 1.035723736642790657e-10 1.575783396156490353e-09 -2.280920579674002865e-09 0.000000000000000000e+00
0.000000000000000000e+00 0.000000000000000000e+00 0.000000000000000000e+00 0.000000000000000000e+00 0.000000000000000000e+00 0.000000000000000000e+00 3.559503988036081974e-08 -6.466066047972282377e-08 2.838139656873965867e-08 -8.824853898989449353e-09 1.017965528400209713e-08 -3.714702588745690784e-09 1.479618401706226909e-09 3.744718157836087393e-10 4.197333956613044650e-10 -6.282923482382043844e-11 2.352567743571164253e-09 1.468873111396880491e-09 -1.912184463941245878e-09 0.000000000000000000e+00
0.000000000000000000e+00 0.000000000000000000e+00 0.000000000000000000e+00 0.000000000000000000e+00 0.000000000000000000e+00 0.000000000000000000e+00 -1.671920903414890765e-07 -2.850624521591507016e-07 -2.548564135558986758e-07 -1.124821767374428493e-07 -9.803836051162730555e-08 -3.072290190207418191e-08 -2.107787031982312718e-08 -8.221557663548180700e-09 -3.335626726144529467e-09 -9.779667813860581749e-10 -2.747568660078093792e-09 2.256837071240475007e-09 -1.159757196857422226e-09 0.000000000000000000e+00
0.000000000000000000e+00 0.000000000000000000e+00 0.000000000000000000e+00 0.000000000000000000e+00 0.000000000000000000e+00 0.000000000000000000e+00 2.519613424356362829e-08 -3.449276652515348700e-08 -5.660089039501899450e-09 3.539512728404011953e-09 -4.350037714788174203e-09 -6.784310549833991763e-09 6.587997818678006982e-10 -6.134000321352681107e-10 1.719094169486133402e-10 -1.988561134265624344e-10 1.787316278713707869e-11 -1.383621195688325550e-10 -1.219330919112981859e-06 0.000000000000000000e+00
0.000000000000000000e+00 0.000000000000000000e+00 0.000000000000000000e+00 0.000000000000000000e+00 0.000000000000000000e+00 0.000000000000000000e+00 4.897039663750338145e-08 5.362800939253849358e-09 3.008086562700629557e-08 1.969593714446762627e-08 8.109783240389766727e-09 -3.354830008069199075e-09 3.758662257090528330e-09 7.110952097771310922e-10 8.733013769626278620e-10 9.657309996215677308e-11 4.160257218456877338e-11 -7.439367689182270519e-10 3.031565762477448430e-04 0.000000000000000000e+00
0.000000000000000000e+00 0.000000000000000000e+00 0.000000000000000000e+00 0.000000000000000000e+00 0.000000000000000000e+00 0.000000000000000000e+00 -1.076018435417016002e-09 -4.614257271482543844e-08 1.562231563699485604e-08 -8.738724516297431284e-09 6.694945512651745396e-09 -1.474200612902109996e-09 1.237628095532924849e-10 3.741022920012848030e-10 3.209786906911033201e-10 -1.493030656624824864e-10 3.663166679810069610e-11 3.065753800693747444e-10 -8.997088733861817456e-02 0.000000000000000000e+00
0.000000000000000000e+00 0.000000000000000000e+00 0.000000000000000000e+00 0.000000000000000000e+00 0.000000000000000000e+00 0.000000000000000000e+00 -6.344335265485365320e-10 -2.668371847579028183e-09 -1.542906288565590873e-10 -4.505183801344819713e-10 -6.086157890740194621e-10 -6.540731395152687744e-10 -8.458194773454454178e-10 1.921740836133914457e-11 -2.245623003295881320e-10 -1.304536485489076050e-10 -1.629748657942219801e-10 -5.987718819869015738e-09 4.783130917477708519e-05 0.000000000000000000e+00
0.000000000000000000e+00 0.000000000000000000e+00 0.000000000000000000e+00 0.000000000000000000e+00 0.000000000000000000e+00 0.000000000000000000e+00 1.135664740443062800e-08 -2.403418999795049099e-09 -1.418007935506092622e-09 7.404827081585541844e-10 -1.320222693242692971e-09 -1.283619438913441755e-09 -7.265369323605903812e-10 -5.306744702864600357e-10 -1.185296510992596723e-10 -8.426313662846101943e-11 9.070539764931606701e-07 -7.692750608905528754e-09 4.780395619751450843e-05 0.000000000000000000e+00
0.000000000000000000e+00 0.000000000000000000e+00 0.000000000000000000e+00 0.000000000000000000e+00 0.000000000000000000e+00 0.000000000000000000e+00 -2.396063574110869348e-09 4.382027274650574894e-09 1.080983449193534252e-09 -2.300416840494924276e-09 -3.884881730786381152e-09 -2.660649776261164064e-09 -1.622421331457230227e-09 -6.087988877971908606e-10 -3.805792995427584703e-10 7.585495203176093486e-11 4.649954965132425239e-04 -8.645904074996399025e-09 4.781912792447513485e-05 0.000000000000000000e+00
0.000000000000000000e+00 0.000000000000000000e+00 0.000000000000000000e+00 0.000000000000000000e+00 0.000000000000000000e+00 0.000000000000000000e+00 1.462904139866254842e-09 -2.177330129221869882e-09 -1.666404027275571586e-09 -1.085068183772674631e-09 -8.338818195188540445e-11 -6.200506356946768042e-10 -6.117572251118640900e-10 -1.424658778997509431e-10 -7.752332511308823752e-11 -1.345190443383142680e-10 -1.171029037973203653e-10 -4.086114617798695343e-09 3.000835905184380408e+03 0.000000000000000000e+00
0.000000000000000000e+00 0.000000000000000000e+00 0.000000000000000000e+00 0.000000000000000000e+00 0.000000000000000000e+00 0.000000000000000000e+00 2.765972202701604546e-09 -2.660349040474373693e-09 -2.522738486725197343e-09 -1.161717025184880739e-09 -2.133690374373058996e-10 -7.268162881686817788e-10 -5.069577204090378681e-10 -2.875506223546342121e-10 -4.086596227499086848e-11 -1.811467438450620115e-10 -1.022850954020435842e-10 -3.258482801300888508e-09 3.274853312278746307e+04 0.000000000000000000e+00
0.000000000000000000e+00 0.000000000000000000e+00 0.000000000000000000e+00 0.000000000000000000e+00 0.000000000000000000e+00 0.000000000000000000e+00 7.411157577501283670e-09 -2.531164800329901191e-09 -2.598965013863921189e-09 -1.801537882208136964e-09 -1.005667689855082868e-09 -7.676128354003074538e-10 -4.075912931917800945e-10 -6.576937197098356470e-10 -5.990790664828294897e-11 -3.333814049026708207e-10 -4.023702036921105843e-11 -1.801865142007942644e-09 -4.762913678952215910e+08 0.000000000000000000e+00
