0.000000000000000000e+00 0.000000000000000000e+00 0.000000000000000000e+00 0.000000000000000000e+00 0.000000000000000000e+00 0.000000000000000000e+00 1.091057114782225135e-10 1.303674817940671488e-10 9.528517896365301537e-11 8.885432480015570153e-11 1.197060984729553551e-10 1.265173547361302097e-10 1.081991192326772990e-10 6.941100910346692094e-11 2.566675216827260178e-11 3.145338865138776184e-12 7.147722494581269448e-12 2.591534318877251062e-09 5.758033974478212323e-08 0.000000000000000000e+00
0.000000000000000000e+00 0.000000000000000000e+00 0.000000000000000000e+00 0.000000000000000000e+00 0.000000000000000000e+00 0.000000000000000000e+00 2.494617939225364409e-12 2.719360089729284756e-12 1.762465670713464227e-12 -1.757362205200495572e-12 -1.715272807896172243e-12 2.354428381237722113e-13 1.232321988443010213e-12 2.308137756688542661e-12 1.218124005915468202e-12 3.692635658650291156e-14 3.328911046114131260e-10 2.534955657635611136e-09 5.745620413716600809e-08 0.000000000000000000e+00
0.000000000000000000e+00 0.000000000000000000e+00 0.000000000000000000e+00 0.000000000000000000e+00 0.000000000000000000e+00 0.000000000000000000e+00 5.233470538674919989e-10 4.554101474323962527e-10 3.739072316264245650e-10 3.879226629219748791e-10 6.108095721650598785e-10 6.606089261480409998e-10 4.695221226892624834e-10 2.846725850303900958e-10 1.059684930626757847e-10 2.037636034704154252e-11 5.076309245326223807e-08 3.220586667928856166e-09 5.795143321126401589e-08 0.000000000000000000e+00
0.000000000000000000e+00 0.000000000000000000e+00 0.000000000000000000e+00 0.000000000000000000e+00 0.000000000000000000e+00 0.000000000000000000e+00 5.512751098738617966e-12 6.961348307185216591e-13 -1.193861944946069678e-12 -2.566092104295356691e-12 2.085350500903591907e-13 -7.842318725678196540e-13 -9.553418311649602325e-13 -6.039151473366946565e-13 -3.409741840830860255e-13 -8.348928666404581363e-14 6.189832383142220940e-14 2.024172930182219280e-10 2.165027317270653562e-01 0.000000000000000000e+00
0.000000000000000000e+00 0.000000000000000000e+00 0.000000000000000000e+00 0.000000000000000000e+00 0.000000000000000000e+00 0.000000000000000000e+00 2.743060002131865437e-11 4.750441942521955680e-12 4.173628262284133795e-12 2.935297127789792813e-12 7.186497707133654887e-12 5.553916303216341675e-12 5.336894442457424706e-12 4.291396793081592867e-12 3.594510511869486113e-12 1.633691706377962634e-12 2.114215638568556760e-12 4.856111391525042996e-10 3.122247020873820667e-01 0.000000000000000000e+00
0.000000000000000000e+00 0.000000000000000000e+00 0.000000000000000000e+00 0.000000000000000000e+00 0.000000000000000000e+00 0.000000000000000000e+00 2.997074927067172704e-12 1.732248919272363342e-12 1.240527639103748127e-12 5.079773052325543992e-13 -1.961585439257225776e-12 6.660899165015964691e-13 1.792764923326290647e-14 -7.347576953626835935e-13 -4.208975252975836163e-14 -3.777602285444211908e-14 1.511648797875068366e-13 3.447751677916816194e-11 3.700018020437154770e+08 0.000000000000000000e+00
0.000000000000000000e+00 0.000000000000000000e+00 0.000000000000000000e+00 0.000000000000000000e+00 0.000000000000000000e+00 0.000000000000000000e+00 -5.527346666059774781e-10 -5.798946959458511256e-10 6.411253147005097243e-11 -8.310691262848584416e-11 -4.866992744239633752e-10 -1.789605694392729788e-10 -1.277637334332423177e-10 -2.695922897919835019e-11 -1.578040527549388974e-11 -2.006273468769701556e-12 1.481327326692670210e-12 1.123638822457462371e-11 3.156486334286155731e-11 0.000000000000000000e+00
0.000000000000000000e+00 0.000000000000000000e+00 0.000000000000000000e+00 0.000000000000000000e+00 0.000000000000000000e+00 0.000000000000000000e+00 2.123864437635140956e-10 3.153679665956178569e-10 3.356068062599426153e-10 -3.801082073828114831e-11 2.215783807660132889e-11 1.972052315169924614e-11 -3.238331739518288372e-13 2.901913234858435824e-12 3.867735291247592194e-12 8.435296064798113792e-14 5.632739980994930980e-12 9.876881412347249290e-12 3.181787703956463880e-11 0.000000000000000000e+00
0.000000000000000000e+00 0.000000000000000000e+00 0.000000000000000000e+00 0.000000000000000000e+00 0.000000000000000000e+00 0.000000000000000000e+00 -1.222491361860509361e-09 -1.380234889847159529e-09 -1.901268952276760009e-10 -1.442732669230365716e-10 -1.064894966181087068e-09 -4.026797378174210663e-10 -2.422753721383170641e-10 -5.244984230876134186e-11 -3.156744725333024084e-11 -5.709065103470768693e-12 -1.372699165153656311e-11 1.225268299015578246e-11 3.296235301229487952e-11 0.000000000000000000e+00
0.000000000000000000e+00 0.000000000000000000e+00 0.000000000000000000e+00 0.000000000000000000e+00 0.000000000000000000e+00 0.000000000000000000e+00 -1.187641434705747587e-10 8.820781190849888521e-11 2.097699175041053077e-10 1.417896273593140460e-11 -2.618143520458005545e-11 8.965502266904709509e-12 -3.819500884654476215e-12 -1.429705390496918310e-13 6.929557181155405150e-13 4.930635588699189659e-15 -5.589232998449698914e-14 1.836511862328156138e-12 1.576582613540756159e-08 0.000000000000000000e+00
0.000000000000000000e+00 0.000000000000000000e+00 0.000000000000000000e+00 0.000000000000000000e+00 0.000000000000000000e+00 0.000000000000000000e+00 -1.729137177961183915e-11 2.317038983151099565e-10 2.549387109744541679e-10 2.121849124965430828e-11 7.711716625670894380e-11 4.900498130336899860e-11 2.014740093996074488e-11 6.407816832367886173e-12 7.019731981038462039e-12 1.696962988837537903e-12 -5.723015678299016115e-13 -1.624069610941903882e-12 1.909965061545813962e-08 0.000000000000000000e+00
0.000000000000000000e+00 0.000000000000000000e+00 0.000000000000000000e+00 0.000000000000000000e+00 0.000000000000000000e+00 0.000000000000000000e+00 -1.881275705298658833e-11 1.587287906134205892e-10 3.118890096377645094e-10 -6.788811462427737761e-11 2.349939158997928588e-11 3.358850113670508666e-12 -3.704015570329851669e-11 -5.517097055163932965e-12 2.118032907565523201e-12 8.415697731315089460e-13 8.427377375552058829e-14 -1.990927307204110568e-12 2.284138458537011648e-04 0.000000000000000000e+00
0.000000000000000000e+00 0.000000000000000000e+00 0.000000000000000000e+00 0.000000000000000000e+00 0.000000000000000000e+00 0.000000000000000000e+00 3.016169212947343716e-09 -6.497712307048888040e-09 5.199533119013064937e-10 1.902331634544467428e-09 -1.752244862895181649e-09 -3.245989507704623085e-10 -7.100097566401843381e-10 -1.644436731591825825e-10 -1.032022942131665465e-10 -2.369995745075251712e-11 2.590896508560722013e-11 2.120203470595845677e-10 7.067844026947801798e-10 0.000000000000000000e+00
0.000000000000000000e+00 0.000000000000000000e+00 0.000000000000000000e+00 0.000000000000000000e+00 0.000000000000000000e+00 0.000000000000000000e+00 -1.975542518441983852e-09 -3.303924402929958989e-10 8.871302663419385797e-10 3.880690920448509250e-10 2.574965168260801727e-10 1.117043339889222102e-10 9.454285080245328364e-11 6.359245642130511566e-11 6.599646152454184549e-12 5.490560976937902563e-12 1.385629928168820421e-11 1.967897470709646155e-10 6.974708583278538507e-10 0.000000000000000000e+00
0.000000000000000000e+00 0.000000000000000000e+00 0.000000000000000000e+00 0.000000000000000000e+00 0.000000000000000000e+00 0.000000000000000000e+00 7.557854924797411300e-09 -1.211591772717594469e-08 1.437066519127854561e-10 3.364494949445566640e-09 -3.997623784338031242e-09 -7.945393592215611820e-10 -1.441299294461890514e-09 -3.857234042285504822e-10 -1.894013645963204996e-10 -7.444259425757988266e-11 1.266268904799376177e-10 2.437744686180555463e-10 7.116851807925560565e-10 0.000000000000000000e+00
0.000000000000000000e+00 0.000000000000000000e+00 0.000000000000000000e+00 0.000000000000000000e+00 0.000000000000000000e+00 0.000000000000000000e+00 -3.195744796128976557e-09 1.438077412636718338e-10 -2.549386153608999699e-10 1.434826681282602418e-10 1.370353422829160212e-10 -4.012209994934054160e-11 5.317599526366758047e-11 1.704556772346090924e-11 -1.610876059254536275e-11 5.933327920857886758e-12 6.737386036314936511e-13 7.510629019529433465e-12 6.412707819166163847e-07 0.000000000000000000e+00
0.000000000000000000e+00 0.000000000000000000e+00 0.000000000000000000e+00 0.000000000000000000e+00 0.000000000000000000e+00 0.000000000000000000e+00 -4.190028042533642440e-09 1.343035443472517344e-09 -1.425893846566432950e-10 -1.705616309882281551e-10 5.316341879375588411e-10 4.776460840423550993e-11 2.049473079684862256e-10 6.489031342761253117e-11 1.681352706126701103e-11 2.756492839683336969e-11 -6.265535723422446548e-12 -6.931219117745679751e-11 7.742632137389119522e-07 0.000000000000000000e+00
0.000000000000000000e+00 0.000000000000000000e+00 0.000000000000000000e+00 0.000000000000000000e+00 0.000000000000000000e+00 0.000000000000000000e+00 -1.824880055336376663e-09 -5.467825248195411674e-10 1.376784192511886263e-09 3.986173352629040891e-10 1.656676342794019905e-10 1.388837196582225077e-10 -1.170341760176644829e-10 2.787747200135864688e-11 -1.287841186327341924e-11 1.028675758531396713e-11 -2.421356309176819242e-12 -1.520765564501221262e-10 -2.041590918970877244e-02 0.000000000000000000e+00
0.000000000000000000e+00 0.000000000000000000e+00 0.000000000000000000e+00 0.000000000000000000e+00 0.000000000000000000e+00 0.000000000000000000e+00 -8.582878617443122979e-12 1.599634556000641329e-10 -7.904268762779747532e-11 -1.031894812003317048e-11 3.793183395073983450e-11 2.440645728947971002e-11 -2.094279562074242210e-11 -2.546427238804305202e-11 -1.271379547114461458e-11 -7.167069954686558616e-12 -1.533441575313891291e-11 -7.354701683119628843e-10 -1.109449590231390495e-07 0.000000000000000000e+00
0.000000000000000000e+00 0.000000000000000000e+00 0.000000000000000000e+00 0.000000000000000000e+00 0.000000000000000000e+00 0.000000000000000000e+00 1.030235677712669587e-10 1.413360196702828899e-10 1.005586377432740943e-10 -1.928037230932377368e-10 2.203184088089858704e-11 -9.386718559901397354e-12 -6.068118827621621325e-11 -3.633592101619996869e-11 -2.292722448836115428e-11 -1.000621826360829798e-11 6.178438104958908158e-07 -8.567932512594847402e-10 -1.118870261440595682e-07 0.000000000000000000e+00
0.000000000000000000e+00 0.000000000000000000e+00 0.000000000000000000e+00 0.000000000000000000e+00 0.000000000000000000e+00 0.000000000000000000e+00 -4.307813870237262706e-10 2.934568539567276944e-10 -4.677050703030137233e-10 8.875260319809892481e-13 -6.710095187899898309e-13 1.316378033722524742e-10 -5.038996692254864970e-11 -8.356259607314014937e-12 1.368091939780630640e-11 6.444959016853834731e-12 1.239301236639538645e-06 -8.770719682203424593e-10 -1.111086125045888835e-07 0.000000000000000000e+00
0.000000000000000000e+00 0.000000000000000000e+00 0.000000000000000000e+00 0.000000000000000000e+00 0.000000000000000000e+00 0.000000000000000000e+00 1.792020123002994788e-10 1.707741907641622427e-10 2.438663627454822716e-11 -1.534132815371047188e-11 7.554174637408589678e-11 1.784217202233494287e-11 -2.862069620107133949e-11 -2.969819035605343263e-11 -2.065834121216542129e-11 -1.084866769504251266e-11 -1.114905228829318154e-11 4.504651885105715824e-10 1.600452769623840643e+00 0.000000000000000000e+00
0.000000000000000000e+00 0.000000000000000000e+00 0.000000000000000000e+00 0.000000000000000000e+00 0.000000000000000000e+00 0.000000000000000000e+00 2.207541147253201155e-10 1.770059228617734377e-10 3.135972630106530764e-11 -2.299542294851908242e-11 7.106334868222718016e-11 1.907577183395387294e-11 -3.602043698514525370e-11 -3.301702695740096324e-11 -2.404852951085456251e-11 -1.452827341954057061e-11 -1.076348446206366530e-11 1.075980916777817810e-09 2.368913555625912437e+00 0.000000000000000000e+00
0.000000000000000000e+00 0.000000000000000000e+00 0.000000000000000000e+00 0.000000000000000000e+00 0.000000000000000000e+00 0.000000000000000000e+00 2.070672390295095693e-10 1.729109076149225913e-10 2.511330550290064410e-11 -4.858063958783033410e-11 -8.810286060235279410e-12 3.281726478471533140e-11 -7.096890063370123182e-11 -3.963211267792088013e-11 -3.279249162186200985e-11 -2.247663144479329725e-11 -1.762546217871021196e-11 -3.658162551271864738e-09 4.057984591428643036e+10 0.000000000000000000e+00
0.000000000000000000e+00 0.000000000000000000e+00 0.000000000000000000e+00 0.000000000000000000e+00 0.000000000000000000e+00 0.000000000000000000e+00 1.651219059015499935e-09 2.230240397734773820e-09 2.346030248284262481e-09 2.081398551987876541e-09 1.914963415793736651e-09 9.221949048773141528e-10 9.836318049562970708e-10 6.202753291806134271e-10 1.903997131327497369e-10 2.696522397297261743e-11 5.389956743495095777e-11 1.966099069433316612e-08 2.052592604242858224e-06 0.000000000000000000e+00
0.000000000000000000e+00 0.000000000000000000e+00 0.000000000000000000e+00 0.000000000000000000e+00 0.000000000000000000e+00 0.000000000000000000e+00 -1.451603487053934280e-09 8.386835401055063643e-10 1.807105554397392024e-09 1.225960999102942976e-09 1.056641436900911573e-09 4.323361166911876579e-12 1.536303159451447084e-10 1.821947091162115517e-10 1.928752045268571373e-11 6.507456198951804289e-12 1.628844757524125052e-08 1.947833491324799234e-08 2.061262816039526654e-06 0.000000000000000000e+00
0.000000000000000000e+00 0.000000000000000000e+00 0.000000000000000000e+00 0.000000000000000000e+00 0.000000000000000000e+00 0.000000000000000000e+00 4.414670510662160577e-09 7.108327078601662981e-09 6.168462865741068898e-09 7.197105173074708058e-09 7.061600371919567210e-09 5.354835124925698279e-09 3.961585847149026569e-09 2.141481421051497984e-09 7.359027558264091442e-10 1.466461326340598104e-10 4.609296929522667654e-07 2.354664338325932140e-08 2.068978098366007143e-06 0.000000000000000000e+00
0.000000000000000000e+00 0.000000000000000000e+00 0.000000000000000000e+00 0.000000000000000000e+00 0.000000000000000000e+00 0.000000000000000000e+00 -1.806612030073590511e-09 3.078334961056661843e-10 5.173818549660430137e-10 1.120620158490294562e-10 2.465327826798360067e-10 8.709698599670047363e-12 1.218372416136649463e-10 1.650861990562720422e-10 1.533880856251161822e-11 1.223276324050875187e-11 4.096512073079358780e-12 5.214846599875649722e-09 -3.631755551009325700e+01 0.000000000000000000e+00
0.000000000000000000e+00 0.000000000000000000e+00 0.000000000000000000e+00 0.000000000000000000e+00 0.000000000000000000e+00 0.000000000000000000e+00 -2.418023540855459790e-09 2.952862666962181454e-10 5.618176541715637549e-10 2.345922492678498328e-10 2.931205837416650769e-10 6.581531365335782285e-11 1.933250294209154422e-10 2.157228288171240189e-10 4.292629487115267476e-11 3.199611692172322036e-11 1.928456850273676021e-11 5.372240647012443503e-09 -5.419485232583303969e+01 0.000000000000000000e+00
0.000000000000000000e+00 0.000000000000000000e+00 0.000000000000000000e+00 0.000000000000000000e+00 0.000000000000000000e+00 0.000000000000000000e+00 -1.237977360063267866e-09 -8.089246097280546497e-11 2.474507626389473629e-10 7.693514999466415751e-10 6.838430431822952197e-10 1.587311421708313346e-10 1.667193133529559815e-10 1.902321097803986064e-10 4.443022083542757063e-11 7.921879887989207965e-12 8.593661072878624811e-12 2.184698520897893199e-08 -1.233102110693265991e+11 0.000000000000000000e+00
0.000000000000000000e+00 0.000000000000000000e+00 0.000000000000000000e+00 0.000000000000000000e+00 0.000000000000000000e+00 0.000000000000000000e+00 -1.615029122137992475e-08 -6.660056807812265593e-09 -1.029424211995858156e-08 -7.168255034206774042e-09 -6.885269699224822633e-09 -2.567559255798784602e-09 -1.176755799862586981e-09 -2.924588030113790111e-10 -1.814357763719713474e-10 -4.511780556502228800e-11 3.320638053585392595e-11 3.103084378721548699e-10 6.350065179847995023e-10 0.000000000000000000e+00
0.000000000000000000e+00 0.000000000000000000e+00 0.000000000000000000e+00 0.000000000000000000e+00 0.000000000000000000e+00 0.000000000000000000e+00 -4.919867646633275196e-09 3.987779359218194792e-10 -4.990674481999968653e-09 -1.708550923928174460e-09 -2.187506840078738922e-09 7.374443858067952437e-10 2.645784740483365546e-11 3.131622427529231834e-10 2.902214884021974443e-11 -4.109439152696277016e-12 -1.082947435750659942e-11 2.840220186606552809e-10 6.245132884022623087e-10 0.000000000000000000e+00
0.000000000000000000e+00 0.000000000000000000e+00 0.000000000000000000e+00 0.000000000000000000e+00 0.000000000000000000e+00 0.000000000000000000e+00 -2.663308578478682691e-08 -1.278795144695189272e-08 -1.527149460578087122e-08 -1.265349423754833487e-08 -1.262727010805548640e-08 -6.324534419620389156e-09 -2.290660048245258384e-09 -8.942365080741796764e-10 -3.617866963937507454e-10 -1.155159155426268172e-10 -3.595794697319640310e-11 3.425858451286867646e-10 6.363520468901659024e-10 0.000000000000000000e+00
0.000000000000000000e+00 0.000000000000000000e+00 0.000000000000000000e+00 0.000000000000000000e+00 0.000000000000000000e+00 0.000000000000000000e+00 1.062326473683796728e-09 -6.479207657675667066e-10 -2.198467720197943427e-09 -2.001403053990255454e-09 -1.449839332127498344e-09 2.854405304968037785e-10 -2.228624880910919288e-10 1.777051734847600973e-10 -3.721299609762539149e-12 -4.064677466083263365e-12 1.836110436565485624e-12 3.903388244073956792e-11 -1.015413506732461283e-06 0.000000000000000000e+00
0.000000000000000000e+00 0.000000000000000000e+00 0.000000000000000000e+00 0.000000000000000000e+00 0.000000000000000000e+00 0.000000000000000000e+00 4.111823959086761827e-09 7.772096828116675198e-10 -1.151852200709069754e-09 -8.987187129332317901e-10 -3.819752579862184972e-10 9.146901485270074490e-10 4.254437240797067984e-11 3.079981631155993974e-10 6.155097960722192662e-11 2.762479567531841033e-11 -7.665028000337389687e-12 -4.490122795138421662e-11 -1.237219754860730176e-06 0.000000000000000000e+00
0.000000000000000000e+00 0.000000000000000000e+00 0.000000000000000000e+00 0.000000000000000000e+00 0.000000000000000000e+00 0.000000000000000000e+00 -9.537914924458966511e-10 8.001706513299852834e-10 -5.682886596343551251e-09 -1.629030111421047057e-09 -1.836961753713578735e-09 3.440670090290010099e-10 1.203978456682511274e-10 2.382261964788733282e-10 -7.362668820850656360e-12 -5.436859751576059549e-12 5.157727330966836397e-13 2.947558786633837411e-12 -1.190629991168267419e-02 0.000000000000000000e+00
0.000000000000000000e+00 0.000000000000000000e+00 0.000000000000000000e+00 0.000000000000000000e+00 0.000000000000000000e+00 0.000000000000000000e+00 -7.060969773387614262e-08 -6.193282674740738729e-08 -2.640291977670369468e-08 -2.929291273050308575e-08 -2.869794597637278615e-08 -7.889524933553114727e-09 -6.671680679641725321e-09 -2.146550175946603418e-09 -1.313071840011390094e-09 -1.869084442048840661e-10 1.875361010937014147e-10 1.973023204819816472e-09 3.938860221340430808e-09 0.000000000000000000e+00
0.000000000000000000e+00 0.000000000000000000e+00 0.000000000000000000e+00 0.000000000000000000e+00 0.000000000000000000e+00 0.000000000000000000e+00 -4.691083774599825178e-09 -1.009149939289262550e-08 6.763540997484554822e-09 2.328076570631355023e-09 -1.086274810540691091e-08 1.715343170114503149e-09 -3.425068615143051866e-10 6.122521528499768641e-10 5.112605961943996146e-11 -2.985258152114456497e-12 1.097839286250531469e-09 1.883606947478109669e-09 3.816286181987819034e-09 0.000000000000000000e+00
0.000000000000000000e+00 0.000000000000000000e+00 0.000000000000000000e+00 0.000000000000000000e+00 0.000000000000000000e+00 0.000000000000000000e+00 -1.312102287217861044e-07 -1.089951519403704817e-07 -5.699139684788473592e-08 -6.061035152508743770e-08 -5.027907412328133110e-08 -1.858771222452755455e-08 -1.255911317717851192e-08 -4.545176359468247080e-09 -2.150636208358345718e-09 -5.875294216132161633e-10 3.079358079058514744e-09 2.176235142107667560e-09 3.951677053211686758e-09 0.000000000000000000e+00
0.000000000000000000e+00 0.000000000000000000e+00 0.000000000000000000e+00 0.000000000000000000e+00 0.000000000000000000e+00 0.000000000000000000e+00 1.923826118486296586e-08 -1.902816820066562635e-08 6.328638973131442071e-10 -2.314594200811550220e-10 -9.077689215310683483e-09 1.225849733813282666e-09 -1.026421273482557692e-09 3.749613476651288985e-11 -3.091118947281250627e-10 5.433503871373201761e-11 4.055646484622645355e-11 6.926756186946574603e-10 2.670334925309873486e-06 0.000000000000000000e+00
0.000000000000000000e+00 0.000000000000000000e+00 0.000000000000000000e+00 0.000000000000000000e+00 0.000000000000000000e+00 0.000000000000000000e+00 3.366374046304025457e-08 -6.598450631914298402e-09 5.388520609523912422e-09 5.340575439301110274e-09 -4.819632459248698765e-09 3.033220748510019236e-09 3.770971685616973977e-10 6.142810740897411964e-10 6.444188540518615945e-11 2.320523670588563746e-10 -7.096355096515135199e-12 1.899039126560270123e-10 3.201473701459971043e-06 0.000000000000000000e+00
0.000000000000000000e+00 0.000000000000000000e+00 0.000000000000000000e+00 0.000000000000000000e+00 0.000000000000000000e+00 0.000000000000000000e+00 -3.297380788988180003e-10 5.063896775793155017e-09 -3.248277176048612938e-09 -2.152520949670763732e-09 -7.847056351076148396e-09 1.108984466318203856e-10 -2.954376823583777154e-10 1.255987431128052723e-10 -2.402749758006605531e-10 -1.271642486273244449e-10 1.667846463660935938e-11 -9.413104241397464941e-10 2.258006180777189786e-01 0.000000000000000000e+00
0.000000000000000000e+00 0.000000000000000000e+00 0.000000000000000000e+00 0.000000000000000000e+00 0.000000000000000000e+00 0.000000000000000000e+00 -2.713988229659431365e-09 -3.974876245268350937e-11 -1.642323036703802996e-09 1.154442331325664837e-10 -1.839644023079936687e-10 -3.949149907747338798e-10 8.813609597583932149e-11 -2.823513560163740341e-10 -5.316339089945928544e-11 -1.831089266016187107e-11 -6.169686332018169435e-11 -7.383150234222731465e-09 1.651995477606685851e-05 0.000000000000000000e+00
0.000000000000000000e+00 0.000000000000000000e+00 0.000000000000000000e+00 0.000000000000000000e+00 0.000000000000000000e+00 0.000000000000000000e+00 1.186130616702883503e-09 -9.672908715006430100e-09 -4.217873035202349481e-09 -1.783629949907139005e-09 -3.818640311928649864e-10 -1.071633471203734424e-09 3.004831002443023513e-10 -3.135856332315310126e-10 -1.610210934294028276e-10 4.548958454191741338e-12 -8.559051813880985774e-06 -1.058988179945279313e-08 1.652132002791563290e-05 0.000000000000000000e+00
0.000000000000000000e+00 0.000000000000000000e+00 0.000000000000000000e+00 0.000000000000000000e+00 0.000000000000000000e+00 0.000000000000000000e+00 -1.791852310810856537e-09 -2.559181778096264413e-09 2.436392006148705136e-09 -8.726587577889270127e-10 1.890952754528913547e-09 -2.326121484888624809e-09 -4.894784705204586242e-11 -4.275120583770538593e-11 -2.297086328149207227e-10 6.195029123507370203e-11 3.701930737077298452e-05 -1.093646142180393762e-08 1.653339438954585158e-05 0.000000000000000000e+00
0.000000000000000000e+00 0.000000000000000000e+00 0.000000000000000000e+00 0.000000000000000000e+00 0.000000000000000000e+00 0.000000000000000000e+00 1.913864942947132625e-10 -5.716970582801923009e-09 -1.937029083869971027e-09 7.075003660366363763e-11 -1.077900595628386605e-09 -1.820367522550202139e-11 1.086431170552671795e-11 -2.463107512227102383e-10 -1.592891351556535727e-10 -4.470220605870346855e-11 1.217949091544194859e-11 -2.023089021341840383e-08 3.182264096294373235e-01 0.000000000000000000e+00
0.000000000000000000e+00 0.000000000000000000e+00 0.000000000000000000e+00 0.000000000000000000e+00 0.000000000000000000e+00 0.000000000000000000e+00 6.793384806851073840e-10 -7.561799417758919966e-09 -2.056244187594872463e-09 -1.305379369506142031e-10 -1.220476927924338609e-09 -7.086783951950306414e-11 -7.427878085480326006e-12 -2.476983877525848584e-10 -2.054448845370274888e-10 -6.744496718800211997e-11 3.252216235831841639e-11 -2.380977070962144144e-08 -9.800561499154607503e-01 0.000000000000000000e+00
0.000000000000000000e+00 0.000000000000000000e+00 0.000000000000000000e+00 0.000000000000000000e+00 0.000000000000000000e+00 0.000000000000000000e+00 -1.396605269860234208e-09 -7.637300106728689644e-09 -8.913012340531782936e-10 -1.624077291272146877e-09 -1.275941989347481897e-09 -1.055744150843060821e-09 4.867700851710670837e-10 -6.472446899068417162e-10 -2.257123125494396051e-10 -7.268977300038245600e-11 -1.007695821186241840e-10 -1.619790790273916818e-08 1.314572676386367920e+12 0.000000000000000000e+00
0.000000000000000000e+00 0.000000000000000000e+00 0.000000000000000000e+00 0.000000000000000000e+00 0.000000000000000000e+00 0.000000000000000000e+00 4.868149754441055687e-09 1.930038661885060154e-09 4.375986089062769270e-09 2.401010305848451746e-09 3.571940004067388905e-09 3.102670382775334095e-09 2.547566658634487901e-09 2.113163390117626092e-09 1.105490273989986788e-09 3.399437713749278361e-10 4.660832299444524677e-10 4.461479320992387745e-08 3.268122253163724942e-07 0.000000000000000000e+00
0.000000000000000000e+00 0.000000000000000000e+00 0.000000000000000000e+00 0.000000000000000000e+00 0.000000000000000000e+00 0.000000000000000000e+00 2.377367394175487880e-10 8.758148745611340537e-10 6.794544239062989300e-11 2.023281043422469656e-10 7.450038366894649445e-10 7.429196144096734529e-10 5.392449904047160950e-10 3.570557495000104670e-10 2.534948804431098438e-10 2.646562273174247376e-10 7.041492086286869658e-07 4.612780030020283996e-08 3.269461017428813962e-07 0.000000000000000000e+00
0.000000000000000000e+00 0.000000000000000000e+00 0.000000000000000000e+00 0.000000000000000000e+00 0.000000000000000000e+00 0.000000000000000000e+00 1.798252304572347354e-08 5.923497242089113475e-09 1.576335546312665347e-08 9.656286274498376593e-09 1.569728710355564123e-08 1.443469188343073450e-08 9.606831694998542308e-09 7.713106680322968275e-09 3.684720425750281975e-09 1.367267421480273268e-09 3.201180161417462601e-06 5.335642260554625644e-08 3.288464198987909649e-07 0.000000000000000000e+00
0.000000000000000000e+00 0.000000000000000000e+00 0.000000000000000000e+00 0.000000000000000000e+00 0.000000000000000000e+00 0.000000000000000000e+00 4.483349970104966637e-10 6.028417408344944971e-10 5.762033927034987366e-10 3.192545384528864310e-10 7.630077407421658822e-10 6.744580257678560013e-10 7.007471777257718908e-10 5.892378563521611103e-10 4.167262188258128624e-10 1.945765005514378203e-10 2.018460492578139408e-10 1.478449617007853922e-08 2.129248015320412080e+00 0.000000000000000000e+00
0.000000000000000000e+00 0.000000000000000000e+00 0.000000000000000000e+00 0.000000000000000000e+00 0.000000000000000000e+00 0.000000000000000000e+00 1.406713731681019204e-10 4.968604679536193781e-10 1.927986601670182326e-10 1.534196363183981240e-10 4.900902008398991058e-10 4.735364298188065210e-10 5.299398538489533699e-10 4.214359946775807031e-10 2.993428968341523380e-10 1.322867551096797908e-10 1.107993876805367504e-10 1.298086260920208135e-08 3.148423949631308005e+00 0.000000000000000000e+00
0.000000000000000000e+00 0.000000000000000000e+00 0.000000000000000000e+00 0.000000000000000000e+00 0.000000000000000000e+00 0.000000000000000000e+00 2.626595740576295962e-10 6.060485921050343652e-10 5.315205274255961001e-11 8.016857790443586194e-11 4.148939151176639279e-10 5.286821439594265586e-10 4.967688531965756575e-10 3.869211476217123247e-10 2.244923912023969133e-10 8.347480824555159596e-11 3.698836044676043274e-11 3.183811640947806144e-09 -1.681447462841262817e+09 0.000000000000000000e+00
0.000000000000000000e+00 0.000000000000000000e+00 0.000000000000000000e+00 0.000000000000000000e+00 0.000000000000000000e+00 0.000000000000000000e+00 -9.548757784352373802e-09 -5.494296297778089890e-09 -2.703827075301665384e-09 -5.150488575013090574e-09 -4.184360651794474468e-09 -2.500822568858081017e-09 -1.397946623545257387e-09 -6.688485838981720820e-10 -3.710441926032837414e-10 -1.298886708073351777e-10 5.966040604783429654e-11 4.673535092586156631e-10 6.094939133904521101e-10 0.000000000000000000e+00
0.000000000000000000e+00 0.000000000000000000e+00 0.000000000000000000e+00 0.000000000000000000e+00 0.000000000000000000e+00 0.000000000000000000e+00 4.775106651456917176e-09 -1.449913995356258131e-09 7.749892892646903778e-10 1.035060910387976903e-10 -1.173183144274767925e-10 -2.864127301315576564e-10 1.955504507316294651e-11 -9.379251762069149582e-11 -4.038063187032044302e-11 -6.859380652724235591e-11 -8.942530031163924508e-11 4.384689484158103808e-10 6.095925442082613116e-10 0.000000000000000000e+00
0.000000000000000000e+00 0.000000000000000000e+00 0.000000000000000000e+00 0.000000000000000000e+00 0.000000000000000000e+00 0.000000000000000000e+00 -2.246048934051486907e-08 -9.227479871351760469e-09 -5.954248174966067424e-09 -1.039908979069021110e-08 -8.976609307817665221e-09 -5.169481113615986135e-09 -2.790909491384991342e-09 -1.178560917531638743e-09 -6.963394142460549356e-10 -2.756425016093001602e-10 3.807234769892849758e-10 5.086211551402235782e-10 6.159962147113692175e-10 0.000000000000000000e+00
0.000000000000000000e+00 0.000000000000000000e+00 0.000000000000000000e+00 0.000000000000000000e+00 0.000000000000000000e+00 0.000000000000000000e+00 9.272248977089729948e-10 2.076793058699676735e-10 5.014743484734493127e-10 -1.251688804310834471e-09 -9.268131399880174159e-10 -7.436130628470433403e-10 -3.511668351543218161e-10 -2.597277025903604277e-10 -1.329585281032091625e-10 -6.896450018943976654e-11 1.660943596475449858e-11 1.061778013663371412e-10 -3.112274641917624232e-08 0.000000000000000000e+00
0.000000000000000000e+00 0.000000000000000000e+00 0.000000000000000000e+00 0.000000000000000000e+00 0.000000000000000000e+00 0.000000000000000000e+00 3.492608096992641587e-09 1.243883241722591020e-09 1.154441787556846072e-09 -2.815739226627990086e-10 -1.406037714421332559e-10 -3.176226935670984404e-10 -8.090284878988438532e-11 -1.352467196595924998e-10 -3.323034427187122527e-11 -1.693672154420218874e-11 1.398725356647851644e-12 -9.814866852712211693e-12 -3.815879697450239840e-08 0.000000000000000000e+00
0.000000000000000000e+00 0.000000000000000000e+00 0.000000000000000000e+00 0.000000000000000000e+00 0.000000000000000000e+00 0.000000000000000000e+00 3.986434448270363299e-09 -3.421078087479198526e-10 5.912369182116082682e-10 -1.067487018157518582e-10 -2.096312081835779287e-10 -4.366164309320259694e-10 -1.282147346360986809e-10 -1.227611549231828375e-10 -1.420087473548153205e-11 -7.780585122095982614e-12 7.595101846490197260e-14 2.032823353493017696e-11 1.608047153899818272e-03 0.000000000000000000e+00
0.000000000000000000e+00 0.000000000000000000e+00 0.000000000000000000e+00 0.000000000000000000e+00 0.000000000000000000e+00 0.000000000000000000e+00 -1.088752273707232188e-09 -2.405841955660000462e-08 -4.745663353370700117e-08 -1.671505724548363390e-08 -1.443431918565092894e-08 -1.871730915863384809e-09 -2.439679445891600513e-09 -2.042183507078362969e-10 -3.763841721941186115e-10 -7.933302307810130056e-11 7.202637658989121108e-11 5.807873007747787698e-11 -1.313729164477515992e-09 0.000000000000000000e+00
0.000000000000000000e+00 0.000000000000000000e+00 0.000000000000000000e+00 0.000000000000000000e+00 0.000000000000000000e+00 0.000000000000000000e+00 2.729746456694112998e-08 -9.540076374009916593e-09 -9.669820719578254017e-09 -4.241157100761979930e-09 -2.377905401825903071e-09 1.993444860849060194e-09 8.044112448807905354e-10 1.005634395925920367e-10 -6.258476025080523299e-11 -4.197603796990521182e-11 3.574685833399225028e-10 5.036823640432607645e-11 -1.297672878130293402e-09 0.000000000000000000e+00
0.000000000000000000e+00 0.000000000000000000e+00 0.000000000000000000e+00 0.000000000000000000e+00 0.000000000000000000e+00 0.000000000000000000e+00 -2.665678987482798664e-08 -3.749643623713364363e-08 -8.350826083901621639e-08 -2.997134368837748660e-08 -2.919860493185143691e-08 -6.127167607694241023e-09 -5.746363803209958706e-09 -5.526390978312469869e-10 -5.563041960242803873e-10 -1.523723618493320947e-10 -2.043618000922960894e-09 7.483512968408874133e-11 -1.317323767438123414e-09 0.000000000000000000e+00
0.000000000000000000e+00 0.000000000000000000e+00 0.000000000000000000e+00 0.000000000000000000e+00 0.000000000000000000e+00 0.000000000000000000e+00 1.981912216414237514e-08 9.920540591974627455e-10 -1.438335355811122045e-08 -3.835912294747277949e-09 -3.892912956013402112e-09 1.073256658588001334e-09 -1.931616960385206687e-10 1.270461758210659244e-10 -1.637843293794559100e-10 -5.480220818166524684e-11 4.399167681271386940e-11 -2.534039268168578864e-11 1.310733506401120073e-06 0.000000000000000000e+00
0.000000000000000000e+00 0.000000000000000000e+00 0.000000000000000000e+00 0.000000000000000000e+00 0.000000000000000000e+00 0.000000000000000000e+00 2.506607353767601841e-08 4.648380451246274325e-09 -6.989575171287538016e-09 -1.185723836279960191e-09 -1.321618887776373956e-09 1.705960398911978625e-09 4.171782232146940196e-10 2.047816726789905064e-10 -8.854874885962406593e-11 -3.139785720996899340e-11 2.647275239391652849e-11 -4.249368273709170589e-11 1.590911930347051378e-06 0.000000000000000000e+00
0.000000000000000000e+00 0.000000000000000000e+00 0.000000000000000000e+00 0.000000000000000000e+00 0.000000000000000000e+00 0.000000000000000000e+00 2.665282066576285673e-08 -6.900296555903822931e-09 -9.420026519934987735e-09 -3.596575720059556552e-09 -1.358105167544924807e-09 1.080560282178667635e-09 5.277579590457085657e-10 7.854656056759185325e-11 -1.620518907175526769e-10 3.719041694999424167e-11 2.955350442525322083e-11 2.430161453287590528e-10 4.896809034315113829e-02 0.000000000000000000e+00
0.000000000000000000e+00 0.000000000000000000e+00 0.000000000000000000e+00 0.000000000000000000e+00 0.000000000000000000e+00 0.000000000000000000e+00 4.006103238391744074e-10 -2.317511602837570699e-10 4.545207600639771185e-10 5.705583676938148506e-11 -7.735518359070394074e-11 -2.082105717676473099e-10 -1.888899707038530517e-10 -2.314705002781577121e-10 -1.463733089792954090e-10 -5.558019951670551903e-11 -2.297124623069802578e-10 -8.769200059202826741e-09 2.093763814814468760e-06 0.000000000000000000e+00
0.000000000000000000e+00 0.000000000000000000e+00 0.000000000000000000e+00 0.000000000000000000e+00 0.000000000000000000e+00 0.000000000000000000e+00 -6.371034625025954547e-10 1.331904635636306815e-09 -3.455275216652590303e-10 7.735026984052999253e-11 -5.824949196581460208e-10 -7.165159468558609260e-10 -3.196494151117785779e-10 -2.677042274128665823e-10 -1.910354311889810167e-10 -1.049854238727712166e-11 -7.035336075798860385e-06 -9.784691600157973859e-09 2.091723831311387489e-06 0.000000000000000000e+00
0.000000000000000000e+00 0.000000000000000000e+00 0.000000000000000000e+00 0.000000000000000000e+00 0.000000000000000000e+00 0.000000000000000000e+00 1.103727401534459815e-09 -1.432546822990822548e-09 -8.382335322885493488e-10 9.524669475984561484e-11 6.011244119802251893e-10 -9.029835351591332628e-10 -3.621604456683291689e-11 -4.360656853429257496e-10 -2.560275118806765650e-10 2.031219919230867288e-11 1.173749263700809439e-05 -9.600959924023353103e-09 2.090946192486711084e-06 0.000000000000000000e+00
0.000000000000000000e+00 0.000000000000000000e+00 0.000000000000000000e+00 0.000000000000000000e+00 0.000000000000000000e+00 0.000000000000000000e+00 -3.561920568747493245e-10 -5.495422516267722084e-10 7.102725749791895190e-11 -1.609556845412827418e-10 -2.331550790651810135e-10 -1.850062420799183439e-10 -2.155717009981159715e-10 -2.585862211527870754e-10 -1.828484610536095536e-10 -7.569816393645260646e-11 -1.663676230310516566e-10 -1.227806992012206335e-08 2.925877850067881170e+01 0.000000000000000000e+00
0.000000000000000000e+00 0.000000000000000000e+00 0.000000000000000000e+00 0.000000000000000000e+00 0.000000000000000000e+00 0.000000000000000000e+00 -6.776017267244385695e-10 -3.204581912291543559e-10 -9.742651799573736989e-11 -2.734577851539864041e-10 -2.694969319428736786e-10 -2.193372615805992910e-10 -2.352486673163593367e-10 -2.769008162222772350e-10 -2.138047487253862172e-10 -1.071688291956287635e-10 -1.401336043715069220e-10 -1.166955829883403873e-08 4.326440801926356272e+01 0.000000000000000000e+00
0.000000000000000000e+00 0.000000000000000000e+00 0.000000000000000000e+00 0.000000000000000000e+00 0.000000000000000000e+00 0.000000000000000000e+00 -8.511622947087409929e-10 9.559498712701979025e-10 -5.014759560442837618e-10 -3.255227851376131038e-10 -3.303066255438530851e-10 -4.437304955374416912e-10 -4.157486622282822573e-10 -3.929043252640118991e-10 -2.685685836687569128e-10 -1.268596398801899331e-10 -1.168607893755934618e-10 2.814521746324521523e-08 3.073117038351754379e+10 0.000000000000000000e+00
0.000000000000000000e+00 0.000000000000000000e+00 0.000000000000000000e+00 0.000000000000000000e+00 0.000000000000000000e+00 0.000000000000000000e+00 4.755324012486040227e-11 7.442413643680750477e-11 4.785190842189173366e-11 3.023703232844954569e-11 1.083328092794639411e-11 9.709673413020730911e-12 8.662641768568479843e-12 3.988875970401979606e-12 1.796087386204505894e-12 4.145522476164857009e-13 5.318283078373779712e-13 1.411501580687915185e-10 1.754644421988928956e-08 0.000000000000000000e+00
0.000000000000000000e+00 0.000000000000000000e+00 0.000000000000000000e+00 0.000000000000000000e+00 0.000000000000000000e+00 0.000000000000000000e+00 -1.200090622040295934e-11 -4.396661865250264378e-11 5.608374907031787529e-12 1.530377743264727201e-11 1.128250319450427933e-11 2.059210594842309575e-12 3.717577440990229356e-12 1.368567631558486003e-12 7.255229793643147951e-13 2.247609646804704037e-13 2.561182382920538887e-09 1.522839175699872793e-10 1.757245829614059923e-08 0.000000000000000000e+00
0.000000000000000000e+00 0.000000000000000000e+00 0.000000000000000000e+00 0.000000000000000000e+00 0.000000000000000000e+00 0.000000000000000000e+00 1.309658149248367689e-10 3.291874199668755133e-10 1.983446160121501321e-10 9.632270952036553580e-11 7.783405479340578631e-11 5.874432797560268227e-11 2.617932313459386991e-11 1.478439182244752502e-11 5.003983568241616421e-12 1.398525806617007983e-12 1.370211074060427771e-09 1.729366004651893947e-10 1.760656282540896980e-08 0.000000000000000000e+00
0.000000000000000000e+00 0.000000000000000000e+00 0.000000000000000000e+00 0.000000000000000000e+00 0.000000000000000000e+00 0.000000000000000000e+00 1.733163374786864099e-11 -3.980027436751043704e-11 -1.464008260172618038e-12 4.766440094526717231e-12 4.805849896322509394e-12 3.616218701102064050e-12 1.982059435040339085e-12 1.165159482886145236e-12 1.382808373850499367e-12 2.884305943448054173e-13 2.110232457399579497e-13 9.719237474535377668e-11 2.921520329360411949e-01 0.000000000000000000e+00
0.000000000000000000e+00 0.000000000000000000e+00 0.000000000000000000e+00 0.000000000000000000e+00 0.000000000000000000e+00 0.000000000000000000e+00 1.140440874690302403e-11 -4.555195659983338668e-11 -2.773454971953621946e-12 4.912569266382060717e-12 7.740072393872462843e-12 4.475797897205384409e-12 1.665231334871074336e-12 1.189521660138182171e-12 1.597437581591829282e-12 3.824876542864638439e-13 2.304799005865271820e-13 1.119207223127842378e-10 4.526764911437233252e-01 0.000000000000000000e+00
0.000000000000000000e+00 0.000000000000000000e+00 0.000000000000000000e+00 0.000000000000000000e+00 0.000000000000000000e+00 0.000000000000000000e+00 -4.847084221436697365e-12 -2.749609737512407269e-11 4.624802664260077741e-12 8.275951800594046866e-12 4.090732187310537198e-12 7.287497821006540583e-13 3.466264234356026480e-12 2.233646613565413014e-12 9.276844645288196810e-13 5.750157931215405457e-13 3.275863327117294429e-13 3.366332497826149774e-10 6.974223795456199646e+08 0.000000000000000000e+00
0.000000000000000000e+00 0.000000000000000000e+00 0.000000000000000000e+00 0.000000000000000000e+00 0.000000000000000000e+00 0.000000000000000000e+00 6.230200885097929463e-10 -1.154321350631614247e-09 -1.307277164254945957e-09 -1.014736335622310167e-09 -2.308635927512465928e-10 -1.873832075570614747e-10 -1.726787485149609215e-10 -7.863036435852758859e-11 -2.465999234471905840e-11 -7.326925862979933783e-12 3.349668208707176540e-12 3.219399797282609098e-11 6.237394003798651176e-11 0.000000000000000000e+00
0.000000000000000000e+00 0.000000000000000000e+00 0.000000000000000000e+00 0.000000000000000000e+00 0.000000000000000000e+00 0.000000000000000000e+00 -2.220853496085739948e-10 -5.002333025006022045e-10 -3.169843047192305733e-10 -2.241244719873207628e-10 3.647357109267943975e-10 -6.600014724865913141e-11 -1.130139919106272125e-11 -2.144042082793207952e-11 -7.891120486976075475e-12 -3.431735272782391962e-12 -1.053098805876294848e-12 3.106589696010607973e-11 6.249249778118599313e-11 0.000000000000000000e+00
0.000000000000000000e+00 0.000000000000000000e+00 0.000000000000000000e+00 0.000000000000000000e+00 0.000000000000000000e+00 0.000000000000000000e+00 1.368992239840996133e-09 -1.763316110756264876e-09 -2.244252337024375801e-09 -1.804574639138093823e-09 -8.845660619022145240e-10 -3.025386651155142940e-10 -3.428774802183565035e-10 -1.140652236463409543e-10 -3.883832933876375809e-11 -1.436247657233727335e-11 -2.898665908941620012e-11 3.563149309027109891e-11 6.292390470432011512e-11 0.000000000000000000e+00
0.000000000000000000e+00 0.000000000000000000e+00 0.000000000000000000e+00 0.000000000000000000e+00 0.000000000000000000e+00 0.000000000000000000e+00 5.041102927428199437e-10 -3.556646033279803609e-10 -5.743002107669377482e-10 -3.867246996875860664e-10 2.213750886629311037e-10 -1.026163460881820553e-10 -4.873689972543730461e-11 -3.847043826394269469e-11 -1.315361378909342319e-11 -3.773679658701263044e-12 8.175328468733698510e-13 6.948704238875045283e-12 -6.248346319858318832e-09 0.000000000000000000e+00
0.000000000000000000e+00 0.000000000000000000e+00 0.000000000000000000e+00 0.000000000000000000e+00 0.000000000000000000e+00 0.000000000000000000e+00 4.009646390361404258e-10 -2.159884478164382608e-10 -3.864527687249573633e-10 -2.255509030608710551e-10 3.233224382963613908e-10 -8.063084450221661457e-11 -1.509587360078618432e-11 -2.655613688276225983e-11 -8.090299014328913101e-12 -9.828741012595086754e-13 3.289553023126281076e-14 -1.168907162577931573e-12 -7.491397983181464536e-09 0.000000000000000000e+00
0.000000000000000000e+00 0.000000000000000000e+00 0.000000000000000000e+00 0.000000000000000000e+00 0.000000000000000000e+00 0.000000000000000000e+00 2.217161249577738161e-11 -4.659693110099440203e-10 -3.171988571925350311e-10 -1.731439000375784907e-10 2.746707145965920535e-10 -7.682721332808447336e-11 -1.061844547487571901e-11 -2.604627502563050299e-11 -7.056015021061152134e-12 -1.847817560109863945e-12 -3.322613742699668390e-13 -6.526061731224178427e-13 1.290908367513566137e-03 0.000000000000000000e+00
0.000000000000000000e+00 0.000000000000000000e+00 0.000000000000000000e+00 0.000000000000000000e+00 0.000000000000000000e+00 0.000000000000000000e+00 1.047607673538775467e-09 -8.779173820142823536e-09 -5.940647905215741348e-09 -3.703991360884818150e-09 -6.508364328271035879e-10 -3.090904188758559374e-10 -5.204001324656867934e-10 -7.340983457636417658e-11 -6.121397325968641320e-11 -5.061765698168087052e-12 7.445006543805572788e-12 2.146629909742450269e-11 -9.077980168084618260e-10 0.000000000000000000e+00
0.000000000000000000e+00 0.000000000000000000e+00 0.000000000000000000e+00 0.000000000000000000e+00 0.000000000000000000e+00 0.000000000000000000e+00 -3.321239816121568095e-09 -6.077460382744203175e-10 -1.835101214427560137e-09 -1.401883806672028991e-09 1.420433336240308828e-09 -1.690180610493113772e-10 4.407417289436298007e-12 3.641011556310602150e-11 -1.591179390616973483e-11 -1.922954842040569639e-13 -1.423429090652662196e-10 5.321104971830210429e-12 -8.967814844510489037e-10 0.000000000000000000e+00
0.000000000000000000e+00 0.000000000000000000e+00 0.000000000000000000e+00 0.000000000000000000e+00 0.000000000000000000e+00 0.000000000000000000e+00 4.989348554009769905e-09 -1.627745254028476232e-08 -9.910229724849929508e-09 -6.107611553690455801e-09 -2.969684065415296200e-09 -4.816901524217006603e-10 -1.027107645440255028e-09 -1.652815872030213890e-10 -8.836480860636781345e-11 -1.227430776433176072e-11 -1.597456312843416642e-10 2.494481630918744802e-11 -8.917806416195716143e-10 0.000000000000000000e+00
0.000000000000000000e+00 0.000000000000000000e+00 0.000000000000000000e+00 0.000000000000000000e+00 0.000000000000000000e+00 0.000000000000000000e+00 -1.529849517767243462e-09 -1.779845794348660816e-09 -2.501713858838616363e-09 -1.592949933244023343e-09 1.057981275310947215e-09 -1.911411438962804820e-10 -8.124899338616559597e-11 4.047284807162351382e-11 -2.560002826895887879e-11 -1.755138827647918494e-12 -8.823652939351468459e-12 -2.887194726603582757e-11 -6.178982361501968361e-07 0.000000000000000000e+00
0.000000000000000000e+00 0.000000000000000000e+00 0.000000000000000000e+00 0.000000000000000000e+00 0.000000000000000000e+00 0.000000000000000000e+00 -2.120539433457426719e-09 -2.446921053270164240e-10 -1.527664860791393279e-09 -1.059887612067333680e-09 1.411762738632561361e-09 -1.454126016984166256e-10 1.900366920247132233e-11 6.258243074259344536e-11 -1.404770844967950592e-11 2.596769603097079043e-13 -1.197168018143792554e-11 -3.309926325968373267e-11 -7.560155025624367111e-07 0.000000000000000000e+00
0.000000000000000000e+00 0.000000000000000000e+00 0.000000000000000000e+00 0.000000000000000000e+00 0.000000000000000000e+00 0.000000000000000000e+00 -2.039372934401558510e-09 -8.521655992442320698e-10 -7.195018082923748007e-10 -9.299995010817006127e-10 1.060825752616220527e-09 -4.155387538182239182e-11 -8.668893305941627796e-11 -2.448543485435343276e-11 -3.392492843794395651e-11 -2.861150871758034702e-12 8.430804835591233832e-12 1.476746173000420234e-10 3.324617581238484623e-03 0.000000000000000000e+00
0.000000000000000000e+00 0.000000000000000000e+00 0.000000000000000000e+00 0.000000000000000000e+00 0.000000000000000000e+00 0.000000000000000000e+00 8.185565369444044410e-10 -8.397605304086502666e-10 -5.396362614753881851e-10 -2.591083701098242789e-10 -2.959425813513561821e-11 -7.685054936974841404e-11 -5.375829443709152956e-11 -3.426705351707921521e-11 -2.697080306180633100e-11 -3.195943789966550781e-12 -9.762955841031096158e-12 -1.254010049326382067e-09 8.792301025444541620e-07 0.000000000000000000e+00
0.000000000000000000e+00 0.000000000000000000e+00 0.000000000000000000e+00 0.000000000000000000e+00 0.000000000000000000e+00 0.000000000000000000e+00 -4.104905215055703406e-10 -1.077201009593786401e-09 -1.416614506541647776e-09 -3.593164617921714845e-10 -3.789459404295411689e-10 -1.058411892405563936e-12 -5.450586394132356645e-11 -2.441752873390328313e-11 -3.712821418506898461e-11 -6.625667183797066990e-12 -5.996542593808085443e-06 -1.402300298693951605e-09 8.792226393443380026e-07 0.000000000000000000e+00
0.000000000000000000e+00 0.000000000000000000e+00 0.000000000000000000e+00 0.000000000000000000e+00 0.000000000000000000e+00 0.000000000000000000e+00 1.116689192105426233e-09 -1.181748179235873853e-09 -2.911443843888616770e-10 -2.081874691345710023e-10 8.820740753800263325e-11 -1.047855198345196940e-10 2.200985160853395299e-11 2.533743533649981551e-11 -6.318341574037065251e-11 -9.526676077766860695e-12 -8.221137047359386945e-06 -1.434059058510781516e-09 8.796979712221854978e-07 0.000000000000000000e+00
0.000000000000000000e+00 0.000000000000000000e+00 0.000000000000000000e+00 0.000000000000000000e+00 0.000000000000000000e+00 0.000000000000000000e+00 2.604306458252857259e-10 -4.980720715885534609e-10 -2.164802246176616426e-10 -2.593036959020638705e-10 -2.101536306569670642e-10 -4.042339946082825676e-11 -7.420821526568659528e-12 -1.901466966552009579e-11 -3.700997830104409622e-11 -5.750429289609016280e-12 -6.151614209221784163e-12 -2.930635391982419881e-09 -1.968618581358739306e+01 0.000000000000000000e+00
0.000000000000000000e+00 0.000000000000000000e+00 0.000000000000000000e+00 0.000000000000000000e+00 0.000000000000000000e+00 0.000000000000000000e+00 5.729179774415341857e-11 -5.346240695234709636e-10 -1.848377427135133628e-10 -2.347827582553614003e-10 -2.413692213374107445e-10 -2.579812009943024179e-11 1.478978725255921418e-12 -1.617715534683155923e-11 -4.221789257181193589e-11 -1.033882084806132720e-11 -5.192211419159731433e-12 -3.814080658185809458e-09 -2.904259155302562689e+01 0.000000000000000000e+00
0.000000000000000000e+00 0.000000000000000000e+00 0.000000000000000000e+00 0.000000000000000000e+00 0.000000000000000000e+00 0.000000000000000000e+00 -4.129637654238869570e-10 -8.062529944994431146e-10 -5.005483697099903436e-10 -1.770030126586168586e-10 -1.933144086090788448e-10 -3.187218950693642263e-11 -5.043474105805275415e-11 -2.382133685336564539e-11 -4.418535198328104816e-11 -2.521303237731696784e-11 -1.786504448001651613e-11 -3.137716481283525229e-09 -1.551536270771346569e+09 0.000000000000000000e+00
0.000000000000000000e+00 0.000000000000000000e+00 0.000000000000000000e+00 0.000000000000000000e+00 0.000000000000000000e+00 0.000000000000000000e+00 1.436022778464921597e-08 7.539275888656151766e-09 6.279102844465251015e-09 3.999558709587766304e-09 3.534896983735577480e-09 2.504580701302556622e-09 1.032988725380425713e-09 4.862876596180353950e-10 6.293681060686510010e-11 3.510056078670979339e-11 2.554286592880583055e-10 8.024651668965333734e-09 2.155969211304197058e-06 0.000000000000000000e+00
0.000000000000000000e+00 0.000000000000000000e+00 0.000000000000000000e+00 0.000000000000000000e+00 0.000000000000000000e+00 0.000000000000000000e+00 1.492151612156643075e-08 1.575032962569280018e-08 4.274832336890965457e-09 1.933254206606219866e-09 2.023166133115574207e-09 2.204233443531746440e-09 1.574424340551553616e-09 5.311767804807793412e-10 4.900488547093245791e-11 1.153993202316461195e-10 1.161904283728991938e-06 1.348467104191032731e-08 2.140933186708388064e-06 0.000000000000000000e+00
0.000000000000000000e+00 0.000000000000000000e+00 0.000000000000000000e+00 0.000000000000000000e+00 0.000000000000000000e+00 0.000000000000000000e+00 5.135251991686342093e-08 3.154972216531771525e-08 3.154159612840526719e-08 1.658120356171236057e-08 1.626070404503790062e-08 1.170355207436834753e-08 3.296532045393997603e-09 7.519120647492630879e-10 9.106105430201548824e-11 1.275451594870363631e-10 6.584938898208666264e-06 1.248237951817460801e-08 2.099476217397701019e-06 0.000000000000000000e+00
0.000000000000000000e+00 0.000000000000000000e+00 0.000000000000000000e+00 0.000000000000000000e+00 0.000000000000000000e+00 0.000000000000000000e+00 4.145077630727199612e-09 4.065067262122561272e-09 1.047940574713863522e-09 7.746478748768156973e-10 9.093876339066305061e-10 1.044130922226728184e-09 7.960421577701795411e-10 3.954765959779085781e-10 6.236813171585810339e-11 3.627352920313923723e-11 2.544388768891688036e-10 1.524105422645923275e-08 1.840007899101747224e+00 0.000000000000000000e+00
0.000000000000000000e+00 0.000000000000000000e+00 0.000000000000000000e+00 0.000000000000000000e+00 0.000000000000000000e+00 0.000000000000000000e+00 4.646046030229963649e-09 5.329763821486465135e-09 1.502719689516517090e-09 7.916905739206977975e-10 8.630909703505200009e-10 1.024364236149464564e-09 9.002625843370400593e-10 4.458872344050226188e-10 7.377978050327533994e-11 3.909835142838233518e-11 2.681693453553528553e-10 1.816772955409807107e-08 2.714244931393172688e+00 0.000000000000000000e+00
0.000000000000000000e+00 0.000000000000000000e+00 0.000000000000000000e+00 0.000000000000000000e+00 0.000000000000000000e+00 0.000000000000000000e+00 8.343402263098238580e-09 9.284414392790661413e-09 2.536045147204383732e-09 1.075321137204192474e-09 1.168666209026987373e-09 1.572913249408886086e-09 1.807657612534129684e-09 9.049232536113068923e-10 1.241494988339580782e-10 4.380756054900842764e-11 3.247437538672481004e-10 1.264006314047801375e-07 4.102232544903419912e+05 0.000000000000000000e+00
0.000000000000000000e+00 0.000000000000000000e+00 0.000000000000000000e+00 0.000000000000000000e+00 0.000000000000000000e+00 0.000000000000000000e+00 1.132546456986057559e-08 -1.077814620315917407e-08 7.060935866669465859e-09 6.239928673456067770e-10 1.482657319595575041e-09 9.771258881081983208e-11 -1.773804338706573001e-10 1.628492390036489186e-10 3.225229840931942360e-12 -4.579877242619922744e-13 3.034840451051797185e-12 1.724727797057485518e-12 6.364439007007131019e-11 0.000000000000000000e+00
0.000000000000000000e+00 0.000000000000000000e+00 0.000000000000000000e+00 0.000000000000000000e+00 0.000000000000000000e+00 0.000000000000000000e+00 -5.782747822219085618e-09 -3.691116048643563952e-09 1.656116053806234414e-09 -1.988547212434089695e-09 2.286891280902268981e-10 -5.349021676408049294e-10 9.176891696047273357e-11 1.632392200860567290e-10 3.987591376968022178e-12 7.423752157595979750e-13 -3.865127619142205657e-11 2.684504773103013586e-12 6.558167185334871333e-11 0.000000000000000000e+00
0.000000000000000000e+00 0.000000000000000000e+00 0.000000000000000000e+00 0.000000000000000000e+00 0.000000000000000000e+00 0.000000000000000000e+00 2.670411883286721456e-08 -1.725848333576322819e-08 1.217139637707556868e-08 3.122067379571512239e-09 2.930230957743464791e-09 7.292956180265522861e-10 -4.667200502881844859e-10 8.468921311085437562e-11 3.094196242402562097e-13 5.494424436683883398e-13 -5.751371175294007623e-10 2.151731833102552779e-12 6.492699391666523570e-11 0.000000000000000000e+00
0.000000000000000000e+00 0.000000000000000000e+00 0.000000000000000000e+00 0.000000000000000000e+00 0.000000000000000000e+00 0.000000000000000000e+00 -4.973170755754126119e-11 -7.430780702212444343e-09 1.410275078486648478e-09 -9.026570423856022360e-10 5.818230936031906579e-10 -2.223715981861788479e-10 -3.678460159665419812e-11 1.398753759784638671e-10 6.971372503168483267e-12 -1.036032892201962415e-12 1.912543236680794832e-12 -2.382025488793038312e-12 -7.853193129969763999e-08 0.000000000000000000e+00
0.000000000000000000e+00 0.000000000000000000e+00 0.000000000000000000e+00 0.000000000000000000e+00 0.000000000000000000e+00 0.000000000000000000e+00 -3.208398531731241120e-09 -5.655275322408131806e-09 2.282567242770201419e-10 -1.308135751677600950e-09 3.052639625295760084e-10 -3.311174093331623849e-10 1.851875567572878901e-11 1.399116993558527278e-10 7.737534072296918736e-12 -1.015776127837810026e-12 1.730270924437419427e-12 -3.023310691983534562e-12 -9.533824426851194714e-08 0.000000000000000000e+00
0.000000000000000000e+00 0.000000000000000000e+00 0.000000000000000000e+00 0.000000000000000000e+00 0.000000000000000000e+00 0.000000000000000000e+00 -5.630296454089685165e-09 -6.415640332876116303e-10 1.041659830221523276e-09 -1.508545885242694273e-09 6.907692260808486447e-14 -4.931995258267919063e-10 1.310754572273040972e-10 1.893955685144177428e-10 4.927047440643009081e-12 6.250700246308309643e-13 4.345971477935199465e-12 -1.895198846639585613e-12 -6.416145601925240009e-05 0.000000000000000000e+00
0.000000000000000000e+00 0.000000000000000000e+00 0.000000000000000000e+00 0.000000000000000000e+00 0.000000000000000000e+00 0.000000000000000000e+00 1.120713405622879467e-07 2.020577036026184501e-08 3.571564823543789712e-08 -2.422870886993383724e-09 1.673217954628190873e-10 -3.648184697501587358e-09 -2.203349775124306094e-10 -2.255310220739547587e-10 -5.694386907481994367e-11 2.049004405158298430e-11 4.153548811470874074e-11 2.688390589740778515e-11 -3.806854509752108934e-11 0.000000000000000000e+00
0.000000000000000000e+00 0.000000000000000000e+00 0.000000000000000000e+00 0.000000000000000000e+00 0.000000000000000000e+00 0.000000000000000000e+00 -6.880091761480357695e-08 1.238340221434466999e-08 4.091173783347503503e-09 -9.424462946396682191e-09 -2.196140807798942615e-09 -3.275253320419135456e-09 -1.489261681222987903e-10 -4.238657991395113683e-10 -2.121620085517937333e-11 3.019445487055237428e-11 -3.665099542047913192e-09 -1.118855257281743013e-11 -1.977578931077946321e-11 0.000000000000000000e+00
0.000000000000000000e+00 0.000000000000000000e+00 0.000000000000000000e+00 0.000000000000000000e+00 0.000000000000000000e+00 0.000000000000000000e+00 2.743123168200111765e-07 2.754350248856098241e-08 6.567278757352586641e-08 3.766525161597504725e-09 2.128345749754215571e-09 -4.943511822519531621e-09 -3.312654284231037178e-10 9.416835629306241754e-11 -2.729960065664917108e-11 1.476454268588170186e-11 -5.570592595675148924e-09 2.023522673878530027e-11 -6.466494111612671680e-12 0.000000000000000000e+00
0.000000000000000000e+00 0.000000000000000000e+00 0.000000000000000000e+00 0.000000000000000000e+00 0.000000000000000000e+00 0.000000000000000000e+00 -2.726190889379298254e-09 6.566375003481318940e-09 5.351309982883165441e-09 -3.857331125537789307e-09 -1.401010384866469022e-10 -2.833749392895920895e-09 -2.299801169234167754e-10 -2.622653969243071465e-10 -1.579974290411874870e-11 2.038658598633907380e-11 3.446659681255492628e-11 -1.234383062111160153e-10 -1.101265898418308819e-06 0.000000000000000000e+00
0.000000000000000000e+00 0.000000000000000000e+00 0.000000000000000000e+00 0.000000000000000000e+00 0.000000000000000000e+00 0.000000000000000000e+00 -3.499039384498794554e-08 4.825293062872837946e-09 -9.793623395303765810e-10 -4.407046149076959918e-09 -5.636783547603163259e-10 -2.567331459381785429e-09 -2.048681464350475411e-10 -3.083139613205002257e-10 -1.311123448204948180e-11 2.452928735678318361e-11 3.405587009104935690e-11 -1.276754585410416429e-10 -1.334881109949887839e-06 0.000000000000000000e+00
0.000000000000000000e+00 0.000000000000000000e+00 0.000000000000000000e+00 0.000000000000000000e+00 0.000000000000000000e+00 0.000000000000000000e+00 -6.141423248189159320e-08 1.237594861497905102e-08 3.574989523050348666e-09 -5.499893542671637631e-09 -2.482116038841450261e-09 -2.205913881245045997e-09 -1.590087385750053783e-11 -5.530090107085690864e-10 -9.574493988739627052e-11 3.495826843524357785e-11 7.161960739082345874e-11 3.248479327443145796e-10 -1.856454758575609232e-03 0.000000000000000000e+00
0.000000000000000000e+00 0.000000000000000000e+00 0.000000000000000000e+00 0.000000000000000000e+00 0.000000000000000000e+00 0.000000000000000000e+00 1.510775749145983961e-10 -4.177015756643083498e-11 -7.573126515980248598e-11 -3.933617395923905799e-11 7.769149914031658412e-12 4.661063550358760795e-11 -7.248957577786368451e-11 9.429412221604184941e-11 1.230487393335443745e-11 6.442011344387752719e-13 4.349958555465082289e-11 9.150602434309352330e-11 7.195912700796879610e-07 0.000000000000000000e+00
0.000000000000000000e+00 0.000000000000000000e+00 0.000000000000000000e+00 0.000000000000000000e+00 0.000000000000000000e+00 0.000000000000000000e+00 3.132099656904094996e-10 -1.209475180539548798e-10 -9.017366296491079022e-11 -9.765951110184097267e-10 1.916723772164900891e-10 -1.338503764380005539e-10 -8.717211670182190898e-11 1.776641145000378602e-10 2.175533923429986928e-12 -2.619557836040428017e-11 -6.487020789218378672e-07 -3.799030284097271446e-11 7.156582299254870168e-07 0.000000000000000000e+00
0.000000000000000000e+00 0.000000000000000000e+00 0.000000000000000000e+00 0.000000000000000000e+00 0.000000000000000000e+00 0.000000000000000000e+00 1.182131845917147857e-09 -1.656793474406919819e-11 -2.671371666801235128e-10 -9.100895020895483676e-11 4.450380338683444454e-11 2.147653548592066857e-10 3.255409655411189150e-10 2.190922755122278117e-10 -9.166653646456299377e-11 -9.979814386201517654e-12 9.617441264605561851e-06 -3.171368150313612924e-10 7.144608936545608201e-07 0.000000000000000000e+00
0.000000000000000000e+00 0.000000000000000000e+00 0.000000000000000000e+00 0.000000000000000000e+00 0.000000000000000000e+00 0.000000000000000000e+00 1.878027056386164857e-10 -1.828475042012859631e-11 -9.170128640992629343e-11 -1.826830992776703613e-10 6.715947062916870387e-11 -4.475633701378596111e-11 -1.276142964423830781e-10 7.841694572745561425e-11 1.838101899272908140e-12 -6.146794321555560533e-12 4.063458423295933090e-11 1.257938265547887758e-09 -6.200614729791950275e+00 0.000000000000000000e+00
0.000000000000000000e+00 0.000000000000000000e+00 0.000000000000000000e+00 0.000000000000000000e+00 0.000000000000000000e+00 0.000000000000000000e+00 2.720523562969486859e-10 -3.615586906770344161e-11 -1.366926386130595144e-10 -2.685123301720330684e-10 7.692537098065654574e-11 -8.420443675117351196e-11 -1.416341127980832955e-10 9.245966021829722300e-11 6.220373502542407145e-12 -1.236882445163636191e-11 4.008735858775250631e-11 1.291670901448940665e-09 -9.154212338678801686e+00 0.000000000000000000e+00
0.000000000000000000e+00 0.000000000000000000e+00 0.000000000000000000e+00 0.000000000000000000e+00 0.000000000000000000e+00 0.000000000000000000e+00 1.917730770190710493e-10 -2.324788525832781543e-10 -1.405202502414140305e-10 -5.030302079124720749e-10 7.441355262281739632e-11 -8.514481095034193853e-11 1.844981179508599094e-11 2.883427684641633580e-10 6.820841117368530712e-11 -2.882233792946611793e-11 3.927890555640655479e-11 -2.536727840978374423e-09 -4.670788475119704604e+08 0.000000000000000000e+00
0.000000000000000000e+00 0.000000000000000000e+00 0.000000000000000000e+00 0.000000000000000000e+00 0.000000000000000000e+00 0.000000000000000000e+00 4.424480666232703732e-13 1.655116482098989229e-13 2.834855138117031419e-13 2.191144619449683860e-13 1.109311612781752507e-13 4.051421871458398403e-14 2.912041820340962122e-14 1.005419046485413420e-14 6.411201659157079468e-15 4.571845067675289655e-15 7.258813823548698092e-15 2.076908565167259749e-13 5.022998879557217713e-11 0.000000000000000000e+00
0.000000000000000000e+00 0.000000000000000000e+00 0.000000000000000000e+00 0.000000000000000000e+00 0.000000000000000000e+00 0.000000000000000000e+00 2.024152329177467518e-13 1.680601778584908225e-13 1.454993237997515659e-13 1.354195910720862324e-13 1.049334853604608631e-13 8.135040481909818825e-14 3.979615201116903668e-14 7.815029980959381382e-15 5.835803015531742083e-15 4.991031808156368796e-15 8.706521185268058521e-11 2.563067821904835611e-13 4.940883441338940428e-11 0.000000000000000000e+00
0.000000000000000000e+00 0.000000000000000000e+00 0.000000000000000000e+00 0.000000000000000000e+00 0.000000000000000000e+00 0.000000000000000000e+00 1.290784653025670713e-12 7.954784597213332911e-13 9.618706497984476206e-13 8.642971457012758782e-13 5.217758663071728427e-13 1.674467712565722413e-13 4.018608224987503852e-14 1.741901696046577202e-14 8.263105835922933575e-15 5.107414197193060071e-15 5.963550293490582655e-10 2.583357762728902778e-13 4.747852499995584478e-11 0.000000000000000000e+00
0.000000000000000000e+00 0.000000000000000000e+00 0.000000000000000000e+00 0.000000000000000000e+00 0.000000000000000000e+00 0.000000000000000000e+00 1.049574017307726175e-13 4.619496214993869717e-14 5.139355442581122577e-14 4.407738573255728087e-14 3.331596402076488069e-14 2.785314900439144388e-14 2.081410334128275540e-14 7.115713289022998147e-15 6.243086930888803276e-15 4.518432825700687382e-15 7.503958161436462161e-15 6.794567271731284171e-13 -7.776308234092019537e-06 0.000000000000000000e+00
0.000000000000000000e+00 0.000000000000000000e+00 0.000000000000000000e+00 0.000000000000000000e+00 0.000000000000000000e+00 0.000000000000000000e+00 1.135124211393336366e-13 7.931523959936821261e-14 6.067737708518709378e-14 5.888592313546258646e-14 4.355201566816129739e-14 3.504493253329542701e-14 2.363177205248810895e-14 7.519387255044508911e-15 6.481297362044538442e-15 4.589413370525522516e-15 8.331947313965078904e-15 9.394293430280324715e-13 -1.142691644752570493e-05 0.000000000000000000e+00
0.000000000000000000e+00 0.000000000000000000e+00 0.000000000000000000e+00 0.000000000000000000e+00 0.000000000000000000e+00 0.000000000000000000e+00 1.114246872856970732e-13 9.407391637589795040e-14 6.754379328298698749e-14 6.925540153024004024e-14 5.601125220864579043e-14 6.391394985935346970e-14 4.461613991011498365e-14 1.239599264619787189e-14 7.082288884672650687e-15 5.058491063617435760e-15 9.511171701237934944e-15 3.143878052217323683e-12 -4.310724099130129616e+01 0.000000000000000000e+00
0.000000000000000000e+00 0.000000000000000000e+00 0.000000000000000000e+00 0.000000000000000000e+00 0.000000000000000000e+00 0.000000000000000000e+00 -9.887715328476287842e-13 -6.172595919515376528e-11 7.674168746677669752e-12 8.649155812581318033e-12 -7.374933263947117165e-12 -3.139513919519338008e-12 5.859549175719575377e-13 -7.753486236433396455e-14 6.198251487005529736e-14 1.724327067133948002e-14 -1.049401813349002834e-14 -2.264665954767665983e-14 1.868650926191798180e-13 0.000000000000000000e+00
0.000000000000000000e+00 0.000000000000000000e+00 0.000000000000000000e+00 0.000000000000000000e+00 0.000000000000000000e+00 0.000000000000000000e+00 -7.033213092934736328e-11 4.172542027405304086e-11 -2.898874254607902918e-11 -2.329057580750611708e-12 -1.400052120187251647e-12 -7.204494776523032631e-13 6.655959292200307052e-13 7.073695446587561842e-14 5.603419618458075194e-14 2.717557492619931296e-15 7.375576348036014202e-13 -2.902769446525025324e-14 1.812931300021808986e-13 0.000000000000000000e+00
0.000000000000000000e+00 0.000000000000000000e+00 0.000000000000000000e+00 0.000000000000000000e+00 0.000000000000000000e+00 0.000000000000000000e+00 6.085293903045709917e-11 -1.553306779219091729e-10 3.929460066272447955e-11 2.027246383682462241e-11 -1.509101876921101581e-11 -7.050675532196987352e-12 1.869501448610290819e-13 -3.165018804279115059e-13 -1.041098052244982659e-14 -4.014608386797466376e-15 2.675062472449244722e-12 -2.511762291752639722e-14 1.790704892603358571e-13 0.000000000000000000e+00
0.000000000000000000e+00 0.000000000000000000e+00 0.000000000000000000e+00 0.000000000000000000e+00 0.000000000000000000e+00 0.000000000000000000e+00 -4.341826324467705507e-11 1.175219592667277894e-11 -1.546468044658395385e-11 -4.176478755570187471e-12 -2.282592093660926691e-12 -8.284682230623135502e-13 4.948650039049072547e-13 3.320273031605478097e-14 5.987527957374038302e-14 1.587989458196823728e-14 -6.484747603675080448e-15 -8.070261854661619666e-15 1.323154066957324489e-10 0.000000000000000000e+00
0.000000000000000000e+00 0.000000000000000000e+00 0.000000000000000000e+00 0.000000000000000000e+00 0.000000000000000000e+00 0.000000000000000000e+00 -5.308601600384606201e-11 2.976568497578302227e-11 -2.089675169244267028e-11 -6.345194125321811129e-12 -9.971656755967383210e-13 -2.388653336278883944e-13 5.003622681995960172e-13 7.431985513356835073e-14 6.631694417716714962e-14 1.698769557902541000e-14 -3.188473385599117081e-15 -2.449413434168833145e-15 1.607080079760880377e-10 0.000000000000000000e+00
0.000000000000000000e+00 0.000000000000000000e+00 0.000000000000000000e+00 0.000000000000000000e+00 0.000000000000000000e+00 0.000000000000000000e+00 -5.146586128369353304e-11 3.309349353013355255e-11 -2.088299525965012678e-11 -1.413414565972284230e-12 -7.892317400296212603e-13 -2.205758352927385110e-13 6.754499605963585200e-13 1.285089052942116080e-13 1.338643156703355352e-13 2.279799293959462309e-14 8.278966980408726443e-15 2.327529641675780142e-14 -3.716951052636323389e-06 0.000000000000000000e+00
0.000000000000000000e+00 0.000000000000000000e+00 0.000000000000000000e+00 0.000000000000000000e+00 0.000000000000000000e+00 0.000000000000000000e+00 1.817991807877752016e-10 1.365347937165822868e-10 6.648512874299103568e-11 -4.471187267452139456e-11 -8.746279999313593741e-12 -5.114145330893216872e-12 5.689826012257281783e-12 -1.591602919314132000e-12 2.074235602432284645e-13 2.289621485492224891e-13 2.033946590363069435e-13 5.084223078197469563e-13 -2.760641512800856558e-12 0.000000000000000000e+00
0.000000000000000000e+00 0.000000000000000000e+00 0.000000000000000000e+00 0.000000000000000000e+00 0.000000000000000000e+00 0.000000000000000000e+00 -1.131052411232417980e-11 -3.500515946734634533e-11 -1.079048562592500318e-10 -4.285203404305775891e-13 1.494113922916005916e-11 2.447085670492526996e-13 6.109659629356832407e-12 -9.968130697754192375e-13 2.795517678385860231e-13 -3.502474150203985563e-14 -7.761977140005389898e-12 6.183532042653484630e-13 -2.764512306993666288e-12 0.000000000000000000e+00
0.000000000000000000e+00 0.000000000000000000e+00 0.000000000000000000e+00 0.000000000000000000e+00 0.000000000000000000e+00 0.000000000000000000e+00 3.547851093904511800e-10 2.981093032702676006e-10 2.213682541677651730e-10 -8.980871095115565398e-11 -3.459889327803167882e-11 -1.291955192336286711e-11 2.539782058877038872e-12 -2.654732395381271967e-12 -3.517038134465243728e-13 -5.040089396293376908e-14 -1.263003189646547011e-11 5.636321185832039609e-13 -2.640781504713254572e-12 0.000000000000000000e+00
0.000000000000000000e+00 0.000000000000000000e+00 0.000000000000000000e+00 0.000000000000000000e+00 0.000000000000000000e+00 0.000000000000000000e+00 6.418063687318213981e-11 -2.898767805033237839e-11 -3.315116301718213994e-11 -3.367473266889743158e-12 5.724832496984891308e-12 -4.009656286203161017e-13 3.355057905908454224e-12 -1.172456310692406117e-12 3.620000854274973318e-13 2.390387825824401532e-13 1.640900039994664118e-13 -2.979995776397148984e-14 -1.942658927733761261e-09 0.000000000000000000e+00
0.000000000000000000e+00 0.000000000000000000e+00 0.000000000000000000e+00 0.000000000000000000e+00 0.000000000000000000e+00 0.000000000000000000e+00 3.191801194132708473e-11 -6.445792518522771166e-11 -5.863936541815067489e-11 6.029426811064604817e-12 9.783844847276178671e-12 8.192236270102479989e-13 3.370423347767259799e-12 -9.787148368435347868e-13 4.468521972487282335e-13 2.382965522986681097e-13 1.409580621890421429e-13 -2.074211854912027297e-13 -2.365394685665111861e-09 0.000000000000000000e+00
0.000000000000000000e+00 0.000000000000000000e+00 0.000000000000000000e+00 0.000000000000000000e+00 0.000000000000000000e+00 0.000000000000000000e+00 8.922423696751357981e-12 -4.571565337250803492e-11 -6.861877201441168992e-11 3.313070116276982410e-12 1.265899592333351152e-11 1.150717525781939481e-12 7.346475294459350515e-12 -5.835064040980498022e-13 6.672458698440935274e-13 1.186318189213455971e-13 1.765803862961232725e-13 -6.502601096851697687e-13 -1.248345638231258603e-05 0.000000000000000000e+00
0.000000000000000000e+00 0.000000000000000000e+00 0.000000000000000000e+00 0.000000000000000000e+00 0.000000000000000000e+00 0.000000000000000000e+00 3.514958461675584687e-13 -1.879985882079716473e-12 8.825146203086389833e-13 4.049120065026863452e-13 1.906617515533512409e-15 4.635031212492439037e-13 3.947010532928819967e-13 -3.227836431954576902e-13 1.644458880609904128e-13 1.710664433416055118e-13 4.499066512170140213e-14 -4.004552027020303721e-12 3.792864861911502942e-09 0.000000000000000000e+00
0.000000000000000000e+00 0.000000000000000000e+00 0.000000000000000000e+00 0.000000000000000000e+00 0.000000000000000000e+00 0.000000000000000000e+00 -3.012605801165882420e-12 -7.027202675535272810e-13 -1.119034560419980979e-12 -7.483643717837507838e-13 -1.770242837457800218e-12 3.350099186832163907e-12 1.121871506354626842e-12 -3.795972226663328847e-13 -2.069633322276868047e-13 -1.172688107594531439e-13 -1.093131516722557878e-08 -3.470984969055851303e-12 3.780108302136908165e-09 0.000000000000000000e+00
0.000000000000000000e+00 0.000000000000000000e+00 0.000000000000000000e+00 0.000000000000000000e+00 0.000000000000000000e+00 0.000000000000000000e+00 -6.303889686382726513e-12 -5.804707138826900873e-12 3.159850253518513562e-12 5.061499995391161260e-13 1.587520406954831307e-12 2.839249324778813962e-13 -1.354425306310340975e-14 -7.618501758469536119e-13 -4.104765305669078586e-15 -2.803804038228238256e-13 9.367101611925358066e-08 -4.077694042995853495e-12 3.758105866488941695e-09 0.000000000000000000e+00
0.000000000000000000e+00 0.000000000000000000e+00 0.000000000000000000e+00 0.000000000000000000e+00 0.000000000000000000e+00 0.000000000000000000e+00 1.109204423555020977e-12 -1.607571466639751615e-12 -1.293361535443913828e-13 7.264975205077583632e-13 -7.833506583858635085e-13 7.572481063026591002e-13 4.778253460294266695e-13 -3.478663081852147908e-13 9.272744690017101423e-14 1.263877104722727733e-13 2.499647866580228387e-14 -1.931376525565897813e-11 2.052160591234749448e-02 0.000000000000000000e+00
0.000000000000000000e+00 0.000000000000000000e+00 0.000000000000000000e+00 0.000000000000000000e+00 0.000000000000000000e+00 0.000000000000000000e+00 1.288713318298553222e-12 -1.459456139560057485e-12 -2.458270829704014844e-13 6.960734595502553171e-13 -9.788991654184748742e-13 9.021941086826133404e-13 4.373654152822893004e-13 -4.097903325703596919e-13 3.086630335721342305e-14 8.167681036948344477e-14 3.141995747009271002e-14 -2.905710577650796475e-11 3.022031535275588460e-02 0.000000000000000000e+00
0.000000000000000000e+00 0.000000000000000000e+00 0.000000000000000000e+00 0.000000000000000000e+00 0.000000000000000000e+00 0.000000000000000000e+00 1.482537729039007377e-12 1.110383947227770839e-12 7.399993304144459962e-13 -3.580858337969624725e-13 -1.103525041701800648e-12 1.858494260012281093e-12 6.691780656687074645e-13 -5.998377591491686015e-13 -4.381318638253079665e-13 -4.221682140511551063e-14 6.997369614670931660e-14 -5.879688412715206237e-11 7.378562981796631590e+06 0.000000000000000000e+00
0.000000000000000000e+00 0.000000000000000000e+00 0.000000000000000000e+00 0.000000000000000000e+00 0.000000000000000000e+00 0.000000000000000000e+00 2.125534839707096971e-17 8.999059516838261319e-18 6.079033650788733245e-18 3.088112091681895576e-18 2.210990580601502879e-18 1.702935171349658841e-18 1.215972946653792050e-18 5.812868439139848070e-19 2.339690961101703178e-19 8.514662305124899814e-20 1.277854618675158152e-19 5.320042766709615227e-18 5.485511983010906068e-16 0.000000000000000000e+00
0.000000000000000000e+00 0.000000000000000000e+00 0.000000000000000000e+00 0.000000000000000000e+00 0.000000000000000000e+00 0.000000000000000000e+00 4.011118851849497627e-17 1.037210317840395879e-17 7.156782631649128047e-18 3.802738157826965018e-18 4.063793917822918656e-18 2.410443349426547811e-18 1.331447763215848463e-18 5.525708647695672324e-19 1.909503836171519672e-19 1.119905859217274486e-19 4.814893417877037456e-16 6.706749266813490269e-18 5.430596805564647026e-16 0.000000000000000000e+00
0.000000000000000000e+00 0.000000000000000000e+00 0.000000000000000000e+00 0.000000000000000000e+00 0.000000000000000000e+00 0.000000000000000000e+00 1.736442617402316505e-17 1.347114362636244867e-17 1.137801060744851379e-17 6.530868411424144951e-18 5.141359692658027679e-18 3.153972031757517940e-18 1.556552192993837272e-18 6.484611666626316288e-19 2.241114762421249434e-19 1.308629458166496566e-19 1.621920652428768637e-16 5.972737765055587818e-18 5.275345259965302039e-16 0.000000000000000000e+00
0.000000000000000000e+00 0.000000000000000000e+00 0.000000000000000000e+00 0.000000000000000000e+00 0.000000000000000000e+00 0.000000000000000000e+00 1.919989052098897695e-17 4.472936737274601693e-18 2.945005527182856939e-18 1.592414671564057680e-18 1.508338190351282889e-18 1.232916215195730118e-18 9.717978852178321738e-19 5.126360006227225045e-19 2.262340681692853760e-19 8.434016950449793546e-20 1.241525811928945270e-19 1.377679676794957174e-17 2.814934852779922235e-09 0.000000000000000000e+00
0.000000000000000000e+00 0.000000000000000000e+00 0.000000000000000000e+00 0.000000000000000000e+00 0.000000000000000000e+00 0.000000000000000000e+00 1.941474599026658530e-17 4.016187536651950023e-18 2.716111119112578045e-18 1.493319323692931766e-18 1.594738932961986196e-18 1.247234109661580474e-18 9.816346205337893421e-19 5.237196753559553987e-19 2.324773130717816057e-19 8.526505236329930517e-20 1.248084496588016526e-19 1.724286963682654466e-17 4.144927466996408530e-09 0.000000000000000000e+00
0.000000000000000000e+00 0.000000000000000000e+00 0.000000000000000000e+00 0.000000000000000000e+00 0.000000000000000000e+00 0.000000000000000000e+00 2.236433654255203737e-17 5.231965632013980705e-18 3.616478960500543695e-18 1.869251277704196468e-18 2.243859892159536795e-18 1.684453445187703241e-18 1.295545922743265510e-18 6.628382648263451394e-19 2.743767014893805422e-19 9.024226078001729802e-20 1.340851384185650337e-19 2.977211827197925912e-17 1.382139755801703451e-03 0.000000000000000000e+00
0.000000000000000000e+00 0.000000000000000000e+00 0.000000000000000000e+00 0.000000000000000000e+00 0.000000000000000000e+00 0.000000000000000000e+00 3.535529975837086552e-13 -4.456280395255880786e-13 -9.466944821860999276e-14 -1.804007605813310090e-14 -1.048270560413144156e-14 -2.702154101466950642e-16 -6.634637646399408576e-16 -1.172861840229889012e-15 -1.808083684548339576e-16 -8.913681520690503796e-17 5.080377610122349459e-17 -1.680790641263341597e-18 3.383775005952496955e-17 0.000000000000000000e+00
0.000000000000000000e+00 0.000000000000000000e+00 0.000000000000000000e+00 0.000000000000000000e+00 0.000000000000000000e+00 0.000000000000000000e+00 -3.486044618643339642e-13 -4.323130680294338576e-13 -3.919889309213657777e-14 8.221633052494261123e-15 -5.452978563492943849e-14 -1.221472529212328938e-15 -4.171630579124908906e-15 -1.050809196541140513e-15 1.554333688030714587e-16 2.308968067728181362e-17 -2.153600820112466695e-15 -3.085453931525880640e-17 -2.412264294395851049e-18 0.000000000000000000e+00
0.000000000000000000e+00 0.000000000000000000e+00 0.000000000000000000e+00 0.000000000000000000e+00 0.000000000000000000e+00 0.000000000000000000e+00 9.817991466676946537e-13 -4.661792337643297739e-13 -1.506291461094994221e-13 -4.593386093863279867e-14 2.655245718010133438e-14 1.129648309519628510e-15 2.820903643695397099e-15 -3.737885689864719199e-16 -6.074772409793476080e-16 -9.374359126499068929e-17 -7.464037019622384353e-15 -5.704641762639998573e-17 -4.251485256800863797e-18 0.000000000000000000e+00
0.000000000000000000e+00 0.000000000000000000e+00 0.000000000000000000e+00 0.000000000000000000e+00 0.000000000000000000e+00 0.000000000000000000e+00 7.157795294309154166e-14 -2.712856737539450264e-13 -1.987149647065597749e-14 -4.229397732165950213e-15 -2.798672214422126030e-14 -7.916222364482015240e-16 -3.584886786089946579e-15 -7.103432332760342550e-16 1.188260654649589007e-16 -4.168615656249815209e-17 3.363846066880987371e-17 1.102542335056364864e-16 -2.604144053344649235e-12 0.000000000000000000e+00
0.000000000000000000e+00 0.000000000000000000e+00 0.000000000000000000e+00 0.000000000000000000e+00 0.000000000000000000e+00 0.000000000000000000e+00 -4.302192888350544142e-14 -2.434974449643757703e-13 -4.761500390406228353e-15 7.058207733805863558e-16 -3.398544041579759223e-14 -1.007709023254955011e-15 -4.087914154938286464e-15 -6.770219180905290999e-16 2.179567090901346816e-16 -1.326436720888408687e-17 3.388098241604387915e-17 1.414989312470897954e-16 -3.161308077000214493e-12 0.000000000000000000e+00
0.000000000000000000e+00 0.000000000000000000e+00 0.000000000000000000e+00 0.000000000000000000e+00 0.000000000000000000e+00 0.000000000000000000e+00 -2.861440711103175764e-13 -3.116334542743671381e-13 -1.878296547715054529e-14 9.105118885956415882e-15 -4.341828661204602470e-14 -1.636665172491347290e-15 -2.348552895801775093e-15 -1.504461597996324168e-15 1.548880095949020050e-16 -5.360721204716345090e-17 7.019211198146735685e-17 1.991316201522045710e-16 1.138963834468747332e-08 0.000000000000000000e+00
0.000000000000000000e+00 0.000000000000000000e+00 0.000000000000000000e+00 0.000000000000000000e+00 0.000000000000000000e+00 0.000000000000000000e+00 4.528788693265931306e-12 -1.441311790375775811e-13 1.928574744382852736e-13 -1.113682726357066954e-13 -1.040882655628346908e-13 -1.358973407839248853e-14 -5.961745208839824009e-16 -1.159034698448877005e-14 3.712320695265163086e-16 -5.913496586612110398e-16 1.281449587850551073e-15 4.465261178703644453e-15 -4.826313778599873100e-15 0.000000000000000000e+00
0.000000000000000000e+00 0.000000000000000000e+00 0.000000000000000000e+00 0.000000000000000000e+00 0.000000000000000000e+00 0.000000000000000000e+00 2.439490519289906435e-12 7.738331721325736210e-13 9.916411441475322105e-14 -6.162475606552694789e-14 -2.164395974688859724e-13 3.014083950284443224e-14 -1.674999494954466686e-14 -6.496997872143973319e-15 -8.723309280838076039e-16 -1.298590666644600594e-15 3.400974011933381751e-14 5.609954010900530914e-15 -4.838912349473126846e-15 0.000000000000000000e+00
0.000000000000000000e+00 0.000000000000000000e+00 0.000000000000000000e+00 0.000000000000000000e+00 0.000000000000000000e+00 0.000000000000000000e+00 6.444728780032462080e-12 -9.671284940980021929e-13 2.695208913107035016e-13 -1.736772255373532287e-13 9.636249702337665046e-15 -6.615655085155057868e-14 8.311934096901198371e-15 -1.121845694791215520e-14 -2.080550848643584192e-16 -1.703690511052674518e-15 -7.862044433393371253e-14 5.152181697608580515e-15 -4.753253285987193038e-15 0.000000000000000000e+00
0.000000000000000000e+00 0.000000000000000000e+00 0.000000000000000000e+00 0.000000000000000000e+00 0.000000000000000000e+00 0.000000000000000000e+00 2.765830484408172968e-12 3.208549945028648120e-13 1.465349187701266005e-13 -7.143579219630675827e-14 -1.477039617814224434e-13 -1.694219405518963048e-15 -7.075066715519036364e-15 -3.999459067325093248e-15 6.492379044557732009e-16 -4.335197271935213178e-16 1.124292146785960955e-15 5.326206898981413323e-15 2.490202778115576280e-11 0.000000000000000000e+00
0.000000000000000000e+00 0.000000000000000000e+00 0.000000000000000000e+00 0.000000000000000000e+00 0.000000000000000000e+00 0.000000000000000000e+00 2.230935262753103409e-12 4.546653034902355664e-13 1.365964831962389340e-13 -5.701118501617578485e-14 -1.629285281143864023e-13 5.731539239026354920e-15 -9.665494897812469685e-15 -3.313348122155259534e-15 6.184363080683309159e-16 -3.329908437143541458e-16 1.026623072351722494e-15 4.753442836164329971e-15 3.029141276330495705e-11 0.000000000000000000e+00
0.000000000000000000e+00 0.000000000000000000e+00 0.000000000000000000e+00 0.000000000000000000e+00 0.000000000000000000e+00 0.000000000000000000e+00 1.626017488243207983e-12 5.761630742921657359e-13 1.400285879645139435e-13 -3.132800142198661759e-14 -1.873376228660490631e-13 3.057108202407015012e-14 -1.495533637700106049e-14 -1.447973429916088148e-14 -1.005439143547962842e-15 -2.121579386756810014e-16 7.496035532271086210e-16 -5.369369949361092015e-15 -1.087268189376727448e-07 0.000000000000000000e+00
0.000000000000000000e+00 0.000000000000000000e+00 0.000000000000000000e+00 0.000000000000000000e+00 0.000000000000000000e+00 0.000000000000000000e+00 -1.858619125181070967e-16 -2.892340616608126271e-14 -1.713080250542967218e-14 1.005269033465795267e-14 4.250864263852198542e-16 -1.718546099450489159e-15 6.552528271329490669e-16 1.716403109415847786e-15 -1.588475253385081618e-16 1.534621750762900092e-16 -4.080119238537194651e-17 -1.724586153589881576e-14 1.935787096651518956e-11 0.000000000000000000e+00
0.000000000000000000e+00 0.000000000000000000e+00 0.000000000000000000e+00 0.000000000000000000e+00 0.000000000000000000e+00 0.000000000000000000e+00 1.131113880783690361e-14 -1.763484387184623439e-14 4.498328538855046627e-15 3.198678842182025427e-14 -1.467114632904420276e-14 7.634114105313073418e-15 -3.763914468744605220e-15 -2.194953745630088859e-15 1.080975006393443881e-15 -1.264451995800056126e-16 -7.213576886074215623e-11 -1.945828179230445676e-14 1.929914545469354882e-11 0.000000000000000000e+00
0.000000000000000000e+00 0.000000000000000000e+00 0.000000000000000000e+00 0.000000000000000000e+00 0.000000000000000000e+00 0.000000000000000000e+00 -3.750013634047181639e-14 2.198915475292656854e-14 -6.227610768647866472e-15 2.230304873577464960e-16 1.145977242716461066e-14 -1.625873325313108442e-14 -7.234613881820351092e-16 -2.211479292132796612e-15 -1.122552317046544061e-15 -2.578671454842046564e-16 -7.603643178000920269e-10 -1.584908503173971819e-14 1.924048751794084623e-11 0.000000000000000000e+00
0.000000000000000000e+00 0.000000000000000000e+00 0.000000000000000000e+00 0.000000000000000000e+00 0.000000000000000000e+00 0.000000000000000000e+00 1.875541883158883212e-15 -4.325984620598033495e-14 -7.275193502635551895e-15 1.259833552684022823e-14 -2.308009866441285094e-16 -2.290627355099965629e-15 -1.905607851924323043e-15 -6.106626432639600813e-16 -9.716556977206400874e-17 1.718146582626604678e-16 -3.135393701061638926e-16 -1.383037858058180777e-13 -2.951661567728437567e-04 0.000000000000000000e+00
0.000000000000000000e+00 0.000000000000000000e+00 0.000000000000000000e+00 0.000000000000000000e+00 0.000000000000000000e+00 0.000000000000000000e+00 3.495705815835597880e-15 -3.855975953129121318e-14 -4.104336066781879672e-15 1.307059204707292104e-14 -1.568461146013651594e-15 -1.081251330600972110e-15 -2.924891031519801569e-15 -1.595167288030904710e-15 1.438045962096613515e-16 1.936866069972601700e-16 -4.376503552564801838e-16 -2.150241100219709816e-13 -4.353070336066833658e-04 0.000000000000000000e+00
0.000000000000000000e+00 0.000000000000000000e+00 0.000000000000000000e+00 0.000000000000000000e+00 0.000000000000000000e+00 0.000000000000000000e+00 2.782303661566350933e-14 -5.942356462684369448e-15 2.459544155073206457e-15 1.319649528907742700e-14 -9.417747569506047730e-15 6.919366415487836431e-15 -3.150032366205887489e-15 -2.349210986737860955e-15 1.623722479976999017e-15 1.238602986649658486e-16 -4.203274058901294373e-16 -7.892415790483358954e-13 4.731184064538052771e+05 0.000000000000000000e+00
0.000000000000000000e+00 0.000000000000000000e+00 0.000000000000000000e+00 0.000000000000000000e+00 0.000000000000000000e+00 0.000000000000000000e+00 1.612755039184566751e-09 3.177249898631318351e-09 5.142901712605925877e-09 3.887787856995103318e-09 4.223315711895338344e-09 4.094948064544630633e-09 2.945221708399646490e-09 2.298629928655268454e-09 1.053422812905833766e-09 3.344893062534668029e-10 4.498267843907724683e-10 5.852964182415228783e-08 1.710907940443459445e-06 0.000000000000000000e+00
0.000000000000000000e+00 0.000000000000000000e+00 0.000000000000000000e+00 0.000000000000000000e+00 0.000000000000000000e+00 0.000000000000000000e+00 5.373304416489652572e-10 3.374495065429227451e-09 2.946965815414718869e-09 2.123568811627459049e-10 -9.719288564213311496e-10 6.026374743624028982e-10 2.509696070167128737e-10 2.964872370416056886e-10 1.948829143869974500e-10 2.284826486121258535e-10 5.045103770711202217e-07 6.067980117906123393e-08 1.702994835245993238e-06 0.000000000000000000e+00
0.000000000000000000e+00 0.000000000000000000e+00 0.000000000000000000e+00 0.000000000000000000e+00 0.000000000000000000e+00 0.000000000000000000e+00 5.448712329488335163e-09 8.292295189848568741e-09 2.133791276168781394e-08 1.477925885139874271e-08 2.132605357276733395e-08 2.033912061810975606e-08 1.266337532222094107e-08 8.494571209474025393e-09 3.719707906072694688e-09 1.280909520840769543e-09 6.480211144345348882e-06 7.234677314890212178e-08 1.681133689360539158e-06 0.000000000000000000e+00
0.000000000000000000e+00 0.000000000000000000e+00 0.000000000000000000e+00 0.000000000000000000e+00 0.000000000000000000e+00 0.000000000000000000e+00 -1.501138616455710680e-09 1.456079302913744313e-09 7.325400940653191447e-10 6.503197785482324050e-10 -2.133859985009082181e-10 6.935441928290725877e-10 3.426446311944348614e-10 4.821812094508524689e-10 2.736697655636913631e-10 1.832872668504812109e-10 1.844610409720580218e-10 2.480991625725505797e-08 6.411873448466769787e+01 0.000000000000000000e+00
0.000000000000000000e+00 0.000000000000000000e+00 0.000000000000000000e+00 0.000000000000000000e+00 0.000000000000000000e+00 0.000000000000000000e+00 -1.234098544201908993e-09 1.550595426609325574e-09 1.000841217050033728e-09 5.309825705180663537e-10 -4.756601300967453379e-10 5.992993089520591671e-10 2.771705291406650869e-10 3.875740841557294596e-10 2.020472576545024230e-10 1.434519793377163809e-10 1.292194035864604482e-10 2.811157066124181150e-08 9.513849504905374488e+01 0.000000000000000000e+00
0.000000000000000000e+00 0.000000000000000000e+00 0.000000000000000000e+00 0.000000000000000000e+00 0.000000000000000000e+00 0.000000000000000000e+00 3.087942532877718636e-10 1.935864648956627262e-09 3.118572967775050944e-10 5.389996138089190005e-10 -2.880847820886429328e-10 1.050740027784744106e-10 3.294208775293054750e-10 4.090999319752693167e-10 2.833654628635111642e-10 1.110538260759937732e-10 6.655179673177062331e-11 2.342830575195957145e-08 -2.602558554158392334e+10 0.000000000000000000e+00
0.000000000000000000e+00 0.000000000000000000e+00 0.000000000000000000e+00 0.000000000000000000e+00 0.000000000000000000e+00 0.000000000000000000e+00 -1.495241353172197442e-08 -9.746319187770484602e-09 -1.277207812483319637e-08 -1.135745983036238871e-08 -8.550224610404556596e-09 -4.084103882096097082e-09 -2.571778372584387646e-09 -8.979184748131714018e-10 -4.537540042123022838e-10 -1.371343165295271713e-10 7.629999385051131930e-11 5.754741246716316832e-10 1.337147729493972570e-09 0.000000000000000000e+00
0.000000000000000000e+00 0.000000000000000000e+00 0.000000000000000000e+00 0.000000000000000000e+00 0.000000000000000000e+00 0.000000000000000000e+00 -5.421727705626049645e-09 -9.341587986759585855e-09 -8.539970024743314107e-09 -1.214601816946287163e-09 -1.375424819800375426e-09 7.455723088647634650e-10 -2.231757075221337560e-10 1.334783976162828886e-10 1.942796358774805119e-11 -5.881872284832952293e-11 -6.565748536564412453e-11 5.299108527278584865e-10 1.328639382042816825e-09 0.000000000000000000e+00
0.000000000000000000e+00 0.000000000000000000e+00 0.000000000000000000e+00 0.000000000000000000e+00 0.000000000000000000e+00 0.000000000000000000e+00 -2.403768293855856740e-08 -1.012078285853069003e-08 -1.688477998179186676e-08 -2.127061455908788042e-08 -1.701271086749508454e-08 -9.649834672567994909e-09 -4.731174989345949953e-09 -1.827431060076148523e-09 -9.095120165590331849e-10 -3.108408101785380674e-10 4.638296577116875794e-10 6.319212378697788992e-10 1.341144106142203010e-09 0.000000000000000000e+00
0.000000000000000000e+00 0.000000000000000000e+00 0.000000000000000000e+00 0.000000000000000000e+00 0.000000000000000000e+00 0.000000000000000000e+00 -1.757206343303778294e-10 -6.710526989058541511e-09 -5.377388615969123473e-09 -3.742465724449584595e-09 -1.361215899510039329e-09 -2.442837917398490351e-10 -8.910195583154207241e-10 -8.145947506152416532e-11 -6.885766661612623402e-11 -5.938748569529294868e-11 1.287125278940119356e-11 7.927538908280985625e-11 2.083395023418149229e-08 0.000000000000000000e+00
0.000000000000000000e+00 0.000000000000000000e+00 0.000000000000000000e+00 0.000000000000000000e+00 0.000000000000000000e+00 0.000000000000000000e+00 2.552080964774291153e-09 -6.075069331826853927e-09 -4.115143294555678501e-09 -1.852981001261505911e-09 1.044372667607685319e-10 6.706560855604416152e-10 -4.240424751184872936e-10 1.387675686669049543e-10 7.620003581872758284e-11 5.267656058995987338e-12 -7.991895719582888944e-12 -7.146818856669510525e-11 2.522139660008234618e-08 0.000000000000000000e+00
0.000000000000000000e+00 0.000000000000000000e+00 0.000000000000000000e+00 0.000000000000000000e+00 0.000000000000000000e+00 0.000000000000000000e+00 -1.250203556546825575e-09 -6.493100137937466137e-09 -6.661794143692824848e-09 -1.515103824018344700e-09 -1.529355058950946487e-09 2.959015496985373961e-10 -2.988733359953152474e-10 -4.570021962442675203e-11 -2.686464631340044722e-11 -2.778718926736473727e-12 9.196692962713599761e-12 7.098144594760047780e-11 -1.042038770262605600e-02 0.000000000000000000e+00
0.000000000000000000e+00 0.000000000000000000e+00 0.000000000000000000e+00 0.000000000000000000e+00 0.000000000000000000e+00 0.000000000000000000e+00 -7.358345825115523303e-08 -8.306260398150657105e-08 -7.190822824003306114e-08 -2.628395318986514221e-08 -3.391007756858253766e-08 -6.872406466581708009e-09 -9.138730733012953768e-09 -1.615508718548999084e-09 -1.537223385827163320e-09 -2.549640701002454511e-10 2.863538822177819247e-10 2.095797399952335929e-09 1.225622514658127626e-08 0.000000000000000000e+00
0.000000000000000000e+00 0.000000000000000000e+00 0.000000000000000000e+00 0.000000000000000000e+00 0.000000000000000000e+00 0.000000000000000000e+00 -6.754245538141967038e-08 -4.495293247699249296e-08 -1.550887308928961681e-08 3.396372267580471797e-09 -8.619360502850130267e-09 3.995286167117520683e-09 -5.695366199981581974e-10 3.855103475420285223e-10 2.277733419626113418e-11 -2.799180651156680987e-11 2.119373754248395748e-09 1.842027652331658750e-09 1.218278722655217238e-08 0.000000000000000000e+00
0.000000000000000000e+00 0.000000000000000000e+00 0.000000000000000000e+00 0.000000000000000000e+00 0.000000000000000000e+00 0.000000000000000000e+00 -8.138439126987450233e-08 -1.187054426689330255e-07 -1.260825110770806643e-07 -5.698643218519244167e-08 -6.431375445020732590e-08 -1.861866098883893865e-08 -1.694315441696509501e-08 -3.651013356347297248e-09 -2.496964409375161029e-09 -7.275818435567855524e-10 5.024456471793013683e-09 2.363109821040982136e-09 1.229247705024136388e-08 0.000000000000000000e+00
0.000000000000000000e+00 0.000000000000000000e+00 0.000000000000000000e+00 0.000000000000000000e+00 0.000000000000000000e+00 0.000000000000000000e+00 -1.172896644078367974e-08 -3.756641566854014633e-08 -2.229220580875882174e-08 -7.307996418863399419e-10 -6.227973866986594288e-09 1.468725763459105009e-09 -3.025912194082128860e-09 2.751808401375417765e-10 -3.531754084361080245e-10 1.723833804278177430e-12 5.187236476833757397e-11 -3.684628997986116421e-10 7.321363055230000182e-06 0.000000000000000000e+00
0.000000000000000000e+00 0.000000000000000000e+00 0.000000000000000000e+00 0.000000000000000000e+00 0.000000000000000000e+00 0.000000000000000000e+00 -3.398144913158494629e-09 -2.621509301958731929e-08 -1.020259400771705751e-08 4.570377796522097827e-09 -7.444868112207495675e-10 3.438737931523019150e-09 -1.236031102528391962e-09 6.794337119235889554e-10 6.849747541972720347e-11 2.092424277542973973e-10 -2.013474234632102540e-11 -1.049838754090584091e-09 8.908466972231740132e-06 0.000000000000000000e+00
0.000000000000000000e+00 0.000000000000000000e+00 0.000000000000000000e+00 0.000000000000000000e+00 0.000000000000000000e+00 0.000000000000000000e+00 -3.492829626890949716e-08 -2.317523409307278017e-08 -8.811413439778208781e-09 9.105736420629643789e-11 -7.920067401956574069e-09 2.669373971580196997e-09 -2.693537902366453964e-10 -4.074815829064937594e-10 -3.960212718938822436e-10 -1.451667296811563963e-10 7.847204844474928987e-11 4.211217296644826115e-10 -1.114698941986520669e-01 0.000000000000000000e+00
0.000000000000000000e+00 0.000000000000000000e+00 0.000000000000000000e+00 0.000000000000000000e+00 0.000000000000000000e+00 0.000000000000000000e+00 3.311275927944124923e-09 -8.505835837310629180e-09 -2.033009809658521205e-09 -4.212261611589193896e-10 -4.099630458706366676e-10 2.618232422342674540e-10 3.456232321198479202e-10 -2.837498778035899151e-10 -3.121140895352969542e-10 -3.166105592408887193e-11 -2.024001361137696925e-10 -1.621470119153655994e-08 8.046247398788535502e-06 0.000000000000000000e+00
0.000000000000000000e+00 0.000000000000000000e+00 0.000000000000000000e+00 0.000000000000000000e+00 0.000000000000000000e+00 0.000000000000000000e+00 4.227725688425617494e-09 -1.174899792974346518e-08 -4.329946905343759812e-09 -4.600041278959430037e-09 -1.266518768490786832e-09 -1.130780185339421565e-09 -8.413327196844864803e-10 -3.866650001364462112e-10 -3.492367131033094655e-10 -8.538566103274739350e-11 -1.812222983617496749e-05 -1.949156618018792662e-08 8.058562528228677545e-06 0.000000000000000000e+00
0.000000000000000000e+00 0.000000000000000000e+00 0.000000000000000000e+00 0.000000000000000000e+00 0.000000000000000000e+00 0.000000000000000000e+00 1.478997330102689983e-09 -8.280062740380193560e-09 -4.192857905967569715e-09 -4.483228011481699745e-09 2.174710650062681297e-09 -1.152390571887415893e-09 3.951149686852098639e-10 -7.584838303805058493e-11 -3.766033504747644020e-10 1.755230209480453455e-11 2.526188303806379005e-05 -1.862291769765201405e-08 8.079510468986662690e-06 0.000000000000000000e+00
0.000000000000000000e+00 0.000000000000000000e+00 0.000000000000000000e+00 0.000000000000000000e+00 0.000000000000000000e+00 0.000000000000000000e+00 3.356888387540377249e-09 -5.914800308538062721e-09 -3.154432467009638146e-09 -2.457460376431958545e-10 -1.201534634541469338e-09 3.874927628848953328e-10 -3.234542700529974631e-10 -3.770362738481037695e-10 -3.528528904771894603e-10 -6.022646363390665907e-11 -9.830091469093952938e-11 -3.097119154190007262e-08 -4.862879473849376666e+01 0.000000000000000000e+00
0.000000000000000000e+00 0.000000000000000000e+00 0.000000000000000000e+00 0.000000000000000000e+00 0.000000000000000000e+00 0.000000000000000000e+00 3.120216551817092820e-09 -6.045864553703471908e-09 -3.645556765927030758e-09 -6.269501746081404988e-10 -1.434015127797503608e-09 2.561377990247266350e-10 -5.212712181073741105e-10 -3.976241420679884489e-10 -4.054500639909639996e-10 -1.098117298866727634e-10 -5.366663825073220047e-11 -3.076534084121287176e-08 -7.323899024225647736e+01 0.000000000000000000e+00
0.000000000000000000e+00 0.000000000000000000e+00 0.000000000000000000e+00 0.000000000000000000e+00 0.000000000000000000e+00 0.000000000000000000e+00 5.637071410778466219e-10 -8.029762770188523482e-09 -2.292700562577774547e-09 -1.849510013445121844e-09 -1.795014334017183871e-09 -1.539695025852968624e-09 -6.096374222450616131e-10 -5.145418558064129564e-10 -7.585835222598593419e-10 -2.161262987945001312e-10 -1.912725031632019396e-10 2.247632313244811927e-08 1.453219472955508057e+12 0.000000000000000000e+00
