0.000000000000000000e+00 0.000000000000000000e+00 0.000000000000000000e+00 0.000000000000000000e+00 0.000000000000000000e+00 0.000000000000000000e+00 3.350325160653753025e-12 3.886265288053169548e-11 4.618471326029872908e-11 3.000854378496294321e-11 3.204250848911367356e-11 2.918274836050862012e-11 2.324739327749373531e-11 1.431041601758036323e-11 4.015336610638339757e-12 2.983684919674118544e-13 8.444340596736889095e-12 3.486842211279112444e-09 2.624983577785634596e-10 0.000000000000000000e+00
0.000000000000000000e+00 0.000000000000000000e+00 0.000000000000000000e+00 0.000000000000000000e+00 0.000000000000000000e+00 0.000000000000000000e+00 1.319043029257691000e-12 -2.506707496147335716e-13 -3.624368162543054169e-13 2.362130953749062332e-12 1.141783514851466491e-12 1.819172670397712214e-12 1.235807643221451597e-12 7.219964894588577431e-13 1.196526149858537323e-13 6.675986525401533507e-14 4.892157514029119486e-10 3.371155256990627335e-09 2.444884262345713706e-10 0.000000000000000000e+00
0.000000000000000000e+00 0.000000000000000000e+00 0.000000000000000000e+00 0.000000000000000000e+00 0.000000000000000000e+00 0.000000000000000000e+00 2.252892106076541427e-11 1.213797221894473207e-10 1.686992315929155394e-10 1.308254565539403571e-10 1.807690800207777158e-10 1.878031375718255971e-10 1.307787564649707776e-10 8.537937983799277140e-11 3.023429752772736989e-11 6.954386305012457332e-12 9.083084813361004574e-07 3.527200500233681970e-09 2.443638073279390146e-10 0.000000000000000000e+00
0.000000000000000000e+00 0.000000000000000000e+00 0.000000000000000000e+00 0.000000000000000000e+00 0.000000000000000000e+00 0.000000000000000000e+00 1.230659501400104608e-12 1.559209323021195952e-12 -8.373317434998182790e-13 1.105862221009142298e-12 2.730668519258392019e-13 4.125618399076742268e-13 3.609578120167892561e-13 1.779478166781551228e-13 2.314805386482313464e-14 4.783219625021374697e-15 8.302123304924777353e-14 5.147979456016853947e-09 6.088149705376383336e-02 0.000000000000000000e+00
0.000000000000000000e+00 0.000000000000000000e+00 0.000000000000000000e+00 0.000000000000000000e+00 0.000000000000000000e+00 0.000000000000000000e+00 2.202572896329639712e-12 1.256033319207206663e-12 -8.581126811548265684e-13 1.554114319585135761e-12 8.436565532694108627e-13 1.154141890231753519e-12 1.290193118872008092e-12 8.619200433145098566e-13 7.140828273424249803e-13 3.499028806933211809e-13 1.901359348766257609e-12 8.110852854842225190e-09 1.133744329351005220e-01 0.000000000000000000e+00
0.000000000000000000e+00 0.000000000000000000e+00 0.000000000000000000e+00 0.000000000000000000e+00 0.000000000000000000e+00 0.000000000000000000e+00 2.354195491638235593e-12 4.653247717147005443e-13 1.306008369588303600e-13 5.988313508157185830e-13 -4.380087781528657177e-15 5.998003903021233484e-13 3.049876524320258616e-13 1.298032089011103748e-13 1.027286934113177652e-13 1.117090572171629538e-14 9.669610936799568022e-15 -2.866975234170609783e-07 -6.386657988482952118e+06 0.000000000000000000e+00
0.000000000000000000e+00 0.000000000000000000e+00 0.000000000000000000e+00 0.000000000000000000e+00 0.000000000000000000e+00 0.000000000000000000e+00 -4.467781861585094740e-10 5.581517193110856162e-10 -2.419140228508129073e-10 -1.156517161024415929e-10 -8.983957913194596351e-11 3.458599836514754353e-11 -2.804137159558260129e-11 -1.206063661880929130e-11 -3.544483298788439851e-12 -1.311253760305584440e-13 2.487015876957596510e-12 1.629680786637948019e-11 -9.830764243099833851e-12 0.000000000000000000e+00
0.000000000000000000e+00 0.000000000000000000e+00 0.000000000000000000e+00 0.000000000000000000e+00 0.000000000000000000e+00 0.000000000000000000e+00 8.913718811475703530e-11 5.354678459870211976e-10 8.437312354127773293e-11 -3.231216360159531270e-11 7.445894333688887034e-11 -6.760974902784008849e-12 2.415505348306378004e-13 1.026893918324805012e-11 1.131566868021601355e-14 -2.788480071314144372e-13 6.555435349706405334e-12 1.534791000096744203e-11 -9.850904360624193532e-12 0.000000000000000000e+00
0.000000000000000000e+00 0.000000000000000000e+00 0.000000000000000000e+00 0.000000000000000000e+00 0.000000000000000000e+00 0.000000000000000000e+00 -9.383989223485410521e-10 5.816134849625289612e-10 -5.562965457568481819e-10 -1.915289505855504133e-10 -3.009620600659531140e-10 8.256975183526967377e-11 -5.967123823139789861e-11 -3.624850173515773054e-11 -9.515228434192538055e-12 -1.479163271529706722e-12 2.023501533362828162e-10 1.634564597721024440e-11 -9.834532471764302002e-12 0.000000000000000000e+00
0.000000000000000000e+00 0.000000000000000000e+00 0.000000000000000000e+00 0.000000000000000000e+00 0.000000000000000000e+00 0.000000000000000000e+00 2.457002844265474035e-11 4.246910585150617792e-10 7.342013941119630305e-11 -1.659240352306413713e-11 5.785657936010995560e-12 -3.199172138239034189e-12 -6.984899464155219452e-12 4.390996126648354023e-12 -2.688235745636066440e-13 -1.323137513012394296e-13 3.843942547440867707e-13 -3.109768224031614418e-11 -2.531584253924296789e-08 0.000000000000000000e+00
0.000000000000000000e+00 0.000000000000000000e+00 0.000000000000000000e+00 0.000000000000000000e+00 0.000000000000000000e+00 0.000000000000000000e+00 1.155852801833575341e-10 4.377894260344834143e-10 1.085787516790112498e-10 -1.839623716551903915e-11 3.211547380243453395e-11 -1.080388248731827232e-11 -1.179042156013496446e-12 8.121319941828841261e-12 1.234204628491089498e-12 2.031140897176606116e-13 -5.089521810183344120e-13 -4.119167523543396143e-11 -3.585066671369934759e-08 0.000000000000000000e+00
0.000000000000000000e+00 0.000000000000000000e+00 0.000000000000000000e+00 0.000000000000000000e+00 0.000000000000000000e+00 0.000000000000000000e+00 1.965438004767795867e-10 5.539439612277532806e-10 6.772931199425242463e-11 -8.254472252228838395e-11 7.589102239674437670e-11 -5.453605230279595666e-12 4.102260599391216348e-12 2.846250569607032260e-12 -9.847476248465978425e-13 -5.738813995327969140e-13 6.101325540033726426e-14 -1.158593138925756364e-10 -2.933611576163653928e-04 0.000000000000000000e+00
0.000000000000000000e+00 0.000000000000000000e+00 0.000000000000000000e+00 0.000000000000000000e+00 0.000000000000000000e+00 0.000000000000000000e+00 -1.140087619621448326e-09 3.992390473916534277e-09 -2.771197364647204007e-09 2.844153891832132413e-11 2.042193253934793338e-10 2.763134773883846759e-11 -1.400047347106872551e-10 -1.108654047881089532e-10 -2.691895817259877182e-11 5.045699596193081741e-12 3.986394015817084482e-11 1.789946597786779742e-10 -1.498241202070456398e-10 0.000000000000000000e+00
0.000000000000000000e+00 0.000000000000000000e+00 0.000000000000000000e+00 0.000000000000000000e+00 0.000000000000000000e+00 0.000000000000000000e+00 -1.600707854180789020e-10 1.983811938346094919e-09 -4.847084617988203982e-10 3.765548354063881874e-10 1.658249039605062256e-10 -3.549869276123175890e-11 2.322459048428216319e-12 6.307471492687128485e-11 -8.074938792110091649e-12 2.565940341133837210e-12 7.426161655245087315e-11 1.621049589843903403e-10 -1.521865824255410995e-10 0.000000000000000000e+00
0.000000000000000000e+00 0.000000000000000000e+00 0.000000000000000000e+00 0.000000000000000000e+00 0.000000000000000000e+00 0.000000000000000000e+00 -2.029816767909838060e-09 5.814285025881602743e-09 -4.933991251272472847e-09 -3.403314585474160876e-10 1.493750034052551914e-10 5.349862408087491865e-11 -3.022852255616318806e-10 -3.181758113065117490e-10 -6.011743008632359719e-11 -1.974851910194570433e-11 1.665897597906398907e-09 1.775319916808595213e-10 -1.513692511133203872e-10 0.000000000000000000e+00
0.000000000000000000e+00 0.000000000000000000e+00 0.000000000000000000e+00 0.000000000000000000e+00 0.000000000000000000e+00 0.000000000000000000e+00 -5.818855839057262030e-10 1.251565862763335404e-09 -3.117346527015159440e-10 2.604346030975039150e-10 7.647713074445669772e-11 -4.537132093230116128e-11 -1.916349968059909822e-11 2.570576876011188830e-11 -9.396467164003649790e-12 4.916447366195616603e-12 1.209125982096041806e-12 -4.055487014950720469e-10 9.791971360833099987e-08 0.000000000000000000e+00
0.000000000000000000e+00 0.000000000000000000e+00 0.000000000000000000e+00 0.000000000000000000e+00 0.000000000000000000e+00 0.000000000000000000e+00 -4.018288261338546035e-10 1.090080539422951515e-09 -6.585662423777734074e-11 2.880269706462144149e-10 9.212178452810662165e-11 -5.273927062795772490e-11 5.635575143406726839e-12 6.063358774781097622e-11 6.738563191913624650e-13 1.144928858103693896e-11 -1.544950380332232259e-11 -5.274279273862832714e-10 1.880689091635192098e-07 0.000000000000000000e+00
0.000000000000000000e+00 0.000000000000000000e+00 0.000000000000000000e+00 0.000000000000000000e+00 0.000000000000000000e+00 0.000000000000000000e+00 -5.107577835073485359e-11 1.936101351666004599e-09 -4.856571302735017804e-10 2.581649200289552636e-10 2.493066950001720034e-10 -1.300232831529588807e-11 5.842660124736597236e-12 9.107754825430247211e-12 6.100959901588297069e-13 -3.304495419843655036e-12 3.345774264392685598e-12 3.127839490975028216e-09 3.324292118195290580e-02 0.000000000000000000e+00
0.000000000000000000e+00 0.000000000000000000e+00 0.000000000000000000e+00 0.000000000000000000e+00 0.000000000000000000e+00 0.000000000000000000e+00 -2.702460668594846145e-10 1.375637003381915312e-10 1.521886487502196135e-10 -2.880164815904391128e-11 -5.475167827130167409e-11 -3.387979103440507745e-11 2.628724512323663421e-11 8.461148988684699111e-12 -4.941354304222796812e-12 -7.600672742271327346e-12 -1.898260521963454718e-11 -3.879188817117506181e-09 -1.496114309906992115e-07 0.000000000000000000e+00
0.000000000000000000e+00 0.000000000000000000e+00 0.000000000000000000e+00 0.000000000000000000e+00 0.000000000000000000e+00 0.000000000000000000e+00 -5.852279879440476486e-10 5.421587219368224949e-11 3.569592332232144209e-10 8.889950382557178697e-11 -4.243963062312180901e-11 8.901822556191450103e-11 7.174974240213924835e-11 2.639824360967952341e-11 3.031727404279916662e-12 -6.822706684412492446e-13 3.973449536398433346e-06 -3.394980182359699965e-09 -1.492242243571562650e-07 0.000000000000000000e+00
0.000000000000000000e+00 0.000000000000000000e+00 0.000000000000000000e+00 0.000000000000000000e+00 0.000000000000000000e+00 0.000000000000000000e+00 -2.566176268330873747e-11 6.675559990472438427e-10 2.041734054634172871e-10 6.786451053754771989e-11 -2.602797133871876922e-12 -1.221017228069663048e-10 9.562231726716425949e-12 2.782146948621802626e-11 6.444405748788272059e-12 1.072160156460031938e-11 -1.744416243848670846e-04 -3.405566972454023817e-09 -1.493023545528549995e-07 0.000000000000000000e+00
0.000000000000000000e+00 0.000000000000000000e+00 0.000000000000000000e+00 0.000000000000000000e+00 0.000000000000000000e+00 0.000000000000000000e+00 -3.774064313734161666e-10 2.252014814695210123e-11 2.595147497115682526e-10 4.814782490809612508e-11 -3.683836335367122069e-11 -9.573331797532484277e-14 5.372899937535555176e-11 1.187997893003545251e-11 8.506907954036908190e-14 -8.533580354344177160e-12 -1.165578909661253933e-11 -4.008973846204723694e-07 1.272635453721880916e+00 0.000000000000000000e+00
0.000000000000000000e+00 0.000000000000000000e+00 0.000000000000000000e+00 0.000000000000000000e+00 0.000000000000000000e+00 0.000000000000000000e+00 -3.558446082883269921e-10 1.377954031344958138e-11 2.815577649719748919e-10 3.697604908332790499e-11 -3.457039217405912822e-11 5.443258180969711316e-12 5.773002996798004704e-11 1.309506035809088333e-11 1.289963241171355865e-12 -9.268172818052460046e-12 -1.010229061470991450e-11 -5.395210947336770171e-07 4.978430262539302653e+00 0.000000000000000000e+00
0.000000000000000000e+00 0.000000000000000000e+00 0.000000000000000000e+00 0.000000000000000000e+00 0.000000000000000000e+00 0.000000000000000000e+00 -1.997184029986908043e-10 -3.900345526348958103e-11 2.547843235428113944e-10 -4.063122346690503180e-11 -5.736859100330981356e-11 3.905350322188018390e-11 4.912143603892535790e-11 2.758483832006798130e-11 1.391095574865492789e-11 -1.748660565158911681e-11 -5.390961951239826242e-11 -1.140097360644894012e-05 -6.849030568012326241e+09 0.000000000000000000e+00
0.000000000000000000e+00 0.000000000000000000e+00 0.000000000000000000e+00 0.000000000000000000e+00 0.000000000000000000e+00 0.000000000000000000e+00 6.312030529496609159e-12 5.391039583226127450e-10 7.416793789903825277e-10 5.081813656291182922e-10 1.501771414872593373e-10 2.909168751640563863e-10 1.670794063470323421e-10 8.377127611126199481e-11 3.407266418956819097e-11 5.194307608667019669e-12 6.321530361828051615e-11 3.094736021599451466e-08 3.241327684561774952e-08 0.000000000000000000e+00
0.000000000000000000e+00 0.000000000000000000e+00 0.000000000000000000e+00 0.000000000000000000e+00 0.000000000000000000e+00 0.000000000000000000e+00 3.344481761319659131e-10 7.868788512515422802e-10 -2.105642865897136541e-10 -7.275656367297499444e-11 -2.333141035327617940e-10 -9.504498961692688149e-11 4.197297233355282211e-12 -2.965827291744185190e-11 1.420577017710533668e-11 4.409366033466916494e-12 8.120041059548604334e-08 3.177457570191444373e-08 3.209458161847954195e-08 0.000000000000000000e+00
0.000000000000000000e+00 0.000000000000000000e+00 0.000000000000000000e+00 0.000000000000000000e+00 0.000000000000000000e+00 0.000000000000000000e+00 1.060986884337004558e-10 4.787194250883489278e-09 2.422559881372495130e-09 2.792979437315423366e-09 1.770060532660130618e-09 2.182534805401013554e-09 8.961506143736375420e-10 5.336732308790624088e-10 1.973341976434455921e-10 5.332780825962595061e-11 3.949962598660617448e-05 3.365757682105872812e-08 3.220746528593689353e-08 0.000000000000000000e+00
0.000000000000000000e+00 0.000000000000000000e+00 0.000000000000000000e+00 0.000000000000000000e+00 0.000000000000000000e+00 0.000000000000000000e+00 8.270123832644652628e-10 6.833183069900773067e-10 -6.336733575350485316e-12 -1.126486225088082680e-11 -9.638360153657385121e-11 -8.606283113559232217e-11 2.216276583531134967e-11 -2.147745836968157472e-11 1.930341640793780136e-11 4.071815178320261330e-12 1.607435836842513112e-11 3.544598832912651651e-06 -2.404134521679438308e+00 0.000000000000000000e+00
0.000000000000000000e+00 0.000000000000000000e+00 0.000000000000000000e+00 0.000000000000000000e+00 0.000000000000000000e+00 0.000000000000000000e+00 9.811814288353084782e-10 9.651725937409576619e-10 -7.072513179534282956e-11 1.991395408583113637e-11 -1.150940056058519140e-10 -6.735040278755141511e-11 2.753969907947804983e-11 -2.572055317578228315e-11 2.819155401363331990e-11 8.080605419239038446e-12 3.287093987350987857e-11 5.119730155899625745e-06 -9.041484537085295869e+00 0.000000000000000000e+00
0.000000000000000000e+00 0.000000000000000000e+00 0.000000000000000000e+00 0.000000000000000000e+00 0.000000000000000000e+00 0.000000000000000000e+00 8.245033672423593518e-10 5.286904433194177476e-10 -2.015086972075735573e-10 -9.200397523929809678e-12 -2.467992601326493999e-10 1.859571801068674933e-11 -2.462274923209629950e-12 -1.087074656661710524e-11 2.176515857225215822e-11 6.734441822839630394e-12 1.843544306170372133e-11 -1.425687966617045221e-05 -6.650436274743652344e+08 0.000000000000000000e+00
0.000000000000000000e+00 0.000000000000000000e+00 0.000000000000000000e+00 0.000000000000000000e+00 0.000000000000000000e+00 0.000000000000000000e+00 -2.194284704765368737e-09 -3.482963789599559657e-09 -5.745663264639049561e-09 -1.529006994566566282e-09 -1.982729856810231534e-09 -1.331515228008884054e-09 -5.452285553843367150e-10 -2.044194823064621468e-10 -6.435694568144957233e-11 -7.872994180337420007e-12 3.351643493492304645e-11 2.803485081523813624e-10 3.890775886514216952e-11 0.000000000000000000e+00
0.000000000000000000e+00 0.000000000000000000e+00 0.000000000000000000e+00 0.000000000000000000e+00 0.000000000000000000e+00 0.000000000000000000e+00 2.267104372629224168e-09 9.943099434552942574e-09 -1.940295384379262190e-09 -3.895722071965033909e-10 6.483354505006712841e-10 1.208967388974330956e-10 4.657470956293543114e-11 8.645555699365269934e-11 -8.653611270967654304e-13 -8.141230421117001632e-12 -7.945344142450418880e-11 2.623881795760716107e-10 3.837673787023659552e-11 0.000000000000000000e+00
0.000000000000000000e+00 0.000000000000000000e+00 0.000000000000000000e+00 0.000000000000000000e+00 0.000000000000000000e+00 0.000000000000000000e+00 -6.225038250448893653e-09 -1.581407588048663190e-08 -9.249047509223800904e-09 -2.761466045566014505e-09 -4.891683456053948033e-09 -2.987547945472579382e-09 -1.222871684463996989e-09 -5.761505397482759604e-10 -1.592288538961556941e-10 -7.020921067404823810e-11 -1.418603642411772797e-09 2.812823887481252996e-10 3.796866530286542566e-11 0.000000000000000000e+00
0.000000000000000000e+00 0.000000000000000000e+00 0.000000000000000000e+00 0.000000000000000000e+00 0.000000000000000000e+00 0.000000000000000000e+00 1.983475985956777545e-09 8.300039600211312478e-09 -1.770049512135294572e-09 -8.011224762640066120e-10 6.044576050173176267e-10 -1.629467421346724063e-10 -8.496958096128465365e-11 4.362368414703529678e-11 -1.205384975120657120e-11 -8.318284531532207897e-13 1.536911685382229745e-12 6.572134585018302801e-10 -2.162730955591091845e-07 0.000000000000000000e+00
0.000000000000000000e+00 0.000000000000000000e+00 0.000000000000000000e+00 0.000000000000000000e+00 0.000000000000000000e+00 0.000000000000000000e+00 2.320901903469266941e-09 9.704767674216022889e-09 -1.146811053794861270e-09 -4.784344347413146474e-10 8.362524934958482925e-10 4.955794955570106472e-12 1.441196925089063401e-11 1.054514272589885936e-10 1.191781701936281270e-11 1.411979510789994166e-11 -1.195594288303255674e-11 7.015741500898060348e-10 -3.429894006418596737e-07 0.000000000000000000e+00
0.000000000000000000e+00 0.000000000000000000e+00 0.000000000000000000e+00 0.000000000000000000e+00 0.000000000000000000e+00 0.000000000000000000e+00 1.372120601250149284e-09 8.605054811132551602e-09 -9.966908963875344256e-10 3.329190957093026966e-10 3.361297963180681252e-13 -3.142758243551415101e-10 -1.105424709087043749e-11 1.907812482022513814e-11 4.791390085291255193e-12 -2.843523743139261539e-12 -4.705781159147656730e-13 -2.036030732901950381e-09 -9.078295001080923660e-03 0.000000000000000000e+00
0.000000000000000000e+00 0.000000000000000000e+00 0.000000000000000000e+00 0.000000000000000000e+00 0.000000000000000000e+00 0.000000000000000000e+00 -2.482872084346953616e-08 5.982620588385740188e-09 -2.427744374629644897e-08 -6.458552790897190714e-09 -1.055511904751284156e-08 -5.220527312134869382e-09 -2.721762760131922289e-09 -1.541404573082368985e-09 -4.053296475400293033e-10 -2.608939921088860757e-11 1.822326751122004327e-10 1.064688050521521215e-09 -4.511683241234815668e-10 0.000000000000000000e+00
0.000000000000000000e+00 0.000000000000000000e+00 0.000000000000000000e+00 0.000000000000000000e+00 0.000000000000000000e+00 0.000000000000000000e+00 -1.599355752329968638e-08 2.913754913056608002e-08 -6.911325014280733970e-09 -3.131842037310629759e-10 1.264067209229309169e-11 1.053959684884638797e-09 -6.002154365035392427e-11 8.398190929189042866e-11 1.801187436416317927e-11 -2.356084314318646584e-11 -2.820696936579875249e-10 8.347431967042842832e-10 -3.972112735437570200e-10 0.000000000000000000e+00
0.000000000000000000e+00 0.000000000000000000e+00 0.000000000000000000e+00 0.000000000000000000e+00 0.000000000000000000e+00 0.000000000000000000e+00 -3.238598163347328992e-08 -1.567224670717782390e-08 -4.038646291825572933e-08 -1.327876193388429362e-08 -2.325984498474665191e-08 -1.304295992859757287e-08 -5.602927837317023244e-09 -3.289005411749298836e-09 -1.146823313772375626e-09 -3.566399425577944096e-10 -4.636679467293676458e-10 9.788431672122881776e-10 -4.018419446297890195e-10 0.000000000000000000e+00
0.000000000000000000e+00 0.000000000000000000e+00 0.000000000000000000e+00 0.000000000000000000e+00 0.000000000000000000e+00 0.000000000000000000e+00 -1.650404105516167065e-08 2.348488932206196670e-08 -6.069030141841009860e-09 -5.020627518237285949e-10 -1.493013388499243063e-10 -8.625561933430627785e-11 -5.635789006468251427e-10 -1.146807512081496733e-10 -2.868465657655432601e-11 2.089419545039604035e-11 7.037854414606357176e-11 1.469463413161882611e-08 -4.193901605455429696e-06 0.000000000000000000e+00
0.000000000000000000e+00 0.000000000000000000e+00 0.000000000000000000e+00 0.000000000000000000e+00 0.000000000000000000e+00 0.000000000000000000e+00 -1.619667038556711464e-08 2.708433302454274967e-08 -4.011105528871711126e-09 8.196822219799202521e-10 1.187327708590699518e-09 7.108967027162364263e-10 -8.174858868274260034e-11 2.306841841548273859e-10 1.558220084203809749e-10 1.028545945844738281e-10 1.536160408789481378e-11 1.735382940668567701e-08 -7.719881719729606071e-06 0.000000000000000000e+00
0.000000000000000000e+00 0.000000000000000000e+00 0.000000000000000000e+00 0.000000000000000000e+00 0.000000000000000000e+00 0.000000000000000000e+00 -1.939881872182341740e-08 3.085462620296338841e-08 -6.241795865553467974e-09 2.320208683681314487e-09 -5.357047701832095160e-10 -4.163277177974535950e-10 -1.395756762169668471e-10 -3.207517130916007443e-10 8.663015343628256538e-11 -5.131448070995076959e-11 -1.027884391683965228e-10 -3.878095530563085893e-08 -2.671728215598885847e-01 0.000000000000000000e+00
0.000000000000000000e+00 0.000000000000000000e+00 0.000000000000000000e+00 0.000000000000000000e+00 0.000000000000000000e+00 0.000000000000000000e+00 2.684132109488163803e-09 3.146112377355322697e-09 7.641710126569643155e-10 -4.255523659235959399e-10 4.332790207777103572e-10 -1.427408433269157028e-10 -2.837068475454259815e-10 -1.351509998335857126e-10 -2.719656589968096552e-11 -1.801648958111284520e-11 -2.334450041236301983e-10 -6.233466958248932351e-08 -1.125546169235685796e-06 0.000000000000000000e+00
0.000000000000000000e+00 0.000000000000000000e+00 0.000000000000000000e+00 0.000000000000000000e+00 0.000000000000000000e+00 0.000000000000000000e+00 -1.692427085117314744e-09 3.133661603008184785e-09 -4.323275238934994495e-09 -9.317042002589754827e-11 2.232756861037653124e-09 -3.481540053653364533e-10 4.088782818746772949e-10 -4.014085363654555756e-10 -6.769932693868809543e-11 -6.912059484506999264e-11 -1.957365591724107105e-05 -6.789893932106717208e-08 -1.117284234032899464e-06 0.000000000000000000e+00
0.000000000000000000e+00 0.000000000000000000e+00 0.000000000000000000e+00 0.000000000000000000e+00 0.000000000000000000e+00 0.000000000000000000e+00 2.319496001981229523e-10 2.669908082722740326e-09 8.049576243465044109e-10 -1.074910244178865063e-10 1.171090174098140891e-09 -7.013029568305369218e-10 3.962876666613396424e-11 7.152948349213994874e-11 -5.345485662495783475e-11 -2.391748507572969383e-10 -6.077037997955538062e-03 -7.157847005466417623e-08 -1.115070972584986865e-06 0.000000000000000000e+00
0.000000000000000000e+00 0.000000000000000000e+00 0.000000000000000000e+00 0.000000000000000000e+00 0.000000000000000000e+00 0.000000000000000000e+00 2.759121176967872545e-10 3.121671991693423184e-09 -4.436344595062033275e-10 -3.524180407882122008e-11 -2.508148821478484064e-11 1.558911126908724013e-10 1.767104542690497807e-11 -3.525073602486790627e-10 -6.359802325221712184e-11 -3.946263101685543229e-11 -5.884058702306190866e-11 -5.304468897462812695e-08 2.725188127978434594e+01 0.000000000000000000e+00
0.000000000000000000e+00 0.000000000000000000e+00 0.000000000000000000e+00 0.000000000000000000e+00 0.000000000000000000e+00 0.000000000000000000e+00 -3.756050934355972787e-10 3.497914786059883565e-09 -1.207524626223313281e-09 6.962124739491489804e-11 1.291826637463934551e-10 1.497032443047736587e-10 1.914770391123530192e-10 -4.176740026556073661e-10 -5.727083950266588322e-11 -1.989294417223601096e-11 -2.928196597710214016e-11 -3.747681107531751718e-07 1.761278367689936886e+02 0.000000000000000000e+00
0.000000000000000000e+00 0.000000000000000000e+00 0.000000000000000000e+00 0.000000000000000000e+00 0.000000000000000000e+00 0.000000000000000000e+00 -1.055181895094304519e-09 5.132255050023119172e-09 -2.883629297607596471e-09 -5.690355374575393000e-11 1.184263826096295535e-09 -3.534440914996044877e-11 5.271098393658654166e-10 -6.094738589172411497e-10 2.916117398879170120e-11 -1.431822127148272815e-10 -5.407615116059572084e-10 -2.666731182371722634e-04 6.289376659786556396e+11 0.000000000000000000e+00
0.000000000000000000e+00 0.000000000000000000e+00 0.000000000000000000e+00 0.000000000000000000e+00 0.000000000000000000e+00 0.000000000000000000e+00 6.647642239701915603e-10 4.164304794991463228e-10 5.002596611967810635e-10 5.285117273225294961e-10 5.578126542804272085e-10 4.477453837556293947e-10 4.392384951036246801e-10 3.081258335094924553e-10 1.339635061117231655e-10 2.292101266997905631e-11 2.526409660693700752e-10 3.619738199990538292e-08 3.852623736698520004e-08 0.000000000000000000e+00
0.000000000000000000e+00 0.000000000000000000e+00 0.000000000000000000e+00 0.000000000000000000e+00 0.000000000000000000e+00 0.000000000000000000e+00 6.019137704895912836e-11 1.412815671703133172e-10 2.337357137675413161e-10 1.151967074550301608e-10 1.485703452195121464e-10 8.611222201659120455e-11 7.106410500230483149e-11 4.833976718105040946e-11 3.111030657122181679e-11 3.531606578486293506e-11 3.424784141527568309e-07 3.511643737855260834e-08 3.835318290010223270e-08 0.000000000000000000e+00
0.000000000000000000e+00 0.000000000000000000e+00 0.000000000000000000e+00 0.000000000000000000e+00 0.000000000000000000e+00 0.000000000000000000e+00 2.890942687979652440e-09 1.931140442190149587e-09 1.818647898877522809e-09 2.203613995020732574e-09 2.894439291957733568e-09 2.686498676232793350e-09 2.172451876314263081e-09 1.539965577642422101e-09 6.853966110488643196e-10 2.312918244897299323e-10 3.015933305464823608e-05 3.631111755655447357e-08 3.837194401832249040e-08 0.000000000000000000e+00
0.000000000000000000e+00 0.000000000000000000e+00 0.000000000000000000e+00 0.000000000000000000e+00 0.000000000000000000e+00 0.000000000000000000e+00 2.720432959521074586e-11 3.943029775811825308e-11 1.275099223971155579e-10 6.622945929148504963e-11 6.906772337862247148e-11 5.076091378371350381e-11 6.708237971571151035e-11 6.606947377687509097e-11 4.127538364788084188e-11 1.445959477678779147e-11 5.857463917395621887e-11 -5.444339479599363341e-09 1.991006404175506006e+00 0.000000000000000000e+00
0.000000000000000000e+00 0.000000000000000000e+00 0.000000000000000000e+00 0.000000000000000000e+00 0.000000000000000000e+00 0.000000000000000000e+00 2.559248402112116989e-11 4.992796507315455818e-11 1.218832878144307746e-10 5.728483375748387309e-11 5.614643255200878727e-11 3.619167108445088345e-11 5.488223484988037997e-11 5.162493069493572062e-11 2.922586428271616378e-11 1.094023766962212292e-11 2.816505309696497942e-11 -1.950212536813445688e-09 1.010272592773449674e+01 0.000000000000000000e+00
0.000000000000000000e+00 0.000000000000000000e+00 0.000000000000000000e+00 0.000000000000000000e+00 0.000000000000000000e+00 0.000000000000000000e+00 2.144662029796175419e-11 3.826009452516470041e-11 9.703865435229280450e-11 5.710655352814099589e-11 6.572084448881874103e-11 5.486141199169906739e-11 5.902484225563376765e-11 4.482618148685382330e-11 1.989679231204640271e-11 6.558091059171949257e-12 1.221800076226372995e-11 4.492777542517117483e-06 5.303579343789672852e+07 0.000000000000000000e+00
0.000000000000000000e+00 0.000000000000000000e+00 0.000000000000000000e+00 0.000000000000000000e+00 0.000000000000000000e+00 0.000000000000000000e+00 2.239352203789309583e-10 -4.276528290617472490e-09 -3.337384077833756133e-09 -2.380004516490064134e-09 -1.671640381767769617e-09 -6.491519723850991588e-10 -8.220672213249587336e-10 -3.164041394094845491e-10 -1.499360016861946434e-10 -2.422837118237438701e-11 7.871683076102063227e-11 5.028073127051134073e-10 3.717483499633870342e-11 0.000000000000000000e+00
0.000000000000000000e+00 0.000000000000000000e+00 0.000000000000000000e+00 0.000000000000000000e+00 0.000000000000000000e+00 0.000000000000000000e+00 -6.409060950857861399e-11 7.874780955313171809e-10 -1.046718516376572037e-09 8.382755065177476512e-10 4.967814184729164691e-10 -7.480532186206423257e-11 1.449766576587157317e-11 5.773592870652450784e-11 -3.389642335524990753e-11 -3.392169579137138251e-11 3.065533588205153757e-11 4.756999423749492375e-10 3.713937921647146413e-11 0.000000000000000000e+00
0.000000000000000000e+00 0.000000000000000000e+00 0.000000000000000000e+00 0.000000000000000000e+00 0.000000000000000000e+00 0.000000000000000000e+00 4.964045280291728922e-10 -8.932980274691749061e-09 -5.518373967018702049e-09 -5.538285680812767919e-09 -4.207941856536238118e-09 -1.454420258446123382e-09 -1.775836520263855879e-09 -8.022248503278572151e-10 -3.499273832250006700e-10 -1.293612996650978414e-10 1.256031322571902780e-09 4.993901318470416053e-10 3.725441958643083803e-11 0.000000000000000000e+00
0.000000000000000000e+00 0.000000000000000000e+00 0.000000000000000000e+00 0.000000000000000000e+00 0.000000000000000000e+00 0.000000000000000000e+00 2.846112081079378718e-12 -3.333627002567152002e-10 -1.349402613069657284e-09 7.289198541284321539e-11 -1.754514730285453271e-11 -1.907237017355847827e-10 -2.132004097543118116e-10 -3.951289095973271474e-11 -5.494771560101050566e-11 -1.533813617855612026e-11 2.060223224409793349e-11 3.159790507369127558e-10 -5.396187823260945287e-10 0.000000000000000000e+00
0.000000000000000000e+00 0.000000000000000000e+00 0.000000000000000000e+00 0.000000000000000000e+00 0.000000000000000000e+00 0.000000000000000000e+00 -5.034991382687566805e-11 4.115460058893790927e-10 -9.789134132406700685e-10 4.619458033915308782e-10 2.467630342805841773e-10 -1.010669087323408834e-10 -7.637404106562118488e-11 4.114599469397975319e-11 -8.693667772114644966e-12 6.062932941082402078e-12 -5.379981923257427075e-12 2.571172759896932691e-10 8.961664356035841793e-09 0.000000000000000000e+00
0.000000000000000000e+00 0.000000000000000000e+00 0.000000000000000000e+00 0.000000000000000000e+00 0.000000000000000000e+00 0.000000000000000000e+00 -1.266047722658300216e-10 1.021890859104264291e-09 -6.867649794729316493e-10 5.256460458429371626e-10 2.021747758262539200e-10 -8.086334004174295375e-11 -6.403680720674048604e-11 4.503350599542353899e-11 -5.181620832615883767e-12 2.015781529445565265e-12 -3.026529279300473246e-12 1.016942086434123445e-09 5.942533537964317034e-04 0.000000000000000000e+00
0.000000000000000000e+00 0.000000000000000000e+00 0.000000000000000000e+00 0.000000000000000000e+00 0.000000000000000000e+00 0.000000000000000000e+00 -6.695962244193544064e-09 -9.754300933061091375e-09 -1.999633474904115459e-08 -1.359167303514913285e-08 -7.195015930354610366e-09 -3.547500062480456846e-09 -1.742544834590956285e-09 -3.364825040813607181e-10 -9.008184456538259397e-11 1.073688978853489320e-11 -2.572441970834609869e-11 3.538412924266876117e-10 3.152514325071271885e-11 0.000000000000000000e+00
0.000000000000000000e+00 0.000000000000000000e+00 0.000000000000000000e+00 0.000000000000000000e+00 0.000000000000000000e+00 0.000000000000000000e+00 7.574642998576273624e-09 3.509442173780135763e-09 -1.872615528878660555e-09 4.750445585166445643e-09 -4.242286847141046428e-10 4.312611066272903601e-11 9.917227414283731487e-11 5.740813210101187743e-11 -3.749983004368962348e-11 2.768018052951937398e-11 -2.311895858736193251e-10 3.615993296799167087e-10 4.871700655129345185e-11 0.000000000000000000e+00
0.000000000000000000e+00 0.000000000000000000e+00 0.000000000000000000e+00 0.000000000000000000e+00 0.000000000000000000e+00 0.000000000000000000e+00 -1.966489051224771019e-08 -2.202490033801244978e-08 -3.702866676895735412e-08 -3.214096041677926313e-08 -1.549384924003846445e-08 -8.676088508879202687e-09 -3.716838802618337027e-09 -7.225238200607463457e-10 -1.859290494951005658e-10 6.392638621493004140e-13 1.588638472457549562e-08 3.717382161318402900e-10 5.321838883725554785e-11 0.000000000000000000e+00
0.000000000000000000e+00 0.000000000000000000e+00 0.000000000000000000e+00 0.000000000000000000e+00 0.000000000000000000e+00 0.000000000000000000e+00 7.476832803175011373e-09 1.240193271106588289e-09 -4.616643648594868106e-09 1.787451498538303179e-10 -1.546111913134476832e-09 -8.252965113896510190e-10 -3.787504031656325431e-10 -5.579407491005163261e-11 -3.434331592553363650e-11 1.908425212312401092e-11 -1.340926002022427008e-11 2.498592606427754347e-09 8.492553213462142252e-07 0.000000000000000000e+00
0.000000000000000000e+00 0.000000000000000000e+00 0.000000000000000000e+00 0.000000000000000000e+00 0.000000000000000000e+00 0.000000000000000000e+00 9.000065908548023920e-09 3.103725895548256145e-09 -2.491882888713611035e-09 2.452117769188698566e-09 -6.844292002165018452e-10 -2.310677470055962984e-10 -8.741862712773882270e-11 2.332931805251486886e-11 -1.339548147328051954e-11 2.811701979594154250e-11 -9.679559607676801718e-12 2.955194504178239609e-09 1.216256776582575938e-06 0.000000000000000000e+00
0.000000000000000000e+00 0.000000000000000000e+00 0.000000000000000000e+00 0.000000000000000000e+00 0.000000000000000000e+00 0.000000000000000000e+00 7.118660311994306648e-09 4.047187889715300429e-09 -2.986963998769231169e-09 3.117045848455764665e-09 -1.052888626123920539e-09 1.344693220282411981e-10 -1.499066040866470982e-10 -1.819385535266899349e-11 -3.365195205468783506e-11 1.631791414235120735e-11 -2.142171020578096550e-12 -3.319388239202217044e-09 -2.766230919455500148e-01 0.000000000000000000e+00
0.000000000000000000e+00 0.000000000000000000e+00 0.000000000000000000e+00 0.000000000000000000e+00 0.000000000000000000e+00 0.000000000000000000e+00 -1.367365197489266674e-09 -4.222703993044496248e-10 9.739480386198955610e-10 2.242118086269701827e-10 1.740797815025120454e-10 3.898676400297211695e-11 -1.475515651703257122e-11 -9.125889224118329712e-11 -4.449925270826845841e-11 -2.750361955044724221e-11 -2.382265859308315137e-10 -1.142678958244615648e-08 -4.992146937351489594e-07 0.000000000000000000e+00
0.000000000000000000e+00 0.000000000000000000e+00 0.000000000000000000e+00 0.000000000000000000e+00 0.000000000000000000e+00 0.000000000000000000e+00 1.846703250590048863e-09 7.401328562180234596e-10 1.436434380714598066e-09 6.219264261044748594e-10 7.398130890269544253e-10 -2.481154968003486341e-10 -1.413955682043371067e-10 -1.881416271673277794e-10 -4.716022901120640212e-11 -8.398948329192394606e-12 9.582213105553402121e-06 -1.343265330088633948e-08 -4.968101241925982850e-07 0.000000000000000000e+00
0.000000000000000000e+00 0.000000000000000000e+00 0.000000000000000000e+00 0.000000000000000000e+00 0.000000000000000000e+00 0.000000000000000000e+00 3.301380169437258132e-10 -1.246745221678773876e-09 1.389096405865779809e-10 -7.023792495748045327e-10 -9.378115133736426571e-11 -3.382744670386767736e-12 -6.188878893913436820e-11 5.308383719474289493e-12 -3.496482163761417009e-11 -2.090003030685602827e-12 2.240401926659628309e-03 -1.483754212300530553e-08 -4.965686835999553880e-07 0.000000000000000000e+00
0.000000000000000000e+00 0.000000000000000000e+00 0.000000000000000000e+00 0.000000000000000000e+00 0.000000000000000000e+00 0.000000000000000000e+00 -3.903310825567826394e-10 1.465887257494376181e-11 6.762167291835942209e-10 2.454776844040745716e-10 -4.515151407399876538e-11 1.671212907975719881e-10 2.664917595469304862e-11 -8.124389206723497837e-11 -5.969168006303232909e-11 -3.244997633319339858e-11 -1.100224141266185617e-10 -6.854127068243796501e-07 3.112736250892446321e+01 0.000000000000000000e+00
0.000000000000000000e+00 0.000000000000000000e+00 0.000000000000000000e+00 0.000000000000000000e+00 0.000000000000000000e+00 0.000000000000000000e+00 -1.201728815623589585e-10 1.549764383721037247e-10 7.593573272364654143e-10 2.951652678036749458e-10 -1.021687860344242244e-10 1.628884904655240267e-10 4.501620475472255980e-11 -9.482830875871123123e-11 -6.691359801237075829e-11 -4.479374361644932395e-11 -5.681269153612875629e-11 -1.089874092857252795e-06 1.372407699058333321e+02 0.000000000000000000e+00
0.000000000000000000e+00 0.000000000000000000e+00 0.000000000000000000e+00 0.000000000000000000e+00 0.000000000000000000e+00 0.000000000000000000e+00 4.284950800860815814e-11 1.164361248752401155e-10 1.214196080871697525e-09 6.899158102215889476e-10 -1.120689206173507832e-10 -1.364858868785304359e-10 -6.985990436375324418e-11 -3.339493069085707074e-10 -1.257553506441730587e-10 -4.732074727259109206e-11 -1.467590682573874555e-10 1.993757273415294609e-05 5.307636345398547974e+11 0.000000000000000000e+00
0.000000000000000000e+00 0.000000000000000000e+00 0.000000000000000000e+00 0.000000000000000000e+00 0.000000000000000000e+00 0.000000000000000000e+00 2.831515526144668563e-11 2.847743113243368557e-11 3.629092341899184206e-11 1.518999772847244524e-11 4.284055142855489438e-12 4.718797451934859250e-12 3.157349705024867261e-12 2.141840398636957729e-12 7.956242419816607411e-13 1.612399353054730650e-13 1.012612907009784704e-12 3.357555228658896399e-10 -5.518027190058366602e-10 0.000000000000000000e+00
0.000000000000000000e+00 0.000000000000000000e+00 0.000000000000000000e+00 0.000000000000000000e+00 0.000000000000000000e+00 0.000000000000000000e+00 -9.588601664467451821e-12 4.127917521969351023e-11 1.829752841724184535e-11 7.496687018061366216e-12 -5.871521273068063069e-12 -1.070991638746432138e-12 -3.451028631666209885e-13 6.146110005874897982e-13 4.148330929618294848e-13 2.037442659924233256e-13 5.119514835001251489e-09 3.660543189878620137e-10 -5.734923043846769710e-10 0.000000000000000000e+00
0.000000000000000000e+00 0.000000000000000000e+00 0.000000000000000000e+00 0.000000000000000000e+00 0.000000000000000000e+00 0.000000000000000000e+00 1.311486441991517716e-10 6.474878838996703052e-11 9.074005659750618156e-11 6.017878993744165373e-11 3.424885401369062321e-11 2.283179053441663610e-11 1.341455479593377516e-11 8.127216029193414638e-12 2.750056487680342427e-12 8.098191712868991244e-13 6.017062209272044094e-07 3.770204282795586859e-10 -5.730118995239245272e-10 0.000000000000000000e+00
0.000000000000000000e+00 0.000000000000000000e+00 0.000000000000000000e+00 0.000000000000000000e+00 0.000000000000000000e+00 0.000000000000000000e+00 -4.016540193225233145e-12 1.522413627766519619e-11 1.041487794239002982e-11 5.916571522837738341e-12 -1.892832028544412461e-12 -3.799632215327466207e-13 2.516814404375227428e-13 3.053161047058506249e-13 5.081921736368347464e-13 1.800144788265362169e-13 4.820826340076969797e-13 4.291261443546330216e-09 -3.951164159159218370e-01 0.000000000000000000e+00
0.000000000000000000e+00 0.000000000000000000e+00 0.000000000000000000e+00 0.000000000000000000e+00 0.000000000000000000e+00 0.000000000000000000e+00 -4.813977535393535945e-12 1.677328984833570112e-11 9.372053878797488905e-12 5.570539550164724813e-12 -2.226727305420707819e-12 -7.214656773951617269e-13 -1.164103075909921308e-13 2.721820907456218080e-13 4.925150420019801314e-13 2.305798956546642935e-13 6.252581744849627974e-13 6.042840721704680372e-09 -1.596225604154478894e+00 0.000000000000000000e+00
0.000000000000000000e+00 0.000000000000000000e+00 0.000000000000000000e+00 0.000000000000000000e+00 0.000000000000000000e+00 0.000000000000000000e+00 -9.154957824619836550e-12 2.235462565217719627e-11 1.039905671305587712e-11 2.606416256407023129e-12 -3.049285148344851431e-12 9.719052069311488073e-13 -3.065085986131841171e-13 1.519033016155088542e-12 4.796773049081802571e-13 9.990999703679966165e-14 4.267442760833875906e-13 -9.619469721119656676e-07 6.805952508114337921e+06 0.000000000000000000e+00
0.000000000000000000e+00 0.000000000000000000e+00 0.000000000000000000e+00 0.000000000000000000e+00 0.000000000000000000e+00 0.000000000000000000e+00 -2.206664057703293014e-10 9.136073797858168047e-10 -5.703437909152279355e-10 -2.252907312610057983e-10 -2.869223275860291673e-10 -8.330760453387180970e-11 -1.126602191671321842e-10 -2.889975115833426652e-11 -8.858537459110744656e-12 -1.934596520281354122e-12 5.548547426023923934e-12 4.854610303620848939e-11 6.407351176731854102e-12 0.000000000000000000e+00
0.000000000000000000e+00 0.000000000000000000e+00 0.000000000000000000e+00 0.000000000000000000e+00 0.000000000000000000e+00 0.000000000000000000e+00 5.904292901451388042e-10 1.184885945934293946e-09 -7.668901390897421012e-11 -1.343221481649463350e-10 -4.279387313815684470e-11 1.387219253523466356e-10 -2.479017947034802367e-11 7.654580189770596636e-12 -1.294904323988561612e-12 -2.652050276760943882e-12 -1.632060649104330192e-12 4.729420903239731599e-11 6.670565071805545104e-12 0.000000000000000000e+00
0.000000000000000000e+00 0.000000000000000000e+00 0.000000000000000000e+00 0.000000000000000000e+00 0.000000000000000000e+00 0.000000000000000000e+00 -9.436994792448762465e-10 6.554562781513515253e-10 -1.043105730923581206e-09 -3.350725131102542925e-10 -5.779850831406975521e-10 -3.113993286135735287e-10 -2.227668307892243338e-10 -7.321874921520307109e-11 -2.030528765019314108e-11 -8.589634480293342989e-12 3.336163115301716203e-10 4.909279735263956189e-11 6.673638844042230798e-12 0.000000000000000000e+00
0.000000000000000000e+00 0.000000000000000000e+00 0.000000000000000000e+00 0.000000000000000000e+00 0.000000000000000000e+00 0.000000000000000000e+00 1.887120444218095388e-10 6.264512576342842013e-10 -1.483429330533203806e-10 -1.418151157117922634e-10 -8.043455626393905838e-11 4.571464870302246762e-11 -3.684645048029126218e-11 -1.716325401039667266e-12 -3.725228697770136676e-12 -1.729871257357583629e-12 2.520997991560111742e-12 6.154113549580248598e-11 4.890961888883533664e-08 0.000000000000000000e+00
0.000000000000000000e+00 0.000000000000000000e+00 0.000000000000000000e+00 0.000000000000000000e+00 0.000000000000000000e+00 0.000000000000000000e+00 2.460564407386485973e-10 6.658985855726862443e-10 -8.460810001725551197e-11 -1.198340113018820041e-10 -4.742190561265085921e-11 7.666344238272293068e-11 -2.155824106853408854e-11 5.718691220169201044e-12 -1.168741784991452763e-12 -4.450405976233390327e-13 8.620102143738308621e-13 5.728733151996382725e-11 1.017403873221060470e-07 0.000000000000000000e+00
0.000000000000000000e+00 0.000000000000000000e+00 0.000000000000000000e+00 0.000000000000000000e+00 0.000000000000000000e+00 0.000000000000000000e+00 2.390731888820933981e-10 9.563712718643395228e-10 -7.607597540368045663e-11 -8.264338821509012292e-11 -5.600632569028978259e-11 1.073226495281142585e-10 -3.378641270837842272e-11 -4.988375837369189561e-13 1.047043355289000980e-12 8.870444780709782851e-13 -5.527836336622821921e-13 -6.415778050321500439e-10 1.395524344701669535e-03 0.000000000000000000e+00
0.000000000000000000e+00 0.000000000000000000e+00 0.000000000000000000e+00 0.000000000000000000e+00 0.000000000000000000e+00 0.000000000000000000e+00 1.645878907163282587e-10 3.520004337493684663e-09 -2.070869240148228523e-09 -1.224005765587738139e-09 -4.629123915466221433e-10 -2.642386181508111303e-10 -3.664341912755769698e-10 5.185536115828777453e-12 -3.303392396636224616e-11 -9.562238672271400456e-12 1.738641340935381165e-11 5.580045817402688751e-11 2.136359248398084530e-10 0.000000000000000000e+00
0.000000000000000000e+00 0.000000000000000000e+00 0.000000000000000000e+00 0.000000000000000000e+00 0.000000000000000000e+00 0.000000000000000000e+00 4.313464463226921036e-09 5.060883573943665857e-10 1.920333219300373531e-09 4.433377941060827054e-10 -3.060263472520652811e-11 3.914017420387750196e-10 -2.301883280179132680e-10 7.242634515354053405e-11 -5.892020528649790737e-12 -9.425707442268751935e-12 -1.044311482392160693e-10 4.400846711197865663e-11 2.142907730931030467e-10 0.000000000000000000e+00
0.000000000000000000e+00 0.000000000000000000e+00 0.000000000000000000e+00 0.000000000000000000e+00 0.000000000000000000e+00 0.000000000000000000e+00 -3.537252519826052622e-09 6.250447481560382344e-09 -5.797651460803751158e-09 -2.838889664915266474e-09 -9.923895714140901450e-10 -8.527349079029674502e-10 -4.271814460458098177e-10 -9.249901954784988772e-11 -4.622881631695449806e-11 -2.202894932954054682e-11 2.689187538151064489e-09 4.480219623393052636e-11 2.142238085653738764e-10 0.000000000000000000e+00
0.000000000000000000e+00 0.000000000000000000e+00 0.000000000000000000e+00 0.000000000000000000e+00 0.000000000000000000e+00 0.000000000000000000e+00 9.629832842762169336e-10 -1.164327064494371070e-09 8.935302774088513764e-10 -9.543543979398755351e-11 -2.062273874955118367e-10 1.068769688992845810e-10 -2.371304829876271750e-10 5.750890113020831858e-11 -2.108533016960184990e-11 -1.220625657261911790e-11 1.153903180622557272e-11 -4.793317944465950477e-10 4.476894451846228671e-08 0.000000000000000000e+00
0.000000000000000000e+00 0.000000000000000000e+00 0.000000000000000000e+00 0.000000000000000000e+00 0.000000000000000000e+00 0.000000000000000000e+00 1.293174575255479698e-09 -1.314685364686524880e-09 1.308056807655473999e-09 4.711670672376972313e-11 -1.397242182497751235e-10 1.918993108253568410e-10 -2.183927100529460816e-10 7.085962396025051181e-11 -1.522924239156756333e-11 -8.901911927488363535e-12 5.492338338812586847e-12 -6.198963963617317817e-10 9.573097769871252306e-08 0.000000000000000000e+00
0.000000000000000000e+00 0.000000000000000000e+00 0.000000000000000000e+00 0.000000000000000000e+00 0.000000000000000000e+00 0.000000000000000000e+00 2.048955004584284569e-09 5.829352646422151808e-10 1.241192894538360327e-09 -7.546608744661777534e-11 -3.455188809616656132e-11 2.628853315638128026e-10 -2.811150808030760115e-10 5.880169765538650565e-11 -1.226565212578755668e-11 -4.570337115935428547e-12 -1.811220688167677031e-11 2.097990226893725870e-10 4.480117614313259417e-02 0.000000000000000000e+00
0.000000000000000000e+00 0.000000000000000000e+00 0.000000000000000000e+00 0.000000000000000000e+00 0.000000000000000000e+00 0.000000000000000000e+00 6.123679732386250248e-11 2.310697930060154771e-10 -5.296721994283325528e-10 -4.202688935863499505e-11 2.808330162729237943e-11 -1.041792868775632504e-10 1.284815271622857304e-12 3.306206490265636269e-12 -2.628141190417771716e-11 -6.080735462963468332e-12 -2.578711682496810616e-11 -3.297235239749834498e-09 -2.065823227857882763e-07 0.000000000000000000e+00
0.000000000000000000e+00 0.000000000000000000e+00 0.000000000000000000e+00 0.000000000000000000e+00 0.000000000000000000e+00 0.000000000000000000e+00 1.577120080933291934e-09 5.558502909434055353e-10 -3.693265147908832519e-10 9.703551927886853721e-11 4.974974734496651613e-11 -4.601323596074275361e-10 1.491331238324811208e-11 2.860494298444032919e-11 -2.397603776508341512e-11 2.491455437717602381e-12 -3.404148072583231782e-06 -4.177942209654875299e-09 -2.065353509184185169e-07 0.000000000000000000e+00
0.000000000000000000e+00 0.000000000000000000e+00 0.000000000000000000e+00 0.000000000000000000e+00 0.000000000000000000e+00 0.000000000000000000e+00 4.843230774544367468e-12 2.508643301004833212e-10 -4.048320133595707383e-10 -2.758069332670290581e-10 7.263701860998025581e-11 6.099850787016039398e-11 3.927635794277502173e-11 -3.123603334970772701e-11 -1.181110062527222036e-11 1.593542762804885034e-11 -4.124555330240158696e-04 -4.407234999324218081e-09 -2.064000093226115842e-07 0.000000000000000000e+00
0.000000000000000000e+00 0.000000000000000000e+00 0.000000000000000000e+00 0.000000000000000000e+00 0.000000000000000000e+00 0.000000000000000000e+00 1.044445684686103524e-09 3.684165282137440567e-10 -2.447313006997698716e-10 2.300364332066469816e-11 5.677762822544933362e-11 -1.628145528018559049e-10 1.393237097214908657e-11 1.773707427736470592e-11 -2.873514165493208139e-11 -9.592639056073537362e-12 -3.944927892095170688e-11 -1.145883905243543431e-06 3.344648364582767375e-01 0.000000000000000000e+00
0.000000000000000000e+00 0.000000000000000000e+00 0.000000000000000000e+00 0.000000000000000000e+00 0.000000000000000000e+00 0.000000000000000000e+00 1.055810619061017416e-09 3.476929194273545417e-10 -2.209426552782186087e-10 -8.190368851257619179e-12 4.351524829659440273e-11 -2.117314602318873585e-10 1.388354770879486946e-11 2.457713287750922083e-11 -2.949226430918292441e-11 -1.308791684562368589e-11 -5.028222549285531322e-11 -1.664698700644731059e-06 7.846929630866160466e+00 0.000000000000000000e+00
0.000000000000000000e+00 0.000000000000000000e+00 0.000000000000000000e+00 0.000000000000000000e+00 0.000000000000000000e+00 0.000000000000000000e+00 4.368214318986532592e-10 1.119444331974013896e-10 -2.979306457518017142e-10 -1.085430803539200317e-10 -8.187805114188940395e-11 -3.567919281871451590e-10 5.039373142705387775e-12 9.639569688255399382e-12 -8.788334158223730238e-12 -1.484468941396794296e-11 -4.086115865443141654e-11 -4.087445275343158337e-05 5.491667115991175079e+10 0.000000000000000000e+00
0.000000000000000000e+00 0.000000000000000000e+00 0.000000000000000000e+00 0.000000000000000000e+00 0.000000000000000000e+00 0.000000000000000000e+00 1.347491869088787113e-07 7.928420159755948153e-08 5.426119624099622091e-08 2.494262451923214263e-08 2.446204389018269627e-08 1.466773967993101756e-08 9.702099691721786673e-09 4.342135725578495319e-09 1.792434682271480092e-09 8.558896548196012578e-10 1.155641170512170169e-09 2.875802898692625604e-07 1.986468996896332843e-07 0.000000000000000000e+00
0.000000000000000000e+00 0.000000000000000000e+00 0.000000000000000000e+00 0.000000000000000000e+00 0.000000000000000000e+00 0.000000000000000000e+00 1.701725955827163007e-07 1.210156964546324793e-07 8.660073418770282895e-08 3.955056926433108321e-08 4.131324407347472069e-08 2.187445020478877267e-08 1.113267793372108082e-08 4.806614784225631070e-09 1.894197456131060165e-09 1.068319300538083958e-09 1.072470476468245690e-06 3.000178660457522701e-07 2.127355125424847490e-07 0.000000000000000000e+00
0.000000000000000000e+00 0.000000000000000000e+00 0.000000000000000000e+00 0.000000000000000000e+00 0.000000000000000000e+00 0.000000000000000000e+00 1.165507629758913609e-07 6.211894349222853435e-08 3.777310249785815616e-08 2.054689088751313815e-08 2.412735481403229078e-08 1.681011751933960089e-08 8.303001238808024168e-09 3.743492636636012826e-09 1.560937039000902136e-09 1.045353948016859019e-09 8.765861450628847180e-04 2.695940822220492155e-07 2.117519688577914226e-07 0.000000000000000000e+00
0.000000000000000000e+00 0.000000000000000000e+00 0.000000000000000000e+00 0.000000000000000000e+00 0.000000000000000000e+00 0.000000000000000000e+00 8.023019127002284311e-08 5.634708129181871657e-08 4.133283061075742352e-08 1.917611953057641288e-08 2.012422277215619097e-08 1.255394235225741074e-08 9.134438719444773037e-09 4.337159339285750117e-09 1.813219490854849466e-09 8.592837127641618851e-10 1.361557972801784248e-09 1.633560618322341427e-05 -5.856532754147869557e-02 0.000000000000000000e+00
0.000000000000000000e+00 0.000000000000000000e+00 0.000000000000000000e+00 0.000000000000000000e+00 0.000000000000000000e+00 0.000000000000000000e+00 7.674094430298046330e-08 5.556486923043652051e-08 4.075862193142690572e-08 1.883786359826709553e-08 2.003670095781940035e-08 1.267266882096250276e-08 9.308069424851948647e-09 4.432542868652303004e-09 1.846735427685918691e-09 8.631200901392445870e-10 1.558669862977703952e-09 2.364908649943227111e-05 -1.156041565598778798e-01 0.000000000000000000e+00
0.000000000000000000e+00 0.000000000000000000e+00 0.000000000000000000e+00 0.000000000000000000e+00 0.000000000000000000e+00 0.000000000000000000e+00 8.718257119467960359e-08 6.205575176799654777e-08 4.465605669817614237e-08 2.034772914507718693e-08 2.224334771670075610e-08 1.512557401733920692e-08 1.098694361223723680e-08 5.039202393251751861e-09 2.054681621322199779e-09 9.148492779302290824e-10 2.104451522224253362e-09 2.986122343963498976e-05 3.009231055837133527e+07 0.000000000000000000e+00
0.000000000000000000e+00 0.000000000000000000e+00 0.000000000000000000e+00 0.000000000000000000e+00 0.000000000000000000e+00 0.000000000000000000e+00 -4.719410812631055262e-08 3.996701211805847975e-08 -5.149013304922732568e-09 1.348333676980878539e-09 3.243617568991516022e-09 -1.452396198155768045e-09 -1.459273371490157743e-10 4.768581201215376301e-11 -3.631882372505210820e-11 4.136829288580235121e-12 8.073614160304108050e-12 4.055219860600688949e-11 6.185767383703056723e-12 0.000000000000000000e+00
0.000000000000000000e+00 0.000000000000000000e+00 0.000000000000000000e+00 0.000000000000000000e+00 0.000000000000000000e+00 0.000000000000000000e+00 -6.479424646638050649e-08 5.172706078732478400e-08 -6.715832168907242618e-09 3.132675488897556377e-09 3.753271546766364336e-09 -1.516221915050860764e-09 -1.706513075652717708e-10 4.983202189973263147e-11 -3.868010665656410240e-11 -1.543346440020122963e-13 -1.185387152399336369e-10 4.186335295234482744e-11 6.346421929355972115e-12 0.000000000000000000e+00
0.000000000000000000e+00 0.000000000000000000e+00 0.000000000000000000e+00 0.000000000000000000e+00 0.000000000000000000e+00 0.000000000000000000e+00 -3.200003466947050214e-08 3.022903363280081787e-08 -4.191800991708392668e-09 -4.262295472898291083e-10 3.540942597129930165e-09 -1.698782181857298193e-09 -1.026099081377974787e-10 2.199415406467757221e-11 -2.835852557372547523e-11 -1.463256070657783354e-13 2.638360079984037401e-09 3.720626500122358339e-11 5.913618981747200592e-12 0.000000000000000000e+00
0.000000000000000000e+00 0.000000000000000000e+00 0.000000000000000000e+00 0.000000000000000000e+00 0.000000000000000000e+00 0.000000000000000000e+00 -4.342822734654751589e-08 3.560954968005037857e-08 -4.286908818491609840e-09 1.804808591859956574e-09 2.808097011808053420e-09 -1.252699714541825174e-09 -1.596062861040637609e-10 5.420636762184865394e-11 -3.918598690972247024e-11 4.033771171538558883e-12 6.016269722655961605e-12 5.184979178449390679e-10 1.486447161187027811e-08 0.000000000000000000e+00
0.000000000000000000e+00 0.000000000000000000e+00 0.000000000000000000e+00 0.000000000000000000e+00 0.000000000000000000e+00 0.000000000000000000e+00 -4.370853643745401911e-08 3.542445660288696959e-08 -4.315133561178083351e-09 1.904653464197775491e-09 2.745643863897087202e-09 -1.230964257067112862e-09 -1.655714420332780660e-10 5.561690245467826660e-11 -4.037952271558286734e-11 4.176637400024773793e-12 5.335932193250811564e-12 6.299603989106220420e-10 2.250805093563846139e-08 0.000000000000000000e+00
0.000000000000000000e+00 0.000000000000000000e+00 0.000000000000000000e+00 0.000000000000000000e+00 0.000000000000000000e+00 0.000000000000000000e+00 -4.662615563233506592e-08 3.702499480862534378e-08 -4.899998433639178490e-09 1.992010157021674910e-09 2.798562345478113604e-09 -1.319436292830352075e-09 -1.857468662474389749e-10 5.375467565596919827e-11 -4.156135096510322843e-11 3.663196046158548318e-12 1.159994005399969612e-11 8.708330645134085082e-10 2.595382706845893476e-04 0.000000000000000000e+00
0.000000000000000000e+00 0.000000000000000000e+00 0.000000000000000000e+00 0.000000000000000000e+00 0.000000000000000000e+00 0.000000000000000000e+00 3.011912217306246215e-08 -5.354219153359241722e-08 -5.758410077091782558e-08 1.754838819633177563e-08 1.855350296231359237e-09 3.983553016081284552e-09 -1.844265243620777343e-09 -1.243959331076129538e-09 -6.401937808407054543e-10 -9.512219356220312239e-11 -1.374641360941410079e-11 7.361919571534303503e-10 -1.161404196425585934e-09 0.000000000000000000e+00
0.000000000000000000e+00 0.000000000000000000e+00 0.000000000000000000e+00 0.000000000000000000e+00 0.000000000000000000e+00 0.000000000000000000e+00 -5.801117952924517414e-08 -1.351666105117970830e-08 -6.571747554012386780e-08 3.495528846993192383e-08 4.152319835486820789e-09 6.897269891400646559e-09 -1.844138625875690391e-09 -1.402757383782329606e-09 -6.454685820257342259e-10 -1.258588478945803541e-10 -2.225415845616213939e-09 7.589157519716848629e-10 -1.200250245426819015e-09 0.000000000000000000e+00
0.000000000000000000e+00 0.000000000000000000e+00 0.000000000000000000e+00 0.000000000000000000e+00 0.000000000000000000e+00 0.000000000000000000e+00 1.092851542832919476e-07 -9.051381344414301862e-08 -5.279855592013232298e-08 2.374406895235187916e-09 2.135616838408362329e-10 2.383915096603554905e-09 -1.674618204506268010e-09 -9.858296004182408948e-10 -6.031518550806331758e-10 -1.352824050927401388e-10 2.968332234661121758e-08 7.103389222757116907e-10 -1.208930292669814277e-09 0.000000000000000000e+00
0.000000000000000000e+00 0.000000000000000000e+00 0.000000000000000000e+00 0.000000000000000000e+00 0.000000000000000000e+00 0.000000000000000000e+00 -3.247991781689378819e-08 -1.417061929948609688e-08 -4.420887454350525698e-08 2.090373202113603336e-08 3.214095279956691264e-09 4.460425556496678909e-09 -1.776458369665288047e-09 -1.323261862866409799e-09 -6.352660491331682796e-10 -9.540300463554507288e-11 -2.635394560204685306e-11 4.308511761800785042e-09 -3.697986393827235015e-07 0.000000000000000000e+00
0.000000000000000000e+00 0.000000000000000000e+00 0.000000000000000000e+00 0.000000000000000000e+00 0.000000000000000000e+00 0.000000000000000000e+00 -4.188232561187507964e-08 -8.822168773270965841e-09 -4.325335580674679065e-08 2.212460554567918609e-08 3.332441815955988807e-09 4.607043828638832681e-09 -1.782546043255100416e-09 -1.355194811503053837e-09 -6.395777458343030127e-10 -9.427205016039922141e-11 -3.251079381020194042e-11 5.147117020346818082e-09 -5.656751236052943077e-07 0.000000000000000000e+00
0.000000000000000000e+00 0.000000000000000000e+00 0.000000000000000000e+00 0.000000000000000000e+00 0.000000000000000000e+00 0.000000000000000000e+00 -4.309117331465805323e-08 -1.017757674925452345e-08 -4.695925689692901719e-08 2.476668517177328374e-08 2.828594534347505962e-09 4.789853853173685985e-09 -1.927803795445904894e-09 -1.415759050099505678e-09 -6.823328795079027760e-10 -8.133245730910010980e-11 -6.660228618699195435e-12 -6.087768658385115335e-09 1.969686350486869134e-03 0.000000000000000000e+00
0.000000000000000000e+00 0.000000000000000000e+00 0.000000000000000000e+00 0.000000000000000000e+00 0.000000000000000000e+00 0.000000000000000000e+00 8.539908275980166426e-10 2.480945350270568261e-10 2.984048669011967623e-10 -2.224638277279641681e-10 -1.410186189098756533e-10 2.448752126239981842e-11 1.675807832156078684e-11 3.267791042660510711e-11 -7.356400716355474743e-11 -8.807967355957698897e-11 -7.555119423404573105e-11 -1.667883224882750155e-08 4.419348517563538336e-09 0.000000000000000000e+00
0.000000000000000000e+00 0.000000000000000000e+00 0.000000000000000000e+00 0.000000000000000000e+00 0.000000000000000000e+00 0.000000000000000000e+00 -4.524864161764365440e-10 3.542251279311278110e-10 -3.392354732835115283e-10 -1.372495357992007251e-10 -3.258699499258162892e-10 -9.680318973185076786e-12 -3.804032183268695011e-11 1.074179020366818603e-10 -1.670152393795982756e-11 -1.466580105290466921e-10 1.804999535750068538e-05 -1.786037525832290318e-08 5.997864377655664551e-09 0.000000000000000000e+00
0.000000000000000000e+00 0.000000000000000000e+00 0.000000000000000000e+00 0.000000000000000000e+00 0.000000000000000000e+00 0.000000000000000000e+00 8.271642390614218707e-10 7.903927747484264096e-10 -7.910464127016790070e-10 -1.609095058999190065e-10 -7.288678777780950121e-10 -1.278145623916582902e-10 2.041408081021468602e-10 4.611408535547570058e-11 -1.646846627703991709e-10 -2.274656340971417298e-10 -7.282442842243887562e-03 -1.624908287956592943e-08 4.814462643548448194e-09 0.000000000000000000e+00
0.000000000000000000e+00 0.000000000000000000e+00 0.000000000000000000e+00 0.000000000000000000e+00 0.000000000000000000e+00 0.000000000000000000e+00 5.999008907489490764e-11 3.875698890307671570e-10 1.292595443566019014e-10 -1.393831242983812447e-11 -2.265282560139429694e-11 -1.502894683201957039e-10 -4.271231692179665194e-11 7.844038310238762534e-11 -6.654327150926828927e-11 -9.164445546728038910e-11 -5.485876924814711914e-11 -2.476063472765995558e-06 6.331743351823317101e-02 0.000000000000000000e+00
0.000000000000000000e+00 0.000000000000000000e+00 0.000000000000000000e+00 0.000000000000000000e+00 0.000000000000000000e+00 0.000000000000000000e+00 -8.916963140098244619e-11 3.878132626078843424e-10 7.968033965441123499e-11 -3.423590567738748761e-11 -7.378637884580024229e-11 -1.823273794239827171e-10 -5.418763098914671018e-11 1.135970168573876041e-10 -6.431059406478871711e-11 -8.573019922714618990e-11 -3.897048942641479182e-11 -3.536265231114767993e-06 4.270215763116532726e-01 0.000000000000000000e+00
0.000000000000000000e+00 0.000000000000000000e+00 0.000000000000000000e+00 0.000000000000000000e+00 0.000000000000000000e+00 0.000000000000000000e+00 -3.044641612325507584e-11 3.271428320886671965e-10 5.081279137931840948e-11 -2.683590393747324232e-10 -3.622910335463242750e-10 -1.386655946856422038e-10 -3.269214741410341441e-11 1.291017338189209661e-10 -1.084295513507827150e-10 -5.827294052347438793e-11 -1.555990243330418782e-10 -3.723165970806689826e-05 1.328846751825662613e+09 0.000000000000000000e+00
0.000000000000000000e+00 0.000000000000000000e+00 0.000000000000000000e+00 0.000000000000000000e+00 0.000000000000000000e+00 0.000000000000000000e+00 4.004075284048588637e-12 2.078132280167403600e-12 1.387152657619790415e-12 4.691138347573346522e-13 4.426416722904993506e-13 2.379594965234671119e-13 1.536183625364637961e-13 7.323953382571490995e-14 3.786527286817038026e-14 2.070052685050225287e-14 3.922198840451520400e-14 1.072397331249875629e-11 4.122569348667682947e-11 0.000000000000000000e+00
0.000000000000000000e+00 0.000000000000000000e+00 0.000000000000000000e+00 0.000000000000000000e+00 0.000000000000000000e+00 0.000000000000000000e+00 3.185311808459978925e-12 1.576231969375211183e-12 1.207617288232620810e-12 5.264333800141478801e-13 6.126788952289763555e-13 3.419675054609212735e-13 1.791593937319683253e-13 8.290796213637155650e-14 4.052668674087389265e-14 4.211137983534808802e-14 4.646226610103951774e-10 1.096036916866878141e-11 4.248622697143532076e-11 0.000000000000000000e+00
0.000000000000000000e+00 0.000000000000000000e+00 0.000000000000000000e+00 0.000000000000000000e+00 0.000000000000000000e+00 0.000000000000000000e+00 7.396544264092644122e-12 4.028852504599412157e-12 2.417294712861425003e-12 1.178629351567123787e-12 8.509813549606667032e-13 4.102878097456439706e-13 1.581567384455205419e-13 8.022778262664642543e-14 4.286936998691365377e-14 4.321269753748277949e-14 1.638806782739251679e-07 1.028274383674291008e-11 4.245026009055372439e-11 0.000000000000000000e+00
0.000000000000000000e+00 0.000000000000000000e+00 0.000000000000000000e+00 0.000000000000000000e+00 0.000000000000000000e+00 0.000000000000000000e+00 1.681200620893077241e-12 8.698675380010537513e-13 6.196206862360090877e-13 2.418137304306541164e-13 3.066961980769913463e-13 1.914593293824419504e-13 1.438582646894021699e-13 7.326796066709951874e-14 3.809761356016449048e-14 2.067181869708356482e-14 4.210973474176722233e-14 6.509337388015901978e-10 2.705520934023940218e-05 0.000000000000000000e+00
0.000000000000000000e+00 0.000000000000000000e+00 0.000000000000000000e+00 0.000000000000000000e+00 0.000000000000000000e+00 0.000000000000000000e+00 1.525736619368819740e-12 8.012192625908493833e-13 5.673885579598789012e-13 2.453195963168665241e-13 3.063889891630001141e-13 1.960590716736160985e-13 1.487154827582114144e-13 7.605587925864144915e-14 3.928831734468108708e-14 2.066989562261078415e-14 4.965466724874438509e-14 9.529482001703608947e-10 5.613685655402508834e-05 0.000000000000000000e+00
0.000000000000000000e+00 0.000000000000000000e+00 0.000000000000000000e+00 0.000000000000000000e+00 0.000000000000000000e+00 0.000000000000000000e+00 1.626374203430081182e-12 8.398393451287695339e-13 6.044423139330401456e-13 2.701286499190088593e-13 3.374095047498789198e-13 2.410999801148456584e-13 1.799100856878462605e-13 8.680784124941816802e-14 4.318132440553843478e-14 2.170843799053278261e-14 7.071769701662384125e-14 5.235443531514250556e-09 -3.784672110079263803e+03 0.000000000000000000e+00
0.000000000000000000e+00 0.000000000000000000e+00 0.000000000000000000e+00 0.000000000000000000e+00 0.000000000000000000e+00 0.000000000000000000e+00 -1.643716099017650214e-10 9.633132393308671737e-11 -5.422193815861482802e-12 -2.283606252312459715e-11 1.349149429092450709e-11 -7.128637644651971653e-13 -2.440328640495273085e-12 2.622676692946491271e-13 -2.415859597116185083e-13 -2.660670860374951648e-15 6.420800054078749339e-14 -3.123621440619043882e-14 1.245973760402230074e-13 0.000000000000000000e+00
0.000000000000000000e+00 0.000000000000000000e+00 0.000000000000000000e+00 0.000000000000000000e+00 0.000000000000000000e+00 0.000000000000000000e+00 -2.677726954601591350e-10 1.723686265424353869e-10 6.124797810225437354e-12 -2.546732449715664777e-11 1.614937388837588057e-11 3.615535571162578459e-14 -3.017043984664683875e-12 3.233861079901171175e-13 -2.138701165829630904e-13 -4.550231164876056119e-14 -3.651749327923649053e-13 -2.417429215262230126e-14 1.303974058315837046e-13 0.000000000000000000e+00
0.000000000000000000e+00 0.000000000000000000e+00 0.000000000000000000e+00 0.000000000000000000e+00 0.000000000000000000e+00 0.000000000000000000e+00 -7.345976187638279705e-11 2.990363722884213440e-11 -1.860620588572312576e-11 -2.357222905974311312e-11 1.306407016609113979e-11 -7.847573653504169810e-14 -1.617311929777157468e-12 1.031936592057637688e-13 -2.113278852977976070e-13 -4.953464063778209754e-14 6.289054619022085175e-11 -2.497589600636309264e-14 1.317727468676258275e-13 0.000000000000000000e+00
0.000000000000000000e+00 0.000000000000000000e+00 0.000000000000000000e+00 0.000000000000000000e+00 0.000000000000000000e+00 0.000000000000000000e+00 -1.774050398561767796e-10 1.262566200296967914e-10 1.280382915904890333e-13 -1.863573498358383158e-11 9.795655831976985636e-12 -3.229793763740630630e-13 -2.421903377377326713e-12 3.659485912329860452e-13 -2.763613324397865804e-13 1.441306640238635708e-15 8.080220815935592378e-14 2.230596505958521232e-13 4.094988769877338154e-10 0.000000000000000000e+00
0.000000000000000000e+00 0.000000000000000000e+00 0.000000000000000000e+00 0.000000000000000000e+00 0.000000000000000000e+00 0.000000000000000000e+00 -1.821226548168428267e-10 1.291168509160528910e-10 2.127477141839520459e-12 -1.775916624902605986e-11 9.628986097672035390e-12 -4.951050897250381877e-13 -2.521215999639670500e-12 3.846123941901076775e-13 -2.815260536617208222e-13 4.200246922448650408e-15 8.519616015086876728e-14 2.544591283106493993e-13 5.699459978463732866e-10 0.000000000000000000e+00
0.000000000000000000e+00 0.000000000000000000e+00 0.000000000000000000e+00 0.000000000000000000e+00 0.000000000000000000e+00 0.000000000000000000e+00 -1.921285849257144930e-10 1.238109587620658924e-10 6.259077983941482811e-12 -1.667861153526187326e-11 1.133107699670213521e-11 -1.939304845132026746e-12 -3.179650610809966245e-12 2.733803723472741410e-13 -2.014529652536703586e-13 -2.120541911432621251e-14 5.799833984794150818e-14 2.310539633199346390e-12 -2.066295902925285513e-05 0.000000000000000000e+00
0.000000000000000000e+00 0.000000000000000000e+00 0.000000000000000000e+00 0.000000000000000000e+00 0.000000000000000000e+00 0.000000000000000000e+00 8.664981556037551041e-10 -9.542970673454563146e-10 -1.745890954023573641e-10 -6.747844252370634853e-11 5.237586131557409486e-11 3.678598741390221146e-11 -1.194368311897160023e-11 -8.507505638162498840e-12 -3.372892745476319424e-12 1.509789033960804272e-13 -1.790800502409095214e-13 5.339266338826836915e-12 7.355369024670272229e-12 0.000000000000000000e+00
0.000000000000000000e+00 0.000000000000000000e+00 0.000000000000000000e+00 0.000000000000000000e+00 0.000000000000000000e+00 0.000000000000000000e+00 -2.914212257417137556e-12 -1.856904957008727070e-10 -2.542039040353297531e-10 -5.837048914172704431e-12 4.526957492887893600e-11 3.220064400029483768e-11 -1.025428041454463744e-11 -9.262493470074326489e-12 -3.404922392367938680e-12 -1.947654563923374820e-13 8.043456297898583625e-12 5.157232843235653252e-12 7.323121215071598193e-12 0.000000000000000000e+00
0.000000000000000000e+00 0.000000000000000000e+00 0.000000000000000000e+00 0.000000000000000000e+00 0.000000000000000000e+00 0.000000000000000000e+00 1.654692785779507608e-09 -1.664271054612541289e-09 -1.162121358422599891e-10 -1.332398101307784992e-10 6.528280472982565131e-11 5.850853221072689046e-11 -1.271926282961424538e-11 -6.981165168768497329e-12 -3.057540279137766716e-12 4.042161106487515085e-14 -2.330956034174652110e-10 5.406012180332552244e-12 7.429858476947752189e-12 0.000000000000000000e+00
0.000000000000000000e+00 0.000000000000000000e+00 0.000000000000000000e+00 0.000000000000000000e+00 0.000000000000000000e+00 0.000000000000000000e+00 1.984877409611061089e-10 -2.468279778263094662e-10 -1.491893109702483041e-10 -2.201652866655919269e-11 3.389309375120585755e-11 2.422683242556686698e-11 -8.474736434057683295e-12 -7.976745901187367656e-12 -3.513660473748087251e-12 1.154368376651699069e-13 -9.568143814709252742e-14 -1.452840945662284578e-11 2.580558948175612737e-09 0.000000000000000000e+00
0.000000000000000000e+00 0.000000000000000000e+00 0.000000000000000000e+00 0.000000000000000000e+00 0.000000000000000000e+00 0.000000000000000000e+00 7.544373713666356788e-11 -1.514037482703316010e-10 -1.542586786900233832e-10 -1.177169152259132757e-11 3.157905101391831930e-11 2.172723058261114128e-11 -8.023947063240469098e-12 -8.138105470905554274e-12 -3.473322261867357162e-12 6.724732585286264138e-14 -7.755826468148803438e-14 -1.929877623111322109e-11 3.853995778119432947e-09 0.000000000000000000e+00
0.000000000000000000e+00 0.000000000000000000e+00 0.000000000000000000e+00 0.000000000000000000e+00 0.000000000000000000e+00 0.000000000000000000e+00 -1.798411896050374633e-11 -1.780734183929461861e-10 -1.867650453274376822e-10 1.445298655105935040e-12 3.339193873981192989e-11 2.011446605928486989e-11 -9.866895837140621440e-12 -1.069122642600542857e-11 -2.904393101880236138e-12 -3.130930955415587151e-14 -2.114869970361183383e-13 -4.779497607556388003e-11 2.269775355771639226e-04 0.000000000000000000e+00
0.000000000000000000e+00 0.000000000000000000e+00 0.000000000000000000e+00 0.000000000000000000e+00 0.000000000000000000e+00 0.000000000000000000e+00 -1.529309183526291191e-12 -5.355354040167638194e-12 -1.676075885906342151e-12 1.849282311569368996e-12 2.467271528309063257e-12 1.988849026633663731e-12 -2.251408340431281962e-12 -4.669132560426579083e-13 -3.113690851144218605e-14 1.847356693065995068e-13 -4.320878708351456181e-14 -1.448254561239031962e-10 9.561683129950660429e-10 0.000000000000000000e+00
0.000000000000000000e+00 0.000000000000000000e+00 0.000000000000000000e+00 0.000000000000000000e+00 0.000000000000000000e+00 0.000000000000000000e+00 -6.793657934783027105e-12 -1.093904426592314989e-11 1.452557193613409598e-12 3.710409024181416716e-13 1.559620132139979340e-12 -8.236099032125576596e-13 -1.544605313271600719e-12 -8.506418194313583622e-13 -8.488554278178732166e-13 2.752074042683650107e-13 -8.357237219721035493e-08 -1.686724793437636098e-10 9.732040660090248168e-10 0.000000000000000000e+00
0.000000000000000000e+00 0.000000000000000000e+00 0.000000000000000000e+00 0.000000000000000000e+00 0.000000000000000000e+00 0.000000000000000000e+00 6.433423235301268019e-12 -1.086955715265725466e-11 -2.478063686015065956e-12 -4.655282122454213074e-12 1.439205064397175349e-12 7.883636165668080265e-12 -4.554687210230422850e-13 -3.598003339312244503e-13 -1.502834913996305082e-12 2.001809502547388417e-13 7.709273116977534640e-05 -1.755329378089528567e-10 9.780532884830712384e-10 0.000000000000000000e+00
0.000000000000000000e+00 0.000000000000000000e+00 0.000000000000000000e+00 0.000000000000000000e+00 0.000000000000000000e+00 0.000000000000000000e+00 -4.203305190253262024e-12 -3.153627446848023737e-12 2.723157088497509758e-12 2.917362675242611842e-12 8.419429954505346616e-13 1.314783821999843347e-12 -2.114657658483004213e-12 -2.355428174830076330e-13 -5.517812377660198310e-14 2.247247858876376666e-13 1.467924572038172706e-14 -1.290824283964082610e-08 -8.557436309243551809e-02 0.000000000000000000e+00
0.000000000000000000e+00 0.000000000000000000e+00 0.000000000000000000e+00 0.000000000000000000e+00 0.000000000000000000e+00 0.000000000000000000e+00 -4.896336986440845706e-12 -3.186260253466694903e-12 2.994265202124813311e-12 2.782565980436558976e-12 6.064982173789906168e-13 1.412411451579157730e-12 -1.817918957261308064e-12 -1.804387309204796846e-13 -4.809875569301236301e-14 2.508732933216410598e-13 2.184850166827496468e-13 -1.833028542519532689e-08 -1.664779518747476206e-01 0.000000000000000000e+00
0.000000000000000000e+00 0.000000000000000000e+00 0.000000000000000000e+00 0.000000000000000000e+00 0.000000000000000000e+00 0.000000000000000000e+00 -5.830096470549723828e-12 -2.057188951382653640e-12 4.459541682729242546e-13 1.380566004438532983e-12 1.232692138657624821e-12 7.603799611475023611e-13 -1.739304223723021235e-12 -6.628155675744289915e-13 -3.465143662467391201e-13 3.430787409386755501e-13 -1.280829690844931522e-12 5.731614899100149887e-08 8.058275458152494431e+08 0.000000000000000000e+00
0.000000000000000000e+00 0.000000000000000000e+00 0.000000000000000000e+00 0.000000000000000000e+00 0.000000000000000000e+00 0.000000000000000000e+00 7.768636464276681652e-17 6.906125871097230450e-17 4.796694391865334159e-17 2.145091661703020161e-17 2.370286350738835621e-17 1.316364465514426239e-17 8.838211277057600088e-18 3.939797152704103659e-18 1.675265063156638753e-18 7.900901508812044811e-19 1.168948744796803356e-18 2.591239199324463325e-16 1.704831455134991328e-16 0.000000000000000000e+00
0.000000000000000000e+00 0.000000000000000000e+00 0.000000000000000000e+00 0.000000000000000000e+00 0.000000000000000000e+00 0.000000000000000000e+00 1.608675554888735067e-16 9.903944084032599870e-17 7.558957551664146368e-17 3.392558987373674412e-17 3.908009874409341552e-17 1.987700404303728758e-17 1.023705144710778593e-17 4.378096527699888498e-18 1.768713756652854885e-18 1.030942531986716860e-18 4.769925984457353349e-15 2.695050553046422236e-16 1.837173551887850035e-16 0.000000000000000000e+00
0.000000000000000000e+00 0.000000000000000000e+00 0.000000000000000000e+00 0.000000000000000000e+00 0.000000000000000000e+00 0.000000000000000000e+00 6.400863856477241726e-17 5.714418481556022912e-17 3.563656543697252608e-17 1.935362743128126619e-17 2.365469931527111104e-17 1.489472063274048571e-17 7.441666664932184250e-18 3.407218979464808781e-18 1.535832864470755411e-18 1.045911736406992142e-18 5.207208805447580785e-14 2.416451422402871985e-16 1.827930004042373844e-16 0.000000000000000000e+00
0.000000000000000000e+00 0.000000000000000000e+00 0.000000000000000000e+00 0.000000000000000000e+00 0.000000000000000000e+00 0.000000000000000000e+00 7.055796613671086259e-17 4.768132569685954686e-17 3.612486386737219961e-17 1.624651976951920270e-17 1.909184615374562338e-17 1.146220521614776902e-17 8.430240789375238435e-18 3.938795504782143437e-18 1.687915063751546462e-18 7.922198524050688889e-19 1.340289890963275108e-18 1.468085761107056523e-14 1.438046109182338844e-10 0.000000000000000000e+00
0.000000000000000000e+00 0.000000000000000000e+00 0.000000000000000000e+00 0.000000000000000000e+00 0.000000000000000000e+00 0.000000000000000000e+00 7.336037495849765003e-17 4.621629230503356748e-17 3.552645452779025189e-17 1.605964056367627286e-17 1.894763240109613523e-17 1.160056651813342844e-17 8.601088708385704576e-18 4.031499752281140191e-18 1.719166973472373641e-18 7.902135085742593694e-19 1.523208414037961012e-18 2.130494888705060864e-14 3.011306352688880956e-10 0.000000000000000000e+00
0.000000000000000000e+00 0.000000000000000000e+00 0.000000000000000000e+00 0.000000000000000000e+00 0.000000000000000000e+00 0.000000000000000000e+00 8.260647554794514535e-17 4.985423081244779860e-17 3.877258515968518960e-17 1.760565830649422386e-17 2.109090020068583141e-17 1.379122118084558136e-17 1.009787791398992925e-17 4.636908226893387953e-18 1.923083786058922146e-18 8.465318514609831227e-19 1.994814841356516660e-18 4.671786552884581407e-14 -3.267607019276397295e-01 0.000000000000000000e+00
0.000000000000000000e+00 0.000000000000000000e+00 0.000000000000000000e+00 0.000000000000000000e+00 0.000000000000000000e+00 0.000000000000000000e+00 -1.113059526725877647e-12 6.854338992350923633e-13 -9.380075464087996953e-14 6.239061170317809027e-15 1.357549686814481567e-13 -1.766910793261412101e-14 -1.461644415473227851e-14 2.171253407157969739e-15 -2.466483562883097722e-16 2.903982067538368546e-16 2.634911669304795077e-16 -6.708255335981790220e-17 -4.880597897344860100e-16 0.000000000000000000e+00
0.000000000000000000e+00 0.000000000000000000e+00 0.000000000000000000e+00 0.000000000000000000e+00 0.000000000000000000e+00 0.000000000000000000e+00 -1.944606096342668886e-12 9.195749315633832191e-13 -2.764188495457205664e-13 -8.763479949554847539e-14 1.409857211590846888e-13 -1.863317826260008939e-14 -1.442624524458883440e-14 1.407655086156224927e-15 -3.937685589287472530e-16 1.696164868726101948e-16 -1.452423151684520903e-14 -7.549977924869680864e-17 -4.989445787189478137e-16 0.000000000000000000e+00
0.000000000000000000e+00 0.000000000000000000e+00 0.000000000000000000e+00 0.000000000000000000e+00 0.000000000000000000e+00 0.000000000000000000e+00 -3.838658997755613885e-13 4.866312997791854488e-13 5.947915796850949574e-14 8.490717763156314971e-14 1.620696679539218083e-13 -1.991422495743825969e-14 -1.172969222028630237e-14 2.300742364996511221e-15 -2.248971764086330937e-17 2.446298384563399560e-17 2.211273119352489447e-14 -5.713269310052031413e-17 -5.121134988122861044e-16 0.000000000000000000e+00
0.000000000000000000e+00 0.000000000000000000e+00 0.000000000000000000e+00 0.000000000000000000e+00 0.000000000000000000e+00 0.000000000000000000e+00 -1.240980909144774642e-12 6.324461827262424537e-13 -1.853883740344981199e-13 -4.626318825727295221e-14 1.059664497334502588e-13 -1.571480209584755935e-14 -1.377092931300961877e-14 1.743528857312022297e-15 -4.082052465284220951e-16 3.107030496113193998e-16 2.873719898630170255e-16 -1.834467899697990510e-15 -1.059812714656804033e-12 0.000000000000000000e+00
0.000000000000000000e+00 0.000000000000000000e+00 0.000000000000000000e+00 0.000000000000000000e+00 0.000000000000000000e+00 0.000000000000000000e+00 -1.287962983393523448e-12 6.378334743050111757e-13 -1.958042807464150849e-13 -5.254003552235747227e-14 1.019479930549730017e-13 -1.548950356333974667e-14 -1.389454640092384447e-14 1.643295118399791109e-15 -4.618609737013248141e-16 3.327807746475792150e-16 2.912607629004563485e-16 -2.292933873356601633e-15 -1.630745216992621023e-12 0.000000000000000000e+00
0.000000000000000000e+00 0.000000000000000000e+00 0.000000000000000000e+00 0.000000000000000000e+00 0.000000000000000000e+00 0.000000000000000000e+00 -1.388824884545197486e-12 6.843886275115474194e-13 -1.853518945296016426e-13 -4.606473861420850215e-14 1.056873652790194994e-13 -1.596757114778094752e-14 -1.617025689718347622e-14 1.919633747901940518e-15 -3.075485843335084768e-16 3.060948291243664444e-16 2.039703166500995586e-16 4.716413164086505261e-15 3.034853291014327477e-07 0.000000000000000000e+00
0.000000000000000000e+00 0.000000000000000000e+00 0.000000000000000000e+00 0.000000000000000000e+00 0.000000000000000000e+00 0.000000000000000000e+00 3.138203532835994339e-12 -2.305980785285830851e-12 -1.994921634646417003e-12 4.244335111881568768e-13 2.526094136542328373e-13 1.410827179178948961e-13 -5.102657774208634674e-14 -1.116442914917185305e-14 -1.243158409187363537e-14 -1.313708888415328281e-16 -1.087151638425650201e-15 3.586566758086265108e-14 -3.767090220918904983e-14 0.000000000000000000e+00
0.000000000000000000e+00 0.000000000000000000e+00 0.000000000000000000e+00 0.000000000000000000e+00 0.000000000000000000e+00 0.000000000000000000e+00 -3.005584819836725854e-12 -1.834252391395607852e-12 -3.153846389987966493e-12 5.431429113590727811e-13 2.132607530882160068e-13 1.875851239935384399e-13 -5.691959117010474319e-14 -1.373871016791222313e-14 -1.382158433367432483e-14 -9.448762036390082327e-16 -3.851523740902070209e-14 3.444228528157497172e-14 -3.832549971160509539e-14 0.000000000000000000e+00
0.000000000000000000e+00 0.000000000000000000e+00 0.000000000000000000e+00 0.000000000000000000e+00 0.000000000000000000e+00 0.000000000000000000e+00 8.659552760177949501e-12 -2.788901322172705874e-12 -1.038939601210041023e-12 3.276900366998367114e-13 3.589695808763994585e-13 1.414872097263930698e-13 -3.283843539464905514e-14 -8.284998182923672993e-15 -1.082008258572024896e-14 -1.497595209543334332e-15 1.962800455057289303e-12 3.328082240699073532e-14 -3.836196548732734365e-14 0.000000000000000000e+00
0.000000000000000000e+00 0.000000000000000000e+00 0.000000000000000000e+00 0.000000000000000000e+00 0.000000000000000000e+00 0.000000000000000000e+00 -7.535591305592321691e-13 -1.451387316505360999e-12 -2.171331769884688448e-12 3.802619132920426836e-13 1.678725767229551347e-13 1.243048175539312819e-13 -5.499823912454571378e-14 -1.265805786146942307e-14 -1.279326164168959771e-14 -2.938668906242398323e-16 1.192716223290185819e-16 1.197369180578899098e-13 -1.756923665400270200e-11 0.000000000000000000e+00
0.000000000000000000e+00 0.000000000000000000e+00 0.000000000000000000e+00 0.000000000000000000e+00 0.000000000000000000e+00 0.000000000000000000e+00 -1.497986396982367884e-12 -1.311438838333086441e-12 -2.197563191808939312e-12 3.849371245533104835e-13 1.553665039951109776e-13 1.246208369786681385e-13 -5.649358633653329916e-14 -1.331245547873857532e-14 -1.299862419531056726e-14 -2.438637425936401059e-16 5.764335526706676235e-16 1.476792276465251310e-13 -2.307133778257895355e-11 0.000000000000000000e+00
0.000000000000000000e+00 0.000000000000000000e+00 0.000000000000000000e+00 0.000000000000000000e+00 0.000000000000000000e+00 0.000000000000000000e+00 -2.140607783057108360e-12 -1.256361392083792792e-12 -2.200169769376644620e-12 4.270943561450159584e-13 1.628959210271016394e-13 1.418489361614139781e-13 -6.116210180881083960e-14 -1.453030824241767917e-14 -1.412782248154804923e-14 -5.599619064431933259e-17 -1.289455293586137036e-16 6.257597293360433036e-13 -3.856136449605183648e-06 0.000000000000000000e+00
0.000000000000000000e+00 0.000000000000000000e+00 0.000000000000000000e+00 0.000000000000000000e+00 0.000000000000000000e+00 0.000000000000000000e+00 -1.209685702349385277e-15 -3.641817946436183338e-14 -3.019494477142182383e-14 1.603613186318520318e-15 7.237590690226683132e-15 1.007828294407799714e-15 -8.307620742887732976e-16 4.105244348507327287e-15 1.151877929780650393e-15 -1.791643986182342883e-15 -2.870570827007730946e-16 -8.828347584116047998e-13 8.178334341303752514e-12 0.000000000000000000e+00
0.000000000000000000e+00 0.000000000000000000e+00 0.000000000000000000e+00 0.000000000000000000e+00 0.000000000000000000e+00 0.000000000000000000e+00 -1.089932124025843118e-14 -4.474482143383975694e-14 4.614860615585286611e-14 -1.152144033169353808e-14 -3.099889060769106389e-14 -6.676618841794822073e-15 -4.489138913825118303e-15 7.964440055514215520e-15 4.028635046460944392e-15 -1.554786838761786119e-15 -1.134578012426247555e-09 -9.050398823076575275e-13 8.181973868353696611e-12 0.000000000000000000e+00
0.000000000000000000e+00 0.000000000000000000e+00 0.000000000000000000e+00 0.000000000000000000e+00 0.000000000000000000e+00 0.000000000000000000e+00 2.163989476806027132e-14 -2.034985230862595844e-14 -8.841401532710454616e-14 1.320181457957475803e-14 1.862475011201211472e-15 -3.828035805514808796e-15 2.455563412806640751e-14 7.818819826842231945e-15 2.158992096019416964e-15 -2.009178073152690884e-15 2.217898611681541998e-07 -8.506704396718540793e-13 8.154583225979720329e-12 0.000000000000000000e+00
0.000000000000000000e+00 0.000000000000000000e+00 0.000000000000000000e+00 0.000000000000000000e+00 0.000000000000000000e+00 0.000000000000000000e+00 -1.757402620122991187e-14 -3.912478049900208051e-14 8.419246197510618840e-15 3.152427832089544850e-16 6.384073339568785565e-15 -1.576727309799208252e-15 -3.481147863230185200e-15 6.672009588814993851e-15 1.681944415602420598e-15 -1.783763497108426584e-15 -8.231980146512009183e-16 -5.881950580535753498e-11 -1.455193177854357297e-04 0.000000000000000000e+00
0.000000000000000000e+00 0.000000000000000000e+00 0.000000000000000000e+00 0.000000000000000000e+00 0.000000000000000000e+00 0.000000000000000000e+00 -1.726207566127582695e-14 -4.635185029162252197e-14 1.305345624743158209e-14 1.906654742146583474e-15 3.211112083053990044e-15 -2.576735259040784388e-15 -2.970826801400986184e-15 7.804151150870725146e-15 1.695149160740920544e-15 -1.961514565556382180e-15 -2.164965617292122139e-16 -9.079993875334600799e-11 -2.850569578761844611e-04 0.000000000000000000e+00
0.000000000000000000e+00 0.000000000000000000e+00 0.000000000000000000e+00 0.000000000000000000e+00 0.000000000000000000e+00 0.000000000000000000e+00 -9.432046946611487085e-15 -6.822029585664330748e-14 1.116462083781333695e-14 6.926557763522155764e-15 -7.164050135555706853e-15 -2.630539699239654838e-15 -2.210553107535659895e-15 4.933647532501857039e-15 4.333938986728584787e-17 -6.219690247695248255e-16 3.617583209285551969e-16 -1.338402881510272833e-09 2.438475198445405811e+07 0.000000000000000000e+00
0.000000000000000000e+00 0.000000000000000000e+00 0.000000000000000000e+00 0.000000000000000000e+00 0.000000000000000000e+00 0.000000000000000000e+00 1.660438081082623327e-10 8.529738873441316697e-10 2.226766290469319088e-09 9.100663313626600457e-10 8.808511759616881163e-10 7.040853050532769125e-10 6.937241785710921942e-10 3.854540317995118909e-10 1.789652499262832550e-10 2.895977419767223772e-11 3.078758100826781746e-10 7.119029217363899271e-08 3.547363491400117963e-07 0.000000000000000000e+00
0.000000000000000000e+00 0.000000000000000000e+00 0.000000000000000000e+00 0.000000000000000000e+00 0.000000000000000000e+00 0.000000000000000000e+00 -1.424215716418019086e-10 -7.864281659151878081e-10 4.276313447323812178e-10 5.731835955525403827e-11 -2.868859447654381088e-10 4.536475123906994693e-10 2.220180574437669236e-10 2.385378981733370925e-11 6.973266724684614894e-11 4.328340094547152711e-11 3.209650528883151551e-07 7.229384787019310400e-08 3.520451481281383578e-07 0.000000000000000000e+00
0.000000000000000000e+00 0.000000000000000000e+00 0.000000000000000000e+00 0.000000000000000000e+00 0.000000000000000000e+00 0.000000000000000000e+00 2.830082583145395770e-09 8.137927189558004243e-09 7.089407617821745973e-09 5.205018088321389410e-09 5.844394612186064630e-09 4.762950921582500676e-09 3.129177924938879938e-09 1.996102031109217675e-09 8.407082037471954146e-10 2.675430021857542653e-10 2.776343842204822990e-05 7.593487831867442018e-08 3.523822568096671615e-07 0.000000000000000000e+00
0.000000000000000000e+00 0.000000000000000000e+00 0.000000000000000000e+00 0.000000000000000000e+00 0.000000000000000000e+00 0.000000000000000000e+00 2.997853629475191106e-10 -4.487684737337994006e-10 -8.988784456666985808e-11 2.964284276186026598e-11 -1.327750772269314184e-10 2.126969849757406643e-10 1.603355830219559344e-10 2.792847880091523806e-11 9.048596699944916950e-11 2.076236846940158915e-11 8.186702683402664333e-11 1.586085078237052569e-06 2.589502008958638157e+01 0.000000000000000000e+00
0.000000000000000000e+00 0.000000000000000000e+00 0.000000000000000000e+00 0.000000000000000000e+00 0.000000000000000000e+00 0.000000000000000000e+00 5.709168746514718597e-10 -3.104861013027351505e-10 -8.703398393870403746e-11 6.577207899173655697e-11 -1.653259943089229949e-10 2.800066011608829523e-10 1.640320059019586078e-10 5.396321004382084154e-12 9.185975142625381946e-11 2.202636354559150527e-11 6.831013335163565492e-11 2.731997750774780133e-06 5.709376036924786035e+01 0.000000000000000000e+00
0.000000000000000000e+00 0.000000000000000000e+00 0.000000000000000000e+00 0.000000000000000000e+00 0.000000000000000000e+00 0.000000000000000000e+00 5.228755854356502171e-10 -3.179960627413768077e-10 2.624618396868619580e-10 -1.328677526124231969e-10 -2.486175282299990020e-10 3.077185786266731094e-10 2.369316740778187737e-10 9.695578141951416796e-11 5.327981978171300297e-11 1.893036986928225030e-11 7.464238307681731603e-11 -2.473585938722079602e-05 -3.929700743720703125e+08 0.000000000000000000e+00
0.000000000000000000e+00 0.000000000000000000e+00 0.000000000000000000e+00 0.000000000000000000e+00 0.000000000000000000e+00 0.000000000000000000e+00 2.285541630884249428e-09 -9.713126836775005521e-09 -5.279844342572142244e-09 -3.852165669339980069e-09 -2.471493724203977276e-09 -1.395107719668400798e-09 -1.289717871972849948e-09 -5.163633793287019105e-10 -1.875497947315953289e-10 -2.514855769116671869e-11 8.748775112413416781e-11 4.827209048830916305e-10 2.452281127088961809e-11 0.000000000000000000e+00
0.000000000000000000e+00 0.000000000000000000e+00 0.000000000000000000e+00 0.000000000000000000e+00 0.000000000000000000e+00 0.000000000000000000e+00 7.680514053456549997e-10 6.464822805937954986e-09 3.125025958292825885e-09 -7.881752256283801492e-10 2.448204137773239841e-09 4.218178822213042136e-10 -1.113948907071469424e-10 4.665481795237473148e-11 -3.846763536112299834e-11 -3.492153096819756057e-11 -4.137361875787367865e-11 4.547513544282018311e-10 2.800575735668200103e-11 0.000000000000000000e+00
0.000000000000000000e+00 0.000000000000000000e+00 0.000000000000000000e+00 0.000000000000000000e+00 0.000000000000000000e+00 0.000000000000000000e+00 3.565483841090381749e-09 -2.454640189781415634e-08 -1.280301925322199347e-08 -6.928688667699341941e-09 -7.814971767124619871e-09 -3.594916060185557348e-09 -2.662935678491214391e-09 -1.196221394919106225e-09 -4.374019156884145607e-10 -1.477257248072524133e-10 -1.742937940441790890e-11 4.839294921078531789e-10 2.803166883967387587e-11 0.000000000000000000e+00
0.000000000000000000e+00 0.000000000000000000e+00 0.000000000000000000e+00 0.000000000000000000e+00 0.000000000000000000e+00 0.000000000000000000e+00 2.190032407751607257e-10 3.542616635976972182e-09 -4.229166548281628564e-10 -1.490761520891709673e-09 1.770577310785957561e-09 -1.437486051895653530e-10 -3.877613006121403958e-10 -7.983943287530169036e-11 -7.336682165783672844e-11 -1.503337764585345523e-11 2.179727384282099627e-11 6.996227085656666309e-10 1.468599485576513169e-07 0.000000000000000000e+00
0.000000000000000000e+00 0.000000000000000000e+00 0.000000000000000000e+00 0.000000000000000000e+00 0.000000000000000000e+00 0.000000000000000000e+00 2.720487567218333577e-10 5.263132351484913820e-09 4.593201002869313798e-10 -1.010829591640853311e-09 2.324794989138843658e-09 6.046699387228977143e-11 -1.912739534993106226e-10 3.830360809784949672e-11 -1.704642631490190469e-11 9.842572819948532146e-12 -7.737077161202167719e-12 6.841534550510841365e-10 3.905880503470538824e-07 0.000000000000000000e+00
0.000000000000000000e+00 0.000000000000000000e+00 0.000000000000000000e+00 0.000000000000000000e+00 0.000000000000000000e+00 0.000000000000000000e+00 1.519041829226502626e-09 4.525060388874551671e-09 1.099916445875958054e-09 -5.278675449110161295e-10 1.668760372921169234e-09 -1.782216132610433121e-10 -2.312414156418362596e-10 -2.983842192113555748e-11 1.072507246224323460e-11 1.300832046721037991e-11 -3.130500132218404248e-12 -2.979120196426037545e-09 -3.257906187121942243e-02 0.000000000000000000e+00
0.000000000000000000e+00 0.000000000000000000e+00 0.000000000000000000e+00 0.000000000000000000e+00 0.000000000000000000e+00 0.000000000000000000e+00 -5.633111728032269106e-09 -3.719944661490852387e-09 -3.791620947986960601e-08 -2.145293008099883033e-08 -1.496884649384007757e-08 -6.028976160795103639e-09 -3.373136945117692638e-09 -1.327700585770583980e-09 -4.999253693730201553e-10 -1.747996733529606931e-11 1.939996695434900373e-10 1.601006069620588698e-09 2.169900085606980573e-09 0.000000000000000000e+00
0.000000000000000000e+00 0.000000000000000000e+00 0.000000000000000000e+00 0.000000000000000000e+00 0.000000000000000000e+00 0.000000000000000000e+00 3.203743340995941517e-09 2.391491972726680315e-08 -2.274548246694763732e-09 -6.777896704768743087e-09 6.066175165826575017e-10 1.711810293012360961e-09 4.199798087321743430e-10 3.509701124859083202e-10 -2.532909363210525522e-12 -7.701203989474732781e-12 -4.599441346156543341e-11 1.523248888193357622e-09 2.232278231027255588e-09 0.000000000000000000e+00
0.000000000000000000e+00 0.000000000000000000e+00 0.000000000000000000e+00 0.000000000000000000e+00 0.000000000000000000e+00 0.000000000000000000e+00 -1.329769164834127408e-08 -2.958747824871209957e-08 -7.050254946689141413e-08 -3.745066478454740721e-08 -3.379758552363178365e-08 -1.648665181632822651e-08 -7.654460061017113185e-09 -3.083630716887396626e-09 -1.352423486429883312e-09 -2.267318959063634238e-10 2.098610162160536145e-08 1.682117927124530622e-09 2.224569313749194812e-09 0.000000000000000000e+00
0.000000000000000000e+00 0.000000000000000000e+00 0.000000000000000000e+00 0.000000000000000000e+00 0.000000000000000000e+00 0.000000000000000000e+00 -5.795070071621154502e-09 1.770342612176597894e-08 -6.887783769733557280e-09 -5.429684028654523910e-09 3.664818237858571859e-10 -3.495214288808060812e-10 -3.068370620957942559e-10 9.796333351564606188e-11 -7.301879602973334310e-11 2.394061427727762905e-11 -4.281930804065952349e-12 1.350114025354228232e-08 -3.540017001155357103e-07 0.000000000000000000e+00
0.000000000000000000e+00 0.000000000000000000e+00 0.000000000000000000e+00 0.000000000000000000e+00 0.000000000000000000e+00 0.000000000000000000e+00 -4.792495075562875961e-09 2.152823463075261768e-08 -2.715392316931264631e-09 -3.073047612958422374e-09 2.436728229879684404e-09 6.881231040469551461e-10 3.206478599608798933e-10 4.363017618263872531e-10 1.239185583855626918e-10 8.772189335238211643e-11 -9.756382945350892195e-11 1.586083146828999459e-08 1.127886462902830926e-07 0.000000000000000000e+00
0.000000000000000000e+00 0.000000000000000000e+00 0.000000000000000000e+00 0.000000000000000000e+00 0.000000000000000000e+00 0.000000000000000000e+00 -1.178066788209744391e-09 2.407398300411340598e-08 -4.040152929455094332e-09 -3.439183729935301632e-09 3.192656918587273685e-10 1.203665398767035725e-10 -9.521206831345021047e-11 -2.100097704894282832e-10 -3.680079342435323514e-11 -1.091995545267926705e-10 -1.013601373189112725e-10 -4.113048344002289929e-08 1.029238865331562058e-01 0.000000000000000000e+00
0.000000000000000000e+00 0.000000000000000000e+00 0.000000000000000000e+00 0.000000000000000000e+00 0.000000000000000000e+00 0.000000000000000000e+00 8.036955380167885841e-10 2.563187767945994640e-09 2.440381278812930389e-10 -7.129616771582151376e-10 1.742456788078508932e-10 -3.844673954688286974e-10 -3.229479549828012048e-10 -3.884847554178943054e-10 -1.830690299036721196e-10 -5.235590730775929025e-11 -3.886461480739284105e-10 -7.617592828275875880e-08 -3.190894411716804140e-06 0.000000000000000000e+00
0.000000000000000000e+00 0.000000000000000000e+00 0.000000000000000000e+00 0.000000000000000000e+00 0.000000000000000000e+00 0.000000000000000000e+00 2.254090248499792253e-09 3.170370366612775087e-09 -4.791665498761855866e-10 -1.350233685165719200e-09 8.391518602708963317e-10 -1.946998668581084225e-09 -5.743244352435972925e-10 -3.932687176311153672e-10 -1.901218577460058806e-10 -1.178929624743894611e-10 7.440420987299466247e-05 -8.256137580228585533e-08 -3.166124141322928629e-06 0.000000000000000000e+00
0.000000000000000000e+00 0.000000000000000000e+00 0.000000000000000000e+00 0.000000000000000000e+00 0.000000000000000000e+00 0.000000000000000000e+00 -8.691601796526751126e-09 4.830249040356486934e-09 -2.454079127923415515e-09 -2.300537179968521072e-09 1.316510972891184440e-09 -9.779475959439827103e-10 4.645830200882030168e-10 -6.602294885961467081e-10 -9.842887561301495025e-11 -3.032218026232773416e-10 -5.467369530529996371e-03 -8.637749144091405473e-08 -3.163410929812995150e-06 0.000000000000000000e+00
0.000000000000000000e+00 0.000000000000000000e+00 0.000000000000000000e+00 0.000000000000000000e+00 0.000000000000000000e+00 0.000000000000000000e+00 4.273757050965112385e-09 1.066841329624412169e-09 1.998963774764583421e-09 7.132506666310760474e-10 -3.670362854439819568e-10 -3.541635693787881621e-10 -3.243961340063628705e-10 -5.467240275172006540e-10 -2.385680811935115182e-10 -8.154999492898439488e-11 -1.789646356270816563e-10 -6.757802177246327000e-06 3.824664627279677376e+01 0.000000000000000000e+00
0.000000000000000000e+00 0.000000000000000000e+00 0.000000000000000000e+00 0.000000000000000000e+00 0.000000000000000000e+00 0.000000000000000000e+00 3.598343962234712865e-09 1.163550736264315421e-09 1.155761014833046850e-09 5.818861711195378216e-10 -2.764958238292529593e-10 -4.862379184765884005e-10 -2.823756179940576916e-10 -5.930657733260808107e-10 -2.538197987494471500e-10 -5.396908491347810078e-11 -1.340362763931046668e-10 -1.000800497038870233e-05 1.085927432629281384e+02 0.000000000000000000e+00
0.000000000000000000e+00 0.000000000000000000e+00 0.000000000000000000e+00 0.000000000000000000e+00 0.000000000000000000e+00 0.000000000000000000e+00 4.050159496122710972e-10 2.782825137504749563e-09 -1.426845168724039454e-09 -8.066373453047420018e-10 2.780632987568630724e-10 -1.002909170718973216e-09 -3.605781901274518975e-10 -5.051133971942638232e-10 -2.046123156599716128e-10 -2.805329059238623384e-10 -7.635748770945303787e-10 -2.225465127738227857e-04 9.644829509633352051e+11 0.000000000000000000e+00
