0.000000000000000000e+00 0.000000000000000000e+00 0.000000000000000000e+00 0.000000000000000000e+00 0.000000000000000000e+00 0.000000000000000000e+00 9.244024640422764213e-13 5.599897275031605773e-13 3.870346823204018474e-13 2.578907569154708489e-13 3.484786039833233233e-13 2.586026546365542736e-13 1.886683784008648510e-13 7.402802097214526864e-14 1.727117460367327571e-14 3.615614343044763867e-13 7.310352359229720038e-12 1.457816042582390743e-11 0.000000000000000000e+00 0.000000000000000000e+00
0.000000000000000000e+00 0.000000000000000000e+00 0.000000000000000000e+00 0.000000000000000000e+00 0.000000000000000000e+00 0.000000000000000000e+00 2.742329833733439564e-14 1.202484696203173869e-13 5.598276860412352602e-14 2.299348719607577844e-14 1.849118970159757810e-14 6.312363755130942389e-14 4.099140729386738873e-14 2.233088113002732801e-14 1.072285654323425151e-14 2.055655646590521842e-11 6.310987210857902250e-12 1.494981842623484344e-11 0.000000000000000000e+00 0.000000000000000000e+00
0.000000000000000000e+00 0.000000000000000000e+00 0.000000000000000000e+00 0.000000000000000000e+00 0.000000000000000000e+00 0.000000000000000000e+00 3.434060414620981408e-12 2.600287943362998870e-12 1.528498665939002423e-12 1.504017782580750659e-12 3.321932821787765440e-12 5.090308900901551861e-12 2.389108352427437402e-12 1.565120738118465254e-12 7.259299940580871290e-13 8.643602031079810059e-11 7.251888896723460734e-12 1.501890270877522963e-11 0.000000000000000000e+00 0.000000000000000000e+00
0.000000000000000000e+00 0.000000000000000000e+00 0.000000000000000000e+00 0.000000000000000000e+00 0.000000000000000000e+00 0.000000000000000000e+00 1.038338937340279826e-14 1.330225245814002288e-15 1.903019267624850453e-14 -1.492833488868401677e-14 -5.594416538158187802e-15 1.379337371538329771e-14 2.155910778735678249e-14 1.289242553001872396e-14 6.580451957913105857e-15 2.395947837046526116e-14 1.542510345087263127e-11 -4.462875546819061647e-05 0.000000000000000000e+00 0.000000000000000000e+00
0.000000000000000000e+00 0.000000000000000000e+00 0.000000000000000000e+00 0.000000000000000000e+00 0.000000000000000000e+00 0.000000000000000000e+00 1.568905407110465027e-14 8.763596174205631812e-15 2.332381214409228246e-14 -1.597056246053863745e-14 -5.325961896213643495e-15 2.683329729904745410e-14 3.458356307609752253e-14 2.741973760553386059e-14 1.706653676175992543e-14 1.100699139076696066e-13 2.667070770082729839e-11 -1.116055353830816988e-04 0.000000000000000000e+00 0.000000000000000000e+00
0.000000000000000000e+00 0.000000000000000000e+00 0.000000000000000000e+00 0.000000000000000000e+00 0.000000000000000000e+00 0.000000000000000000e+00 1.248638518266014609e-14 7.186960853434203578e-15 3.123931716143396401e-14 -1.545367936419415256e-14 -3.994093477760485765e-15 1.686121959312640718e-14 2.340860556758186519e-14 1.077921558687824711e-14 5.580530472718282838e-15 4.290428823762740614e-14 3.903230140635927125e-11 2.987377860093116760e+04 0.000000000000000000e+00 0.000000000000000000e+00
0.000000000000000000e+00 0.000000000000000000e+00 0.000000000000000000e+00 0.000000000000000000e+00 0.000000000000000000e+00 0.000000000000000000e+00 9.828408820698977642e-11 6.605089489309645752e-11 2.807411342015269109e-11 2.934494470600707068e-12 8.322196643516524336e-12 2.211710990377313670e-12 1.637661343946302500e-13 -5.751056116331995886e-13 -9.051957487088645058e-14 1.078196346195877045e-12 2.326095567922489021e-12 2.475960573422822188e-14 0.000000000000000000e+00 0.000000000000000000e+00
0.000000000000000000e+00 0.000000000000000000e+00 0.000000000000000000e+00 0.000000000000000000e+00 0.000000000000000000e+00 0.000000000000000000e+00 -2.822879252801016110e-11 1.919573931334853500e-11 9.028119147237562510e-12 6.991728101199942457e-12 1.163700360870162849e-11 3.074392657365877862e-12 1.230890480667966452e-12 3.110285388648645476e-14 -5.378662153086852131e-14 -2.204826441064187136e-12 2.224187536727549249e-12 5.556554567467436592e-14 0.000000000000000000e+00 0.000000000000000000e+00
0.000000000000000000e+00 0.000000000000000000e+00 0.000000000000000000e+00 0.000000000000000000e+00 0.000000000000000000e+00 0.000000000000000000e+00 2.143266768854419596e-10 1.112860430067468805e-10 4.947023462691501397e-11 2.544181648030072818e-13 4.027249379294302367e-12 3.515103568680372715e-12 -2.214251681470623915e-12 -2.143738986769736978e-12 -1.423477243668295652e-12 4.862065298573358017e-12 2.313341984375673650e-12 2.654781944491753726e-14 0.000000000000000000e+00 0.000000000000000000e+00
0.000000000000000000e+00 0.000000000000000000e+00 0.000000000000000000e+00 0.000000000000000000e+00 0.000000000000000000e+00 0.000000000000000000e+00 -2.438157627505220312e-12 -9.382627569577826986e-14 1.101008848225559164e-11 6.509197549206092375e-12 1.006119289006716747e-11 2.004059358025887787e-12 2.558490308537898383e-13 -2.629528680512813801e-13 -3.851589471743085390e-14 -1.724745107828424438e-13 1.518020573092368387e-12 -4.748131622961491055e-09 0.000000000000000000e+00 0.000000000000000000e+00
0.000000000000000000e+00 0.000000000000000000e+00 0.000000000000000000e+00 0.000000000000000000e+00 0.000000000000000000e+00 0.000000000000000000e+00 -4.709782552903170103e-12 1.117024533537448441e-13 1.005040460425920740e-11 6.292048205771506316e-12 9.744986691404972821e-12 2.411923292583504659e-12 3.128849321573867840e-13 -1.484730863849268973e-13 7.657872124533985333e-14 -5.813129914916571647e-13 7.333884901856160426e-13 -3.468770466548778764e-09 0.000000000000000000e+00 0.000000000000000000e+00
0.000000000000000000e+00 0.000000000000000000e+00 0.000000000000000000e+00 0.000000000000000000e+00 0.000000000000000000e+00 0.000000000000000000e+00 3.884761097789074892e-13 5.312520549356090764e-12 1.068680136133492140e-11 6.031953510693458109e-12 8.327765108962801795e-12 3.908597447790001876e-12 7.335199139872095900e-13 4.133106045930096259e-14 -5.315134972109325650e-14 2.734656666952388983e-13 -5.161453725229774975e-12 -6.577964280941052920e-04 0.000000000000000000e+00 0.000000000000000000e+00
0.000000000000000000e+00 0.000000000000000000e+00 0.000000000000000000e+00 0.000000000000000000e+00 0.000000000000000000e+00 0.000000000000000000e+00 -6.594228378718215198e-11 1.977314280623280032e-10 2.250227319299668462e-10 -6.457397315265416808e-11 -8.188437552764688501e-11 2.227672115882317237e-11 -7.509992814356532971e-12 -4.296919208039320081e-12 -1.441405982000310489e-12 8.305776654887417512e-12 1.292052034862371905e-11 4.795330634960836924e-12 0.000000000000000000e+00 0.000000000000000000e+00
0.000000000000000000e+00 0.000000000000000000e+00 0.000000000000000000e+00 0.000000000000000000e+00 0.000000000000000000e+00 0.000000000000000000e+00 -8.377442466110955771e-11 8.988334615359150038e-11 -1.632829496584798538e-11 -9.536213810071635207e-12 6.774905926203599821e-11 3.032119163642833108e-11 3.369904544157753197e-12 -7.388851781850138500e-14 -2.361446561881318414e-12 -5.274224612544686528e-11 1.123309118683260341e-11 5.024137335342713886e-12 0.000000000000000000e+00 0.000000000000000000e+00
0.000000000000000000e+00 0.000000000000000000e+00 0.000000000000000000e+00 0.000000000000000000e+00 0.000000000000000000e+00 0.000000000000000000e+00 -5.566803791442504917e-11 2.989485931227147200e-10 4.727968197904681824e-10 -1.045708904090170869e-10 -3.253288582457016991e-10 2.809261827789681894e-11 -1.840894210519807821e-11 -1.486476161994475586e-11 -7.202449993084006584e-12 4.771257927683228849e-11 1.186868066842125190e-11 4.977448704926985822e-12 0.000000000000000000e+00 0.000000000000000000e+00
0.000000000000000000e+00 0.000000000000000000e+00 0.000000000000000000e+00 0.000000000000000000e+00 0.000000000000000000e+00 0.000000000000000000e+00 1.587961328962713322e-11 2.091086728144498035e-11 2.412112005041657121e-11 -3.206037099036536011e-11 3.442121126602551488e-11 1.584876838769741587e-11 4.402109626634142653e-13 -1.849068972917407342e-12 -2.085010408551638385e-12 2.943388065614076784e-15 5.230057139467593273e-12 -3.032688290608707149e-08 0.000000000000000000e+00 0.000000000000000000e+00
0.000000000000000000e+00 0.000000000000000000e+00 0.000000000000000000e+00 0.000000000000000000e+00 0.000000000000000000e+00 0.000000000000000000e+00 2.034072180660846306e-11 2.916303919909372271e-11 8.969469061827488442e-12 -3.580113965392336173e-11 3.941987922672042117e-11 1.657129640087107553e-11 1.062735117029751479e-12 -8.867495645969394892e-13 -1.454114054462706720e-12 -2.376140507118684743e-12 4.456848087909130220e-13 -3.854710818070126659e-08 0.000000000000000000e+00 0.000000000000000000e+00
0.000000000000000000e+00 0.000000000000000000e+00 0.000000000000000000e+00 0.000000000000000000e+00 0.000000000000000000e+00 0.000000000000000000e+00 1.872498683778373381e-11 5.076872490465718213e-11 1.020863047074782935e-11 -4.409401943060143692e-11 2.026935547606728452e-11 2.264944848183152606e-11 -1.720279476845866579e-12 -1.120974243594993143e-12 -4.780529886431211980e-14 4.185922967932059230e-12 -5.489148336774686499e-11 -7.148464455905845227e-02 0.000000000000000000e+00 0.000000000000000000e+00
0.000000000000000000e+00 0.000000000000000000e+00 0.000000000000000000e+00 0.000000000000000000e+00 0.000000000000000000e+00 0.000000000000000000e+00 -1.129700052754390545e-11 -3.141541860441280646e-11 -1.985716363665940785e-11 -1.190677605713126706e-11 -1.395813990280475305e-11 5.218895553837712290e-12 -6.992856269393097605e-12 2.614575830182295793e-12 -4.895197357469885690e-12 1.699097082324034280e-12 2.694965841552964188e-11 2.222920504077735315e-08 0.000000000000000000e+00 0.000000000000000000e+00
0.000000000000000000e+00 0.000000000000000000e+00 0.000000000000000000e+00 0.000000000000000000e+00 0.000000000000000000e+00 0.000000000000000000e+00 1.593597650872488586e-10 -2.411780433136368277e-11 3.011179383263782778e-11 1.031884890927299918e-11 -6.960589521827625973e-11 -1.725378766358835360e-11 -1.247680425115718280e-12 4.684690527788275801e-12 -1.682429149100288780e-11 3.436284922927110777e-07 1.637543684163501988e-11 2.242687332713279189e-08 0.000000000000000000e+00 0.000000000000000000e+00
0.000000000000000000e+00 0.000000000000000000e+00 0.000000000000000000e+00 0.000000000000000000e+00 0.000000000000000000e+00 0.000000000000000000e+00 -7.980693484369371382e-12 5.896982392153429286e-12 -4.801586723072513095e-11 -3.927699529402757470e-11 -3.352007328312573326e-11 3.645176556871633354e-12 8.585593491938921744e-12 -1.994495195261955586e-12 -3.677361185657534463e-11 1.940538566335894645e-07 1.281180811218374259e-11 2.246797891894139839e-08 0.000000000000000000e+00 0.000000000000000000e+00
0.000000000000000000e+00 0.000000000000000000e+00 0.000000000000000000e+00 0.000000000000000000e+00 0.000000000000000000e+00 0.000000000000000000e+00 4.758213927679204179e-11 9.696829962290981364e-12 -1.565066042453869951e-11 8.065262896539888922e-12 -2.721090791851627930e-11 2.476871092143546338e-12 -3.460714830009836406e-12 3.162312149710360882e-12 -5.162636270198133112e-12 -6.495017729554418310e-12 2.759907949115059437e-09 -3.786973182985126779e-02 0.000000000000000000e+00 0.000000000000000000e+00
0.000000000000000000e+00 0.000000000000000000e+00 0.000000000000000000e+00 0.000000000000000000e+00 0.000000000000000000e+00 0.000000000000000000e+00 4.719734852922550613e-11 1.230607132751908672e-11 -1.336779451839620895e-11 8.257864560924744709e-12 -3.014985902463835322e-11 8.943597983774584941e-13 -2.880124405798081877e-12 3.355781074904883397e-12 -4.953461664722123709e-12 -7.412884466520117937e-12 5.082075973794823749e-09 -9.271535849032735976e-02 0.000000000000000000e+00 0.000000000000000000e+00
0.000000000000000000e+00 0.000000000000000000e+00 0.000000000000000000e+00 0.000000000000000000e+00 0.000000000000000000e+00 0.000000000000000000e+00 4.283938516345551409e-11 1.159069263880330875e-11 -1.105990087488562477e-11 8.246110180760637640e-12 -3.345145688977383988e-11 1.652979381596034668e-12 -5.364987298767785028e-12 2.905375023532186422e-12 -3.042721457188311214e-12 1.799589580933886436e-11 -4.421561896220283356e-09 1.427087051958859863e+12 0.000000000000000000e+00 0.000000000000000000e+00
0.000000000000000000e+00 0.000000000000000000e+00 0.000000000000000000e+00 0.000000000000000000e+00 0.000000000000000000e+00 0.000000000000000000e+00 1.246443115354379746e-10 8.277268890890833468e-11 4.118889689405232759e-11 9.087037599113109154e-12 9.511425228694165254e-12 5.303545555153278883e-12 4.015294684198031743e-12 2.279830175536197709e-12 1.427682827597154310e-12 5.926940338453281207e-12 1.543119254015216906e-10 -2.376789463768376886e-11 0.000000000000000000e+00 0.000000000000000000e+00
0.000000000000000000e+00 0.000000000000000000e+00 0.000000000000000000e+00 0.000000000000000000e+00 0.000000000000000000e+00 0.000000000000000000e+00 5.183176160431921988e-12 1.328989856438400656e-11 1.398513191190774888e-11 9.269817313295140127e-12 1.307008283460626655e-11 4.184259508994631420e-12 2.916228993351256949e-12 2.552117190980811385e-12 1.991823357500806146e-12 -2.589347334772039958e-09 1.392745469768891379e-10 5.290022822379143545e-11 0.000000000000000000e+00 0.000000000000000000e+00
0.000000000000000000e+00 0.000000000000000000e+00 0.000000000000000000e+00 0.000000000000000000e+00 0.000000000000000000e+00 0.000000000000000000e+00 4.569843702255609189e-10 3.823344732926237786e-10 1.405455242459707078e-10 5.407428078446181583e-11 6.588076576767849170e-11 9.409837896633365030e-11 3.364500555585857343e-11 2.364610061428880346e-11 9.193655690542911676e-12 1.122840715029672750e-08 1.621194371995453380e-10 6.629734539444038238e-11 0.000000000000000000e+00 0.000000000000000000e+00
0.000000000000000000e+00 0.000000000000000000e+00 0.000000000000000000e+00 0.000000000000000000e+00 0.000000000000000000e+00 0.000000000000000000e+00 6.878557108437740321e-12 2.643897938854181999e-12 3.027801053246677728e-12 3.637642390191952273e-12 5.760629929774076761e-12 2.775881724281802723e-12 1.547125756304619231e-12 1.918173036142894520e-12 1.277852840130264989e-12 3.931268906675401101e-12 2.330590741624446136e-09 -2.099816354447586741e-03 0.000000000000000000e+00 0.000000000000000000e+00
0.000000000000000000e+00 0.000000000000000000e+00 0.000000000000000000e+00 0.000000000000000000e+00 0.000000000000000000e+00 0.000000000000000000e+00 4.463000832283379757e-12 3.046282567742999581e-12 2.961440547798901335e-12 3.701165138489954339e-12 6.321724272656400113e-12 3.241293636978547336e-12 1.858008548491083266e-12 2.255025628391593017e-12 1.698141755445145465e-12 7.907513121239384787e-12 4.112433501007348732e-09 1.245167158655327566e-02 0.000000000000000000e+00 0.000000000000000000e+00
0.000000000000000000e+00 0.000000000000000000e+00 0.000000000000000000e+00 0.000000000000000000e+00 0.000000000000000000e+00 0.000000000000000000e+00 2.243954032335742056e-12 1.751694083562531142e-12 3.314270508310881583e-12 3.056830042125782638e-12 6.882451658920704845e-12 3.173979736002183536e-12 2.015712523760730713e-12 2.126941104572114872e-12 1.153469893755615448e-12 7.406785112504384898e-12 5.493770740690404780e-09 -5.818384864746093750e+06 0.000000000000000000e+00 0.000000000000000000e+00
0.000000000000000000e+00 0.000000000000000000e+00 0.000000000000000000e+00 0.000000000000000000e+00 0.000000000000000000e+00 0.000000000000000000e+00 9.176551894789684347e-10 6.223150195470152401e-11 3.427764502161521011e-10 3.136218741285236864e-10 2.821847924216329078e-11 -8.250093896741817506e-11 -1.670318170502722177e-11 -1.168447406463102498e-11 5.968429371991125157e-12 1.032079303360645826e-11 2.743982634075983612e-11 1.364612939139712391e-11 0.000000000000000000e+00 0.000000000000000000e+00
0.000000000000000000e+00 0.000000000000000000e+00 0.000000000000000000e+00 0.000000000000000000e+00 0.000000000000000000e+00 0.000000000000000000e+00 -4.488130844521100093e-11 -1.476180178616930844e-10 -1.740775688401487106e-10 2.176729628919117609e-10 1.294264614429618144e-10 -4.155427708955874314e-11 -1.632491938924119896e-11 -1.049888024080795901e-12 4.571584539782545112e-12 -2.148089298643746416e-11 2.411514319690208340e-11 1.523101479278652269e-11 0.000000000000000000e+00 0.000000000000000000e+00
0.000000000000000000e+00 0.000000000000000000e+00 0.000000000000000000e+00 0.000000000000000000e+00 0.000000000000000000e+00 0.000000000000000000e+00 1.812888657156406129e-09 2.575562569808372670e-10 7.800501940098453163e-10 3.365518191789437108e-10 -1.428298873894947213e-10 -1.277951889240464108e-10 3.393894836524654050e-12 -4.581228208873076634e-11 -1.947439312366279183e-11 -1.357698285700739994e-10 2.572730593355382567e-11 1.544844363164072998e-11 0.000000000000000000e+00 0.000000000000000000e+00
0.000000000000000000e+00 0.000000000000000000e+00 0.000000000000000000e+00 0.000000000000000000e+00 0.000000000000000000e+00 0.000000000000000000e+00 -6.267423996465826256e-11 -2.594517429470704164e-10 2.946645997974473265e-11 1.849499964184471128e-10 9.653143426480093738e-11 -6.797504726139881669e-11 -1.796134174828809730e-11 -2.595072703316581587e-12 6.629795281133181120e-12 2.513097267189215302e-12 1.752653586858207466e-11 -1.241818552251824881e-08 0.000000000000000000e+00 0.000000000000000000e+00
0.000000000000000000e+00 0.000000000000000000e+00 0.000000000000000000e+00 0.000000000000000000e+00 0.000000000000000000e+00 0.000000000000000000e+00 -6.830382604533422587e-11 -1.987258972758653788e-10 3.045582977743510154e-11 1.881727264346751059e-10 1.032182758304990538e-10 -6.682737211903691094e-11 -1.775732909406895154e-11 1.563626985904181140e-12 8.844295914747011750e-12 3.263133008236690194e-13 1.487191261308412813e-11 1.050786895986525140e-09 0.000000000000000000e+00 0.000000000000000000e+00
0.000000000000000000e+00 0.000000000000000000e+00 0.000000000000000000e+00 0.000000000000000000e+00 0.000000000000000000e+00 0.000000000000000000e+00 -2.829211571004638799e-12 -1.149498452457768624e-10 5.937860423224050967e-11 2.067694574967851762e-10 1.005764806020128866e-10 -7.209722401039562013e-11 -1.351833271718525657e-11 6.257982094518620178e-12 6.660119189912527221e-12 3.437726056450654387e-12 3.130115374924867434e-11 -1.846261019860446009e-02 0.000000000000000000e+00 0.000000000000000000e+00
0.000000000000000000e+00 0.000000000000000000e+00 0.000000000000000000e+00 0.000000000000000000e+00 0.000000000000000000e+00 0.000000000000000000e+00 -2.435978566871126609e-09 -4.499606299755585494e-10 3.508362970242277341e-09 6.104946981968331983e-10 -2.180866392436085468e-11 -3.295823103282850468e-10 -1.580922920898072045e-10 -9.454050842005535594e-11 -1.731351723610117411e-11 7.404730351856145770e-11 8.929384889193262846e-11 2.776023961365436504e-10 0.000000000000000000e+00 0.000000000000000000e+00
0.000000000000000000e+00 0.000000000000000000e+00 0.000000000000000000e+00 0.000000000000000000e+00 0.000000000000000000e+00 0.000000000000000000e+00 -1.022553008484276849e-09 8.097100811366229172e-10 1.681510034808958262e-09 1.082703040634632913e-09 2.269514966749400756e-10 -2.939868555232876754e-10 -4.195801280668649475e-11 1.097443751604990943e-11 -2.780755227212428589e-11 2.219877360418608052e-10 8.426250956633549669e-11 2.915729234094009677e-10 0.000000000000000000e+00 0.000000000000000000e+00
0.000000000000000000e+00 0.000000000000000000e+00 0.000000000000000000e+00 0.000000000000000000e+00 0.000000000000000000e+00 0.000000000000000000e+00 -3.731121691437361678e-09 -1.621194837559371254e-09 5.277115094131946987e-09 -2.545239750208410135e-10 -3.560696746355237407e-10 -1.032095660824096144e-09 -3.373353926888446565e-10 -3.146773138714406552e-10 -1.397135471459108477e-10 -8.283458433259782815e-10 7.956641063045201324e-11 3.023787512673993711e-10 0.000000000000000000e+00 0.000000000000000000e+00
0.000000000000000000e+00 0.000000000000000000e+00 0.000000000000000000e+00 0.000000000000000000e+00 0.000000000000000000e+00 0.000000000000000000e+00 -1.802044110312176744e-09 -6.225640682073138884e-11 1.349595984981227730e-09 7.882638913703611536e-10 3.874315003491823403e-10 -1.155137582064714492e-10 -2.566668267336545453e-11 -2.052083964251833779e-11 -7.767465974208639701e-12 2.537285722345894576e-11 5.173383132024789724e-10 2.060051469522207256e-07 0.000000000000000000e+00 0.000000000000000000e+00
0.000000000000000000e+00 0.000000000000000000e+00 0.000000000000000000e+00 0.000000000000000000e+00 0.000000000000000000e+00 0.000000000000000000e+00 -1.522173062992979660e-09 1.949268137933431946e-10 1.305318619314672437e-09 8.280311588712713995e-10 3.839034869619089955e-10 -9.950741761415728295e-11 -2.261552802654746543e-11 3.331807904073476086e-12 3.261351329717817242e-13 2.715551244253043535e-12 6.951216404480923612e-10 2.788497293379838891e-07 0.000000000000000000e+00 0.000000000000000000e+00
0.000000000000000000e+00 0.000000000000000000e+00 0.000000000000000000e+00 0.000000000000000000e+00 0.000000000000000000e+00 0.000000000000000000e+00 -1.299282077448735776e-09 4.210431758957732255e-10 1.434070628777070029e-09 8.377850275254832488e-10 2.780315762932492794e-10 -1.687599958527221640e-10 -1.391589229713665674e-10 -2.724050485894656263e-11 -8.294236303423633399e-12 -2.079712966841132232e-11 6.021165121447370007e-10 -1.572657081454775507e-01 0.000000000000000000e+00 0.000000000000000000e+00
0.000000000000000000e+00 0.000000000000000000e+00 0.000000000000000000e+00 0.000000000000000000e+00 0.000000000000000000e+00 0.000000000000000000e+00 3.962176589228240121e-11 1.896270772445881125e-10 3.872147559296690512e-11 -3.705501197113601275e-10 1.253329895264554126e-10 5.202315152097814547e-11 7.226491108874293693e-11 4.108901191965176149e-11 2.613323081644804883e-11 5.999251671669046249e-11 5.762985458085678046e-10 3.382341688750181320e-07 0.000000000000000000e+00 0.000000000000000000e+00
0.000000000000000000e+00 0.000000000000000000e+00 0.000000000000000000e+00 0.000000000000000000e+00 0.000000000000000000e+00 0.000000000000000000e+00 1.568179340893324263e-09 -4.762636509981572608e-11 -1.107767884422344059e-10 -1.027351804571612312e-09 4.687417687655734553e-10 3.179749430515813338e-10 -5.245388146547749950e-11 -5.933317750465629579e-11 -1.071523126318399364e-11 3.073786661412886536e-06 2.782677830574815874e-10 3.370130420546898421e-07 0.000000000000000000e+00 0.000000000000000000e+00
0.000000000000000000e+00 0.000000000000000000e+00 0.000000000000000000e+00 0.000000000000000000e+00 0.000000000000000000e+00 0.000000000000000000e+00 -1.292246658039120143e-09 6.074028571647966915e-10 -5.493075245163715620e-10 -4.810220637828806757e-11 2.059118264917515301e-10 1.979409658698165810e-09 5.424489246594150953e-10 3.803448177110894168e-10 -3.799381768842042103e-11 5.527198974937547820e-06 2.235415629374559322e-10 3.363988015166503002e-07 0.000000000000000000e+00 0.000000000000000000e+00
0.000000000000000000e+00 0.000000000000000000e+00 0.000000000000000000e+00 0.000000000000000000e+00 0.000000000000000000e+00 0.000000000000000000e+00 6.787244419775994596e-10 -3.335130181372199104e-11 -4.688547617955177062e-11 -4.266782858307772768e-10 2.433680570007091183e-10 -9.937602206640651317e-11 7.953572594967378114e-11 3.194555825104420248e-11 3.121901124173661370e-11 3.542154765465159738e-11 2.618190834773715035e-08 4.384338007954433625e-01 0.000000000000000000e+00 0.000000000000000000e+00
0.000000000000000000e+00 0.000000000000000000e+00 0.000000000000000000e+00 0.000000000000000000e+00 0.000000000000000000e+00 0.000000000000000000e+00 7.092431414294330853e-10 8.392779546855154481e-12 -9.212901751987093428e-11 -3.983467806524744857e-10 2.558212752776572809e-10 -9.622308752669125102e-11 7.269188235912148135e-11 3.595498283685705808e-11 3.184519380964310650e-11 9.161696353934833330e-11 5.032133243497107656e-08 4.656024569341677966e-01 0.000000000000000000e+00 0.000000000000000000e+00
0.000000000000000000e+00 0.000000000000000000e+00 0.000000000000000000e+00 0.000000000000000000e+00 0.000000000000000000e+00 0.000000000000000000e+00 7.121328170565882706e-10 5.045903950115648003e-11 -1.068392247836976349e-10 -3.549323532339336990e-10 2.259477515421511110e-10 -8.708759984160031907e-11 6.594784768275366776e-12 1.001499393252022013e-10 4.238713814756030753e-11 -6.319718164178738138e-11 1.259873873133382422e-07 2.695641358434852734e+13 0.000000000000000000e+00 0.000000000000000000e+00
0.000000000000000000e+00 0.000000000000000000e+00 0.000000000000000000e+00 0.000000000000000000e+00 0.000000000000000000e+00 0.000000000000000000e+00 2.909644109768030666e-11 1.592890541201104862e-11 8.967482704268151812e-12 5.411979144085307272e-12 6.531010006396296525e-12 8.343211264229846980e-12 5.606830075443587209e-12 3.918515789797743901e-12 1.444754574073558414e-12 1.346531916086535716e-11 1.508281266129623939e-10 3.174726330479447371e-10 0.000000000000000000e+00 0.000000000000000000e+00
0.000000000000000000e+00 0.000000000000000000e+00 0.000000000000000000e+00 0.000000000000000000e+00 0.000000000000000000e+00 0.000000000000000000e+00 -4.340217163943251077e-13 1.278712542379617760e-12 1.428565231955282659e-12 2.696713665984019532e-12 3.079284998007519652e-12 3.521956044624684133e-12 2.349560575082581005e-12 1.909601944866287479e-12 3.208990591527712824e-12 9.206144221650034240e-09 1.356939929245171034e-10 3.194223016751739458e-10 0.000000000000000000e+00 0.000000000000000000e+00
0.000000000000000000e+00 0.000000000000000000e+00 0.000000000000000000e+00 0.000000000000000000e+00 0.000000000000000000e+00 0.000000000000000000e+00 1.166036243784803552e-10 6.964847963144091645e-11 3.631098125780571363e-11 3.342723202006963064e-11 5.556771184979254970e-11 1.173721013150227105e-10 5.410817996416028412e-11 4.217894074073654087e-11 2.790940693891201767e-11 1.978047647394255716e-08 1.497888971564731653e-10 3.226741025251559150e-10 0.000000000000000000e+00 0.000000000000000000e+00
0.000000000000000000e+00 0.000000000000000000e+00 0.000000000000000000e+00 0.000000000000000000e+00 0.000000000000000000e+00 0.000000000000000000e+00 -4.060050607807911076e-13 1.555782044442431183e-13 3.418278922211753118e-13 2.709238707599586504e-13 1.349054182566821838e-12 2.079181489632560560e-12 1.924590503743683609e-12 1.684161811359625908e-12 1.126066814632902218e-12 3.977931623229069643e-12 2.384132554809004022e-10 2.037024969375772487e-03 0.000000000000000000e+00 0.000000000000000000e+00
0.000000000000000000e+00 0.000000000000000000e+00 0.000000000000000000e+00 0.000000000000000000e+00 0.000000000000000000e+00 0.000000000000000000e+00 -3.977738895111709672e-13 -1.233965392322293743e-13 2.254548529074933912e-13 2.903123024888038178e-13 1.273758960786071495e-12 1.938161231633049648e-12 2.017868830897523816e-12 1.561557026185901502e-12 1.131436627227348331e-12 3.460169087606710000e-12 3.792718119523969562e-10 1.718010068783373812e-04 0.000000000000000000e+00 0.000000000000000000e+00
0.000000000000000000e+00 0.000000000000000000e+00 0.000000000000000000e+00 0.000000000000000000e+00 0.000000000000000000e+00 0.000000000000000000e+00 -4.517094521613197312e-13 -2.838914218877593295e-13 1.605902977849617777e-13 2.357785552438872616e-13 1.169104618881356500e-12 1.600055911499587666e-12 1.611056829208750683e-12 1.298778385925484043e-12 7.735224941885460237e-13 1.796628528065564617e-12 1.588054241048551493e-09 -8.781537969207763672e+04 0.000000000000000000e+00 0.000000000000000000e+00
0.000000000000000000e+00 0.000000000000000000e+00 0.000000000000000000e+00 0.000000000000000000e+00 0.000000000000000000e+00 0.000000000000000000e+00 -6.496977427603987204e-11 -5.824542772645255319e-10 6.743696404410781051e-11 -2.393827804443325581e-10 -9.686055848044126085e-11 -4.241460983166631949e-11 -4.300643689046745762e-11 -1.222602283190500008e-11 -1.657291817863736699e-12 2.223369423517857978e-11 4.643312718448113253e-11 1.083980700915010868e-11 0.000000000000000000e+00 0.000000000000000000e+00
0.000000000000000000e+00 0.000000000000000000e+00 0.000000000000000000e+00 0.000000000000000000e+00 0.000000000000000000e+00 0.000000000000000000e+00 5.011749708458270078e-11 -3.428239636776999302e-10 1.407294943514248821e-11 7.056083044756775882e-11 7.626361850413540715e-11 1.734131278662976292e-11 -5.030555934985096895e-13 3.860822708207876984e-13 -7.929458525310886197e-12 2.100235838394441428e-11 3.965127971550007754e-11 1.074145296308433174e-11 0.000000000000000000e+00 0.000000000000000000e+00
0.000000000000000000e+00 0.000000000000000000e+00 0.000000000000000000e+00 0.000000000000000000e+00 0.000000000000000000e+00 0.000000000000000000e+00 -1.749501706847386719e-10 -8.183447322644890940e-10 1.171292823788615413e-10 -5.904942994442811640e-10 -3.713120357757073347e-10 -8.551779855386708527e-11 -1.162053539759350526e-10 -4.474897941836174826e-11 -4.112477039378871703e-11 -1.530054181958525890e-10 4.414397304664577606e-11 1.073077333189661455e-11 0.000000000000000000e+00 0.000000000000000000e+00
0.000000000000000000e+00 0.000000000000000000e+00 0.000000000000000000e+00 0.000000000000000000e+00 0.000000000000000000e+00 0.000000000000000000e+00 -2.479983048448102223e-11 -3.335513986021392965e-10 -1.525661257757446902e-12 -1.182346660757385508e-11 3.682780793677553881e-12 -1.779164663654450471e-11 -1.089588849930115746e-11 -1.662784861744036174e-12 -2.034310860432420998e-12 3.385786432563018375e-12 6.668746739731006650e-12 -5.102074980032860574e-10 0.000000000000000000e+00 0.000000000000000000e+00
0.000000000000000000e+00 0.000000000000000000e+00 0.000000000000000000e+00 0.000000000000000000e+00 0.000000000000000000e+00 0.000000000000000000e+00 1.096389714122391030e-11 -2.738536663180987924e-10 -7.222221124221962862e-12 5.764023829051229431e-12 1.812102737060107661e-11 -1.619285731552085127e-11 -3.976324374651232568e-12 2.571099066709638141e-12 1.261588212611833827e-12 -2.460017204688178451e-12 -8.632790440859471943e-12 -3.945375156325359549e-09 0.000000000000000000e+00 0.000000000000000000e+00
0.000000000000000000e+00 0.000000000000000000e+00 0.000000000000000000e+00 0.000000000000000000e+00 0.000000000000000000e+00 0.000000000000000000e+00 4.228627681308581594e-11 -2.341709197668982209e-10 -8.044385992188205583e-12 4.427467028000566789e-13 2.406484146652540812e-11 -2.702613822479065744e-11 -6.153741246586859633e-12 -3.944793635508982704e-13 1.965503102254256019e-12 1.919636146303690458e-13 -9.257126688519404647e-12 -8.125407478630278929e-03 0.000000000000000000e+00 0.000000000000000000e+00
0.000000000000000000e+00 0.000000000000000000e+00 0.000000000000000000e+00 0.000000000000000000e+00 0.000000000000000000e+00 0.000000000000000000e+00 -3.654165026876553180e-09 -2.450470418227604575e-09 1.240615371396323117e-10 -6.915937666490037913e-10 -3.452796776234268570e-10 -1.468314134673679610e-10 -1.037170790167454496e-10 -4.335595351700707215e-11 -1.835327994707818633e-11 2.648649921575308509e-11 -1.506272468016820602e-11 -4.771307748088416489e-11 0.000000000000000000e+00 0.000000000000000000e+00
0.000000000000000000e+00 0.000000000000000000e+00 0.000000000000000000e+00 0.000000000000000000e+00 0.000000000000000000e+00 0.000000000000000000e+00 5.488154063329118871e-10 -1.890232452927958343e-09 -4.245687181418531617e-10 5.653016889260123532e-10 4.832933559581574736e-10 7.538688816922712775e-11 9.113930943107642617e-12 -2.153882406760343299e-11 -1.694229344102922875e-11 2.192587368679390274e-10 -3.252297756245404687e-11 -5.013689897862706902e-11 0.000000000000000000e+00 0.000000000000000000e+00
0.000000000000000000e+00 0.000000000000000000e+00 0.000000000000000000e+00 0.000000000000000000e+00 0.000000000000000000e+00 0.000000000000000000e+00 -7.590296902977665728e-09 -3.011778772866672805e-09 5.935252099749585339e-10 -2.132612576082303518e-09 -1.503471134685617983e-09 -4.640145032349611220e-10 -3.044927341107974712e-10 -7.816347825449780213e-11 9.119099535888085826e-12 -6.741632751350101305e-10 -3.387530323549442983e-11 -4.861013091766600779e-11 0.000000000000000000e+00 0.000000000000000000e+00
0.000000000000000000e+00 0.000000000000000000e+00 0.000000000000000000e+00 0.000000000000000000e+00 0.000000000000000000e+00 0.000000000000000000e+00 2.333904071950046148e-10 -1.752027557846138406e-09 -2.661856555186308377e-10 2.123169979173363604e-10 5.788690216080530856e-11 -3.708357199501821108e-11 -2.255625203409850660e-11 -3.007985114945914098e-11 -2.090468805314897354e-11 2.530844841178261869e-12 1.404994666756790662e-10 1.538987420847365517e-07 0.000000000000000000e+00 0.000000000000000000e+00
0.000000000000000000e+00 0.000000000000000000e+00 0.000000000000000000e+00 0.000000000000000000e+00 0.000000000000000000e+00 0.000000000000000000e+00 5.737886224795076922e-10 -1.513077691186177576e-09 -2.747088289309162436e-10 2.750955584246424151e-10 1.056404725223530385e-10 -2.158311153347605206e-11 -4.558533551320357158e-12 -2.654198816078700894e-11 -2.537829139865800578e-11 -4.756827562888830064e-12 1.928101256303318333e-10 1.861972938484481676e-07 0.000000000000000000e+00 0.000000000000000000e+00
0.000000000000000000e+00 0.000000000000000000e+00 0.000000000000000000e+00 0.000000000000000000e+00 0.000000000000000000e+00 0.000000000000000000e+00 6.189656751223520588e-10 -1.331822199918124356e-09 -2.541973283013380397e-10 2.410931493566824191e-10 9.503762414183336443e-11 -4.435145220389515358e-11 -4.453554958742222459e-12 -2.629861472203497095e-11 -1.049384302893128105e-11 1.620553248222365371e-11 7.160191795823606362e-11 -2.123091889700197687e-01 0.000000000000000000e+00 0.000000000000000000e+00
0.000000000000000000e+00 0.000000000000000000e+00 0.000000000000000000e+00 0.000000000000000000e+00 0.000000000000000000e+00 0.000000000000000000e+00 -4.073797374601746269e-11 4.364458345739106252e-12 -7.908063524947495666e-11 1.256515436807708002e-10 3.426812040999946555e-12 8.413169009354729430e-11 -5.313620188401274102e-12 6.765211137426430866e-11 1.177555822257013246e-12 -8.341648992410423779e-11 2.470451211772106867e-10 6.890417926954280489e-08 0.000000000000000000e+00 0.000000000000000000e+00
0.000000000000000000e+00 0.000000000000000000e+00 0.000000000000000000e+00 0.000000000000000000e+00 0.000000000000000000e+00 0.000000000000000000e+00 2.177055804158068448e-11 9.192944436989319956e-11 -2.209429968231121886e-10 -7.443791592453683218e-12 -2.723410253918119239e-11 1.776617944886517757e-10 2.306884279934765265e-12 8.627839150613250091e-11 -7.447512118459512032e-12 1.402657809640314855e-06 1.186163135105508772e-10 7.090882572635494930e-08 0.000000000000000000e+00 0.000000000000000000e+00
0.000000000000000000e+00 0.000000000000000000e+00 0.000000000000000000e+00 0.000000000000000000e+00 0.000000000000000000e+00 0.000000000000000000e+00 -2.737711253219865918e-10 1.054815983892728495e-10 1.131213021562038771e-10 -2.413140562995005352e-11 3.451093747163099487e-11 7.833428559363276176e-10 -1.979004642811260611e-10 6.243118358782305745e-11 -4.379732565505939756e-11 -3.781427357387001672e-06 1.992738229500933152e-10 7.069223077810201069e-08 0.000000000000000000e+00 0.000000000000000000e+00
0.000000000000000000e+00 0.000000000000000000e+00 0.000000000000000000e+00 0.000000000000000000e+00 0.000000000000000000e+00 0.000000000000000000e+00 -1.321289802924287347e-10 -2.544248647094888593e-11 -5.706106880337021598e-11 1.549461458151324261e-10 -2.218221962329405202e-11 9.425466583041116223e-11 -5.411488901428089127e-12 7.277760094779276481e-11 2.692588170375473612e-12 -4.821538890407911191e-11 3.656092662948076456e-09 1.503573603791441338e+00 0.000000000000000000e+00 0.000000000000000000e+00
0.000000000000000000e+00 0.000000000000000000e+00 0.000000000000000000e+00 0.000000000000000000e+00 0.000000000000000000e+00 0.000000000000000000e+00 -1.135867442643409579e-10 -3.997314181692273530e-11 -6.831670457044592938e-11 1.454408805047297461e-10 -2.312754044676526061e-11 9.946096735583160001e-11 -5.592892909198887042e-12 7.566266183804648778e-11 2.027458838396629111e-12 -4.114935007602071683e-11 1.458093025599174077e-08 4.762010883619701151e-01 0.000000000000000000e+00 0.000000000000000000e+00
0.000000000000000000e+00 0.000000000000000000e+00 0.000000000000000000e+00 0.000000000000000000e+00 0.000000000000000000e+00 0.000000000000000000e+00 -8.924333702356814711e-11 -4.601889092452482851e-11 -8.491077843081677295e-11 1.322202133180177777e-10 -1.441758541105134860e-11 8.401468979331879961e-11 -4.167851166368823206e-12 7.479995761064625807e-11 6.223498038673988974e-12 1.049872485962398686e-10 5.930465079642742863e-08 1.444367550220702209e+11 0.000000000000000000e+00 0.000000000000000000e+00
0.000000000000000000e+00 0.000000000000000000e+00 0.000000000000000000e+00 0.000000000000000000e+00 0.000000000000000000e+00 0.000000000000000000e+00 1.144924414219965266e-11 9.660564316480959624e-12 6.543471818366438436e-13 6.689519215930758959e-13 6.000125439646748151e-13 4.959988781823702721e-13 4.738961354707775476e-13 2.754274329664010839e-13 1.715096374889893052e-13 5.304834250239267803e-13 1.298939985016221735e-11 4.924915784727071890e-11 0.000000000000000000e+00 0.000000000000000000e+00
0.000000000000000000e+00 0.000000000000000000e+00 0.000000000000000000e+00 0.000000000000000000e+00 0.000000000000000000e+00 0.000000000000000000e+00 -1.480806552920955139e-12 1.022822009544538024e-12 -2.916627731077181014e-13 4.036866590502694697e-13 7.921311390759935650e-13 2.973298844952262796e-13 5.255843410412574888e-13 3.428047621735629820e-13 2.377150882963795573e-13 2.806211527373862817e-10 1.275752919783182876e-11 5.792795838252817293e-11 0.000000000000000000e+00 0.000000000000000000e+00
0.000000000000000000e+00 0.000000000000000000e+00 0.000000000000000000e+00 0.000000000000000000e+00 0.000000000000000000e+00 0.000000000000000000e+00 4.008680638787140495e-11 3.267223536382686827e-11 7.363741457935234809e-12 4.993015888463334332e-12 5.241243817789366613e-12 9.018302471376774301e-12 2.829206058331040375e-12 1.540005139843036380e-12 8.997697143692518306e-13 2.398883460205058486e-09 1.407200432052810882e-11 5.951124260889960699e-11 0.000000000000000000e+00 0.000000000000000000e+00
0.000000000000000000e+00 0.000000000000000000e+00 0.000000000000000000e+00 0.000000000000000000e+00 0.000000000000000000e+00 0.000000000000000000e+00 -4.354831676666846979e-14 8.462898654952548679e-13 -1.990883443922307884e-13 9.322235090898427583e-14 3.490065807947541925e-13 8.184511047105632058e-14 4.064814727946742302e-13 2.620518406569260530e-13 1.648361301574081286e-13 4.226666179200245452e-13 1.054985401234879403e-10 4.251907165551536971e-03 0.000000000000000000e+00 0.000000000000000000e+00
0.000000000000000000e+00 0.000000000000000000e+00 0.000000000000000000e+00 0.000000000000000000e+00 0.000000000000000000e+00 0.000000000000000000e+00 -2.109085743450673729e-13 8.096284580025775853e-13 -1.494521845984739528e-13 1.374070116551553748e-13 3.730012567323761945e-13 1.095401363429573230e-13 4.478050927003579691e-13 2.872506664908564492e-13 1.990091987084678583e-13 6.484049085563965905e-13 1.817721457668636623e-10 -7.056466055101281998e-03 0.000000000000000000e+00 0.000000000000000000e+00
0.000000000000000000e+00 0.000000000000000000e+00 0.000000000000000000e+00 0.000000000000000000e+00 0.000000000000000000e+00 0.000000000000000000e+00 -1.597602651642854098e-13 9.068762795743048893e-13 -1.843758767534053090e-13 1.719384520935897746e-13 3.313500375951934415e-13 2.098624229243343054e-13 4.441397120578004723e-13 2.696925207300101506e-13 1.617741462652095581e-13 6.161819359801123855e-13 5.651165698684501907e-10 -6.073969424629211426e+05 0.000000000000000000e+00 0.000000000000000000e+00
0.000000000000000000e+00 0.000000000000000000e+00 0.000000000000000000e+00 0.000000000000000000e+00 0.000000000000000000e+00 0.000000000000000000e+00 5.355664689383267471e-10 -3.977322711603123123e-10 2.583050909524033111e-11 -6.308979400369673094e-11 -2.386635868536870872e-11 2.178398351299014798e-12 4.762968326203215073e-12 -3.477667101750424446e-12 -1.575752868155634799e-13 2.893080069374981266e-12 5.700886167037288579e-12 1.347896144736440282e-12 0.000000000000000000e+00 0.000000000000000000e+00
0.000000000000000000e+00 0.000000000000000000e+00 0.000000000000000000e+00 0.000000000000000000e+00 0.000000000000000000e+00 0.000000000000000000e+00 3.124746976090902048e-12 -5.306774577112634461e-10 -4.494805408827175673e-11 -9.866457917536568770e-11 -1.333258589190014313e-11 -5.581838357804888347e-12 -3.736212884400770674e-12 -6.535715397294052417e-12 -1.613519701187442613e-12 -2.033427752046009499e-12 5.293976436559849042e-12 1.282673797527247965e-12 0.000000000000000000e+00 0.000000000000000000e+00
0.000000000000000000e+00 0.000000000000000000e+00 0.000000000000000000e+00 0.000000000000000000e+00 0.000000000000000000e+00 0.000000000000000000e+00 1.023686986419000753e-09 -2.749623129939285820e-10 9.305478535083730318e-11 3.918841921544768628e-12 -4.299678002815116888e-11 -1.519528992462374544e-12 1.532843672485456989e-11 5.288830076568260968e-13 -4.873182665061782359e-12 -2.734289438804950817e-11 6.140758695919306634e-12 1.193218670394182297e-12 0.000000000000000000e+00 0.000000000000000000e+00
0.000000000000000000e+00 0.000000000000000000e+00 0.000000000000000000e+00 0.000000000000000000e+00 0.000000000000000000e+00 0.000000000000000000e+00 -5.972240942976095135e-13 -2.208565672576305355e-10 -1.552484329466469414e-11 -6.435005227693705155e-11 -1.004015936074683708e-11 1.077836657144451145e-11 -2.015606821584445554e-12 -4.501775899627660364e-12 -5.243605264301088446e-13 3.282603515953822042e-13 1.609289563270710442e-12 6.590308176381686927e-09 0.000000000000000000e+00 0.000000000000000000e+00
0.000000000000000000e+00 0.000000000000000000e+00 0.000000000000000000e+00 0.000000000000000000e+00 0.000000000000000000e+00 0.000000000000000000e+00 -3.450458455579466250e-12 -2.212828817005813303e-10 -1.512769268467266281e-11 -7.253079705356295144e-11 -1.009940354990968463e-11 1.046039951680850054e-11 -2.562978927759730428e-12 -4.481979286221447208e-12 -1.026282246410737389e-13 -5.146122230301192902e-13 1.682448627548655881e-13 -7.307989800162785059e-09 0.000000000000000000e+00 0.000000000000000000e+00
0.000000000000000000e+00 0.000000000000000000e+00 0.000000000000000000e+00 0.000000000000000000e+00 0.000000000000000000e+00 0.000000000000000000e+00 3.251850971213416804e-11 -2.346720232420888436e-10 -1.099534830988926474e-11 -8.101022758303256316e-11 -1.498008791017099851e-11 5.231304647237230883e-12 1.189938289566890391e-12 -2.583829326270202798e-12 -4.961609054419444013e-13 -9.853708335131978074e-13 -2.650639054141336645e-12 -2.128118967480582217e-03 0.000000000000000000e+00 0.000000000000000000e+00
0.000000000000000000e+00 0.000000000000000000e+00 0.000000000000000000e+00 0.000000000000000000e+00 0.000000000000000000e+00 0.000000000000000000e+00 6.123404243333466148e-10 -1.350495911997871362e-09 5.756738937594426170e-10 -4.028917179192506421e-10 -3.654774194845254808e-11 -2.309371225035243411e-11 -2.957478152115522674e-11 9.694905548151059673e-12 1.261787233564215635e-11 5.432842920467944243e-12 -1.962435357935909251e-11 4.246754176570705559e-11 0.000000000000000000e+00 0.000000000000000000e+00
0.000000000000000000e+00 0.000000000000000000e+00 0.000000000000000000e+00 0.000000000000000000e+00 0.000000000000000000e+00 0.000000000000000000e+00 -3.485570818837371203e-10 -1.927584318850431005e-09 -1.934412482537264888e-10 -7.706982629646862871e-10 -2.186497653103902732e-10 -1.412586998945442538e-10 -5.846238565156774957e-11 5.305833950300345402e-12 1.008540025651291314e-11 2.126131257241932440e-11 -2.473880570941934355e-11 4.210648368790944333e-11 0.000000000000000000e+00 0.000000000000000000e+00
0.000000000000000000e+00 0.000000000000000000e+00 0.000000000000000000e+00 0.000000000000000000e+00 0.000000000000000000e+00 0.000000000000000000e+00 1.480493179798130938e-09 -8.326512531544891444e-10 1.321360583113824195e-09 1.175787827439368852e-11 2.318193189608481280e-10 2.131613805135575768e-10 3.207244916659194964e-11 2.258284171114410366e-11 4.639396354747064444e-12 -3.062785101081874504e-10 -2.741178409016792575e-11 3.969553168880407644e-11 0.000000000000000000e+00 0.000000000000000000e+00
0.000000000000000000e+00 0.000000000000000000e+00 0.000000000000000000e+00 0.000000000000000000e+00 0.000000000000000000e+00 0.000000000000000000e+00 -4.186260059569474345e-10 -7.157331437722170764e-10 -3.668225360225074389e-11 -4.826064493009915990e-10 -8.332045216148295407e-11 -5.819283898831653155e-11 -5.566867077700130469e-11 9.075183252850369846e-12 9.761068069080167873e-12 -2.994405221384586636e-12 1.395470090634127750e-10 -1.074662714746612970e-07 0.000000000000000000e+00 0.000000000000000000e+00
0.000000000000000000e+00 0.000000000000000000e+00 0.000000000000000000e+00 0.000000000000000000e+00 0.000000000000000000e+00 0.000000000000000000e+00 -3.955208595204405925e-10 -6.870750508956948900e-10 -6.457099547375049525e-11 -5.177869084717196240e-10 -9.452712832667328739e-11 -7.050461697774691414e-11 -6.048145284379914168e-11 7.083151702970193874e-12 1.056486167669590891e-11 -4.530155644305315935e-12 2.180761048442583617e-10 -1.063948161341977079e-07 0.000000000000000000e+00 0.000000000000000000e+00
0.000000000000000000e+00 0.000000000000000000e+00 0.000000000000000000e+00 0.000000000000000000e+00 0.000000000000000000e+00 0.000000000000000000e+00 -2.989756018767344939e-10 -7.056623063701910307e-10 -4.269848377138910438e-11 -5.515634593760878691e-10 -1.119056155348010104e-10 -8.876710923683601283e-11 -5.518377954222100237e-11 -2.070045140351206824e-12 1.423901807366271082e-11 3.578703895679428379e-12 3.364397377871455106e-10 -2.252418671125337446e-01 0.000000000000000000e+00 0.000000000000000000e+00
0.000000000000000000e+00 0.000000000000000000e+00 0.000000000000000000e+00 0.000000000000000000e+00 0.000000000000000000e+00 0.000000000000000000e+00 -1.530269082300022601e-10 -1.426951442137828620e-10 -1.127068395754724685e-11 1.197328872975949005e-10 -7.860229032511143844e-12 2.159157381945783137e-11 -3.142356556544200621e-11 -1.745069494430952797e-11 6.284454024206350743e-12 1.755699096645025559e-11 2.821249900951529663e-10 5.250638243772155014e-08 0.000000000000000000e+00 0.000000000000000000e+00
0.000000000000000000e+00 0.000000000000000000e+00 0.000000000000000000e+00 0.000000000000000000e+00 0.000000000000000000e+00 0.000000000000000000e+00 -2.657592256637326512e-10 1.165664329833099447e-10 1.642935493366314988e-10 1.274177171919580968e-10 4.581805896290764511e-12 -1.686855501515291916e-10 -5.962337563558801790e-11 -9.894919822945750170e-12 1.461431311115190718e-11 -1.766142143135452906e-07 3.656889725541950425e-10 5.427808135131917110e-08 0.000000000000000000e+00 0.000000000000000000e+00
0.000000000000000000e+00 0.000000000000000000e+00 0.000000000000000000e+00 0.000000000000000000e+00 0.000000000000000000e+00 0.000000000000000000e+00 -8.963499746702662695e-11 -4.379790281253381971e-11 4.974770960103551910e-11 1.736812617436245777e-10 1.323327242234275248e-10 7.076313015499036853e-10 4.681337313608250028e-11 -6.597742148817340039e-11 5.101046993982774158e-11 -9.263956190233734773e-07 4.521590314053367841e-10 5.425426194750753665e-08 0.000000000000000000e+00 0.000000000000000000e+00
0.000000000000000000e+00 0.000000000000000000e+00 0.000000000000000000e+00 0.000000000000000000e+00 0.000000000000000000e+00 0.000000000000000000e+00 -3.320619619528032941e-11 -9.466507353868554153e-11 -1.700259096933089173e-11 2.299762708963592934e-11 -1.552140544507890260e-11 -1.505960090889077944e-11 -3.702434151044347249e-11 -7.824401406831991299e-12 1.045320872635313512e-11 -7.705611379851323927e-13 1.162588610538663971e-09 1.439862691953867735e+00 0.000000000000000000e+00 0.000000000000000000e+00
0.000000000000000000e+00 0.000000000000000000e+00 0.000000000000000000e+00 0.000000000000000000e+00 0.000000000000000000e+00 0.000000000000000000e+00 -4.769172509626942471e-11 -3.100788740373596121e-11 -3.060411523725043777e-11 1.984443350115198117e-11 -2.578563572447651335e-11 -1.371297912179739608e-11 -4.364021291578038380e-11 -7.109787197597605109e-12 5.780077613061226677e-12 -2.436028978146326666e-11 2.049586841728061919e-09 3.388128973313332959e-01 0.000000000000000000e+00 0.000000000000000000e+00
0.000000000000000000e+00 0.000000000000000000e+00 0.000000000000000000e+00 0.000000000000000000e+00 0.000000000000000000e+00 0.000000000000000000e+00 -6.659628678271954767e-11 2.861588306196000130e-11 -4.733852878483669890e-11 2.652297671099857334e-11 -4.186912309679265988e-11 2.233869559091705484e-12 -6.408198470495210923e-11 -2.554689421279721958e-11 1.245297346841080484e-11 8.230065784536252134e-11 1.385974423125811729e-07 9.765780074816494141e+12 0.000000000000000000e+00 0.000000000000000000e+00
0.000000000000000000e+00 0.000000000000000000e+00 0.000000000000000000e+00 0.000000000000000000e+00 0.000000000000000000e+00 0.000000000000000000e+00 3.496289260863771507e-09 2.219728947506165247e-09 2.048055945553857068e-09 8.409034364851632512e-10 1.059131900988230225e-09 8.215052258410279440e-10 6.361403218638579668e-10 4.685569955559547451e-10 4.750598798350403277e-10 9.128178513136913303e-10 2.492182486006912253e-09 1.619552211284756390e-08 0.000000000000000000e+00 0.000000000000000000e+00
0.000000000000000000e+00 0.000000000000000000e+00 0.000000000000000000e+00 0.000000000000000000e+00 0.000000000000000000e+00 0.000000000000000000e+00 6.096359014538702552e-09 6.725038322734373866e-09 2.698059825281100822e-09 1.877120262745649592e-09 2.274069007240191421e-09 1.573738754722507087e-09 8.737312922368530223e-10 1.070158830025893972e-09 2.210764676873087389e-09 7.054068104169726198e-06 3.223223425329512171e-09 1.665763365347322802e-08 0.000000000000000000e+00 0.000000000000000000e+00
0.000000000000000000e+00 0.000000000000000000e+00 0.000000000000000000e+00 0.000000000000000000e+00 0.000000000000000000e+00 0.000000000000000000e+00 2.566102188358149153e-09 9.421120159556977492e-10 2.381537775186979775e-09 8.042864560994886232e-10 1.824387316918980311e-09 3.901685385175311846e-09 1.185860412961271897e-09 1.152942503516828604e-09 2.651328078820166973e-09 1.483053339774891821e-05 2.581065169236733412e-09 1.649114996708725774e-08 0.000000000000000000e+00 0.000000000000000000e+00
0.000000000000000000e+00 0.000000000000000000e+00 0.000000000000000000e+00 0.000000000000000000e+00 0.000000000000000000e+00 0.000000000000000000e+00 2.471405642556429254e-09 2.397439639512345176e-09 1.291778387041442256e-09 7.163532159590587039e-10 8.890204348889193331e-10 7.227803076012187155e-10 6.697780444332886510e-10 4.703401009787410719e-10 4.834589929972114551e-10 1.340923681194947193e-09 3.033363394896254722e-08 7.748637165808485057e-03 0.000000000000000000e+00 0.000000000000000000e+00
0.000000000000000000e+00 0.000000000000000000e+00 0.000000000000000000e+00 0.000000000000000000e+00 0.000000000000000000e+00 0.000000000000000000e+00 2.368816510380822434e-09 2.484722829159790125e-09 1.159146416014087995e-09 7.075729325341008847e-10 8.466481815621032136e-10 7.135908283329844518e-10 6.911193600906755703e-10 4.801285706776205827e-10 4.741464186331374299e-10 1.606645822377919082e-09 4.939708973635702912e-08 1.687616558267341499e-02 0.000000000000000000e+00 0.000000000000000000e+00
0.000000000000000000e+00 0.000000000000000000e+00 0.000000000000000000e+00 0.000000000000000000e+00 0.000000000000000000e+00 0.000000000000000000e+00 2.335870462767143834e-09 2.556452786166090257e-09 1.077332128107507764e-09 7.097209797103116589e-10 8.009028138039954994e-10 7.401866850921178553e-10 7.623208703969486300e-10 5.773872361360158316e-10 5.377737278667391109e-10 2.097209426260354277e-09 4.506250707886309149e-08 1.056439377091979980e+07 0.000000000000000000e+00 0.000000000000000000e+00
0.000000000000000000e+00 0.000000000000000000e+00 0.000000000000000000e+00 0.000000000000000000e+00 0.000000000000000000e+00 0.000000000000000000e+00 4.076112972800652087e-09 1.145392235163591386e-08 -1.764662533389976489e-09 3.276126447271222814e-10 9.911840417035256242e-10 -4.852045173720672665e-10 -3.077194733507909846e-11 2.208987843365391013e-11 2.675586334066953332e-11 -1.599807084417699018e-11 4.553674979157718303e-12 1.879932243359201034e-11 0.000000000000000000e+00 0.000000000000000000e+00
0.000000000000000000e+00 0.000000000000000000e+00 0.000000000000000000e+00 0.000000000000000000e+00 0.000000000000000000e+00 0.000000000000000000e+00 7.622720697004987590e-09 1.384441253780985891e-08 -2.913110525793868649e-09 2.192266967527168235e-09 1.707388818461471514e-09 -7.550326200068035762e-10 6.412296098499598151e-11 2.032485821343179480e-12 7.594989364456066880e-11 2.761317565077145287e-10 5.909437134861557060e-12 1.974894380194880908e-11 0.000000000000000000e+00 0.000000000000000000e+00
0.000000000000000000e+00 0.000000000000000000e+00 0.000000000000000000e+00 0.000000000000000000e+00 0.000000000000000000e+00 0.000000000000000000e+00 8.663011061914975869e-10 9.635798372622060112e-09 -7.595850055011235308e-10 -1.835083116134099522e-09 3.920605233018677895e-10 -7.835004384421268383e-10 1.640834453788392939e-10 1.685303636363980942e-11 9.822535643519504968e-11 2.043580412212512981e-09 5.530500433966607704e-12 2.018245331549828798e-11 0.000000000000000000e+00 0.000000000000000000e+00
0.000000000000000000e+00 0.000000000000000000e+00 0.000000000000000000e+00 0.000000000000000000e+00 0.000000000000000000e+00 0.000000000000000000e+00 4.476552734688194369e-09 9.629549025086072903e-09 -1.825992189297968768e-09 9.292756057490381892e-10 9.659421420598888942e-10 -4.853074404424020647e-10 -4.959318834109427676e-11 2.472020413535264396e-11 2.626853339671182145e-11 -1.976456338797542315e-11 6.389611837260372202e-12 1.436097133281811731e-08 0.000000000000000000e+00 0.000000000000000000e+00
0.000000000000000000e+00 0.000000000000000000e+00 0.000000000000000000e+00 0.000000000000000000e+00 0.000000000000000000e+00 0.000000000000000000e+00 4.570914356706450391e-09 9.113024760306287339e-09 -1.848324481449996726e-09 1.143857095615220132e-09 1.001492538211583161e-09 -4.628377221817085146e-10 -7.190432000445129588e-11 2.498254507627939677e-11 2.357282167004975083e-11 -2.121144977991231660e-11 6.820282115503194428e-12 2.227706736153762671e-08 0.000000000000000000e+00 0.000000000000000000e+00
0.000000000000000000e+00 0.000000000000000000e+00 0.000000000000000000e+00 0.000000000000000000e+00 0.000000000000000000e+00 0.000000000000000000e+00 4.632298575824991251e-09 8.743362711306672980e-09 -1.867829312499942241e-09 1.356405845019799263e-09 1.089481360260646787e-09 -3.875540282405065314e-10 -1.478067009210256096e-10 2.425729968025417841e-11 1.274430223803984381e-11 -1.459992411546036572e-11 2.937844312779072882e-12 3.392073058649208543e-03 0.000000000000000000e+00 0.000000000000000000e+00
0.000000000000000000e+00 0.000000000000000000e+00 0.000000000000000000e+00 0.000000000000000000e+00 0.000000000000000000e+00 0.000000000000000000e+00 2.634975476128781726e-08 3.923183073298096900e-08 8.166832759890259504e-09 9.162672004605474033e-09 5.286471841344814288e-10 -1.646132378585694483e-09 -3.068788960699513171e-10 -7.757834199796332093e-12 3.014767564460419883e-10 5.005319100377043592e-11 -5.694536818594229439e-11 -5.379927810697384772e-11 0.000000000000000000e+00 0.000000000000000000e+00
0.000000000000000000e+00 0.000000000000000000e+00 0.000000000000000000e+00 0.000000000000000000e+00 0.000000000000000000e+00 0.000000000000000000e+00 4.294971265873838166e-08 4.739469435010570663e-08 8.134631583205937058e-09 1.703919456831236550e-08 2.064276433165670506e-09 -1.300024521041080314e-09 -4.688308736062592870e-10 -1.010227908243428389e-10 4.356749621350309419e-10 5.896573368523911869e-09 -1.104695051367732280e-10 -2.260730730183546832e-11 0.000000000000000000e+00 0.000000000000000000e+00
0.000000000000000000e+00 0.000000000000000000e+00 0.000000000000000000e+00 0.000000000000000000e+00 0.000000000000000000e+00 0.000000000000000000e+00 1.133847641817574218e-08 3.304567082544937409e-08 9.296609405223653871e-09 2.376248241810923722e-09 -2.171993966798982428e-09 -4.059304462390773084e-09 3.326385566611801149e-10 5.583861897824955282e-11 3.912160864161651094e-10 3.981468269079181808e-08 -7.519594912375161279e-11 5.104423493239235330e-12 0.000000000000000000e+00 0.000000000000000000e+00
0.000000000000000000e+00 0.000000000000000000e+00 0.000000000000000000e+00 0.000000000000000000e+00 0.000000000000000000e+00 0.000000000000000000e+00 2.593353498912941721e-08 3.282951429048681996e-08 5.793294850937968070e-09 9.807865658292686050e-09 8.741975916497027066e-10 -1.216673104483706302e-09 -4.920975003059303877e-10 -2.845131351642635119e-11 3.060305722888412555e-10 4.847284628824406398e-11 -1.559611887437931144e-10 8.493612237662481522e-08 0.000000000000000000e+00 0.000000000000000000e+00
0.000000000000000000e+00 0.000000000000000000e+00 0.000000000000000000e+00 0.000000000000000000e+00 0.000000000000000000e+00 0.000000000000000000e+00 2.613977651233290662e-08 3.108655423059215582e-08 5.307162231617940371e-09 1.013214965362552921e-08 1.079733642988790532e-09 -1.070302233457816920e-09 -5.765814783585920765e-10 -3.951374492019465945e-11 3.080739893595536966e-10 4.654738609414867642e-11 -1.870325256008251999e-10 1.024662967694171751e-07 0.000000000000000000e+00 0.000000000000000000e+00
0.000000000000000000e+00 0.000000000000000000e+00 0.000000000000000000e+00 0.000000000000000000e+00 0.000000000000000000e+00 0.000000000000000000e+00 2.636684296452154197e-08 2.985485708144548928e-08 4.982221812142167608e-09 1.043895069337727855e-08 1.450505217188466032e-09 -8.446063710847275388e-10 -7.630412355737773519e-10 -6.230935941395143605e-11 3.084758214288245323e-10 5.052418089508376534e-11 -3.779544701638142083e-10 -1.128137882765122418e-01 0.000000000000000000e+00 0.000000000000000000e+00
0.000000000000000000e+00 0.000000000000000000e+00 0.000000000000000000e+00 0.000000000000000000e+00 0.000000000000000000e+00 0.000000000000000000e+00 2.563740458551075658e-10 1.995607428853694685e-10 8.990743413336592446e-11 -6.293308341212114180e-11 -1.160954558424415505e-10 -1.383907445360871887e-10 -5.955967741889687671e-11 -6.084709433317566320e-11 -3.701720962528326086e-10 -1.359449102264524778e-12 8.365737708224018654e-10 4.612372260419814430e-08 0.000000000000000000e+00 0.000000000000000000e+00
0.000000000000000000e+00 0.000000000000000000e+00 0.000000000000000000e+00 0.000000000000000000e+00 0.000000000000000000e+00 0.000000000000000000e+00 4.433559629223392018e-10 1.262760240794191176e-10 9.367727252364925424e-11 -3.409509243095211492e-10 -5.988611699968740624e-10 -2.823531379911016578e-10 -1.689984503143986668e-10 -2.334478605009463026e-10 -7.802424130185687594e-10 1.451978900211502539e-05 6.964490487182416781e-10 4.651608757645950440e-08 0.000000000000000000e+00 0.000000000000000000e+00
0.000000000000000000e+00 0.000000000000000000e+00 0.000000000000000000e+00 0.000000000000000000e+00 0.000000000000000000e+00 0.000000000000000000e+00 6.929952921201226330e-10 3.727518468643543918e-10 5.625418463879402589e-11 1.886641054328854919e-10 -2.415322425644078535e-10 -2.622005655561708789e-10 -3.504461411152838816e-10 2.631556609987832643e-10 -1.392971347689951537e-09 -2.199649657021974180e-05 7.283913078997349146e-10 4.634200195996038826e-08 0.000000000000000000e+00 0.000000000000000000e+00
0.000000000000000000e+00 0.000000000000000000e+00 0.000000000000000000e+00 0.000000000000000000e+00 0.000000000000000000e+00 0.000000000000000000e+00 2.835985527089840957e-11 7.479978643650864611e-11 9.612245596708213676e-11 -8.886110618492546317e-11 -2.222452390297493759e-10 -1.165750871106826989e-10 -6.121918221692840242e-11 -5.731245712941770294e-11 -3.691828934843178106e-10 -2.233286557015229320e-10 2.375706654793710365e-08 1.457404704547172747e-01 0.000000000000000000e+00 0.000000000000000000e+00
0.000000000000000000e+00 0.000000000000000000e+00 0.000000000000000000e+00 0.000000000000000000e+00 0.000000000000000000e+00 0.000000000000000000e+00 5.907390631636114677e-11 6.432562308759948591e-11 1.272688462954942825e-10 -7.357589049404296402e-11 -2.380264912054691063e-10 -1.298551220929020695e-10 -5.585262399132502961e-11 -5.402834674104221905e-11 -3.386490363275638853e-10 -3.748201190076574455e-10 3.507882115564828474e-08 2.054086219614165432e-01 0.000000000000000000e+00 0.000000000000000000e+00
0.000000000000000000e+00 0.000000000000000000e+00 0.000000000000000000e+00 0.000000000000000000e+00 0.000000000000000000e+00 0.000000000000000000e+00 9.880714910568671624e-11 5.814329922248949352e-11 1.579007850283453854e-10 -4.457598496351775981e-11 -2.140701491023524525e-10 -2.057751084832954781e-10 9.394872883987967202e-12 9.978909131345503051e-12 -2.657107227584725054e-10 -6.971315027841720823e-10 -9.829078181588491485e-08 -6.183605389205243164e+12 0.000000000000000000e+00 0.000000000000000000e+00
0.000000000000000000e+00 0.000000000000000000e+00 0.000000000000000000e+00 0.000000000000000000e+00 0.000000000000000000e+00 0.000000000000000000e+00 1.036846411873287213e-12 9.480782026647820395e-13 7.498014929889885352e-13 3.790495155017859937e-13 1.146622053488457415e-13 1.038146503699797125e-13 5.538520374141145525e-14 6.346071471454127112e-14 4.990969204626283998e-14 1.350794052090420469e-13 1.324159132093499444e-12 5.747313221931901803e-12 0.000000000000000000e+00 0.000000000000000000e+00
0.000000000000000000e+00 0.000000000000000000e+00 0.000000000000000000e+00 0.000000000000000000e+00 0.000000000000000000e+00 0.000000000000000000e+00 8.362984933659882868e-13 1.007279908115907691e-12 6.870591433538744059e-13 5.170151867648407072e-13 3.406173039738624733e-13 3.471342164894574243e-13 8.713808560154193819e-14 7.462723242047831114e-14 2.278289292036623371e-13 2.296720933020906726e-09 1.778773974745155039e-12 6.169848573672653396e-12 0.000000000000000000e+00 0.000000000000000000e+00
0.000000000000000000e+00 0.000000000000000000e+00 0.000000000000000000e+00 0.000000000000000000e+00 0.000000000000000000e+00 0.000000000000000000e+00 3.281388453115996163e-12 3.826659862557650707e-12 2.740867236677146166e-12 1.549865878805503155e-12 5.002639807835027563e-13 4.480127683215500375e-13 1.694030234148732666e-13 1.694438905131564694e-13 4.019620675378469540e-13 2.306799349908447790e-09 1.773557511164143242e-12 6.145377910858936490e-12 0.000000000000000000e+00 0.000000000000000000e+00
0.000000000000000000e+00 0.000000000000000000e+00 0.000000000000000000e+00 0.000000000000000000e+00 0.000000000000000000e+00 0.000000000000000000e+00 3.176905399891686607e-13 3.466971555711412937e-13 2.634026661596241797e-13 1.937969868545346404e-13 8.975284714612370429e-14 9.465073159137854562e-14 7.000423249898231572e-14 6.249478924542934122e-14 5.205657968710223935e-14 1.794977984996612133e-13 2.388125378503724867e-11 -8.328910600833474822e-06 0.000000000000000000e+00 0.000000000000000000e+00
0.000000000000000000e+00 0.000000000000000000e+00 0.000000000000000000e+00 0.000000000000000000e+00 0.000000000000000000e+00 0.000000000000000000e+00 2.968218535322721498e-13 3.693204136896331647e-13 2.590045864746819938e-13 1.966417535224336882e-13 9.162845008441822508e-14 1.019886396220371969e-13 7.673876820987396122e-14 6.332680068571763401e-14 5.259848366581666553e-14 2.228235585228282877e-13 3.848056782991820250e-11 -1.668771108741536166e-05 0.000000000000000000e+00 0.000000000000000000e+00
0.000000000000000000e+00 0.000000000000000000e+00 0.000000000000000000e+00 0.000000000000000000e+00 0.000000000000000000e+00 0.000000000000000000e+00 2.889333831269936707e-13 3.837237188061642012e-13 2.591911554088286455e-13 1.996693485849645826e-13 9.595299406306579557e-14 1.276440149590081264e-13 7.920976266789652233e-14 6.609514024499488558e-14 4.909185184488649793e-14 3.090747388228649325e-13 6.235208916046649304e-11 1.171304373443126678e+03 0.000000000000000000e+00 0.000000000000000000e+00
0.000000000000000000e+00 0.000000000000000000e+00 0.000000000000000000e+00 0.000000000000000000e+00 0.000000000000000000e+00 0.000000000000000000e+00 -2.727219041521901595e-12 2.191997949130989068e-10 2.962064204058121512e-11 -4.928964263034524262e-11 -1.038068795307100526e-11 -1.227654532587203209e-12 2.016083509089834366e-13 1.089756140464814775e-13 -1.029877846826835277e-13 1.125396858501668637e-13 4.805158618027172412e-14 -1.970426890001850108e-13 0.000000000000000000e+00 0.000000000000000000e+00
0.000000000000000000e+00 0.000000000000000000e+00 0.000000000000000000e+00 0.000000000000000000e+00 0.000000000000000000e+00 0.000000000000000000e+00 8.596662471014391757e-11 1.674743853757756242e-10 1.913260713912781305e-11 2.228317858876969757e-11 -1.365453357393165749e-11 -2.569376029974648281e-12 5.523838696857203271e-13 4.804650887914115612e-14 9.649542492128636307e-14 -1.135529883295309725e-11 4.494129074279570894e-15 -1.679926521346772127e-13 0.000000000000000000e+00 0.000000000000000000e+00
0.000000000000000000e+00 0.000000000000000000e+00 0.000000000000000000e+00 0.000000000000000000e+00 0.000000000000000000e+00 0.000000000000000000e+00 -8.353666619807852199e-11 2.732366670938562549e-10 3.881676148527934796e-11 -1.221012150010813389e-10 -1.102351425540790063e-11 -7.308316527223983843e-13 4.966099444592080259e-14 1.097047127164286682e-13 2.705868614612113674e-13 -2.845317302782456951e-12 1.907882445975172915e-14 -1.717846759916347345e-13 0.000000000000000000e+00 0.000000000000000000e+00
0.000000000000000000e+00 0.000000000000000000e+00 0.000000000000000000e+00 0.000000000000000000e+00 0.000000000000000000e+00 0.000000000000000000e+00 3.180098000476905133e-11 1.327906663431062182e-10 2.020820911332752501e-11 -9.728837173032090428e-12 -8.676315623556805131e-12 -1.299020890008946598e-12 2.685484833947393109e-13 1.397881029758548711e-13 -4.569026622666253452e-14 1.919941764608221004e-13 2.574650246686541540e-13 -1.797140292223308054e-10 0.000000000000000000e+00 0.000000000000000000e+00
0.000000000000000000e+00 0.000000000000000000e+00 0.000000000000000000e+00 0.000000000000000000e+00 0.000000000000000000e+00 0.000000000000000000e+00 3.390938510284851879e-11 1.200201105551878736e-10 1.864927224845011541e-11 -3.916607566213869310e-12 -7.898674582817315335e-12 -1.222901821918028650e-12 2.676957110847381574e-13 1.567917867146029421e-13 -5.660169747010866595e-14 2.012587180913607797e-13 3.580242310383678216e-13 -2.146012434811822983e-10 0.000000000000000000e+00 0.000000000000000000e+00
0.000000000000000000e+00 0.000000000000000000e+00 0.000000000000000000e+00 0.000000000000000000e+00 0.000000000000000000e+00 0.000000000000000000e+00 3.343480526599086927e-11 1.139634320396102581e-10 1.776949949121537974e-11 -9.099861666521585442e-13 -6.649287813920854543e-12 -8.830430560094331071e-13 1.632203350386507580e-13 1.548562826136640201e-13 -1.475725194399749933e-13 -6.151854589294185250e-14 1.325045462454828789e-13 3.169300333161233956e-04 0.000000000000000000e+00 0.000000000000000000e+00
0.000000000000000000e+00 0.000000000000000000e+00 0.000000000000000000e+00 0.000000000000000000e+00 0.000000000000000000e+00 0.000000000000000000e+00 -1.518933734155637076e-10 6.506027848894890897e-10 2.724174670850005041e-10 -1.603794409432990955e-10 -2.708659678830570530e-11 -7.013614149556026369e-13 1.523960771609848065e-12 4.536895049570399785e-12 -1.838931843245682940e-12 1.687679644235440243e-12 3.014068479448645419e-12 -1.920717295876468675e-12 0.000000000000000000e+00 0.000000000000000000e+00
0.000000000000000000e+00 0.000000000000000000e+00 0.000000000000000000e+00 0.000000000000000000e+00 0.000000000000000000e+00 0.000000000000000000e+00 5.292255349972971278e-11 4.638626515799460986e-10 1.895002868671675204e-10 5.419912316824346557e-11 -2.263277848422106933e-11 -1.758798975518839540e-11 1.639389285071096150e-12 3.206127833474609716e-12 6.916656746792729834e-13 2.948194317584009685e-10 2.499911016878988116e-12 -1.769716179321025386e-12 0.000000000000000000e+00 0.000000000000000000e+00
0.000000000000000000e+00 0.000000000000000000e+00 0.000000000000000000e+00 0.000000000000000000e+00 0.000000000000000000e+00 0.000000000000000000e+00 -3.389989308137991649e-10 8.410998490439108108e-10 3.578273163313421048e-10 -3.764740477327353629e-10 -2.991488427079730806e-11 -1.775627579547268939e-11 4.861429233033392491e-12 -2.031091200271252100e-12 2.143878364914408349e-12 -1.954448063081821586e-10 2.712027254479649249e-12 -1.366920435952902498e-12 0.000000000000000000e+00 0.000000000000000000e+00
0.000000000000000000e+00 0.000000000000000000e+00 0.000000000000000000e+00 0.000000000000000000e+00 0.000000000000000000e+00 0.000000000000000000e+00 -5.536248240758947417e-11 3.892549731496359080e-10 1.795363422967697107e-10 -3.562916266271798950e-11 -2.338194543881695225e-11 7.260095096616272434e-13 9.205453429207711142e-13 5.053414578259470254e-12 -1.787473091006434996e-12 2.716976277274402434e-12 -1.294966973002827780e-11 -2.648451172439006898e-09 0.000000000000000000e+00 0.000000000000000000e+00
0.000000000000000000e+00 0.000000000000000000e+00 0.000000000000000000e+00 0.000000000000000000e+00 0.000000000000000000e+00 0.000000000000000000e+00 -4.971416852010343687e-11 3.491819932264515332e-10 1.655639676362870927e-10 -1.884887664771158630e-11 -2.042549902008042045e-11 1.096339618740965166e-12 7.702178238731066487e-13 5.455025901852066365e-12 -1.939192845787854522e-12 3.038049212623812453e-12 -1.875961599405705597e-11 -3.075343672532991502e-09 0.000000000000000000e+00 0.000000000000000000e+00
0.000000000000000000e+00 0.000000000000000000e+00 0.000000000000000000e+00 0.000000000000000000e+00 0.000000000000000000e+00 0.000000000000000000e+00 -5.127878387625397304e-11 3.294483573671560430e-10 1.585438678536902702e-10 -1.137787716190704475e-11 -1.457222474462427699e-11 9.359228029369135650e-13 6.652390967492361185e-13 6.620127137628649151e-12 -1.622331011900126634e-12 9.483207325909738336e-13 -1.512137878724109736e-11 -4.176400197428218122e-03 0.000000000000000000e+00 0.000000000000000000e+00
0.000000000000000000e+00 0.000000000000000000e+00 0.000000000000000000e+00 0.000000000000000000e+00 0.000000000000000000e+00 0.000000000000000000e+00 3.965799960290270502e-12 -2.796983769296666438e-13 8.381383894165477719e-13 -3.377311154738357658e-12 -5.171451534734656877e-13 4.699763213923568944e-12 -2.033853612034042383e-12 -9.783848690410596350e-13 -1.227028055071738734e-12 -8.550160044210571596e-13 8.572595602742326610e-12 1.727199664467282501e-09 0.000000000000000000e+00 0.000000000000000000e+00
0.000000000000000000e+00 0.000000000000000000e+00 0.000000000000000000e+00 0.000000000000000000e+00 0.000000000000000000e+00 0.000000000000000000e+00 -3.007403564350842799e-12 -4.968840969156310485e-12 -5.992363558615620995e-12 -1.203775448263493182e-11 -6.524096225892662662e-12 -2.049394301141424501e-12 1.379975172224818319e-12 -8.455872002599414408e-13 -1.546841164618532904e-12 1.506914571029910265e-07 2.979628011032157705e-11 1.762407936320480855e-09 0.000000000000000000e+00 0.000000000000000000e+00
0.000000000000000000e+00 0.000000000000000000e+00 0.000000000000000000e+00 0.000000000000000000e+00 0.000000000000000000e+00 0.000000000000000000e+00 1.325114972734966952e-11 4.507236760639894397e-12 1.433419696735996844e-13 -2.091553698813231317e-12 2.253947525010794998e-11 3.164402818140937320e-11 -7.138730107196944972e-12 -6.984008150838602801e-12 1.113241176315463795e-11 -9.544228218027791900e-08 3.847216031442157782e-11 1.771889066722848720e-09 0.000000000000000000e+00 0.000000000000000000e+00
0.000000000000000000e+00 0.000000000000000000e+00 0.000000000000000000e+00 0.000000000000000000e+00 0.000000000000000000e+00 0.000000000000000000e+00 -2.654759704426537235e-14 1.506555163078672240e-12 7.794890782689184371e-13 -1.425681758615858977e-12 -4.312004530552379675e-13 3.711160236329882591e-12 -5.518429894115581603e-12 -1.212627466607523258e-12 -1.328910410299179023e-12 2.946648504289771594e-13 1.094028975340149855e-10 1.060780703894539934e-02 0.000000000000000000e+00 0.000000000000000000e+00
0.000000000000000000e+00 0.000000000000000000e+00 0.000000000000000000e+00 0.000000000000000000e+00 0.000000000000000000e+00 0.000000000000000000e+00 5.793841130731614931e-15 1.771665998402186926e-12 8.306922235948441400e-13 -2.031727187062121219e-12 -1.543250073989670528e-12 3.696234275849119415e-12 -5.390633536853942503e-12 -1.353999501499435911e-12 -1.726951562715057186e-12 2.307493641354211688e-12 2.025474927418268833e-10 3.075030616490676688e-02 0.000000000000000000e+00 0.000000000000000000e+00
0.000000000000000000e+00 0.000000000000000000e+00 0.000000000000000000e+00 0.000000000000000000e+00 0.000000000000000000e+00 0.000000000000000000e+00 1.302889540406011104e-13 1.633540866832707645e-12 8.450719168292733394e-13 -3.205216208473552746e-12 -4.396481146381470259e-12 3.699772172267335478e-12 -6.940386111794469921e-13 -3.943221498749052489e-13 -3.839946233396680765e-13 1.599266157399311151e-11 -3.616060299144594448e-10 -6.261531689004151611e+11 0.000000000000000000e+00 0.000000000000000000e+00
0.000000000000000000e+00 0.000000000000000000e+00 0.000000000000000000e+00 0.000000000000000000e+00 0.000000000000000000e+00 0.000000000000000000e+00 2.061886236562088006e-18 1.876456257193892389e-18 1.613602896936038511e-18 9.379181419068363414e-19 1.050212604916279862e-18 9.382329187591406225e-19 6.950754001097300073e-19 4.459584013474185158e-19 3.439383397289494447e-19 3.559312122147758089e-19 2.134089923780886749e-18 1.346511576674724480e-17 0.000000000000000000e+00 0.000000000000000000e+00
0.000000000000000000e+00 0.000000000000000000e+00 0.000000000000000000e+00 0.000000000000000000e+00 0.000000000000000000e+00 0.000000000000000000e+00 4.571415704144816556e-18 4.476422309420608569e-18 2.945237457638629034e-18 1.811621709925065432e-18 2.237823440446342484e-18 1.734907856138867040e-18 7.774645469662724704e-19 5.345510368541540613e-19 4.865520674363811599e-19 2.791384252890964922e-16 2.740044201590266752e-18 1.401387628137438204e-17 0.000000000000000000e+00 0.000000000000000000e+00
0.000000000000000000e+00 0.000000000000000000e+00 0.000000000000000000e+00 0.000000000000000000e+00 0.000000000000000000e+00 0.000000000000000000e+00 4.020279941122916284e-18 2.815546839930329685e-18 1.697905631276513805e-18 1.080250880631821144e-18 1.422183052072571273e-18 1.845616859914775911e-18 6.605783228700951255e-19 5.455955745204373892e-19 5.934368479238221510e-19 2.255070702464484053e-16 2.081618798979381227e-18 1.390978731613376899e-17 0.000000000000000000e+00 0.000000000000000000e+00
0.000000000000000000e+00 0.000000000000000000e+00 0.000000000000000000e+00 0.000000000000000000e+00 0.000000000000000000e+00 0.000000000000000000e+00 1.711178623688829233e-18 1.746078717857643505e-18 1.259882837505725265e-18 7.300765285144857759e-19 8.680239432210165848e-19 8.569386543106975475e-19 6.984676629586075944e-19 4.407988188346280822e-19 3.493505888499557170e-19 5.660116362466509882e-19 3.443193716799697524e-17 -2.359809642100570976e-13 0.000000000000000000e+00 0.000000000000000000e+00
0.000000000000000000e+00 0.000000000000000000e+00 0.000000000000000000e+00 0.000000000000000000e+00 0.000000000000000000e+00 0.000000000000000000e+00 1.724827740200950673e-18 1.762708594518810685e-18 1.206422034812170819e-18 7.015103758592649344e-19 8.328715048538654467e-19 8.430493867063568028e-19 6.967520588433710754e-19 4.380433072598879586e-19 3.420365205065401364e-19 7.350796143072741880e-19 5.660589215448922488e-17 6.049104320481635982e-14 0.000000000000000000e+00 0.000000000000000000e+00
0.000000000000000000e+00 0.000000000000000000e+00 0.000000000000000000e+00 0.000000000000000000e+00 0.000000000000000000e+00 0.000000000000000000e+00 1.715805307319145757e-18 1.754746814022085122e-18 1.164882044657734571e-18 6.781359843901599664e-19 7.978285826960243172e-19 8.396193349485570538e-19 6.844791218246694004e-19 4.331578483529519173e-19 3.449700068056100173e-19 1.204075437152841077e-18 4.676660309896724641e-17 -1.585280435847380431e-04 0.000000000000000000e+00 0.000000000000000000e+00
0.000000000000000000e+00 0.000000000000000000e+00 0.000000000000000000e+00 0.000000000000000000e+00 0.000000000000000000e+00 0.000000000000000000e+00 -2.349662826002141047e-13 1.101017972554898114e-13 3.007774021430902123e-14 5.597133170534737605e-14 -1.613498453675681780e-14 1.017291153181124199e-15 -1.508026420852323608e-15 -1.014885760066030798e-15 -5.183583691397043907e-16 -1.532098486370528986e-16 -4.756904474119910665e-17 -2.979309020152560935e-17 0.000000000000000000e+00 0.000000000000000000e+00
0.000000000000000000e+00 0.000000000000000000e+00 0.000000000000000000e+00 0.000000000000000000e+00 0.000000000000000000e+00 0.000000000000000000e+00 -1.334881623936954967e-13 -1.843925301423375836e-14 -1.015846870485818787e-14 6.781129908702545938e-14 -2.683314434637247797e-14 2.650932625276080498e-16 -1.402888554519144183e-15 -8.593572179183055579e-16 -6.444082269542349414e-16 -2.327953784170525381e-15 -6.385474262957071308e-17 -3.200931173341275082e-17 0.000000000000000000e+00 0.000000000000000000e+00
0.000000000000000000e+00 0.000000000000000000e+00 0.000000000000000000e+00 0.000000000000000000e+00 0.000000000000000000e+00 0.000000000000000000e+00 -3.323796405839487770e-13 2.325826495483454203e-13 6.798345704589544176e-14 5.423977914092823974e-14 -1.326565631139113191e-14 -1.254733423013004089e-15 -1.610755671856817405e-15 -1.340095380030999341e-15 -7.309696185190718101e-16 6.672673951859932554e-16 -6.671710604801418008e-17 -3.596798936082078024e-17 0.000000000000000000e+00 0.000000000000000000e+00
0.000000000000000000e+00 0.000000000000000000e+00 0.000000000000000000e+00 0.000000000000000000e+00 0.000000000000000000e+00 0.000000000000000000e+00 -1.322179449419207040e-13 2.285091959728198314e-14 1.072425308390120655e-17 4.369677713959977198e-14 -1.660153749810604991e-14 1.497798656093351401e-15 -1.433163744312866965e-15 -9.863891413078621559e-16 -5.348559932144350437e-16 -1.464374506096509456e-16 5.217912341279497867e-16 -1.861136090861494188e-13 0.000000000000000000e+00 0.000000000000000000e+00
0.000000000000000000e+00 0.000000000000000000e+00 0.000000000000000000e+00 0.000000000000000000e+00 0.000000000000000000e+00 0.000000000000000000e+00 -1.156418868842721057e-13 1.070914242369463229e-14 -3.425887701247115097e-15 4.174497050153652305e-14 -1.644422043822907149e-14 1.728722495124027630e-15 -1.398797384120009536e-15 -9.536772465034005134e-16 -5.295625125438434216e-16 -1.211874406776942769e-16 6.883410740936378318e-16 -1.491709881554897183e-13 0.000000000000000000e+00 0.000000000000000000e+00
0.000000000000000000e+00 0.000000000000000000e+00 0.000000000000000000e+00 0.000000000000000000e+00 0.000000000000000000e+00 0.000000000000000000e+00 -1.071925914515291162e-13 5.329663425014733639e-15 -4.435197707361538331e-15 4.061495829924767627e-14 -1.614600763449990900e-14 2.237992522828731991e-15 -1.289079900771049070e-15 -9.198795662564727514e-16 -4.211685881305704488e-16 -4.528549220962595502e-17 6.355524135592363764e-16 9.333472228394446018e-07 0.000000000000000000e+00 0.000000000000000000e+00
0.000000000000000000e+00 0.000000000000000000e+00 0.000000000000000000e+00 0.000000000000000000e+00 0.000000000000000000e+00 0.000000000000000000e+00 -1.288067635199770693e-12 6.546408297206208992e-13 4.402335860615834364e-13 1.705571035746262309e-13 -2.215770028834118591e-14 -3.159020633517399993e-14 1.726671570681729477e-14 1.494396354620514765e-15 1.540980561646546910e-15 -9.964692330607922578e-17 -1.668865733169214143e-16 2.477048063733873358e-15 0.000000000000000000e+00 0.000000000000000000e+00
0.000000000000000000e+00 0.000000000000000000e+00 0.000000000000000000e+00 0.000000000000000000e+00 0.000000000000000000e+00 0.000000000000000000e+00 -1.197391519842767263e-12 1.035074025450911028e-13 5.039064050615458982e-13 3.351238003957859931e-13 -5.939933967626877332e-14 -3.663031106872650715e-14 1.612062599631214088e-14 2.345387677200791428e-15 4.044034032579813028e-15 1.451167968216237190e-14 1.841611998474987160e-16 2.847930116211987841e-15 0.000000000000000000e+00 0.000000000000000000e+00
0.000000000000000000e+00 0.000000000000000000e+00 0.000000000000000000e+00 0.000000000000000000e+00 0.000000000000000000e+00 0.000000000000000000e+00 -1.391273841318863456e-12 1.183347227131006297e-12 4.060968456596239942e-13 3.714430166564062547e-14 -2.174874249726727974e-14 -5.536603396605022488e-14 2.157788474792860452e-14 -1.271087786092399098e-17 3.219428376116925112e-15 6.444057789664393444e-14 2.231881571509790759e-17 2.976567161918194460e-15 0.000000000000000000e+00 0.000000000000000000e+00
0.000000000000000000e+00 0.000000000000000000e+00 0.000000000000000000e+00 0.000000000000000000e+00 0.000000000000000000e+00 0.000000000000000000e+00 -9.568998756412861289e-13 2.378950487524797601e-13 3.496168453960272938e-13 1.941092155180407550e-13 -3.363892213219238877e-14 -2.856968350015607631e-14 1.584475758360006492e-14 1.545035892735013207e-15 1.420428022553666454e-15 -5.372744527324900672e-16 1.004791859324724301e-14 -2.953393766573233984e-12 0.000000000000000000e+00 0.000000000000000000e+00
0.000000000000000000e+00 0.000000000000000000e+00 0.000000000000000000e+00 0.000000000000000000e+00 0.000000000000000000e+00 0.000000000000000000e+00 -8.937481824332698136e-13 1.770286593970624705e-13 3.320556134008578910e-13 1.955419480513522151e-13 -3.533461619701269237e-14 -2.750930966518723591e-14 1.517885624462294478e-14 1.633039356531319557e-15 1.351408832204891491e-15 -7.005533117277421609e-16 1.379780508164949017e-14 -3.462611951222010963e-12 0.000000000000000000e+00 0.000000000000000000e+00
0.000000000000000000e+00 0.000000000000000000e+00 0.000000000000000000e+00 0.000000000000000000e+00 0.000000000000000000e+00 0.000000000000000000e+00 -8.571980800615058717e-13 1.486063882369123771e-13 3.213262635711982049e-13 1.945570572162956885e-13 -3.618131272850072145e-14 -2.597539807039797752e-14 1.373578159877613026e-14 1.741833754275971095e-15 1.988796802822464326e-15 -7.156216585290325443e-16 5.064735648946975937e-15 8.352432434587150517e-07 0.000000000000000000e+00 0.000000000000000000e+00
0.000000000000000000e+00 0.000000000000000000e+00 0.000000000000000000e+00 0.000000000000000000e+00 0.000000000000000000e+00 0.000000000000000000e+00 -6.630479747846743673e-16 -4.661648288833224866e-15 -5.183970706254017052e-15 -4.737957124614406273e-15 4.596288955480763171e-15 7.648117826901677369e-17 -1.347678890406382132e-15 -3.197397200722369260e-16 1.735816471813289005e-15 1.571945234310597597e-15 4.548162640040357148e-14 4.447653833066074961e-12 0.000000000000000000e+00 0.000000000000000000e+00
0.000000000000000000e+00 0.000000000000000000e+00 0.000000000000000000e+00 0.000000000000000000e+00 0.000000000000000000e+00 0.000000000000000000e+00 -2.800313435011290446e-14 -2.109949954961226528e-14 -9.480067437876192290e-15 4.169541757926608468e-15 1.853730043657067572e-14 -9.576100134840898902e-15 1.872576470630218211e-15 6.435896176590158611e-16 1.605018099032434710e-14 4.460902222079621433e-10 7.083645301925337370e-14 4.469602304360984212e-12 0.000000000000000000e+00 0.000000000000000000e+00
0.000000000000000000e+00 0.000000000000000000e+00 0.000000000000000000e+00 0.000000000000000000e+00 0.000000000000000000e+00 0.000000000000000000e+00 5.289824580354239174e-15 -1.667810687490502955e-15 -3.392409472301635337e-15 -1.115106427750879404e-15 5.789207443475270433e-14 7.139889409265725361e-16 4.708715044828246666e-15 6.353907361676940417e-15 3.268839651990956722e-14 1.886249087241901548e-09 8.422872779101992920e-14 4.478723568165875954e-12 0.000000000000000000e+00 0.000000000000000000e+00
0.000000000000000000e+00 0.000000000000000000e+00 0.000000000000000000e+00 0.000000000000000000e+00 0.000000000000000000e+00 0.000000000000000000e+00 -1.279181415472165746e-14 -1.484826972054561745e-14 -6.562170104239379404e-15 -4.141607841998363603e-16 4.009589389200018375e-15 3.907659288677192287e-16 9.192476297907668534e-17 -5.686853512942440785e-16 1.687949188196514771e-15 -1.309772915345295905e-15 2.197999315941346131e-12 6.484668836780518972e-05 0.000000000000000000e+00 0.000000000000000000e+00
0.000000000000000000e+00 0.000000000000000000e+00 0.000000000000000000e+00 0.000000000000000000e+00 0.000000000000000000e+00 0.000000000000000000e+00 -1.389022974237210252e-14 -1.416401893450373820e-14 -7.274702287453018246e-15 -1.018929877293237580e-15 4.393693939979727743e-15 -2.938785349251794740e-16 1.091404779401348568e-16 -6.235436613294072344e-16 1.932277906164743558e-15 -3.296271498636540841e-16 3.981379443299811422e-12 1.486662146606641517e-04 0.000000000000000000e+00 0.000000000000000000e+00
0.000000000000000000e+00 0.000000000000000000e+00 0.000000000000000000e+00 0.000000000000000000e+00 0.000000000000000000e+00 0.000000000000000000e+00 -1.400583135024835983e-14 -1.262883909988131557e-14 -7.992749058499680958e-15 -2.250826974454201423e-15 4.961181292629765302e-15 -1.827012751821127977e-15 -1.141562209959723870e-15 -1.154222549528354247e-15 1.631036481558132044e-15 8.888307999168459183e-15 4.475372195861988799e-12 -1.804322085026595354e+09 0.000000000000000000e+00 0.000000000000000000e+00
0.000000000000000000e+00 0.000000000000000000e+00 0.000000000000000000e+00 0.000000000000000000e+00 0.000000000000000000e+00 0.000000000000000000e+00 3.040146468601287922e-10 1.460201193755697001e-10 5.823129976820517691e-11 1.492240097338218261e-11 1.931886871333990025e-11 2.048233056478657677e-11 1.651137513504518875e-11 8.608103494349116095e-12 4.640743691609757595e-12 2.542326403055813103e-11 4.054340580917228714e-10 6.163741205035827620e-10 0.000000000000000000e+00 0.000000000000000000e+00
0.000000000000000000e+00 0.000000000000000000e+00 0.000000000000000000e+00 0.000000000000000000e+00 0.000000000000000000e+00 0.000000000000000000e+00 -1.543704481967376766e-11 1.531887054927794973e-12 3.086512720508633093e-11 1.155619559252582647e-11 3.491181154624221474e-12 4.495311830573346432e-11 1.229826530629412308e-11 8.152031011619866630e-12 8.334543903748473531e-12 2.394674399422959177e-08 3.899032158262004232e-10 6.478393467629985632e-10 0.000000000000000000e+00 0.000000000000000000e+00
0.000000000000000000e+00 0.000000000000000000e+00 0.000000000000000000e+00 0.000000000000000000e+00 0.000000000000000000e+00 0.000000000000000000e+00 1.096986395212204420e-09 7.090779544967622220e-10 2.750341362542974366e-10 1.700623890118297504e-10 1.506345456202691445e-10 2.545566988183312708e-10 1.038316563154695648e-10 8.947773214829224229e-11 5.166171607158129027e-11 -9.032750839341397014e-09 4.229114504290529875e-10 6.583437191329228640e-10 0.000000000000000000e+00 0.000000000000000000e+00
0.000000000000000000e+00 0.000000000000000000e+00 0.000000000000000000e+00 0.000000000000000000e+00 0.000000000000000000e+00 0.000000000000000000e+00 -5.862410807728130677e-14 1.683966730492623732e-12 9.856305346671625725e-12 -2.343582391112976848e-12 1.512396098718374183e-12 1.333927399404407043e-11 9.447502202655194372e-12 7.223983002211274099e-12 4.161595206909864570e-12 1.050120595267575069e-11 3.666269072891259067e-09 7.654502021906262055e-02 0.000000000000000000e+00 0.000000000000000000e+00
0.000000000000000000e+00 0.000000000000000000e+00 0.000000000000000000e+00 0.000000000000000000e+00 0.000000000000000000e+00 0.000000000000000000e+00 -1.745513809486732975e-12 -6.228207895664284527e-13 1.019562193075065941e-11 -1.931496502243085618e-12 1.567207658805670028e-12 1.460012744204302743e-11 9.631819281166554761e-12 8.213319495386138508e-12 4.499772874310492820e-12 1.503837913878385448e-11 5.804868034975342644e-09 5.985232412447055728e-02 0.000000000000000000e+00 0.000000000000000000e+00
0.000000000000000000e+00 0.000000000000000000e+00 0.000000000000000000e+00 0.000000000000000000e+00 0.000000000000000000e+00 0.000000000000000000e+00 9.176576393021880526e-14 -4.350936575279436878e-12 8.045670428199959337e-12 -4.039667871612336203e-12 2.490280034558477674e-12 1.346245820983607751e-11 9.206926402382418469e-12 6.687618241963114716e-12 3.689892558351806769e-12 6.755829148530722675e-12 1.855462939534389368e-08 -1.889235722265625000e+07 0.000000000000000000e+00 0.000000000000000000e+00
0.000000000000000000e+00 0.000000000000000000e+00 0.000000000000000000e+00 0.000000000000000000e+00 0.000000000000000000e+00 0.000000000000000000e+00 7.604449354520909872e-10 -4.781015169613715432e-10 3.085823129771521145e-11 -1.725743541836108553e-10 -1.360614761492572376e-10 -9.416785138070969905e-11 -6.459985602124525139e-11 -1.232707613031444056e-11 1.938527239343583881e-12 2.402976654204324885e-11 5.439211203954259703e-11 2.507079844749144966e-11 0.000000000000000000e+00 0.000000000000000000e+00
0.000000000000000000e+00 0.000000000000000000e+00 0.000000000000000000e+00 0.000000000000000000e+00 0.000000000000000000e+00 0.000000000000000000e+00 1.293423543206927451e-10 -1.340191004900877015e-09 -6.985873135019568815e-10 3.083930133135367706e-10 -7.871200180525919260e-11 -8.698364312869885616e-11 -2.695237825190853439e-11 4.744660231343722262e-12 -6.708265608413955917e-12 -3.496814632992024324e-11 4.811980499581152074e-11 2.700238918427147403e-11 0.000000000000000000e+00 0.000000000000000000e+00
0.000000000000000000e+00 0.000000000000000000e+00 0.000000000000000000e+00 0.000000000000000000e+00 0.000000000000000000e+00 0.000000000000000000e+00 1.305680676424519570e-09 3.739531088332917157e-10 6.712779648321752019e-10 -7.137570172328929626e-10 -4.760934651723494760e-10 -1.098659650084473701e-10 -1.208216798872947446e-10 -8.178909260432692594e-11 -5.195256163130224410e-11 -1.919714891324020029e-10 5.166952600327792812e-11 2.714235807467431497e-11 0.000000000000000000e+00 0.000000000000000000e+00
0.000000000000000000e+00 0.000000000000000000e+00 0.000000000000000000e+00 0.000000000000000000e+00 0.000000000000000000e+00 0.000000000000000000e+00 3.436330251131419337e-10 -8.926048155848653348e-10 -3.640744369450901080e-10 1.042462094705858723e-10 -5.302261697715024871e-12 -7.819962917687271954e-11 -3.053234934847231139e-11 6.899493197458054537e-12 2.763321100624585796e-12 6.542187508769943526e-12 7.501059621008712800e-11 -1.611103612058516484e-08 0.000000000000000000e+00 0.000000000000000000e+00
0.000000000000000000e+00 0.000000000000000000e+00 0.000000000000000000e+00 0.000000000000000000e+00 0.000000000000000000e+00 0.000000000000000000e+00 4.349800868343497784e-10 -8.464049843183192889e-10 -3.772410063457240209e-10 8.833087803606681611e-11 1.001503598386216853e-11 -7.429427327694872940e-11 -2.094988010436485564e-11 1.522795317057671041e-11 6.925067692775521641e-12 1.186597646485619436e-12 7.846412802601619833e-11 -4.085293831733556866e-08 0.000000000000000000e+00 0.000000000000000000e+00
0.000000000000000000e+00 0.000000000000000000e+00 0.000000000000000000e+00 0.000000000000000000e+00 0.000000000000000000e+00 0.000000000000000000e+00 5.526161842953991420e-10 -7.700951692125540928e-10 -3.569623849167685192e-10 3.616153633618853717e-11 9.972669665991653728e-12 -7.459263523044892585e-11 -1.070722783817454052e-11 1.673435999757753675e-11 6.868251346412128239e-12 2.290574757283807060e-12 3.296349173198064213e-11 -4.952630171900347655e-02 0.000000000000000000e+00 0.000000000000000000e+00
0.000000000000000000e+00 0.000000000000000000e+00 0.000000000000000000e+00 0.000000000000000000e+00 0.000000000000000000e+00 0.000000000000000000e+00 -7.593186402803224528e-09 -1.439736414481023253e-09 1.176407992837043194e-09 9.613845881816635240e-11 -4.844893956264659011e-10 -4.396211972115195588e-10 -3.054716192440470934e-10 -1.206492602757552145e-10 -1.400145807229123320e-11 6.568832495051732289e-11 9.905015909263046170e-12 1.237180845550387526e-10 0.000000000000000000e+00 0.000000000000000000e+00
0.000000000000000000e+00 0.000000000000000000e+00 0.000000000000000000e+00 0.000000000000000000e+00 0.000000000000000000e+00 0.000000000000000000e+00 -2.051160305380935068e-09 -4.270072063780233592e-09 -2.463228584287831186e-09 2.652399592302411839e-09 1.006757351424201041e-09 -2.201051516049276013e-10 -2.890655429991881504e-11 -7.618285984589477723e-12 -4.245105373034427770e-11 7.735392849215959112e-10 -1.794705910596065496e-12 1.458566541659099887e-10 0.000000000000000000e+00 0.000000000000000000e+00
0.000000000000000000e+00 0.000000000000000000e+00 0.000000000000000000e+00 0.000000000000000000e+00 0.000000000000000000e+00 0.000000000000000000e+00 -1.295165610806527435e-08 1.364028756026134951e-09 4.639263566257903094e-09 -2.597222643796602701e-09 -3.357341558895693854e-09 -6.423632236146756884e-10 -7.573350251576194300e-10 -3.767434362075986320e-10 -1.080671160550830529e-10 -6.288889136972844328e-10 -7.414852655536474906e-12 1.495735872412198670e-10 0.000000000000000000e+00 0.000000000000000000e+00
0.000000000000000000e+00 0.000000000000000000e+00 0.000000000000000000e+00 0.000000000000000000e+00 0.000000000000000000e+00 0.000000000000000000e+00 -1.319947264899518332e-09 -2.777415913890513202e-09 -1.633679902485416824e-09 1.657021712691411724e-09 7.360141303648442614e-10 -2.565101498274932643e-10 -8.895260252447658480e-11 -3.601993424018057894e-11 -1.298353933719517895e-11 7.813579889358507471e-11 5.077754410839789705e-10 1.965005077013493209e-07 0.000000000000000000e+00 0.000000000000000000e+00
0.000000000000000000e+00 0.000000000000000000e+00 0.000000000000000000e+00 0.000000000000000000e+00 0.000000000000000000e+00 0.000000000000000000e+00 -5.160260684087562683e-10 -2.572624060628505939e-09 -1.851652564051918526e-09 1.594270991929122895e-09 8.374438458462524202e-10 -2.428710193418924725e-10 -6.304440689850234162e-11 -7.167899664205591482e-12 -1.025761122968620784e-11 8.245297349869959231e-11 7.054129026945677713e-10 -3.675779463098892011e-07 0.000000000000000000e+00 0.000000000000000000e+00
0.000000000000000000e+00 0.000000000000000000e+00 0.000000000000000000e+00 0.000000000000000000e+00 0.000000000000000000e+00 0.000000000000000000e+00 -1.984483490640485889e-10 -2.270961285932340931e-09 -1.853044995801881359e-09 1.293990486632849137e-09 7.109443375571130627e-10 -3.131751746673723335e-10 -1.669605321457984230e-10 -4.454253933392822581e-11 2.673998055825172078e-12 -4.601055496971841233e-11 2.035638982755452429e-10 -1.190492837204915277e+00 0.000000000000000000e+00 0.000000000000000000e+00
0.000000000000000000e+00 0.000000000000000000e+00 0.000000000000000000e+00 0.000000000000000000e+00 0.000000000000000000e+00 0.000000000000000000e+00 -3.406977182503240446e-10 -1.513922450587205213e-10 -5.069909525277562289e-10 -3.747093732198119364e-10 2.032787119439237471e-10 2.621230309801299006e-10 8.789539749850069378e-11 -1.150326156539549494e-10 4.634231044473341144e-11 -6.293223934392663120e-11 6.020007834822949797e-10 3.047028863894721107e-07 0.000000000000000000e+00 0.000000000000000000e+00
0.000000000000000000e+00 0.000000000000000000e+00 0.000000000000000000e+00 0.000000000000000000e+00 0.000000000000000000e+00 0.000000000000000000e+00 2.906131867345736264e-09 4.393984125761414719e-10 -4.842125442484333016e-10 8.127543761196394527e-11 1.522255583658725347e-09 2.079210773494150873e-10 1.786132036546062170e-10 -2.413880912018053890e-10 1.982088429823811732e-11 2.596340632131234663e-06 2.724189625056712085e-10 3.045418570173730815e-07 0.000000000000000000e+00 0.000000000000000000e+00
0.000000000000000000e+00 0.000000000000000000e+00 0.000000000000000000e+00 0.000000000000000000e+00 0.000000000000000000e+00 0.000000000000000000e+00 4.477123517748285238e-10 4.870815599440064726e-11 -3.105605693722376472e-09 1.366757664528895809e-09 5.766203164530540817e-10 3.726965522819217129e-09 5.422374331916023699e-10 -2.282396083723330818e-10 3.019456449881452755e-10 -4.789827638299858092e-06 1.662840978643827502e-11 3.050213974803741421e-07 0.000000000000000000e+00 0.000000000000000000e+00
0.000000000000000000e+00 0.000000000000000000e+00 0.000000000000000000e+00 0.000000000000000000e+00 0.000000000000000000e+00 0.000000000000000000e+00 2.733594991154958443e-10 -3.102750305560758638e-10 -6.538207581452691573e-10 -5.472795973258243133e-10 3.401972899588055766e-10 -3.959582468166063790e-11 1.554614953013800144e-10 -1.287027144828466058e-10 4.024895257765878825e-11 -8.820783262864430260e-11 2.860102091964096444e-08 9.122410353968660734e-01 0.000000000000000000e+00 0.000000000000000000e+00
0.000000000000000000e+00 0.000000000000000000e+00 0.000000000000000000e+00 0.000000000000000000e+00 0.000000000000000000e+00 0.000000000000000000e+00 2.864390678853840966e-10 -2.990408047338719585e-10 -6.229534668936349351e-10 -5.326600514071603819e-10 3.359833639665382333e-10 -5.529881501012260980e-11 1.606213583844773540e-10 -1.246592250154138880e-10 4.444951511761097918e-11 -1.568653653949194214e-10 5.398860313330256156e-08 3.854521269076762735e+00 0.000000000000000000e+00 0.000000000000000000e+00
0.000000000000000000e+00 0.000000000000000000e+00 0.000000000000000000e+00 0.000000000000000000e+00 0.000000000000000000e+00 0.000000000000000000e+00 2.720400785322609245e-10 -2.732704458147391394e-10 -5.413623756549529362e-10 -5.046648800118456576e-10 2.789130936435025902e-10 3.906686850667753733e-11 9.340607023616700227e-11 -8.219649299276667328e-12 4.359369052216876606e-11 -4.003412908167180110e-10 3.500431091967396328e-07 -1.508324358590141211e+13 0.000000000000000000e+00 0.000000000000000000e+00
