0.000000000000000000e+00 0.000000000000000000e+00 0.000000000000000000e+00 0.000000000000000000e+00 0.000000000000000000e+00 0.000000000000000000e+00 2.336802631160074452e-10 1.770339592236476649e-10 1.751976157156856870e-10 9.372295326410931429e-11 9.735589891454299331e-11 1.308500295558730778e-10 1.021438716052600104e-10 6.872384437817014044e-11 2.596674789374883960e-11 3.242712768423992900e-12 7.020724379710422910e-12 2.508419811967867320e-09 2.545303183519056933e-08 0.000000000000000000e+00
0.000000000000000000e+00 0.000000000000000000e+00 0.000000000000000000e+00 0.000000000000000000e+00 0.000000000000000000e+00 0.000000000000000000e+00 -1.236339897223488205e-12 -6.667658498783956680e-12 2.024906150419781136e-12 -4.005163813937356016e-12 4.100721775618412559e-12 4.120049659641228468e-12 4.360542900488666615e-12 3.883911873800509785e-12 1.276959142109748862e-12 8.131829822998805938e-14 2.514129944002432533e-10 2.450108942304029047e-09 2.512368877321777169e-08 0.000000000000000000e+00
0.000000000000000000e+00 0.000000000000000000e+00 0.000000000000000000e+00 0.000000000000000000e+00 0.000000000000000000e+00 0.000000000000000000e+00 8.812380049956591152e-10 7.390741257991145650e-10 6.613839191662010468e-10 4.120488950365960504e-10 4.768143554050215353e-10 6.864288420410820983e-10 4.348388745160591437e-10 2.821499880882535239e-10 1.025633148535500248e-10 2.029679891145232919e-11 1.513816854280430250e-08 3.094920174315562176e-09 2.549981163933396960e-08 0.000000000000000000e+00
0.000000000000000000e+00 0.000000000000000000e+00 0.000000000000000000e+00 0.000000000000000000e+00 0.000000000000000000e+00 0.000000000000000000e+00 2.337765987471512503e-12 -2.819137508933107351e-13 1.302013319967439134e-13 -2.039697413894818367e-13 2.014486070474432253e-12 1.669809084322822702e-12 1.742524227489664350e-12 1.137533605399757449e-12 4.831033346265996632e-13 8.914882015360837295e-14 7.644697804664514966e-15 1.170241946948665638e-10 -1.860765023893200532e-01 0.000000000000000000e+00
0.000000000000000000e+00 0.000000000000000000e+00 0.000000000000000000e+00 0.000000000000000000e+00 0.000000000000000000e+00 0.000000000000000000e+00 1.253732941436422470e-11 1.566704581257093839e-11 6.780558995206389160e-12 5.291998126585316884e-12 7.056199045350454148e-12 8.177655102042426579e-12 8.091749717378247139e-12 6.074100752019078573e-12 3.744363043035525928e-12 1.757858775325765014e-12 1.868687577389697730e-12 3.184165443767690779e-10 -2.727551077346888064e-01 0.000000000000000000e+00
0.000000000000000000e+00 0.000000000000000000e+00 0.000000000000000000e+00 0.000000000000000000e+00 0.000000000000000000e+00 0.000000000000000000e+00 -2.071914761481566714e-12 -3.188562498316986868e-12 3.411287737524109411e-12 -3.238622426760815870e-12 3.378115764787661411e-13 2.574176233746192677e-12 1.640486142465591271e-12 9.737112876454155992e-13 2.285837959356686528e-13 1.084865599306704997e-14 -5.136578005275441258e-14 2.989462258361502725e-10 5.981250520939149857e+08 0.000000000000000000e+00
0.000000000000000000e+00 0.000000000000000000e+00 0.000000000000000000e+00 0.000000000000000000e+00 0.000000000000000000e+00 0.000000000000000000e+00 3.956910987425627201e-09 -1.227025027958351611e-09 -7.989032104208879330e-10 3.100891361968124056e-10 -3.028944856831211616e-10 -1.055014543858910358e-10 -5.620111547195558332e-11 -6.538786562455025734e-11 -3.121046434089397694e-12 -6.351906325730410620e-13 1.328729179093022414e-12 1.715536061505929406e-11 2.237347879062303637e-11 0.000000000000000000e+00
0.000000000000000000e+00 0.000000000000000000e+00 0.000000000000000000e+00 0.000000000000000000e+00 0.000000000000000000e+00 0.000000000000000000e+00 -3.767639103553165128e-10 -2.228689865502430230e-10 -1.052599082749713716e-10 8.098342815358716337e-11 1.326213292063829730e-10 -3.181449757485226466e-11 -8.278688522591986051e-12 1.119810681736720626e-11 5.237998359035089613e-13 1.899147779886134996e-13 4.380651073209660191e-12 1.607007226468159688e-11 2.249116626439580309e-11 0.000000000000000000e+00
0.000000000000000000e+00 0.000000000000000000e+00 0.000000000000000000e+00 0.000000000000000000e+00 0.000000000000000000e+00 0.000000000000000000e+00 7.859600455000025323e-09 -2.166350595879450087e-09 -1.456534691135992716e-09 5.434867867038782218e-10 -7.708462156057264475e-10 -1.979391908293889534e-10 -9.666699655447807190e-11 -1.365099872326105564e-10 -6.961067994614254901e-12 -2.500003860473188646e-12 -1.166391358191295010e-11 1.911301436209951580e-11 2.294044287455343716e-11 0.000000000000000000e+00
0.000000000000000000e+00 0.000000000000000000e+00 0.000000000000000000e+00 0.000000000000000000e+00 0.000000000000000000e+00 0.000000000000000000e+00 -3.181117943895707284e-10 7.377937464080742749e-11 5.120697895533298990e-13 9.120598718140707161e-11 4.157057094830011152e-11 -5.128670340232122542e-11 -1.715471353345497466e-11 1.853359715910324228e-12 3.322462041827395401e-13 2.544665064781661678e-13 -1.299986989211599590e-14 -5.694383540217843507e-13 1.794841036682683410e-09 0.000000000000000000e+00
0.000000000000000000e+00 0.000000000000000000e+00 0.000000000000000000e+00 0.000000000000000000e+00 0.000000000000000000e+00 0.000000000000000000e+00 -1.149946222762144103e-09 2.987004953390871773e-10 1.336396441506614018e-10 4.410457539583557823e-11 1.185841025526144439e-10 -3.244864131637019765e-11 -7.647740089917834729e-12 1.840616194566778403e-11 1.705960149545690858e-12 1.097221498901618350e-12 -3.702834293999515154e-13 -5.709752083177962694e-12 2.093276348301683336e-09 0.000000000000000000e+00
0.000000000000000000e+00 0.000000000000000000e+00 0.000000000000000000e+00 0.000000000000000000e+00 0.000000000000000000e+00 0.000000000000000000e+00 -2.696819387233988238e-10 -1.220595538896856724e-10 -1.554443606186782279e-10 7.110011232903977379e-11 7.833674452394474844e-11 -3.615794083394388208e-12 -1.422845250975500624e-11 -3.099790075705996335e-12 2.417320007927668540e-13 -3.773595283417617605e-13 3.815009368475302812e-15 -4.762404310636898302e-13 7.545669158652838120e-04 0.000000000000000000e+00
0.000000000000000000e+00 0.000000000000000000e+00 0.000000000000000000e+00 0.000000000000000000e+00 0.000000000000000000e+00 0.000000000000000000e+00 2.502543147088882193e-08 -6.569940161451393488e-09 -1.018777222762598469e-08 -4.283955999904876636e-10 -8.325899660632624733e-10 -6.427169126188851662e-10 -4.990658700318039788e-10 -3.253614672093065269e-10 -1.301383958315024891e-10 -1.830193053833958272e-11 2.181143785655655158e-11 1.987945734344932792e-10 7.493534751089022295e-10 0.000000000000000000e+00
0.000000000000000000e+00 0.000000000000000000e+00 0.000000000000000000e+00 0.000000000000000000e+00 0.000000000000000000e+00 0.000000000000000000e+00 -1.877515732133452810e-09 1.368151476740205337e-09 -2.029279091299221492e-10 -4.619640759743430037e-10 4.174212129053226006e-10 -3.478802628634791600e-10 -3.906627883784677442e-11 5.315938627586972468e-11 2.981773361219326632e-11 -1.649284386974497291e-12 2.270659630145588441e-11 1.878715958313195558e-10 7.514090381504625703e-10 0.000000000000000000e+00
0.000000000000000000e+00 0.000000000000000000e+00 0.000000000000000000e+00 0.000000000000000000e+00 0.000000000000000000e+00 0.000000000000000000e+00 4.919981606266417713e-08 -1.383142884389815014e-08 -1.950284189180292160e-08 -4.164013090910398900e-10 -2.183350432772024472e-09 -1.088851415374748608e-09 -9.137495897585630469e-10 -6.731499255471277322e-10 -2.542612721899591005e-10 -4.314592163572750636e-11 -1.282498473983570955e-10 2.275859699032772276e-10 7.661691139599304354e-10 0.000000000000000000e+00
0.000000000000000000e+00 0.000000000000000000e+00 0.000000000000000000e+00 0.000000000000000000e+00 0.000000000000000000e+00 0.000000000000000000e+00 -3.746269642446519092e-10 2.490994823511525902e-09 7.564490858925508523e-11 -3.117196014657209924e-10 3.938809220187865934e-11 -2.553210144576057053e-10 -8.292081354058944646e-11 -7.847419415769366912e-12 5.776906640503952789e-13 -3.330057773529155718e-12 1.314574261842826368e-12 -3.616100509888211995e-11 -3.789179116770376228e-10 0.000000000000000000e+00
0.000000000000000000e+00 0.000000000000000000e+00 0.000000000000000000e+00 0.000000000000000000e+00 0.000000000000000000e+00 0.000000000000000000e+00 -5.518166141559306956e-09 4.038462967832889703e-09 1.997991103485567858e-09 -2.891324307394520418e-10 2.583890245224357245e-10 -1.770837360163495437e-10 1.167219617822627954e-11 7.449302017301647469e-11 4.453132760257063588e-11 8.763907050604711717e-12 -4.631407109456902998e-12 -1.093109871167022367e-10 -1.484446184481495731e-09 0.000000000000000000e+00
0.000000000000000000e+00 0.000000000000000000e+00 0.000000000000000000e+00 0.000000000000000000e+00 0.000000000000000000e+00 0.000000000000000000e+00 -1.319372668984663579e-09 1.022567456272960292e-09 -6.282615366371441565e-10 -3.189666204745342583e-10 2.818838589751384129e-10 -2.931319691319977527e-10 -1.032188713055440080e-10 3.283046712148822603e-12 -1.522758242911829459e-11 -6.527894675935035027e-12 -4.017822809134431447e-12 -1.241185353965934454e-10 2.020234391097784979e-02 0.000000000000000000e+00
0.000000000000000000e+00 0.000000000000000000e+00 0.000000000000000000e+00 0.000000000000000000e+00 0.000000000000000000e+00 0.000000000000000000e+00 -7.436981675694512798e-11 -4.106559590078681489e-10 5.535964387190384236e-11 -5.878517915294026726e-11 5.951812825251823057e-12 -9.041366683794440136e-11 1.450085263960391436e-11 -4.205178428025796994e-11 -1.548506609899039188e-11 -7.497721086997300275e-12 -6.446112726886856576e-12 -7.999175614807365855e-10 4.008663523620677446e-07 0.000000000000000000e+00
0.000000000000000000e+00 0.000000000000000000e+00 0.000000000000000000e+00 0.000000000000000000e+00 0.000000000000000000e+00 0.000000000000000000e+00 3.756942260492592974e-10 -4.295640765192741728e-10 7.225159559529984294e-11 -1.684345721813847427e-10 -4.232346655922557932e-11 -7.166168784194339466e-11 -8.839828997620180512e-12 -3.486834673377787212e-11 -8.230161050772802718e-12 -5.283147670683970716e-12 -5.537887387404738856e-07 -8.269253985398428320e-10 4.005642547726716677e-07 0.000000000000000000e+00
0.000000000000000000e+00 0.000000000000000000e+00 0.000000000000000000e+00 0.000000000000000000e+00 0.000000000000000000e+00 0.000000000000000000e+00 1.491131935329652294e-10 -8.223841977835279852e-10 3.963781360514920211e-11 -1.214877033747331972e-10 -6.992109642215260983e-11 -1.962398748429315829e-10 2.185669554348552597e-11 -2.857665150110285942e-12 -2.652583959352812613e-11 -1.313798106154247052e-11 -6.863233480045973665e-07 -7.499570789884694525e-10 4.005012225798420739e-07 0.000000000000000000e+00
0.000000000000000000e+00 0.000000000000000000e+00 0.000000000000000000e+00 0.000000000000000000e+00 0.000000000000000000e+00 0.000000000000000000e+00 -1.449708824234961009e-10 -1.631328539152383012e-10 3.909617617738101328e-11 -9.088287612129574220e-11 -6.589175382228588147e-12 -3.223656071106369429e-11 4.843198108660244079e-12 -3.278932937233341733e-11 -1.499117858882008851e-11 -4.142448518593911399e-12 1.178611378382034512e-12 -2.499948806285825573e-09 1.490856751611231523e+01 0.000000000000000000e+00
0.000000000000000000e+00 0.000000000000000000e+00 0.000000000000000000e+00 0.000000000000000000e+00 0.000000000000000000e+00 0.000000000000000000e+00 -1.756164477149034404e-10 -1.320585333709967155e-10 7.362436015476434546e-12 -8.903167704495205162e-11 -9.968362056289298270e-12 -2.890103106199442331e-11 2.564136266427541881e-12 -2.694096651472752274e-11 -1.394721526567275515e-11 -2.293062171236872230e-12 2.259019893304542177e-12 -3.042505759491598463e-09 2.215974998323680367e+01 0.000000000000000000e+00
0.000000000000000000e+00 0.000000000000000000e+00 0.000000000000000000e+00 0.000000000000000000e+00 0.000000000000000000e+00 0.000000000000000000e+00 -2.671976146994800022e-10 -2.909553688165711529e-10 -1.325527552657150128e-11 -9.059124120076819220e-11 -2.138701539819535611e-11 -7.256945364510002844e-11 -1.135492654246445287e-11 -3.504847603718104821e-11 -3.666251895013468440e-12 -1.599989244211986450e-11 -2.174976253112437119e-11 1.035481256849108009e-09 7.417555799627897263e+09 0.000000000000000000e+00
0.000000000000000000e+00 0.000000000000000000e+00 0.000000000000000000e+00 0.000000000000000000e+00 0.000000000000000000e+00 0.000000000000000000e+00 6.506225521256305452e-09 2.347933074963061428e-08 6.149840864424565975e-09 2.480888954885570418e-09 1.097700278177174810e-09 1.247497537045649877e-09 8.534880382888946732e-10 5.852649899235004776e-10 1.986700537478975696e-10 3.228574288884512751e-11 4.897928699974300905e-11 2.026188651368679339e-08 -4.948132984413148271e-07 0.000000000000000000e+00
0.000000000000000000e+00 0.000000000000000000e+00 0.000000000000000000e+00 0.000000000000000000e+00 0.000000000000000000e+00 0.000000000000000000e+00 -2.086574642145595411e-09 5.354238645922966858e-10 -1.651897482579453755e-09 2.429060117925224645e-10 6.204470769623658151e-10 2.740229914944247500e-11 2.465898563600101919e-10 1.776432673221426709e-10 5.058691146173290005e-11 8.157869661148821533e-12 7.990740690716443077e-08 2.004793321772791698e-08 -5.065020659110062908e-07 0.000000000000000000e+00
0.000000000000000000e+00 0.000000000000000000e+00 0.000000000000000000e+00 0.000000000000000000e+00 0.000000000000000000e+00 0.000000000000000000e+00 3.604565820308026596e-08 7.643040872400346424e-08 2.736116180149570261e-08 7.433562586410270523e-09 6.360712113281423567e-09 6.210434825557364135e-09 3.319885308691129156e-09 2.110273941501954198e-09 6.802221368829785944e-10 1.379597873081343368e-10 3.065241187052734903e-08 2.458287027220017272e-08 -5.166531313765578004e-07 0.000000000000000000e+00
0.000000000000000000e+00 0.000000000000000000e+00 0.000000000000000000e+00 0.000000000000000000e+00 0.000000000000000000e+00 0.000000000000000000e+00 5.878557080240042680e-11 -3.519857290087939646e-10 -4.492486504371397851e-10 4.860793524481634872e-10 8.117193438088041278e-11 3.854542829835645624e-11 8.184880315041281095e-11 1.636819344113487395e-10 8.193259241028447118e-11 2.096406884628274009e-11 1.248248277794045373e-11 2.384946114509763926e-08 6.806444103688386349e+01 0.000000000000000000e+00
0.000000000000000000e+00 0.000000000000000000e+00 0.000000000000000000e+00 0.000000000000000000e+00 0.000000000000000000e+00 0.000000000000000000e+00 1.222057969662807341e-09 -2.797120978848370382e-10 5.363077493258807724e-11 4.291197625640432074e-10 2.833936620813931739e-10 9.068197245610461572e-11 1.579165300620495669e-10 2.148254299270487524e-10 1.249028159268884267e-10 4.077906789742561545e-11 3.225052341791758846e-11 3.283717926313809633e-08 1.013702230802093709e+02 0.000000000000000000e+00
0.000000000000000000e+00 0.000000000000000000e+00 0.000000000000000000e+00 0.000000000000000000e+00 0.000000000000000000e+00 0.000000000000000000e+00 -2.030627110635248030e-09 9.192713803499886126e-10 -1.088578782037480599e-09 -1.082347877310630023e-10 4.534795157728046335e-10 3.556347338616162991e-11 2.220720180351876982e-10 1.883273066598592870e-10 8.388761516736617429e-11 1.406213204587152455e-11 2.359775360093135059e-11 5.210884430529142337e-08 5.783303738813635254e+10 0.000000000000000000e+00
0.000000000000000000e+00 0.000000000000000000e+00 0.000000000000000000e+00 0.000000000000000000e+00 0.000000000000000000e+00 0.000000000000000000e+00 1.149396013273264269e-08 6.557200075811433662e-09 -1.685765816576942797e-08 -6.179186357529009635e-09 -2.535521086047759203e-09 -1.382325138541440268e-09 -1.218893099514929369e-09 -5.497494696403186110e-10 -1.535000693034406297e-10 -4.341556375605710454e-11 3.053649834218799810e-11 3.257613225771066414e-10 1.165227880916078523e-09 0.000000000000000000e+00
0.000000000000000000e+00 0.000000000000000000e+00 0.000000000000000000e+00 0.000000000000000000e+00 0.000000000000000000e+00 0.000000000000000000e+00 -1.336716636639972495e-08 -5.127113167823708847e-09 4.396147507332707968e-09 -2.947379943129126187e-09 1.557937367627321095e-09 1.652789749400809555e-09 9.358486548855782615e-11 9.974441652548619359e-11 1.532615692911953155e-11 -6.224161537216743233e-12 4.710017473575636662e-11 3.037236459317761177e-10 1.170576941677695081e-09 0.000000000000000000e+00
0.000000000000000000e+00 0.000000000000000000e+00 0.000000000000000000e+00 0.000000000000000000e+00 0.000000000000000000e+00 0.000000000000000000e+00 3.387114418933197307e-08 1.732805888547467731e-08 -3.673488392641397347e-08 -9.462573177789622886e-09 -7.120445278874858404e-09 -4.827414497527863793e-09 -2.504657990367776343e-09 -1.075286782534448147e-09 -2.828195516478033607e-10 -9.317102084563655709e-11 -1.596642157284988746e-10 3.684275378431156341e-10 1.179075361586397828e-09 0.000000000000000000e+00
0.000000000000000000e+00 0.000000000000000000e+00 0.000000000000000000e+00 0.000000000000000000e+00 0.000000000000000000e+00 0.000000000000000000e+00 -1.002920039918820431e-08 -2.495804120635808816e-09 4.575822240096942750e-09 -2.723138188229124770e-09 1.173928984499308222e-09 1.192908378298233664e-09 -6.208979749828662947e-11 -4.176774126495196955e-11 -3.704195711635591269e-12 -1.006062045009894972e-11 -7.794374354844513438e-13 -3.003569027339429519e-11 -4.340744938243670484e-07 0.000000000000000000e+00
0.000000000000000000e+00 0.000000000000000000e+00 0.000000000000000000e+00 0.000000000000000000e+00 0.000000000000000000e+00 0.000000000000000000e+00 -1.392706238735361904e-08 -5.006615475769651886e-09 8.588985488944359238e-09 -1.982933373381245320e-09 1.971710059269049306e-09 1.701908089160117760e-09 2.218724523840610688e-10 9.042478297320278416e-11 4.488273836793744078e-11 1.444154036411384158e-11 -1.037993430032639852e-11 -1.317506009232172587e-10 -5.316641745157886277e-07 0.000000000000000000e+00
0.000000000000000000e+00 0.000000000000000000e+00 0.000000000000000000e+00 0.000000000000000000e+00 0.000000000000000000e+00 0.000000000000000000e+00 -8.033656874311337796e-09 -6.901819642299148621e-09 3.030683131091898475e-09 -2.462029203560493667e-09 1.354814397227870187e-09 8.735899900845814265e-10 7.480701236744534300e-11 -4.924247647674781810e-11 -6.064841080801436446e-11 -1.733898255233262424e-11 -7.866599093452633523e-12 2.748701356359619976e-12 5.574563733571926555e-03 0.000000000000000000e+00
0.000000000000000000e+00 0.000000000000000000e+00 0.000000000000000000e+00 0.000000000000000000e+00 0.000000000000000000e+00 0.000000000000000000e+00 7.287866527920364823e-08 -5.299901645520065632e-08 -7.108562808819968058e-08 -2.697087090556210867e-08 -9.881186806472406317e-09 -7.111441568160775246e-09 -5.750947466357132956e-09 -1.639926714947526856e-09 -9.810904292105808265e-10 -2.330414791491480426e-10 2.016941287950007360e-10 2.420196920250709249e-09 -4.244067759095574011e-10 0.000000000000000000e+00
0.000000000000000000e+00 0.000000000000000000e+00 0.000000000000000000e+00 0.000000000000000000e+00 0.000000000000000000e+00 0.000000000000000000e+00 -8.163600551091524773e-08 -6.204725575972980225e-08 1.675667920515540589e-08 -1.237088748261758949e-08 -1.231886263357261884e-09 5.307976419597828801e-09 1.123418734536644320e-09 6.495408145912973219e-10 1.741749595694579050e-11 -3.601415725259247544e-11 1.356704423421868269e-09 2.251097447494973911e-09 -3.906824894999839162e-10 0.000000000000000000e+00
0.000000000000000000e+00 0.000000000000000000e+00 0.000000000000000000e+00 0.000000000000000000e+00 0.000000000000000000e+00 0.000000000000000000e+00 2.114110327350886990e-07 -4.454452952930526879e-08 -1.543113974029518061e-07 -4.261584764218026246e-08 -2.101622247263963888e-08 -2.086710930167271565e-08 -1.232273543385882578e-08 -3.738393873254408556e-09 -1.791218467991492306e-09 -5.340712793332524238e-10 2.324820945516796456e-10 2.756412801647976280e-09 -3.315013007086061780e-10 0.000000000000000000e+00
0.000000000000000000e+00 0.000000000000000000e+00 0.000000000000000000e+00 0.000000000000000000e+00 0.000000000000000000e+00 0.000000000000000000e+00 -5.097377247459634932e-08 -4.316334151243350609e-08 1.898035674953324741e-08 -4.132895984827633623e-09 -1.850064381061334960e-09 3.346778647800488991e-09 2.188016564156196221e-10 1.365815932165717466e-10 -5.280432980372173086e-11 -2.860054948987344558e-11 5.769808238442353619e-12 -1.018843979403656252e-09 7.794343338444018420e-06 0.000000000000000000e+00
0.000000000000000000e+00 0.000000000000000000e+00 0.000000000000000000e+00 0.000000000000000000e+00 0.000000000000000000e+00 0.000000000000000000e+00 -7.437110467071992059e-08 -4.264043573403080423e-08 3.594500059778935530e-08 -1.003448739786433681e-10 2.063697400804736996e-10 5.526780020245475258e-09 1.648636825942839309e-09 6.635512895082986217e-10 2.561612518283529365e-10 1.097448412106383604e-10 -7.881135951265067739e-11 -1.881151116406408425e-09 9.440378460832918485e-06 0.000000000000000000e+00
0.000000000000000000e+00 0.000000000000000000e+00 0.000000000000000000e+00 0.000000000000000000e+00 0.000000000000000000e+00 0.000000000000000000e+00 -4.542236348566820560e-08 -5.174147897285716377e-08 1.304203698544365324e-08 -7.787536469416594441e-09 5.583885548530460357e-10 2.848681387984495771e-09 6.408624686630596561e-10 5.164603740874542539e-10 -4.667154009195504231e-10 -9.660265980326662525e-11 -6.428597370189354959e-11 6.487669030252893944e-10 -2.656948389019008205e-01 0.000000000000000000e+00
0.000000000000000000e+00 0.000000000000000000e+00 0.000000000000000000e+00 0.000000000000000000e+00 0.000000000000000000e+00 0.000000000000000000e+00 2.535524446498989614e-09 -1.098857882591839480e-09 1.224859184134385511e-09 1.764403067894250610e-10 3.458755334633357320e-10 -6.353215139917935587e-10 -1.812240353755326553e-11 -1.358196120610318266e-10 -1.447430603182264805e-10 -8.694047888506521618e-11 -2.385181522030226281e-10 -8.436933311630923685e-09 -1.549025928102572666e-06 0.000000000000000000e+00
0.000000000000000000e+00 0.000000000000000000e+00 0.000000000000000000e+00 0.000000000000000000e+00 0.000000000000000000e+00 0.000000000000000000e+00 -3.679700555023774941e-09 -1.723934457175681006e-09 1.270129817841528659e-10 7.362158488803767649e-12 -5.395561295127564700e-10 2.158973268279476867e-10 -3.850260554310380961e-10 -2.549335764165127435e-11 -3.556523757036108574e-12 -8.747494373923535121e-11 -7.015396378350676706e-06 -1.021217829072978322e-08 -1.556803359142934136e-06 0.000000000000000000e+00
0.000000000000000000e+00 0.000000000000000000e+00 0.000000000000000000e+00 0.000000000000000000e+00 0.000000000000000000e+00 0.000000000000000000e+00 1.395032067827006838e-08 1.475370930839377650e-09 1.274674410571551925e-09 -1.654953450096894305e-09 -2.099404248717200622e-10 -1.565793390173240192e-09 5.733478233603356233e-10 9.783645802786133547e-11 -3.973968961181989498e-10 -1.025436455372519139e-10 5.274268387197761273e-05 -9.897766962466614058e-09 -1.560299337815399595e-06 0.000000000000000000e+00
0.000000000000000000e+00 0.000000000000000000e+00 0.000000000000000000e+00 0.000000000000000000e+00 0.000000000000000000e+00 0.000000000000000000e+00 -1.717916130689916737e-09 -1.928605315249554536e-09 2.130674939905675073e-09 1.085375196480875630e-09 -3.533432056591542257e-10 2.869232197916798365e-10 -1.429658096752057455e-11 -9.805904814536253148e-11 -4.034586187593891924e-11 -8.323924842623831832e-11 -2.249636636338304717e-10 -2.168434024474648419e-08 1.719103988929254569e+02 0.000000000000000000e+00
0.000000000000000000e+00 0.000000000000000000e+00 0.000000000000000000e+00 0.000000000000000000e+00 0.000000000000000000e+00 0.000000000000000000e+00 -1.463736053128750837e-09 -2.330578749956388190e-09 1.975357504675054961e-09 1.041800531886383468e-09 -3.934841422185386827e-10 4.278091430081869912e-10 -5.516629219091044875e-11 -1.052559683759900029e-10 2.256217635332912591e-11 -9.972637049611581468e-11 -2.136955449884631857e-10 -2.631945302365379981e-08 2.555998171731993125e+02 0.000000000000000000e+00
0.000000000000000000e+00 0.000000000000000000e+00 0.000000000000000000e+00 0.000000000000000000e+00 0.000000000000000000e+00 0.000000000000000000e+00 3.304679864264396476e-09 -3.374869468543357964e-09 -2.966800258387656502e-10 -9.549563195598821398e-10 -4.380929500793813112e-11 2.148610734241217250e-10 -1.720677212950301241e-10 -3.772180753704484406e-11 1.969586289883457112e-10 -9.470131210409991878e-11 -1.612373458257286159e-10 -6.257954001605292290e-08 5.317490612235256195e+10 0.000000000000000000e+00
0.000000000000000000e+00 0.000000000000000000e+00 0.000000000000000000e+00 0.000000000000000000e+00 0.000000000000000000e+00 0.000000000000000000e+00 3.915903829846277161e-09 5.384083497007466265e-09 2.583492633809133706e-09 1.520378185680151075e-09 1.952255416675783946e-09 2.045091962703558832e-09 1.862189858630192374e-09 1.452396784655031892e-09 7.179148610589251808e-10 2.012935413633165231e-10 3.024289735245180743e-10 3.357741740182484071e-08 2.573695372883666452e-07 0.000000000000000000e+00
0.000000000000000000e+00 0.000000000000000000e+00 0.000000000000000000e+00 0.000000000000000000e+00 0.000000000000000000e+00 0.000000000000000000e+00 1.497997919826346599e-10 1.870286301680973404e-10 2.256396420862988703e-10 2.922383864204380201e-10 2.720194611456869531e-10 3.997664727430779401e-10 2.896807341988888562e-10 2.169973417411034324e-10 1.791365602479374295e-10 2.137485129718523618e-10 1.004344254085799228e-06 3.460759501156867131e-08 2.571935146635451007e-07 0.000000000000000000e+00
0.000000000000000000e+00 0.000000000000000000e+00 0.000000000000000000e+00 0.000000000000000000e+00 0.000000000000000000e+00 0.000000000000000000e+00 1.245401206300463407e-08 1.940441693794636644e-08 1.023542630065511768e-08 6.527614663791852217e-09 8.901628099283160126e-09 1.008148936175313377e-08 7.380632741303702597e-09 5.446994620307757024e-09 2.500262936303466404e-09 8.854989590890683968e-10 2.639861061361448453e-06 4.069116933364887972e-08 2.593181587650480034e-07 0.000000000000000000e+00
0.000000000000000000e+00 0.000000000000000000e+00 0.000000000000000000e+00 0.000000000000000000e+00 0.000000000000000000e+00 0.000000000000000000e+00 3.872314495174106946e-10 4.022536326437442741e-10 2.430281728746107785e-10 2.330728924706222818e-10 3.523163695544224542e-10 3.660649393137528780e-10 3.585844310139819854e-10 3.454990392185972791e-10 2.321537620527206226e-10 1.120760042335289416e-10 1.307918397232470262e-10 7.362308893784764275e-09 4.020459869282651866e+00 0.000000000000000000e+00
0.000000000000000000e+00 0.000000000000000000e+00 0.000000000000000000e+00 0.000000000000000000e+00 0.000000000000000000e+00 0.000000000000000000e+00 4.976766002613458365e-11 5.958743929391032500e-11 1.332368985760413435e-10 1.531262879905908414e-10 2.111690980602068730e-10 2.600106580618339940e-10 2.660701984875797152e-10 2.510983438371683765e-10 1.730582215669942550e-10 8.581891818287149006e-11 8.774919829806594830e-11 6.075678292950193717e-09 5.971713678001883352e+00 0.000000000000000000e+00
0.000000000000000000e+00 0.000000000000000000e+00 0.000000000000000000e+00 0.000000000000000000e+00 0.000000000000000000e+00 0.000000000000000000e+00 8.957200788205328882e-11 8.264436941552141778e-11 9.697598362969984779e-11 1.268722092131406875e-10 1.524918465713424129e-10 2.561031058048850468e-10 2.697192208125492503e-10 2.184854902833223950e-10 1.305290351705753497e-10 5.908693533945775394e-11 4.669359660817619985e-11 4.066228660944439002e-09 9.453970585540809631e+08 0.000000000000000000e+00
0.000000000000000000e+00 0.000000000000000000e+00 0.000000000000000000e+00 0.000000000000000000e+00 0.000000000000000000e+00 0.000000000000000000e+00 -4.376738245186574168e-09 1.329898503934984062e-09 -1.233174143197866133e-08 -2.634939257792976674e-09 -3.522692932142609116e-09 -2.235488058733398446e-09 -1.400223657555924603e-09 -8.193971105013458276e-10 -3.619232617576018155e-10 -9.800190490415547941e-11 5.605400922325557921e-11 4.173325850923215063e-10 5.973010084456361703e-10 0.000000000000000000e+00
0.000000000000000000e+00 0.000000000000000000e+00 0.000000000000000000e+00 0.000000000000000000e+00 0.000000000000000000e+00 0.000000000000000000e+00 -2.719691302808322997e-09 -7.626990625749918570e-10 1.057554806724620224e-09 -5.254311456475261313e-10 -2.846708321734657454e-10 -2.279807365070798189e-10 1.098090122576054896e-10 -7.752731366698304676e-11 -5.832246153859306904e-11 -5.114514853741317228e-11 2.520585823784763621e-10 3.939066874051972086e-10 5.962052780420837732e-10 0.000000000000000000e+00
0.000000000000000000e+00 0.000000000000000000e+00 0.000000000000000000e+00 0.000000000000000000e+00 0.000000000000000000e+00 0.000000000000000000e+00 -5.932393166115330592e-09 3.162573212282754412e-09 -2.493586993896013634e-08 -4.824643800235442041e-09 -7.323135195448575707e-09 -4.751714703660667300e-09 -2.906909972831674896e-09 -1.546682916914811590e-09 -6.634330848553574862e-10 -2.203838376128574995e-10 6.488818035064724266e-11 4.566353611453165989e-10 6.013432068908831006e-10 0.000000000000000000e+00
0.000000000000000000e+00 0.000000000000000000e+00 0.000000000000000000e+00 0.000000000000000000e+00 0.000000000000000000e+00 0.000000000000000000e+00 -2.507384738946405683e-09 8.870103114042188674e-10 -2.083453774404382231e-09 -1.044677688394959629e-09 -1.047932580550946371e-09 -6.633152441502030853e-10 -3.074442334392781233e-10 -3.161001104808171340e-10 -1.409270658892119501e-10 -5.013640422406870643e-11 1.476673130999514441e-11 1.029860236281274268e-10 -3.331777849785441078e-08 0.000000000000000000e+00
0.000000000000000000e+00 0.000000000000000000e+00 0.000000000000000000e+00 0.000000000000000000e+00 0.000000000000000000e+00 0.000000000000000000e+00 -2.003969458914166764e-09 5.289481419609676150e-10 5.033171300179484857e-10 -6.211211223562515271e-10 -4.420930280212766219e-10 -2.725477073652972851e-10 -8.986923955546350312e-12 -1.526462505961775577e-10 -4.819773659096516926e-11 -7.510124481110777459e-12 -1.957076543350624085e-13 -2.766979092355989098e-12 -4.073339455150206476e-08 0.000000000000000000e+00
0.000000000000000000e+00 0.000000000000000000e+00 0.000000000000000000e+00 0.000000000000000000e+00 0.000000000000000000e+00 0.000000000000000000e+00 -1.680631772635179719e-09 -7.667590439604809173e-10 1.285988426817755800e-09 -4.082508150411417125e-10 -4.595558136163067294e-10 -3.164540375378598735e-10 3.512880768071399233e-11 -6.962710734014210923e-11 -3.125762461958988184e-11 3.622082942337751202e-12 3.139824220708685088e-13 -2.779669266343657232e-11 -5.094555987316803577e-03 0.000000000000000000e+00
0.000000000000000000e+00 0.000000000000000000e+00 0.000000000000000000e+00 0.000000000000000000e+00 0.000000000000000000e+00 0.000000000000000000e+00 -2.719573701497168091e-08 -4.385704810792142302e-08 -5.586463829202756689e-08 -1.495076591823447778e-08 -1.230465873646996347e-08 -3.283355433912502500e-09 -1.650204681741531495e-09 -4.459127850014979852e-10 1.371985616364929843e-10 -3.431338414758534258e-13 3.450258594817768758e-11 -1.594055985726767841e-10 -1.699940329963289979e-09 0.000000000000000000e+00
0.000000000000000000e+00 0.000000000000000000e+00 0.000000000000000000e+00 0.000000000000000000e+00 0.000000000000000000e+00 0.000000000000000000e+00 -1.678359787926885784e-08 -1.862269120406434026e-08 -5.825528027525394233e-10 -1.336255337604577816e-09 -4.291015988249875723e-09 -1.411884273938089938e-09 -3.332349298932737825e-10 -6.748478694499440207e-11 7.755164323070580540e-12 2.321324381395204077e-11 -5.405789198819322260e-10 -1.966725715398259733e-10 -1.747267282667989161e-09 0.000000000000000000e+00
0.000000000000000000e+00 0.000000000000000000e+00 0.000000000000000000e+00 0.000000000000000000e+00 0.000000000000000000e+00 0.000000000000000000e+00 -3.694720852793023830e-08 -6.763348080396825863e-08 -1.079908813424029136e-07 -2.913506465296705129e-08 -2.265644133722943522e-08 -5.702787171547538623e-09 -2.882128276869531294e-09 -5.813499956385824422e-10 3.493213240334693856e-10 -5.241758297037585216e-13 -1.133828234083313790e-09 -1.592516859012524678e-10 -1.760270567562617425e-09 0.000000000000000000e+00
0.000000000000000000e+00 0.000000000000000000e+00 0.000000000000000000e+00 0.000000000000000000e+00 0.000000000000000000e+00 0.000000000000000000e+00 -1.317875064417653683e-08 -1.525355484300897388e-08 -1.104989309013082409e-08 -3.721110417256344887e-09 -4.317998503614630091e-09 -1.487975254905101210e-09 -2.763860556764441282e-10 -3.734166512603412558e-11 2.457239463250718823e-11 4.967553399821613852e-12 4.002200940951868829e-11 -2.865891864356286445e-10 -2.107112909441502627e-06 0.000000000000000000e+00
0.000000000000000000e+00 0.000000000000000000e+00 0.000000000000000000e+00 0.000000000000000000e+00 0.000000000000000000e+00 0.000000000000000000e+00 -1.017519110505404856e-08 -9.368080573350964530e-09 1.017921314889782748e-11 -9.768530297585257615e-10 -2.496128088501408996e-09 -1.082928994223543211e-09 1.021879969325228048e-11 5.379025674389295502e-11 -2.708916186181670754e-11 8.707229495067418571e-12 3.484156781731285113e-11 -2.945625824492669352e-10 -2.548898231842277177e-06 0.000000000000000000e+00
0.000000000000000000e+00 0.000000000000000000e+00 0.000000000000000000e+00 0.000000000000000000e+00 0.000000000000000000e+00 0.000000000000000000e+00 -1.167321995187699474e-08 -1.382918264351970043e-08 2.169466629150273790e-09 -7.465942369817325825e-10 -3.257020226311303842e-09 -1.355911541193994434e-09 -4.491613051726631481e-10 -1.720648119959657211e-10 2.111865948919797088e-12 2.080139449520879445e-11 -4.305231990786126202e-12 2.180200797914357997e-10 8.910992917197581298e-03 0.000000000000000000e+00
0.000000000000000000e+00 0.000000000000000000e+00 0.000000000000000000e+00 0.000000000000000000e+00 0.000000000000000000e+00 0.000000000000000000e+00 3.903637781168754311e-10 -7.864932637805179255e-10 -1.726576605822090785e-10 5.804954862509501226e-11 -1.704903953969209361e-10 -1.391587465031729850e-10 -6.637743094737679012e-11 -2.220722622862463832e-10 -1.015109013625312809e-10 -7.168771582299591164e-11 -2.455601588869741682e-10 -8.316577508796842753e-09 1.478030767563898192e-06 0.000000000000000000e+00
0.000000000000000000e+00 0.000000000000000000e+00 0.000000000000000000e+00 0.000000000000000000e+00 0.000000000000000000e+00 0.000000000000000000e+00 -5.929069247400257618e-09 9.801210705352461707e-10 -1.265507716592848934e-09 3.803005086142888834e-11 -2.641461649155457802e-10 -9.342190072429448927e-11 -1.615227711881099753e-10 -2.297846696239925428e-10 -3.430955452697545224e-11 -1.050058955136138938e-11 -3.414394868049826601e-06 -9.110346990344381873e-09 1.477361465609222210e-06 0.000000000000000000e+00
0.000000000000000000e+00 0.000000000000000000e+00 0.000000000000000000e+00 0.000000000000000000e+00 0.000000000000000000e+00 0.000000000000000000e+00 -1.568818261943019207e-11 -3.412816993099283462e-09 -1.243869930923416734e-10 6.858560128368957929e-10 -4.626735792133926890e-10 -5.612280624141186319e-10 -6.236757629647476321e-11 -1.692595168665538126e-10 -1.921009492014504156e-10 -4.054352478729518640e-11 3.997776675530141595e-05 -9.238792591864588620e-09 1.479642867709878994e-06 0.000000000000000000e+00
0.000000000000000000e+00 0.000000000000000000e+00 0.000000000000000000e+00 0.000000000000000000e+00 0.000000000000000000e+00 0.000000000000000000e+00 -3.613766338067140560e-10 1.935653926517771311e-10 -2.884965922272785065e-10 2.180702193059803189e-10 -9.183964700331553319e-11 -1.365149958569545362e-10 -1.123748895527333623e-10 -2.452871474918254893e-10 -9.979641974837099384e-11 -8.259473890259811098e-11 -1.612109027647571388e-10 -1.371228229506444948e-08 4.447866501377001214e+01 0.000000000000000000e+00
0.000000000000000000e+00 0.000000000000000000e+00 0.000000000000000000e+00 0.000000000000000000e+00 0.000000000000000000e+00 0.000000000000000000e+00 -9.752082304460486257e-10 2.982103244224250635e-10 -3.336980779430041383e-10 2.563995532447004027e-10 -9.739744913048524897e-11 -1.507547485438993483e-10 -1.377856957449803659e-10 -2.644446800790292821e-10 -9.913787984416564508e-11 -9.358253422933635856e-11 -1.230775873222581020e-10 -1.598359067005193878e-08 6.648549016254564492e+01 0.000000000000000000e+00
0.000000000000000000e+00 0.000000000000000000e+00 0.000000000000000000e+00 0.000000000000000000e+00 0.000000000000000000e+00 0.000000000000000000e+00 -2.709912571787080157e-09 2.632430408389563145e-10 -3.854775608988409072e-10 3.668145080130717695e-10 -3.975243796371610073e-11 -1.180602863659172518e-10 -1.755116457887701282e-10 -2.993858009768920753e-10 -8.581836843515201823e-11 -1.005287438916344150e-10 -1.297438896885196272e-10 4.894324325655187681e-09 1.381277925753334999e+10 0.000000000000000000e+00
0.000000000000000000e+00 0.000000000000000000e+00 0.000000000000000000e+00 0.000000000000000000e+00 0.000000000000000000e+00 0.000000000000000000e+00 1.297622193580629846e-10 3.808490600504431108e-10 1.791574142465223616e-10 4.092995420538922436e-11 2.337976431662729380e-11 1.917456678627922532e-11 9.209934218032334312e-12 6.119084985865194917e-12 2.196710743023722560e-12 6.982580288471232909e-13 7.312117217781317741e-13 1.600091186785079966e-10 5.185250371004406056e-08 0.000000000000000000e+00
0.000000000000000000e+00 0.000000000000000000e+00 0.000000000000000000e+00 0.000000000000000000e+00 0.000000000000000000e+00 0.000000000000000000e+00 4.533203072835105918e-11 4.283947014623032823e-11 1.074173660470150789e-11 -2.666766035109813243e-12 -7.218545045687720607e-12 1.173650043148270631e-11 5.439376745608995662e-12 1.929899988677274385e-12 6.640248128504812149e-13 3.687162215851903335e-13 3.402524148737646731e-09 1.768043896457358761e-10 5.189693465952418200e-08 0.000000000000000000e+00
0.000000000000000000e+00 0.000000000000000000e+00 0.000000000000000000e+00 0.000000000000000000e+00 0.000000000000000000e+00 0.000000000000000000e+00 3.449189343637963613e-10 1.215839332535548589e-09 7.030396602865939071e-10 1.368356290550086930e-10 1.171561014953838419e-10 5.970097085877391233e-11 3.112901602633453626e-11 1.648215149580792182e-11 6.206015688658944439e-12 1.748239827790134864e-12 1.633088392477027434e-08 1.999740138614076840e-10 5.192509843767851533e-08 0.000000000000000000e+00
0.000000000000000000e+00 0.000000000000000000e+00 0.000000000000000000e+00 0.000000000000000000e+00 0.000000000000000000e+00 0.000000000000000000e+00 -3.047383027590770892e-13 3.669082240551701149e-11 1.029115172459772770e-11 -5.384263406536979639e-12 -1.884070105599293534e-14 4.751229129732514391e-12 5.412332742934573582e-12 1.904251117997032724e-12 1.070211902960281126e-12 5.718807490625913220e-13 4.363133392313064844e-13 4.561353748207530763e-10 1.815481218058865309e-01 0.000000000000000000e+00
0.000000000000000000e+00 0.000000000000000000e+00 0.000000000000000000e+00 0.000000000000000000e+00 0.000000000000000000e+00 0.000000000000000000e+00 2.920733315190339622e-12 1.001880080620734481e-11 6.887395306186232203e-12 -8.513826615995834851e-12 -5.494024872944685224e-15 4.347781765850942676e-12 6.054134829075699149e-12 1.662286018183948859e-12 1.133694426440931985e-12 6.536117819171967908e-13 5.098622526273781586e-13 6.176089434894925714e-10 2.696865824688803315e-01 0.000000000000000000e+00
0.000000000000000000e+00 0.000000000000000000e+00 0.000000000000000000e+00 0.000000000000000000e+00 0.000000000000000000e+00 0.000000000000000000e+00 2.360964750630637960e-11 2.270436961478424300e-11 -4.125456745832482133e-13 8.149392431660606583e-12 -3.996254871384370569e-12 1.004574229430463659e-11 5.209361355826707390e-12 3.276372146825230859e-12 2.005419011349628842e-12 8.359809558784078758e-13 4.841882100073816544e-13 4.264923169182387850e-10 7.565418467706222534e+08 0.000000000000000000e+00
0.000000000000000000e+00 0.000000000000000000e+00 0.000000000000000000e+00 0.000000000000000000e+00 0.000000000000000000e+00 0.000000000000000000e+00 1.444044267167382967e-09 3.076371134096018962e-09 -3.030550207098697863e-09 -1.946207948603535555e-10 -1.640540763878866435e-10 -3.260589505825474113e-10 -1.020646839380139771e-10 -5.548480766904552987e-11 -2.114999681020231392e-11 -6.659997741514289137e-12 3.232033837706689843e-12 3.321970737889027497e-11 2.936191059107434676e-11 0.000000000000000000e+00
0.000000000000000000e+00 0.000000000000000000e+00 0.000000000000000000e+00 0.000000000000000000e+00 0.000000000000000000e+00 0.000000000000000000e+00 -1.008121316445412605e-10 1.672570866088990692e-09 2.531537831508932718e-10 -2.837881746529224367e-11 4.775912514924793036e-11 -9.306904550443256663e-11 -3.309847564684068509e-11 -4.788075866108554385e-12 -3.660713347617857943e-12 -2.870627694357047514e-12 1.002165278910859104e-12 3.201184066728782500e-11 2.952560057203736666e-11 0.000000000000000000e+00
0.000000000000000000e+00 0.000000000000000000e+00 0.000000000000000000e+00 0.000000000000000000e+00 0.000000000000000000e+00 0.000000000000000000e+00 2.811264831108914481e-09 4.353532389581476860e-09 -6.119678741046205504e-09 -3.803300833342054173e-10 -3.640379677165263226e-10 -5.912489857793355837e-10 -1.682077977029302988e-10 -9.931065699762274949e-11 -3.355366202410776271e-11 -1.370357052719811680e-11 -1.814989640342759249e-11 3.671142605803139641e-11 2.976176301737981341e-11 0.000000000000000000e+00
0.000000000000000000e+00 0.000000000000000000e+00 0.000000000000000000e+00 0.000000000000000000e+00 0.000000000000000000e+00 0.000000000000000000e+00 7.076802350027890390e-10 1.706571048811826762e-09 -2.068804365877332352e-10 6.720469898814902700e-13 2.714174089879549531e-11 -7.382436283942859291e-11 -4.251172294989507551e-11 -1.661813968133421261e-11 -8.039097079682151120e-12 -3.087972308134549006e-12 1.112961571589160766e-12 6.478930009344766958e-12 2.786259851756213842e-08 0.000000000000000000e+00
0.000000000000000000e+00 0.000000000000000000e+00 0.000000000000000000e+00 0.000000000000000000e+00 0.000000000000000000e+00 0.000000000000000000e+00 4.752012108839671675e-10 1.380042829012445936e-09 4.179561180301267630e-10 3.703757126199189017e-11 5.280987313272257114e-11 -2.626088653849443590e-11 -2.748261147204685960e-11 -4.146664291241941812e-12 -3.081550960575834594e-12 -2.972231480564400149e-13 2.933854916295416835e-13 -2.850688835982908326e-12 3.386809628455529903e-08 0.000000000000000000e+00
0.000000000000000000e+00 0.000000000000000000e+00 0.000000000000000000e+00 0.000000000000000000e+00 0.000000000000000000e+00 0.000000000000000000e+00 1.780465770396431510e-10 1.364621510715126895e-09 1.793184945576031528e-10 -2.050422802572968057e-11 -6.361992316251652059e-11 -1.233055401434270138e-10 -3.064445538045269162e-11 3.671230807543940759e-13 -5.775304444374625345e-12 -2.064657546068860902e-12 -4.417813374173634011e-13 -1.119631024184355823e-11 -6.534939525988835087e-05 0.000000000000000000e+00
0.000000000000000000e+00 0.000000000000000000e+00 0.000000000000000000e+00 0.000000000000000000e+00 0.000000000000000000e+00 0.000000000000000000e+00 8.118814104960895030e-09 5.277857773253800970e-09 -1.217405758120365451e-08 -9.581608337753152888e-10 -1.180268203416293095e-09 -7.445019576247705247e-10 -1.887880128648904755e-10 -1.065087757134944080e-10 -3.991414564452725173e-11 -2.822963571401929815e-11 6.807452408605317240e-12 6.740500598975857575e-11 6.504397697349143739e-11 0.000000000000000000e+00
0.000000000000000000e+00 0.000000000000000000e+00 0.000000000000000000e+00 0.000000000000000000e+00 0.000000000000000000e+00 0.000000000000000000e+00 4.445531406163633850e-09 1.024301653229328474e-08 1.932106653245561035e-09 -6.202479830887788484e-10 -6.540435909545121581e-10 -2.101167182548823669e-10 7.300910227614885823e-11 -6.093419541592851458e-11 -2.182610803131123162e-11 -2.384641677319649811e-11 1.452463699231809781e-10 8.267893949780262460e-11 7.764275434205743581e-11 0.000000000000000000e+00
0.000000000000000000e+00 0.000000000000000000e+00 0.000000000000000000e+00 0.000000000000000000e+00 0.000000000000000000e+00 0.000000000000000000e+00 1.130480942993240705e-08 8.348614978314531858e-10 -2.545788189762671870e-08 -1.455394865832448446e-09 -1.776396187075557096e-09 -1.296608938052251425e-09 -4.912287953776615891e-10 -1.184269818692174729e-10 -3.974768913258224258e-11 -2.993646184524456462e-11 7.386013045944121342e-11 9.127359856114118896e-11 8.347392954101204819e-11 0.000000000000000000e+00
0.000000000000000000e+00 0.000000000000000000e+00 0.000000000000000000e+00 0.000000000000000000e+00 0.000000000000000000e+00 0.000000000000000000e+00 5.822935507465294655e-09 5.639611841448870593e-09 -7.392171954163730167e-10 -6.406228032953067901e-10 -3.420441854272494569e-10 -2.289802539755473505e-10 2.646627463170727227e-11 -4.937641378099151171e-11 -1.167937459931312624e-11 -3.003360405674763204e-11 1.904033160790029987e-12 6.491713542377084553e-11 -1.822636712740403892e-06 0.000000000000000000e+00
0.000000000000000000e+00 0.000000000000000000e+00 0.000000000000000000e+00 0.000000000000000000e+00 0.000000000000000000e+00 0.000000000000000000e+00 5.071447214786919514e-09 6.020792057706580048e-09 1.974524891054477426e-09 -4.918118276936795882e-10 -1.970556136672888070e-10 -1.345795343547356735e-10 8.207679581172808439e-11 -3.507825705898091673e-11 -3.409111664180965453e-12 -2.891229562883766871e-11 -5.902049096345481686e-13 4.133806143459580328e-11 -2.204144666129305324e-06 0.000000000000000000e+00
0.000000000000000000e+00 0.000000000000000000e+00 0.000000000000000000e+00 0.000000000000000000e+00 0.000000000000000000e+00 0.000000000000000000e+00 4.008633227475994594e-09 7.526084596666306153e-09 1.960811985232005577e-09 -1.032454191801626039e-10 -5.219999627983777420e-10 -3.483429111430017850e-10 7.677363008112001162e-11 -5.636494774230087546e-11 -5.500053219482904293e-11 -2.224282784860607588e-11 -1.098343633559803612e-11 -2.284976508092602485e-10 -5.094106623164125491e-03 0.000000000000000000e+00
0.000000000000000000e+00 0.000000000000000000e+00 0.000000000000000000e+00 0.000000000000000000e+00 0.000000000000000000e+00 0.000000000000000000e+00 2.807743188320247647e-10 7.426341465338446357e-10 -2.092367262985856826e-10 2.467078874502915300e-10 1.001575992570084380e-10 -4.490489155979810562e-11 1.234096491266631828e-10 -5.638961270536339186e-11 -1.465230003534200140e-11 -4.152944940625505373e-13 -9.851846836487272904e-12 -4.803171872593189637e-10 3.953590343505543304e-07 0.000000000000000000e+00
0.000000000000000000e+00 0.000000000000000000e+00 0.000000000000000000e+00 0.000000000000000000e+00 0.000000000000000000e+00 0.000000000000000000e+00 -2.288194208829912826e-10 8.280119241749857850e-10 -7.953839315577982586e-10 2.590900437836751898e-10 1.355017475095943658e-10 5.204251930145871915e-11 6.699393260532910601e-11 -4.271857147165715538e-11 3.826497359487666698e-12 1.292297955111479559e-11 2.850485894291247234e-07 -6.268970754069073844e-10 3.959394319497664875e-07 0.000000000000000000e+00
0.000000000000000000e+00 0.000000000000000000e+00 0.000000000000000000e+00 0.000000000000000000e+00 0.000000000000000000e+00 0.000000000000000000e+00 1.964388965048020231e-09 5.428668540484069342e-10 -6.503202026990882406e-11 5.109416530185608340e-10 -7.641972457788625253e-11 -5.014465907636109620e-11 1.978489676809400421e-10 -5.700386382403398269e-11 1.671441069519999981e-11 4.225929386274966513e-12 -1.096974880927931346e-06 -6.050562022929762002e-10 3.970109149656075672e-07 0.000000000000000000e+00
0.000000000000000000e+00 0.000000000000000000e+00 0.000000000000000000e+00 0.000000000000000000e+00 0.000000000000000000e+00 0.000000000000000000e+00 -1.617699802859173978e-10 2.031596142926735318e-10 -3.328449796588823639e-10 5.118269619488851195e-11 1.014020518603991987e-10 -5.799559503936143158e-11 1.167150068444332587e-10 -4.839608856546285675e-11 -9.530853552487020248e-12 6.861686829554825818e-13 -6.489570933837990568e-12 -3.009316516138725360e-09 -2.491845075816236488e+01 0.000000000000000000e+00
0.000000000000000000e+00 0.000000000000000000e+00 0.000000000000000000e+00 0.000000000000000000e+00 0.000000000000000000e+00 0.000000000000000000e+00 -2.004272255502135247e-10 1.097930316526085012e-10 -3.844766023527216939e-10 1.998295706763334619e-11 8.555450186175474428e-11 -2.505997012545184738e-11 1.084250280994929026e-10 -4.490815123904118869e-11 -7.369468960981239352e-12 2.008464010513654602e-12 -7.099988228754985287e-12 -4.066504141356324954e-09 -3.631087657070217034e+01 0.000000000000000000e+00
0.000000000000000000e+00 0.000000000000000000e+00 0.000000000000000000e+00 0.000000000000000000e+00 0.000000000000000000e+00 0.000000000000000000e+00 -1.657544831984968571e-10 4.757028047829671489e-10 -4.403153045891699520e-10 1.302776336993348973e-10 8.733509529725500259e-11 1.055069763934356550e-10 5.772584564674312655e-11 -4.320617727596116733e-11 -2.446676173742845134e-11 -1.508043375884485118e-12 -2.495777861356029561e-11 -2.893984443169479310e-09 2.454475006884605026e+10 0.000000000000000000e+00
0.000000000000000000e+00 0.000000000000000000e+00 0.000000000000000000e+00 0.000000000000000000e+00 0.000000000000000000e+00 0.000000000000000000e+00 3.773913492776970416e-07 2.900629704779723989e-07 2.386547486944204810e-07 1.208322253662925972e-07 1.253703351996483271e-07 7.573990837878431863e-08 5.205007078794309707e-08 2.398590145339517907e-08 9.326325998107817688e-09 3.108504233369249523e-09 2.924245467242550820e-09 1.411667874947029003e-07 7.580851014445428465e-06 0.000000000000000000e+00
0.000000000000000000e+00 0.000000000000000000e+00 0.000000000000000000e+00 0.000000000000000000e+00 0.000000000000000000e+00 0.000000000000000000e+00 5.546875142763131398e-07 5.043437421626960206e-07 3.136940094042503743e-07 1.945088101920510993e-07 2.006515786664212701e-07 1.089052031683488074e-07 5.763638787879247576e-08 2.289901525076566932e-08 7.755453272261118079e-09 3.157949926839250376e-09 5.202701054431171937e-06 1.826280804672444287e-07 7.602910640793517548e-06 0.000000000000000000e+00
0.000000000000000000e+00 0.000000000000000000e+00 0.000000000000000000e+00 0.000000000000000000e+00 0.000000000000000000e+00 0.000000000000000000e+00 6.213439521802969645e-07 3.102516582215060454e-07 2.597953306643187660e-07 1.128236327769640858e-07 1.244649771711516286e-07 7.437000519107881597e-08 3.905095145545877198e-08 1.618583962569879960e-08 5.984301051080564261e-09 2.900405869368464066e-09 2.363517294564558045e-05 1.412963901026439641e-07 7.292649177366850231e-06 0.000000000000000000e+00
0.000000000000000000e+00 0.000000000000000000e+00 0.000000000000000000e+00 0.000000000000000000e+00 0.000000000000000000e+00 0.000000000000000000e+00 2.260974614378715059e-07 2.022411782718653902e-07 1.389269252305310841e-07 8.302676677332076970e-08 8.906348277766240104e-08 5.860810862542583398e-08 4.416657184326596006e-08 2.222719317094928436e-08 9.249429711812056724e-09 3.122946495479947619e-09 3.063924312261214705e-09 3.991484262713527538e-07 -1.569683800777481153e+00 0.000000000000000000e+00
0.000000000000000000e+00 0.000000000000000000e+00 0.000000000000000000e+00 0.000000000000000000e+00 0.000000000000000000e+00 0.000000000000000000e+00 2.270651630210288480e-07 2.021149905555962240e-07 1.284896667958225137e-07 8.014078299776202950e-08 8.598439041426100693e-08 5.771113476983056217e-08 4.412085814440655384e-08 2.233323706900526122e-08 9.367246158386509921e-09 3.159550138482334213e-09 3.221603604622201749e-09 4.794375661825650564e-07 -2.312467002470691924e+00 0.000000000000000000e+00
0.000000000000000000e+00 0.000000000000000000e+00 0.000000000000000000e+00 0.000000000000000000e+00 0.000000000000000000e+00 0.000000000000000000e+00 2.829516651432592983e-07 2.559091867016541201e-07 1.595727026991516089e-07 1.010400716755398936e-07 1.104086900812612638e-07 7.577528617420697042e-08 5.590108474573579971e-08 2.642864747380629995e-08 1.044660404794303957e-08 3.419309418809529680e-09 3.784913800729671201e-09 3.619788651502886075e-07 -5.939300310802459717e+06 0.000000000000000000e+00
0.000000000000000000e+00 0.000000000000000000e+00 0.000000000000000000e+00 0.000000000000000000e+00 0.000000000000000000e+00 0.000000000000000000e+00 1.549368830546058107e-07 -8.762698983244123729e-08 -4.391749988981055196e-08 2.416028178574440219e-08 -1.414788489656322013e-08 5.550990952619811664e-09 -3.895952276010638726e-11 -3.364457661524295966e-10 -6.862873405041017581e-11 -1.625063776474992383e-12 8.813154750894596014e-12 -1.861978969639603627e-11 -7.224557979830419927e-11 0.000000000000000000e+00
0.000000000000000000e+00 0.000000000000000000e+00 0.000000000000000000e+00 0.000000000000000000e+00 0.000000000000000000e+00 0.000000000000000000e+00 2.507546778392815542e-07 -5.052018342914156038e-08 -5.300119594966575089e-08 4.375180898771212177e-08 -1.887915984337729292e-08 6.137156404072976147e-09 1.902890847205601181e-10 -3.553519406419622344e-10 -7.040018655422787841e-11 3.011009087449559743e-12 -2.507053413767717459e-10 -2.234639903512562170e-11 -7.278469051830741619e-11 0.000000000000000000e+00
0.000000000000000000e+00 0.000000000000000000e+00 0.000000000000000000e+00 0.000000000000000000e+00 0.000000000000000000e+00 0.000000000000000000e+00 7.187104939040424963e-08 -1.227160525600139820e-07 -3.723123487158762455e-08 8.478452295943638757e-09 -1.225629172616862402e-08 5.487201063228461943e-09 -2.344075535070102211e-10 -2.062768012913882962e-10 -5.798685536801191651e-11 1.247101596881758627e-12 1.220834484418655020e-09 -1.994678668801439141e-11 -7.280082831016659249e-11 0.000000000000000000e+00
0.000000000000000000e+00 0.000000000000000000e+00 0.000000000000000000e+00 0.000000000000000000e+00 0.000000000000000000e+00 0.000000000000000000e+00 1.536460485152847513e-07 -4.519630577525465182e-08 -3.362680766978208690e-08 2.668133924972247985e-08 -1.244399250402171215e-08 4.807525335702849829e-09 5.489074348721747785e-11 -3.686712652936274864e-10 -7.403181359645188816e-11 -4.706640845886296631e-13 8.815487371861452322e-12 -2.973484172936759718e-11 1.735162040545015762e-08 0.000000000000000000e+00
0.000000000000000000e+00 0.000000000000000000e+00 0.000000000000000000e+00 0.000000000000000000e+00 0.000000000000000000e+00 0.000000000000000000e+00 1.574044878809607106e-07 -3.523618773636786974e-08 -3.191954127477098302e-08 2.802429614491557318e-08 -1.230763508536658394e-08 4.722601548342290229e-09 8.402909271161611279e-11 -3.798384789772327434e-10 -7.547692217276379345e-11 5.118794825593953445e-13 9.305679734375343650e-12 -3.140554920961925179e-11 2.102291852922178092e-08 0.000000000000000000e+00
0.000000000000000000e+00 0.000000000000000000e+00 0.000000000000000000e+00 0.000000000000000000e+00 0.000000000000000000e+00 0.000000000000000000e+00 1.778877145380463719e-07 -3.558259176924165352e-08 -3.567122567731953122e-08 3.193329110587830670e-08 -1.387261935728414732e-08 5.346342965846343327e-09 1.035402272057389150e-10 -3.869834919687616960e-10 -7.398764960304891812e-11 -5.510875061345055146e-12 1.008289700159484872e-11 -7.028893808647953710e-12 6.071533588787495807e-03 0.000000000000000000e+00
0.000000000000000000e+00 0.000000000000000000e+00 0.000000000000000000e+00 0.000000000000000000e+00 0.000000000000000000e+00 0.000000000000000000e+00 9.960814936103687381e-07 -6.164060797443274126e-07 -1.728549013896617644e-07 -7.716701301851954448e-09 1.014386275189041521e-08 2.911190813865268265e-08 -1.506847895455149156e-09 -2.303971855651593276e-09 -5.537395720051139704e-10 -2.992661400788399919e-10 1.506970271731242009e-10 -4.879408687843319661e-10 2.279145607040609591e-09 0.000000000000000000e+00
0.000000000000000000e+00 0.000000000000000000e+00 0.000000000000000000e+00 0.000000000000000000e+00 0.000000000000000000e+00 0.000000000000000000e+00 1.433329932059772206e-06 -6.001831186304788624e-07 -1.455143918431233914e-07 1.644057251585217776e-08 6.180686345906716756e-09 3.290968312366745525e-08 -1.996929864093322128e-09 -2.203230850680505270e-09 -4.689736628943142206e-10 -2.276754818353736601e-10 -7.352127792868213002e-09 -5.322646225431779444e-10 2.204119334377119422e-09 0.000000000000000000e+00
0.000000000000000000e+00 0.000000000000000000e+00 0.000000000000000000e+00 0.000000000000000000e+00 0.000000000000000000e+00 0.000000000000000000e+00 6.203153527147417659e-07 -6.447752642738646046e-07 -2.036298163251772440e-07 -3.099248856729526787e-08 1.615335362833312239e-08 2.894020472074485644e-08 -7.911169919484535934e-10 -1.616343564019285652e-09 -4.303853955506794764e-10 -2.444455849101051103e-10 2.657432169933762213e-09 -4.570946436535938078e-10 2.211435666293325001e-09 0.000000000000000000e+00
0.000000000000000000e+00 0.000000000000000000e+00 0.000000000000000000e+00 0.000000000000000000e+00 0.000000000000000000e+00 0.000000000000000000e+00 9.191694969620620491e-07 -4.220285790666994058e-07 -9.747401605706389000e-08 7.310717264280992977e-09 5.052121940054804522e-09 2.484809603414797384e-08 -1.284514238445281169e-09 -2.260630024166686553e-09 -5.394980404575309717e-10 -2.938619986065967562e-10 1.388744450085568552e-10 -9.777971405679545673e-10 5.079001253234986167e-08 0.000000000000000000e+00
0.000000000000000000e+00 0.000000000000000000e+00 0.000000000000000000e+00 0.000000000000000000e+00 0.000000000000000000e+00 0.000000000000000000e+00 9.213825245632101066e-07 -3.841234956242472946e-07 -8.176829947181574222e-08 1.128371232603324456e-08 3.787589366470364112e-09 2.430240236836205952e-08 -1.348270656195776698e-09 -2.286622247002621718e-09 -5.329787657890575468e-10 -2.860710322888934511e-10 1.298641640393788161e-10 -1.071140228635383885e-09 6.112848491199480104e-08 0.000000000000000000e+00
0.000000000000000000e+00 0.000000000000000000e+00 0.000000000000000000e+00 0.000000000000000000e+00 0.000000000000000000e+00 0.000000000000000000e+00 1.023717570814941659e-06 -4.249910041994586153e-07 -9.295954983116572896e-08 1.318724439264880061e-08 3.748140511728249796e-09 2.747478860134148012e-08 -2.095794418898471806e-09 -2.597949720240310549e-09 -5.557475405923509338e-10 -2.960327386867819821e-10 1.154826663825120184e-10 -4.945831724445693660e-10 -2.487522211836902530e-02 0.000000000000000000e+00
0.000000000000000000e+00 0.000000000000000000e+00 0.000000000000000000e+00 0.000000000000000000e+00 0.000000000000000000e+00 0.000000000000000000e+00 -3.197106242695536808e-10 -2.613403243964533523e-10 -5.101909967204969619e-10 -2.102024323145671614e-10 -3.830139145347806169e-11 -1.833742598753384398e-10 1.312268594090196923e-10 2.812438866062493406e-10 1.067827110063352984e-10 5.662086257661900592e-12 -7.071292742443694184e-11 -1.061332052001961674e-09 -5.472247052953630036e-10 0.000000000000000000e+00
0.000000000000000000e+00 0.000000000000000000e+00 0.000000000000000000e+00 0.000000000000000000e+00 0.000000000000000000e+00 0.000000000000000000e+00 5.433557284547308457e-10 -9.856751006125141549e-10 3.824573496892453807e-10 8.365642705460512361e-10 -5.432554387186664164e-10 -3.720665915971013502e-10 5.844558904909721829e-10 2.760245137397653622e-10 3.043853724423205240e-10 2.699970811166524349e-11 -5.045631274531556128e-07 1.837937011958983443e-10 3.954352230826823587e-09 0.000000000000000000e+00
0.000000000000000000e+00 0.000000000000000000e+00 0.000000000000000000e+00 0.000000000000000000e+00 0.000000000000000000e+00 0.000000000000000000e+00 4.760860041691373432e-10 -1.092487956938159974e-09 1.439285872126166339e-09 -2.746742803223462186e-10 -9.476314995065621835e-10 -1.225684619934603261e-09 6.358078726622768960e-10 2.086172553006524659e-10 1.789130691362435101e-10 3.125099971261729350e-12 3.373845323827682030e-06 3.132835542394746804e-10 1.152448154710673891e-08 0.000000000000000000e+00
0.000000000000000000e+00 0.000000000000000000e+00 0.000000000000000000e+00 0.000000000000000000e+00 0.000000000000000000e+00 0.000000000000000000e+00 -3.083810325941810499e-10 -4.394957801309072397e-11 -6.458276495553002659e-10 -1.418259914220916314e-11 1.180113462420240546e-10 -5.611905654572855787e-11 1.433164067263130282e-10 2.738122824560317752e-10 1.723547381136778673e-10 1.782389670809031322e-12 -7.529371392139356050e-11 -2.218674185301467299e-09 1.142909894696407136e+01 0.000000000000000000e+00
0.000000000000000000e+00 0.000000000000000000e+00 0.000000000000000000e+00 0.000000000000000000e+00 0.000000000000000000e+00 0.000000000000000000e+00 -2.297839169465531073e-10 1.375255546348927805e-11 -5.477543110978261106e-10 1.286785182347872804e-10 1.756598344024222422e-10 -5.780238079915786671e-11 1.830460868083602694e-10 2.607247003349984331e-10 2.136413599438331778e-10 7.267811180881144476e-12 -8.054520004209231710e-11 -3.489949063012313734e-09 1.692769182519689863e+01 0.000000000000000000e+00
0.000000000000000000e+00 0.000000000000000000e+00 0.000000000000000000e+00 0.000000000000000000e+00 0.000000000000000000e+00 0.000000000000000000e+00 6.062880405665232194e-10 4.747024306647864791e-11 -4.723332261538320711e-11 5.204705727097305889e-10 -7.157867576992177877e-11 -4.446645101570035056e-10 3.464678815776645841e-10 1.434894939055725435e-10 8.941893687462521698e-11 1.142780419020703062e-10 -7.258861121341192372e-11 -1.989874549862325546e-08 5.656975549017922211e+10 0.000000000000000000e+00
0.000000000000000000e+00 0.000000000000000000e+00 0.000000000000000000e+00 0.000000000000000000e+00 0.000000000000000000e+00 0.000000000000000000e+00 1.382566531382385907e-12 7.148977835876138699e-13 5.784363858590415260e-13 3.215607835133004432e-13 2.204727743789627573e-13 1.022828720908582675e-13 7.714559229831694289e-14 4.019433992567246989e-14 1.742642515180250884e-14 9.128604644370245260e-15 1.060512596503317432e-14 4.208643090331667532e-13 3.277131171920360357e-11 0.000000000000000000e+00
0.000000000000000000e+00 0.000000000000000000e+00 0.000000000000000000e+00 0.000000000000000000e+00 0.000000000000000000e+00 0.000000000000000000e+00 7.946327646517218417e-13 4.031039485087670586e-13 2.678117717665042967e-13 2.615197868722356078e-13 2.188806749126606863e-13 1.652104677203969499e-13 8.999477508077280155e-14 3.745407337110323558e-14 1.348890943895501984e-14 9.859508014987425073e-15 6.764128137678720037e-11 5.239641624159967398e-13 3.270891584749010336e-11 0.000000000000000000e+00
0.000000000000000000e+00 0.000000000000000000e+00 0.000000000000000000e+00 0.000000000000000000e+00 0.000000000000000000e+00 0.000000000000000000e+00 2.816726244347168571e-12 1.983069363811116800e-12 1.635381191568260372e-12 1.051796743864593151e-12 6.563826341905002342e-13 3.064863402660780802e-13 9.410615264998864601e-14 4.089060816043968028e-14 1.493614710713276047e-14 1.006579979328223766e-14 2.330289238877975459e-10 4.664385820538546328e-13 3.127900294427997053e-11 0.000000000000000000e+00
0.000000000000000000e+00 0.000000000000000000e+00 0.000000000000000000e+00 0.000000000000000000e+00 0.000000000000000000e+00 0.000000000000000000e+00 4.445233161328575978e-13 1.658474530942666497e-13 1.530783717810828747e-13 9.902043014689423292e-14 1.010323024991216492e-13 6.511794437426617913e-14 5.754656311991511095e-14 3.530905113477986788e-14 1.687403921332659656e-14 9.226410271599833508e-15 1.064267985650643130e-14 1.182092952000425594e-12 -2.029583220839614342e-05 0.000000000000000000e+00
0.000000000000000000e+00 0.000000000000000000e+00 0.000000000000000000e+00 0.000000000000000000e+00 0.000000000000000000e+00 0.000000000000000000e+00 3.401144709166530066e-13 1.293499311258641258e-13 1.239427397055051342e-13 9.339652148882504359e-14 9.579125098337356060e-14 7.225570794062549651e-14 5.873745366167753962e-14 3.580562465716613688e-14 1.703805695211323882e-14 9.393523817737879571e-15 1.097093447308699273e-14 1.572636051719416469e-12 -2.980924207862981849e-05 0.000000000000000000e+00
0.000000000000000000e+00 0.000000000000000000e+00 0.000000000000000000e+00 0.000000000000000000e+00 0.000000000000000000e+00 0.000000000000000000e+00 3.975105230523944021e-13 1.913559741874060980e-13 1.383729786342327593e-13 1.330212852266314454e-13 1.217073260911512824e-13 1.136018890427542391e-13 9.054968340758613134e-14 4.590259127209626932e-14 1.909302304682710739e-14 1.005243960481463561e-14 1.311095844227161317e-14 3.750318287556763592e-12 3.524269739210838452e+03 0.000000000000000000e+00
0.000000000000000000e+00 0.000000000000000000e+00 0.000000000000000000e+00 0.000000000000000000e+00 0.000000000000000000e+00 0.000000000000000000e+00 1.608367880229660665e-10 -4.883515153954879638e-11 -3.319136077174040926e-11 6.330584771440412533e-11 -1.557405634838274063e-11 2.807976558482277087e-12 1.506364609849790959e-12 -7.117091495422735624e-14 -1.735953413885333696e-13 1.177447002483482890e-14 1.524105618901542970e-14 -4.414381080862331977e-14 -2.695391958021016822e-13 0.000000000000000000e+00
0.000000000000000000e+00 0.000000000000000000e+00 0.000000000000000000e+00 0.000000000000000000e+00 0.000000000000000000e+00 0.000000000000000000e+00 1.991500669117893804e-10 -1.379571262472039305e-11 3.598904043856445114e-11 3.754772387878254274e-11 -2.784210066524369171e-11 7.074661847365742290e-12 1.086995740732236391e-12 6.291298075506874217e-14 -1.758185504941383292e-13 2.680029986480793967e-14 4.300181254631100688e-13 -5.347631191331448377e-14 -2.748680667646094796e-13 0.000000000000000000e+00
0.000000000000000000e+00 0.000000000000000000e+00 0.000000000000000000e+00 0.000000000000000000e+00 0.000000000000000000e+00 0.000000000000000000e+00 1.287987906887550357e-10 -8.059135120341047313e-11 -9.595195600891031881e-11 9.280299346607790930e-11 -6.795643922204502079e-12 -1.223586219003957653e-12 1.644238340015670226e-12 -5.121612857831580849e-14 -9.547104296905492176e-14 2.762464022819599099e-14 4.295236959685599801e-13 -4.444257828794564761e-14 -2.770736172050076813e-13 0.000000000000000000e+00
0.000000000000000000e+00 0.000000000000000000e+00 0.000000000000000000e+00 0.000000000000000000e+00 0.000000000000000000e+00 0.000000000000000000e+00 1.347297373115030158e-10 -2.474761049732141680e-11 3.082725703771522807e-12 2.968737186723710263e-11 -1.726242229919083276e-11 5.094255846094442274e-12 9.192386840684283834e-13 -8.651026673489831788e-14 -1.878470837497679917e-13 8.073324379690883283e-15 1.671889152459042373e-14 -1.162701162703845089e-13 4.296259936125548128e-11 0.000000000000000000e+00
0.000000000000000000e+00 0.000000000000000000e+00 0.000000000000000000e+00 0.000000000000000000e+00 0.000000000000000000e+00 0.000000000000000000e+00 1.302897481973235796e-10 -1.825391782947494431e-11 1.332535192237275832e-11 2.246204445005034333e-11 -1.799440039944615530e-11 5.656023951503405029e-12 8.718304455215429766e-13 -6.861629720243832453e-14 -1.936662667800830164e-13 7.801356927186305893e-15 1.321047526374300390e-14 -1.225787936796903337e-13 5.333536047561225392e-11 0.000000000000000000e+00
0.000000000000000000e+00 0.000000000000000000e+00 0.000000000000000000e+00 0.000000000000000000e+00 0.000000000000000000e+00 0.000000000000000000e+00 1.388985560470776662e-10 -1.415353997997674334e-11 2.174863556588079013e-11 2.692483981129109098e-11 -1.978308379860983082e-11 5.507863854041291171e-12 1.534958915246979303e-12 6.608507791281452651e-14 -2.201829123573787617e-13 1.182087089294513308e-14 1.047099282281118636e-15 1.910795191308846741e-14 1.839566807457502687e-05 0.000000000000000000e+00
0.000000000000000000e+00 0.000000000000000000e+00 0.000000000000000000e+00 0.000000000000000000e+00 0.000000000000000000e+00 0.000000000000000000e+00 1.045548292238033520e-09 -4.318609108860889171e-10 -2.390379162438484969e-10 5.376729862696572296e-11 -5.286089828176587341e-11 2.613980308565492307e-11 7.395207259265867981e-12 -8.027383615692390823e-14 -4.730188873832998828e-13 4.592388362334520910e-13 5.607770144609567476e-15 -1.562596396753321920e-12 4.811935912861245137e-12 0.000000000000000000e+00
0.000000000000000000e+00 0.000000000000000000e+00 0.000000000000000000e+00 0.000000000000000000e+00 0.000000000000000000e+00 0.000000000000000000e+00 1.462906281024321782e-09 -1.840409412009641879e-10 8.907005490682558273e-11 3.319624615170268529e-11 -3.425791441951742783e-11 2.845273633816097476e-11 1.109036742699318403e-11 1.529081396604366620e-13 -4.382923085850700443e-13 -1.179857499114313478e-13 2.633434933031105568e-11 -1.535571568054004846e-12 4.819907598861696115e-12 0.000000000000000000e+00
0.000000000000000000e+00 0.000000000000000000e+00 0.000000000000000000e+00 0.000000000000000000e+00 0.000000000000000000e+00 0.000000000000000000e+00 6.876952866265933919e-10 -6.563260034309159627e-10 -5.432805885864954177e-10 7.515781539477657527e-11 -8.086376302888217438e-11 3.009986478986118027e-11 9.273727705495379844e-13 -4.069414719377876454e-13 -3.304759461702071853e-13 -8.517613541883359783e-14 -4.167752368162712510e-12 -1.615631540442303787e-12 4.705521796060551279e-12 0.000000000000000000e+00
0.000000000000000000e+00 0.000000000000000000e+00 0.000000000000000000e+00 0.000000000000000000e+00 0.000000000000000000e+00 0.000000000000000000e+00 9.312211071602070643e-10 -2.480971714049945072e-10 -5.614736349006569128e-11 2.015874184028411469e-11 -3.108298255671603646e-11 2.523461540500985971e-11 8.031974481631121162e-12 -5.678869207335750245e-13 -4.493414987439406684e-13 4.546446847580644917e-13 5.231211345339111397e-14 -2.105357898205883043e-12 1.199520780714468083e-08 0.000000000000000000e+00
0.000000000000000000e+00 0.000000000000000000e+00 0.000000000000000000e+00 0.000000000000000000e+00 0.000000000000000000e+00 0.000000000000000000e+00 9.229722713846858163e-10 -2.036309485399593121e-10 -3.000061274705870216e-12 1.367324499018944938e-11 -2.499945009349951081e-11 2.469350827379985875e-11 8.796716799151688591e-12 -4.738840211433289563e-13 -4.399800604544173782e-13 4.510479291402747864e-13 5.534019523131232247e-14 -2.186398676044835436e-12 1.454893201371309609e-08 0.000000000000000000e+00
0.000000000000000000e+00 0.000000000000000000e+00 0.000000000000000000e+00 0.000000000000000000e+00 0.000000000000000000e+00 0.000000000000000000e+00 1.016793985003901842e-09 -1.982985442921352372e-10 4.718506525067571638e-11 2.178797023893909862e-11 -2.081371280218234618e-11 2.273552262371870687e-11 1.248861632362270758e-11 1.154700224132271428e-12 -3.672381323191104843e-13 4.210851563987440347e-13 -1.283458614921087095e-13 -2.155112947196748901e-12 5.821754157249733961e-05 0.000000000000000000e+00
0.000000000000000000e+00 0.000000000000000000e+00 0.000000000000000000e+00 0.000000000000000000e+00 0.000000000000000000e+00 0.000000000000000000e+00 -1.121383559646052833e-13 -4.305835965576431565e-12 -5.086632619764103441e-12 -7.155332123739251519e-14 1.277764641620577251e-12 2.629761990449742251e-13 4.775390504210223703e-13 -1.876751368206503652e-13 -3.109750760310729980e-13 -1.153763602032572243e-14 3.909935140382746668e-14 1.900884248285640619e-12 1.955824878188532980e-09 0.000000000000000000e+00
0.000000000000000000e+00 0.000000000000000000e+00 0.000000000000000000e+00 0.000000000000000000e+00 0.000000000000000000e+00 0.000000000000000000e+00 -1.536359123096777235e-11 4.217985619170739258e-12 -6.024555896167431080e-12 -4.323559267473541558e-12 -3.282953270723087213e-13 2.915298319414276061e-12 8.148094730375432171e-13 -1.934033769716521122e-14 -3.001016729599040294e-13 -1.474489359479330421e-13 -5.225841791078444634e-08 1.012880149819822359e-12 1.984859514060112017e-09 0.000000000000000000e+00
0.000000000000000000e+00 0.000000000000000000e+00 0.000000000000000000e+00 0.000000000000000000e+00 0.000000000000000000e+00 0.000000000000000000e+00 1.304846046825105700e-12 -9.630608716866838683e-12 -8.347463690790617135e-12 -3.347770166874633602e-12 3.875767347451537957e-12 -8.884688943692608263e-13 4.261437237807861827e-13 -7.664940348521464993e-13 -5.611303607993543849e-13 -2.770205871833580493e-13 -4.962156918941164039e-07 4.631338420888400450e-13 2.024180937536422027e-09 0.000000000000000000e+00
0.000000000000000000e+00 0.000000000000000000e+00 0.000000000000000000e+00 0.000000000000000000e+00 0.000000000000000000e+00 0.000000000000000000e+00 -2.332142185493747587e-12 -7.747688631050000103e-14 -1.853085016587154419e-12 -2.724322507890419698e-13 1.813183766666721908e-12 8.109854527821634853e-13 2.001928623029819659e-13 -1.526682358974545288e-13 -3.536180529135045977e-13 -3.292804396129015695e-14 -1.171160064485114502e-15 7.851161857370512976e-12 8.886162247463669228e-02 0.000000000000000000e+00
0.000000000000000000e+00 0.000000000000000000e+00 0.000000000000000000e+00 0.000000000000000000e+00 0.000000000000000000e+00 0.000000000000000000e+00 -3.800328536795162336e-12 1.257187365868825684e-13 -1.267123734288908786e-12 -3.381502870779662743e-13 1.988960221294730645e-12 1.026866063091290143e-12 3.055732133245403177e-14 -2.064515056423020795e-13 -3.226657421234236364e-13 -2.785812239690071807e-14 9.297441229634961363e-15 1.375660931807049748e-11 1.325785777312988023e-01 0.000000000000000000e+00
0.000000000000000000e+00 0.000000000000000000e+00 0.000000000000000000e+00 0.000000000000000000e+00 0.000000000000000000e+00 0.000000000000000000e+00 -1.024131542614436158e-11 -1.205824769458784462e-12 -1.039874927132893395e-12 1.134399434101773994e-12 1.654383216474906272e-12 1.762684013979402036e-12 9.268309169159672346e-14 -1.325811614856124368e-13 -1.499976126133580015e-13 9.327955143516482523e-14 -4.371383350102720256e-14 -7.032101565757750988e-11 6.489571454778614640e+07 0.000000000000000000e+00
0.000000000000000000e+00 0.000000000000000000e+00 0.000000000000000000e+00 0.000000000000000000e+00 0.000000000000000000e+00 0.000000000000000000e+00 6.138386153709333522e-17 2.483229413273650908e-17 1.779879048691696724e-17 1.232338569588690356e-17 1.019549609578910848e-17 6.474465986214121949e-18 4.280006539744346461e-18 1.944980055210644686e-18 7.899573808818626039e-19 3.367204247313240509e-19 3.908105111727914115e-19 1.821100187020598680e-17 4.371144606273997175e-16 0.000000000000000000e+00
0.000000000000000000e+00 0.000000000000000000e+00 0.000000000000000000e+00 0.000000000000000000e+00 0.000000000000000000e+00 0.000000000000000000e+00 2.677188763447128601e-17 3.062560300440314874e-17 2.070789701373528296e-17 9.842149914739974658e-18 1.153253700521366003e-17 7.552536110188958503e-18 4.272662420889181389e-18 1.918987255467994391e-18 7.570171914403669465e-19 4.658335774965029614e-19 -2.953592984008721126e-16 2.293724317606859924e-17 4.310909947651776919e-16 0.000000000000000000e+00
0.000000000000000000e+00 0.000000000000000000e+00 0.000000000000000000e+00 0.000000000000000000e+00 0.000000000000000000e+00 0.000000000000000000e+00 2.185531245434922594e-16 2.650923363451255149e-17 3.060606186514516742e-17 2.403244490413966860e-17 1.969773804719216720e-17 1.518026161119340390e-17 6.453180378094617956e-18 2.482555987127746475e-18 7.725106469987862475e-19 4.255992738502592661e-19 2.202428381209363281e-15 2.025904756499684819e-17 3.957515850029936109e-16 0.000000000000000000e+00
0.000000000000000000e+00 0.000000000000000000e+00 0.000000000000000000e+00 0.000000000000000000e+00 0.000000000000000000e+00 0.000000000000000000e+00 1.370552963393516359e-17 1.448168919415795862e-17 9.057133437690282924e-18 5.340806797251263974e-18 5.596082221127928548e-18 3.988653545084696289e-18 3.296929289183540192e-18 1.802992383632991398e-18 8.216068424890079659e-19 3.486442554009311171e-19 3.973315556467537408e-19 4.201678102101581971e-17 3.446557172728631590e-10 0.000000000000000000e+00
0.000000000000000000e+00 0.000000000000000000e+00 0.000000000000000000e+00 0.000000000000000000e+00 0.000000000000000000e+00 0.000000000000000000e+00 9.381960271818505574e-18 1.302059211281628528e-17 8.230671537293479120e-18 4.414255566305214933e-18 5.089013543456999113e-18 3.875020933734730570e-18 3.258751171690476531e-18 1.837993107568365943e-18 8.626260727210922391e-19 3.691941072634069801e-19 4.128790292016824701e-19 5.317860561191676697e-17 5.116214845513383061e-10 0.000000000000000000e+00
0.000000000000000000e+00 0.000000000000000000e+00 0.000000000000000000e+00 0.000000000000000000e+00 0.000000000000000000e+00 0.000000000000000000e+00 1.153039799236589038e-17 1.461933815710747370e-17 1.026030970699368570e-17 5.212691568582728467e-18 6.328240264847126402e-18 5.172914822017286561e-18 4.114654554437143290e-18 2.211631750402448626e-18 1.027617090633475099e-18 4.411306046707314755e-19 5.188365733139532998e-19 1.201421166141333910e-16 -3.948952719397103017e-03 0.000000000000000000e+00
0.000000000000000000e+00 0.000000000000000000e+00 0.000000000000000000e+00 0.000000000000000000e+00 0.000000000000000000e+00 0.000000000000000000e+00 2.295710928684095486e-12 -5.960582276760342664e-13 -8.988944066430986169e-14 1.422575852382366911e-13 -1.373005914991959836e-13 -9.201135099923224462e-16 3.261542166083258024e-15 -2.097104882221584566e-15 -4.406362869910841118e-16 -7.827368440975291228e-17 -1.263109546787922332e-18 -8.938149002458877009e-17 -1.182772071966138491e-15 0.000000000000000000e+00
0.000000000000000000e+00 0.000000000000000000e+00 0.000000000000000000e+00 0.000000000000000000e+00 0.000000000000000000e+00 0.000000000000000000e+00 1.013082746937435810e-12 -4.464568417965921763e-13 -4.542794703553082690e-13 2.433292183026574406e-13 -1.492068422073775248e-13 2.917639917216547200e-14 -1.701145626795685895e-15 -1.570381601886586885e-15 -8.118774849509944322e-16 -4.770496326947879366e-17 5.717693054243937830e-15 2.392468185341016246e-17 -1.178721520059278829e-15 0.000000000000000000e+00
0.000000000000000000e+00 0.000000000000000000e+00 0.000000000000000000e+00 0.000000000000000000e+00 0.000000000000000000e+00 0.000000000000000000e+00 3.462910499269510783e-12 -7.447173229698471007e-13 2.388162726873262025e-13 6.285584700884616601e-14 -1.434888842470743672e-13 -3.277197208156593341e-14 7.299178580607825880e-15 -3.162325562690591421e-15 5.406535695943187811e-16 3.487869084100376768e-17 4.606083374069792850e-15 -6.986938493528009345e-18 -1.191874975457848431e-15 0.000000000000000000e+00
0.000000000000000000e+00 0.000000000000000000e+00 0.000000000000000000e+00 0.000000000000000000e+00 0.000000000000000000e+00 0.000000000000000000e+00 1.251325140851600234e-12 -3.337482813240065973e-13 -2.033892337547275479e-13 1.389216546286668282e-13 -1.145775822399120349e-13 8.967498268921385149e-15 -1.057058038759586456e-15 -1.786848672834917679e-15 -7.722244273073951183e-16 -1.027462731123445990e-16 3.338307281344658633e-18 -2.701378269861670522e-16 4.416519510347793750e-13 0.000000000000000000e+00
0.000000000000000000e+00 0.000000000000000000e+00 0.000000000000000000e+00 0.000000000000000000e+00 0.000000000000000000e+00 0.000000000000000000e+00 9.722278088130812616e-13 -2.735917326168900000e-13 -2.439034498812353858e-13 1.435949228604732761e-13 -1.105529038336945787e-13 1.345775431800195794e-14 -2.099733232876709987e-15 -1.620946910644560699e-15 -9.406256105095481988e-16 -1.294679797311567511e-16 7.553688075889696159e-18 -3.715740969109110123e-16 5.421428631721743032e-13 0.000000000000000000e+00
0.000000000000000000e+00 0.000000000000000000e+00 0.000000000000000000e+00 0.000000000000000000e+00 0.000000000000000000e+00 0.000000000000000000e+00 8.043892318806391154e-13 -2.830032633633428254e-13 -3.131074547081818989e-13 1.727104171532522454e-13 -1.191073176105454801e-13 2.472612060516664158e-14 -1.471980870681461585e-15 -1.137777538258770172e-15 -1.248587878328824035e-15 -1.570707901073111767e-16 -8.287322431453700022e-18 -9.633018791753918143e-16 3.089410584573027241e-08 0.000000000000000000e+00
0.000000000000000000e+00 0.000000000000000000e+00 0.000000000000000000e+00 0.000000000000000000e+00 0.000000000000000000e+00 0.000000000000000000e+00 1.372289610419527285e-11 -4.520811656214120179e-12 -9.764960883733374245e-13 -1.210267668472969487e-13 2.582731589687497103e-14 1.354133040018685643e-13 -3.777924439514944075e-14 -2.812948973634874735e-14 -8.975318322938573508e-15 5.494706443628107333e-16 8.927139437337764293e-16 -2.433190064169269504e-15 -2.017854303466419785e-14 0.000000000000000000e+00
0.000000000000000000e+00 0.000000000000000000e+00 0.000000000000000000e+00 0.000000000000000000e+00 0.000000000000000000e+00 0.000000000000000000e+00 7.171433581902689645e-12 -4.644718358497759194e-12 -2.407230202181691437e-12 -6.774990834400272044e-14 2.279146256619767098e-13 1.626193406015375761e-13 -2.642959053966404494e-14 -2.318525159047157309e-14 -8.231505547280568017e-15 5.024439084652507185e-16 -2.959466998649651661e-15 -6.191670177708009661e-16 -2.012556544262487964e-14 0.000000000000000000e+00
0.000000000000000000e+00 0.000000000000000000e+00 0.000000000000000000e+00 0.000000000000000000e+00 0.000000000000000000e+00 0.000000000000000000e+00 1.971303299445646998e-11 -4.518400154281741203e-12 2.827275394349748163e-13 -1.786911996854260807e-13 -1.459069693986905948e-13 1.194173402347094033e-13 -5.499439296621848213e-14 -2.807680776176837606e-14 -6.657198609377171080e-15 1.404997667954681458e-15 7.546827759296567065e-14 -8.952605658444808979e-16 -2.038936042993472529e-14 0.000000000000000000e+00
0.000000000000000000e+00 0.000000000000000000e+00 0.000000000000000000e+00 0.000000000000000000e+00 0.000000000000000000e+00 0.000000000000000000e+00 7.744902876091520850e-12 -3.253236028553986053e-12 -1.327149948592607750e-12 -9.592733989839145947e-14 1.013609075009396538e-13 1.275247568286025038e-13 -4.249460742764065838e-14 -2.312110835247861775e-14 -9.534846928693879522e-15 3.514472724182233451e-16 1.007896076878144286e-15 -6.834484973095805410e-15 1.102803712518916640e-10 0.000000000000000000e+00
0.000000000000000000e+00 0.000000000000000000e+00 0.000000000000000000e+00 0.000000000000000000e+00 0.000000000000000000e+00 0.000000000000000000e+00 6.172719152615653230e-12 -2.973649517567661517e-12 -1.471849771913012749e-12 -8.444768662296308701e-14 1.223354152148894572e-13 1.280832226504060557e-13 -4.013887049346021499e-14 -2.201528328324308376e-14 -9.714683949958672758e-15 1.630299067405889245e-16 9.584581762267707396e-16 -8.753376454697651017e-15 1.337436619731463593e-10 0.000000000000000000e+00
0.000000000000000000e+00 0.000000000000000000e+00 0.000000000000000000e+00 0.000000000000000000e+00 0.000000000000000000e+00 0.000000000000000000e+00 5.339174990150196421e-12 -3.075413981222003688e-12 -1.786669448159252713e-12 -5.508812976676883450e-14 1.362604910280257775e-13 1.414942127452827747e-13 -1.723416749202279892e-14 -2.521958576556238528e-14 -9.051599019955580010e-15 -3.859638813019269224e-16 5.084394681410416163e-16 -2.199376494946357000e-14 2.719125534029869898e-07 0.000000000000000000e+00
0.000000000000000000e+00 0.000000000000000000e+00 0.000000000000000000e+00 0.000000000000000000e+00 0.000000000000000000e+00 0.000000000000000000e+00 -4.475300471645595128e-14 4.762672688543825138e-15 -5.278093197176739354e-15 -2.022102796599154285e-14 -6.104997997283120610e-16 9.951820291928009982e-16 3.960277760526890593e-15 4.936867422013315580e-15 2.556442656187116641e-15 9.928961788900461999e-16 7.693775123110210186e-16 -1.008660612836173660e-15 2.054416432284361451e-11 0.000000000000000000e+00
0.000000000000000000e+00 0.000000000000000000e+00 0.000000000000000000e+00 0.000000000000000000e+00 0.000000000000000000e+00 0.000000000000000000e+00 -2.550484976748778520e-14 -2.724876340111326894e-15 -6.394103560731711381e-14 -2.601228866400317795e-14 8.446676034130863965e-15 6.361197361749112676e-15 9.785823868811279129e-15 5.484124684897441381e-15 8.188402082849783997e-16 -1.986926208800473506e-15 -1.379028067715003853e-10 1.030962580218145503e-15 2.065417359138051618e-11 0.000000000000000000e+00
0.000000000000000000e+00 0.000000000000000000e+00 0.000000000000000000e+00 0.000000000000000000e+00 0.000000000000000000e+00 0.000000000000000000e+00 -7.202256568111126910e-14 1.581980432328503416e-14 2.898953849361266502e-14 -5.793291522436011582e-15 -2.655287207516758474e-14 5.153751391779095442e-15 -5.670470438671933674e-15 2.410270910900794598e-15 1.539248400854617005e-15 -3.104792945053181917e-16 8.790778357040083535e-10 1.458598989738118710e-14 2.087462776678443712e-11 0.000000000000000000e+00
0.000000000000000000e+00 0.000000000000000000e+00 0.000000000000000000e+00 0.000000000000000000e+00 0.000000000000000000e+00 0.000000000000000000e+00 -4.474143471009098653e-14 7.315187168560722656e-15 -1.156690328874202133e-14 -3.064735645478547810e-14 2.277360457098878734e-15 7.933920531526500039e-17 1.987809267155825099e-15 5.975843874828641843e-15 3.084618881503511124e-15 9.578779726624436841e-16 6.457631171107373467e-17 -1.214737275692908534e-13 -5.781439148779899187e-04 0.000000000000000000e+00
0.000000000000000000e+00 0.000000000000000000e+00 0.000000000000000000e+00 0.000000000000000000e+00 0.000000000000000000e+00 0.000000000000000000e+00 -4.454213001334647286e-14 2.886251584719378138e-15 -1.342816595129168378e-14 -3.248278137840292132e-14 9.199599351492872678e-16 1.497605974136584470e-15 3.270492147688355557e-15 6.018848322132312997e-15 3.146561556220437745e-15 9.767490203742952953e-16 -2.322167348097765966e-16 -1.391191024141092021e-13 -8.498661221956408784e-04 0.000000000000000000e+00
0.000000000000000000e+00 0.000000000000000000e+00 0.000000000000000000e+00 0.000000000000000000e+00 0.000000000000000000e+00 0.000000000000000000e+00 -3.849530233673336185e-14 -1.237559006442945279e-14 -1.494478723226721634e-14 -1.721856615779576245e-14 -6.099422318236084529e-15 1.076149363697752579e-14 1.187957029577381558e-14 1.955645791582201856e-15 1.047379486666677085e-15 1.663486226419575342e-15 -2.861992271903272650e-16 3.923918878318226002e-13 1.175551926008389128e+05 0.000000000000000000e+00
0.000000000000000000e+00 0.000000000000000000e+00 0.000000000000000000e+00 0.000000000000000000e+00 0.000000000000000000e+00 0.000000000000000000e+00 8.871067785308705470e-09 4.800719041769377925e-08 1.352953061995417252e-08 4.236530583644028124e-09 3.469059045712589005e-09 2.624202473751712552e-09 2.558230788458845647e-09 1.736674475620468323e-09 8.066979173876287481e-10 1.917511139450690490e-10 3.042174057321689206e-10 4.573629614687151127e-08 6.310326226539392713e-06 0.000000000000000000e+00
0.000000000000000000e+00 0.000000000000000000e+00 0.000000000000000000e+00 0.000000000000000000e+00 0.000000000000000000e+00 0.000000000000000000e+00 1.984400816395872975e-10 1.660617708203426093e-09 -1.916436503508949968e-09 1.099276692636952833e-09 6.865702888338220445e-10 3.070764396342873221e-10 4.164890475487641814e-10 4.154303111344604434e-10 1.936232519435707622e-10 1.976259079707027975e-10 1.482539113657860101e-06 4.695454396033529945e-08 6.297164641410230327e-06 0.000000000000000000e+00
0.000000000000000000e+00 0.000000000000000000e+00 0.000000000000000000e+00 0.000000000000000000e+00 0.000000000000000000e+00 0.000000000000000000e+00 4.902627142373052358e-08 1.429181203221425066e-07 6.099120685721359456e-08 1.608737024863358709e-08 1.518324312699175780e-08 1.420343272067164931e-08 1.001162271045209152e-08 6.040343505953702074e-09 2.785990444128749303e-09 8.969432821392447163e-10 1.855097238463483903e-06 5.582181918390992470e-08 6.293466066303648934e-06 0.000000000000000000e+00
0.000000000000000000e+00 0.000000000000000000e+00 0.000000000000000000e+00 0.000000000000000000e+00 0.000000000000000000e+00 0.000000000000000000e+00 -1.783953795829603711e-09 1.447972168920355452e-09 -8.674819109279186129e-10 9.562772758524905713e-10 5.949532662574326779e-10 2.725838043988131924e-10 3.904202947181466363e-10 5.562060026148056514e-10 2.742114854428486410e-10 1.115592420435947858e-10 1.304361564151709401e-10 2.995174873404723718e-08 1.436780318913795895e+01 0.000000000000000000e+00
0.000000000000000000e+00 0.000000000000000000e+00 0.000000000000000000e+00 0.000000000000000000e+00 0.000000000000000000e+00 0.000000000000000000e+00 -3.756597766237016248e-10 -1.046677354429804399e-09 -1.235796042207411651e-10 9.017431600902435898e-10 5.462567335016642363e-10 2.281419728330938952e-10 3.012260211134358272e-10 4.941522515461021926e-10 2.243215107179772748e-10 1.048840172974679417e-10 1.120404235920489402e-10 4.030799801958960763e-08 2.111207216000474318e+01 0.000000000000000000e+00
0.000000000000000000e+00 0.000000000000000000e+00 0.000000000000000000e+00 0.000000000000000000e+00 0.000000000000000000e+00 0.000000000000000000e+00 -1.504559384695818881e-10 1.230033814778985072e-09 -1.615057754045949560e-09 -1.250296582888169124e-11 3.268220742799464673e-10 2.475590310751771586e-10 5.138982405440549604e-10 4.890914507244026569e-10 1.759335138659170531e-10 8.844377331227787815e-11 6.709164881939564669e-11 1.046342578794907088e-07 5.670717309034252930e+10 0.000000000000000000e+00
0.000000000000000000e+00 0.000000000000000000e+00 0.000000000000000000e+00 0.000000000000000000e+00 0.000000000000000000e+00 0.000000000000000000e+00 1.046130222123531340e-08 6.516616948956721804e-09 -3.149057399584915846e-08 -6.218959318463508774e-09 -5.634506093541153140e-09 -3.047896943140817822e-09 -1.918261046474207444e-09 -1.343721356604982809e-09 -4.210205504686979880e-10 -1.216852915030601495e-10 6.427843947789197347e-11 5.249345749811488395e-10 1.213820685533941056e-09 0.000000000000000000e+00
0.000000000000000000e+00 0.000000000000000000e+00 0.000000000000000000e+00 0.000000000000000000e+00 0.000000000000000000e+00 0.000000000000000000e+00 -2.102061539983466306e-08 -5.525558621054612835e-09 -2.405222455437666504e-10 -1.273083662323402359e-09 1.326949835581231323e-09 1.449287060379231499e-09 2.052345051437931304e-10 -1.564413056330115721e-10 -5.207166954887328645e-11 -5.643019875547545027e-11 1.991684801103413672e-10 4.945748262736059223e-10 1.212483775656612350e-09 0.000000000000000000e+00
0.000000000000000000e+00 0.000000000000000000e+00 0.000000000000000000e+00 0.000000000000000000e+00 0.000000000000000000e+00 0.000000000000000000e+00 3.865502708299569256e-08 1.759000882613932443e-08 -6.091106510863435064e-08 -1.111348147247159923e-08 -1.302788517879101206e-08 -8.306179933620262504e-09 -4.033973690177366524e-09 -2.334367719832029243e-09 -7.696045957321556613e-10 -2.621833804605299941e-10 -1.522417802528988942e-10 5.826338095322573820e-10 1.222126758390119418e-09 0.000000000000000000e+00
0.000000000000000000e+00 0.000000000000000000e+00 0.000000000000000000e+00 0.000000000000000000e+00 0.000000000000000000e+00 0.000000000000000000e+00 -1.533086105435649193e-08 -1.744137115122221734e-09 -1.923595785725812106e-09 -2.032934256282290796e-09 -7.611967978796428868e-10 5.330682109642593177e-10 -3.817556866233362060e-10 -4.858720807074022331e-10 -1.415076071946921883e-10 -5.776879980488615251e-11 9.354009472199482034e-12 6.116731467847612523e-11 -1.481169873986906870e-08 0.000000000000000000e+00
0.000000000000000000e+00 0.000000000000000000e+00 0.000000000000000000e+00 0.000000000000000000e+00 0.000000000000000000e+00 0.000000000000000000e+00 -1.983089120019798643e-08 -4.280775422610208588e-09 4.472118560182492438e-09 -1.081946567197435978e-09 5.004850059922546115e-10 1.323433886349358110e-09 4.780116865451174679e-11 -2.393455916905121260e-10 -3.068350308763387647e-11 -5.578813182561454223e-12 -8.041374744126730895e-12 -8.909385822761818777e-11 -2.142075299958969630e-08 0.000000000000000000e+00
0.000000000000000000e+00 0.000000000000000000e+00 0.000000000000000000e+00 0.000000000000000000e+00 0.000000000000000000e+00 0.000000000000000000e+00 -1.190965149704975135e-08 -7.268673272843218468e-09 1.214954657773533474e-09 -1.371812815666477689e-09 8.558700350461669284e-10 6.284421083062780510e-10 1.829485408131763247e-10 -3.149417455349767018e-10 -7.572632752350967124e-11 -2.216925355632955364e-11 -1.172061952320135869e-12 -9.534417056056040400e-11 4.012400933058457055e-03 0.000000000000000000e+00
0.000000000000000000e+00 0.000000000000000000e+00 0.000000000000000000e+00 0.000000000000000000e+00 0.000000000000000000e+00 0.000000000000000000e+00 8.384242126369855768e-08 -1.128315715461467601e-07 -1.341735253000678984e-07 -3.003408197083592354e-08 -1.703030003239432572e-08 -9.576029227002641309e-09 -5.394482255679403124e-09 -2.158184906507896819e-09 -8.041800985869306053e-10 -2.675326564882297994e-10 2.650948562190936463e-10 2.494047483485134048e-09 5.546512883067759482e-09 0.000000000000000000e+00
0.000000000000000000e+00 0.000000000000000000e+00 0.000000000000000000e+00 0.000000000000000000e+00 0.000000000000000000e+00 0.000000000000000000e+00 -1.247164410613585123e-07 -3.944453757401720314e-08 7.907013119251073793e-09 -6.411740794973505357e-09 -2.513491763124179857e-09 2.387455684578896055e-09 1.392306553791065175e-09 -3.942368019450760111e-11 1.291776359592444160e-10 -1.302040517613183137e-11 -2.639766617419581141e-10 2.397443401744409547e-09 5.542191210118978020e-09 0.000000000000000000e+00
0.000000000000000000e+00 0.000000000000000000e+00 0.000000000000000000e+00 0.000000000000000000e+00 0.000000000000000000e+00 0.000000000000000000e+00 2.703983607902177021e-07 -1.791290368179841247e-07 -2.678079694293350656e-07 -5.481304117537327387e-08 -3.436165855801750079e-08 -2.295212242436645977e-08 -1.171772924085693776e-08 -4.126407896883824697e-09 -1.486883610778032116e-09 -5.700158125617442467e-10 -3.818726178101336614e-10 2.894954073645841513e-09 5.611699174893091573e-09 0.000000000000000000e+00
0.000000000000000000e+00 0.000000000000000000e+00 0.000000000000000000e+00 0.000000000000000000e+00 0.000000000000000000e+00 0.000000000000000000e+00 -7.296455659481085729e-08 -4.156260408563117879e-08 -4.933984681940526962e-09 -2.699273160928608610e-09 -4.815381579148695470e-09 6.302606082156140281e-10 -8.443762028777943801e-12 -6.507873632275828663e-10 6.044250680254430384e-11 -5.068260511566760320e-11 2.812775898895348711e-11 -8.161261945926221926e-10 -1.944992771182183811e-06 0.000000000000000000e+00
0.000000000000000000e+00 0.000000000000000000e+00 0.000000000000000000e+00 0.000000000000000000e+00 0.000000000000000000e+00 0.000000000000000000e+00 -1.035795652311834439e-07 -2.701977855482786724e-08 2.337415255473737211e-08 2.606637330718747060e-09 -1.571066935551902483e-09 2.795577685151562963e-09 1.410537518419490790e-09 -1.556199895939447230e-10 3.316153353454488634e-10 1.144240123996386580e-10 -6.189995668581765724e-11 -1.670371446550349692e-09 -2.375148502433131464e-06 0.000000000000000000e+00
0.000000000000000000e+00 0.000000000000000000e+00 0.000000000000000000e+00 0.000000000000000000e+00 0.000000000000000000e+00 0.000000000000000000e+00 -7.192203474981845113e-08 -3.866929610733188125e-08 1.103766183962285201e-08 -4.065491918142851789e-09 -2.895819212429813717e-10 3.381763906552074488e-10 1.339081421030260494e-09 1.260234274381937748e-10 -3.393671924793177364e-10 -1.394615386532442770e-10 4.726722228597569346e-11 4.966572857631665755e-10 -2.501432164929947577e-01 0.000000000000000000e+00
0.000000000000000000e+00 0.000000000000000000e+00 0.000000000000000000e+00 0.000000000000000000e+00 0.000000000000000000e+00 0.000000000000000000e+00 3.388317513758155332e-09 -2.505958472919131866e-09 2.627042707067872445e-10 5.302012510688666313e-10 -1.925853424661875841e-10 -4.492847213507694057e-10 2.484191012931127148e-10 -2.871333456130113317e-10 -2.729289099281005941e-10 -1.511512828366056632e-11 -3.694349397626104016e-10 -1.399432162997676009e-08 2.090236122916671148e-07 0.000000000000000000e+00
0.000000000000000000e+00 0.000000000000000000e+00 0.000000000000000000e+00 0.000000000000000000e+00 0.000000000000000000e+00 0.000000000000000000e+00 -7.055138984294087815e-10 1.186394765838326358e-09 -3.375151195958265911e-09 -7.372279275319339981e-10 8.421566629444094909e-10 1.822704111172813099e-09 -2.370082722349835832e-10 -4.022550748685409893e-10 -1.436283965026948520e-10 -4.688225806808159979e-11 -1.021200260638634374e-05 -1.543412080027452459e-08 2.178283426730919323e-07 0.000000000000000000e+00
0.000000000000000000e+00 0.000000000000000000e+00 0.000000000000000000e+00 0.000000000000000000e+00 0.000000000000000000e+00 0.000000000000000000e+00 1.700542183084267440e-08 -1.251901441156497172e-08 3.401983004082673987e-09 -2.028864197460978268e-10 -5.707912019295731284e-10 -2.588864083669261600e-09 7.960814726148142192e-10 -6.088204306738051455e-11 -3.402377887818591239e-10 -3.917065534727746827e-11 1.754787209952270050e-05 -1.580123992320110168e-08 2.333808645964897601e-07 0.000000000000000000e+00
0.000000000000000000e+00 0.000000000000000000e+00 0.000000000000000000e+00 0.000000000000000000e+00 0.000000000000000000e+00 0.000000000000000000e+00 -3.368878208005734277e-09 9.841661300277916669e-10 9.426468952587416505e-10 6.901418607370625631e-10 -3.932070447397334092e-10 7.625678423212970782e-10 1.793869859828377008e-10 -4.361559136724224956e-10 -2.331523303406611569e-10 -2.773744529374368853e-11 -2.693144757371726119e-10 -2.451577396242162819e-08 2.751490489852074717e+01 0.000000000000000000e+00
0.000000000000000000e+00 0.000000000000000000e+00 0.000000000000000000e+00 0.000000000000000000e+00 0.000000000000000000e+00 0.000000000000000000e+00 -3.266097233108526945e-09 2.398562193051001584e-09 4.433753735264010521e-10 2.742842101520562134e-10 -2.104869373334036997e-10 9.608610037726823040e-10 9.266699273215603954e-11 -4.920260829598267846e-10 -2.008928730268467297e-10 -5.019879783034198256e-11 -2.205475594414313154e-10 -2.815407661634369240e-08 4.152177086229875869e+01 0.000000000000000000e+00
0.000000000000000000e+00 0.000000000000000000e+00 0.000000000000000000e+00 0.000000000000000000e+00 0.000000000000000000e+00 0.000000000000000000e+00 2.219362493214111397e-09 4.020650609040029804e-09 -2.822317204229676152e-09 -2.105483282263194883e-09 6.039039302556679665e-10 4.182972399988390542e-10 -3.452603203139727213e-10 -3.675682555230321799e-10 7.045918283548536476e-11 -2.079626589540158489e-11 -3.282617911743101863e-10 -8.676316753367122019e-08 4.394921703489846039e+10 0.000000000000000000e+00
