0.000000000000000000e+00 0.000000000000000000e+00 0.000000000000000000e+00 0.000000000000000000e+00 0.000000000000000000e+00 0.000000000000000000e+00 1.151190793951257040e-12 5.246706326659712318e-13 3.431502104772295022e-13 2.376347775934856158e-13 2.344294046253236762e-13 2.190544652678408534e-13 1.616393764638236734e-13 6.428886019996995380e-14 1.420544702925879050e-14 2.995898556134674102e-13 5.603874007224655972e-12 8.964108448254660795e-12 0.000000000000000000e+00 0.000000000000000000e+00
0.000000000000000000e+00 0.000000000000000000e+00 0.000000000000000000e+00 0.000000000000000000e+00 0.000000000000000000e+00 0.000000000000000000e+00 3.787604524695133885e-15 6.901423880152769666e-14 -5.506718618689852950e-14 3.769923518484699658e-14 5.046542143585887394e-14 5.787724664890711576e-14 3.282986625020374169e-14 9.795910931213668113e-15 7.217412750144001989e-15 1.437328439880557102e-11 4.782446848434221299e-12 9.269998285301284565e-12 0.000000000000000000e+00 0.000000000000000000e+00
0.000000000000000000e+00 0.000000000000000000e+00 0.000000000000000000e+00 0.000000000000000000e+00 0.000000000000000000e+00 0.000000000000000000e+00 3.851993795741058466e-12 2.117585003578565092e-12 1.469939311270189529e-12 1.231679905183320111e-12 2.345474396645557864e-12 4.122655510249781522e-12 1.876565915897175051e-12 1.270286942184741319e-12 6.219269058930567102e-13 3.005486325115606448e-10 5.481219493496226657e-12 9.385343113840873356e-12 0.000000000000000000e+00 0.000000000000000000e+00
0.000000000000000000e+00 0.000000000000000000e+00 0.000000000000000000e+00 0.000000000000000000e+00 0.000000000000000000e+00 0.000000000000000000e+00 3.444450130978792428e-14 1.150857418194415165e-14 -2.649791936968020977e-14 1.763554736161277373e-14 1.344089277176465588e-14 8.959225658562882619e-15 1.897116859994296658e-14 3.981110155779507075e-15 4.525197229773801191e-15 1.476828223335882915e-14 1.188130615383808713e-11 -6.150934475414478447e-05 0.000000000000000000e+00 0.000000000000000000e+00
0.000000000000000000e+00 0.000000000000000000e+00 0.000000000000000000e+00 0.000000000000000000e+00 0.000000000000000000e+00 0.000000000000000000e+00 3.047761397463848824e-14 5.710824669389838102e-15 -2.649479149541570966e-14 1.736223832647453071e-14 1.529144152617041593e-14 1.613695744375411952e-14 2.475422704859250457e-14 1.135905179790117751e-14 1.319295975004943057e-14 7.376712709657097999e-14 2.081664448583516271e-11 -1.491749013098316382e-04 0.000000000000000000e+00 0.000000000000000000e+00
0.000000000000000000e+00 0.000000000000000000e+00 0.000000000000000000e+00 0.000000000000000000e+00 0.000000000000000000e+00 0.000000000000000000e+00 4.022503273412043417e-14 -2.867968223271975203e-15 -2.235152118068692879e-14 1.594872019591082364e-14 1.563289610431089567e-14 1.277374094316923035e-14 1.578898129803184115e-14 3.082112958786879606e-15 3.977605946662275374e-15 3.546969121984749236e-14 3.987004766662177475e-11 6.065661266040802002e+04 0.000000000000000000e+00 0.000000000000000000e+00
0.000000000000000000e+00 0.000000000000000000e+00 0.000000000000000000e+00 0.000000000000000000e+00 0.000000000000000000e+00 0.000000000000000000e+00 2.027534726800815901e-11 -6.648807647530679025e-11 -4.726093165365423190e-11 9.297773312032338988e-12 8.831087712457095639e-12 -4.902404659189860334e-12 1.342450067810928103e-12 -2.253218795163803356e-13 1.831027794395238453e-13 3.944983436575354937e-13 8.496501996931153201e-13 9.619206709418462508e-13 0.000000000000000000e+00 0.000000000000000000e+00
0.000000000000000000e+00 0.000000000000000000e+00 0.000000000000000000e+00 0.000000000000000000e+00 0.000000000000000000e+00 0.000000000000000000e+00 -1.683665480205517032e-11 9.421791616057877355e-11 9.398653698572172625e-12 2.061514611957418798e-12 -1.357839941985725420e-11 5.096056647169932883e-12 -3.725239519211469354e-13 6.831118926940362822e-13 1.578763264353872246e-13 1.627677860898294764e-13 6.167149014466421640e-13 1.062400210014652766e-12 0.000000000000000000e+00 0.000000000000000000e+00
0.000000000000000000e+00 0.000000000000000000e+00 0.000000000000000000e+00 0.000000000000000000e+00 0.000000000000000000e+00 0.000000000000000000e+00 5.508719268712568219e-11 -2.163161203022410087e-10 -1.021787614187488551e-10 1.319616906109678196e-11 4.451644397370675962e-11 -2.572645384152196206e-11 4.967188220140184399e-12 -3.333823547935467510e-12 -2.624853946009775567e-12 -3.761784483529415139e-13 8.500508922491702506e-13 1.040530900877749423e-12 0.000000000000000000e+00 0.000000000000000000e+00
0.000000000000000000e+00 0.000000000000000000e+00 0.000000000000000000e+00 0.000000000000000000e+00 0.000000000000000000e+00 0.000000000000000000e+00 -1.581783572013423317e-11 5.118550376157386316e-11 4.100875562177747774e-12 1.153807807382434466e-11 -3.368737735209790075e-12 1.572582433833147869e-12 1.259439801647773486e-13 6.224924554139057998e-13 2.197183538831765690e-13 -2.399887101959091648e-15 -2.346244710549289407e-12 1.834152575127473406e-09 0.000000000000000000e+00 0.000000000000000000e+00
0.000000000000000000e+00 0.000000000000000000e+00 0.000000000000000000e+00 0.000000000000000000e+00 0.000000000000000000e+00 0.000000000000000000e+00 -1.474162889186908179e-11 5.286151441288251804e-11 4.298355298528914601e-12 1.208464555265493641e-11 -4.912378510545482139e-12 2.302257064624385855e-12 -2.655467152231123372e-13 8.563696747043370829e-13 5.201845027665673382e-13 -1.685408331683711415e-13 -3.166291244427004864e-12 2.703563649695016072e-09 0.000000000000000000e+00 0.000000000000000000e+00
0.000000000000000000e+00 0.000000000000000000e+00 0.000000000000000000e+00 0.000000000000000000e+00 0.000000000000000000e+00 0.000000000000000000e+00 -1.109919823967802834e-11 4.581297788620048000e-11 1.239713822254117575e-13 1.196659282051665061e-11 -5.095430826285623960e-12 1.192285488539966143e-12 -9.957791746252909713e-13 -2.645630004287374571e-15 9.740845796527988228e-14 -2.709557580448901563e-13 1.765092012695597978e-12 1.450940900609158169e-03 0.000000000000000000e+00 0.000000000000000000e+00
0.000000000000000000e+00 0.000000000000000000e+00 0.000000000000000000e+00 0.000000000000000000e+00 0.000000000000000000e+00 0.000000000000000000e+00 -1.886495821928598033e-11 -1.656786252166727022e-11 -2.681265419538958637e-10 -2.036070925763614242e-11 2.490299046915038325e-11 -8.040187930089445114e-12 -2.153050568101370083e-11 -2.497028259807450891e-12 -6.375684552883731503e-13 1.074603454271747624e-11 1.041811317258235154e-11 1.082065814859010922e-11 0.000000000000000000e+00 0.000000000000000000e+00
0.000000000000000000e+00 0.000000000000000000e+00 0.000000000000000000e+00 0.000000000000000000e+00 0.000000000000000000e+00 0.000000000000000000e+00 -1.167519387138592256e-10 2.944122258494876633e-10 1.307247826429634801e-10 7.352148679237855226e-11 -5.760117917211916243e-11 1.216866510821164013e-11 -1.544710381066011087e-12 1.029901059824312947e-12 -3.884158341296046266e-13 1.421481584867766438e-11 8.755973997935295583e-12 1.101597637122454332e-11 0.000000000000000000e+00 0.000000000000000000e+00
0.000000000000000000e+00 0.000000000000000000e+00 0.000000000000000000e+00 0.000000000000000000e+00 0.000000000000000000e+00 0.000000000000000000e+00 7.218092044136529062e-11 -3.147681970898064324e-10 -6.513839645088436865e-10 -1.205079747543942110e-10 1.345032149616341503e-10 -6.178071914092691640e-11 -6.115493762285804788e-11 -5.373322866553189046e-12 -2.119940588591077610e-11 5.144708388677428750e-11 1.105584977573787849e-11 1.140791813175720475e-11 0.000000000000000000e+00 0.000000000000000000e+00
0.000000000000000000e+00 0.000000000000000000e+00 0.000000000000000000e+00 0.000000000000000000e+00 0.000000000000000000e+00 0.000000000000000000e+00 -1.130506993231334885e-10 2.001530250560730322e-10 5.578206850788562462e-11 6.958466326208195748e-11 1.023878278061269723e-12 4.242612290487993610e-12 -6.323991022560670811e-12 -1.676714350870325390e-12 -2.899740649770859957e-13 -5.131367653929454687e-13 -3.993689803387887437e-11 -7.211028106028469846e-09 0.000000000000000000e+00 0.000000000000000000e+00
0.000000000000000000e+00 0.000000000000000000e+00 0.000000000000000000e+00 0.000000000000000000e+00 0.000000000000000000e+00 0.000000000000000000e+00 -1.004969330512009763e-10 2.142159316871206543e-10 6.517137516971975978e-11 6.943255370731900750e-11 -1.233812499618143510e-13 5.290782842062379516e-12 -3.327524627347923680e-12 -1.597317430307688039e-12 1.910472473701346080e-12 -4.157878544033443673e-12 -5.836865272248822533e-11 -3.959200505577962895e-09 0.000000000000000000e+00 0.000000000000000000e+00
0.000000000000000000e+00 0.000000000000000000e+00 0.000000000000000000e+00 0.000000000000000000e+00 0.000000000000000000e+00 0.000000000000000000e+00 -8.163619500523302504e-11 2.119269334214644377e-10 4.801063122392740127e-11 5.533482422568493776e-11 5.154642170479945031e-12 1.911710324468789625e-12 -5.300364525090892964e-12 -1.614543598745984662e-12 -1.566255889136798663e-12 -4.881273060680204885e-13 -5.259640226212591890e-11 -5.794416805353731770e-03 0.000000000000000000e+00 0.000000000000000000e+00
0.000000000000000000e+00 0.000000000000000000e+00 0.000000000000000000e+00 0.000000000000000000e+00 0.000000000000000000e+00 0.000000000000000000e+00 3.597039811354250406e-11 1.313238932814913592e-11 4.194922789874707963e-12 -2.975336178118565679e-11 -1.168602986457822097e-11 -1.074540606420588967e-12 -7.535321792835025829e-12 -1.384225351732898744e-12 2.437451925495394127e-12 -9.341521808502639390e-12 -1.074663947402877230e-10 -9.250413428056983229e-09 0.000000000000000000e+00 0.000000000000000000e+00
0.000000000000000000e+00 0.000000000000000000e+00 0.000000000000000000e+00 0.000000000000000000e+00 0.000000000000000000e+00 0.000000000000000000e+00 7.532029579234118728e-11 4.905338147854202857e-11 -1.828257766832052595e-11 -7.629151935739679330e-11 -1.136060700349197192e-11 -3.866004008610024377e-11 -2.236230741183371852e-11 -2.431027408817163825e-12 5.209295523695716583e-12 -1.102276574003230962e-07 -1.401641863862891424e-10 -9.216258422287866359e-09 0.000000000000000000e+00 0.000000000000000000e+00
0.000000000000000000e+00 0.000000000000000000e+00 0.000000000000000000e+00 0.000000000000000000e+00 0.000000000000000000e+00 0.000000000000000000e+00 1.241468555062736574e-11 -9.769742271860552581e-11 5.810173167275148764e-12 -2.749655170414881986e-11 -4.231860163066654138e-11 -1.343881976584752658e-11 -1.836352278352241972e-11 -2.167688315098062446e-11 1.263603151391841350e-11 3.432830027927945935e-07 -1.690314011343147035e-10 -9.123897224260201344e-09 0.000000000000000000e+00 0.000000000000000000e+00
0.000000000000000000e+00 0.000000000000000000e+00 0.000000000000000000e+00 0.000000000000000000e+00 0.000000000000000000e+00 0.000000000000000000e+00 1.014655256765754875e-11 5.338566963481031000e-11 -2.763523611551125597e-11 -2.622291914176952485e-11 -1.011742955888776546e-11 -3.132009515290224621e-12 -1.854518109384096520e-11 -2.247720058665592633e-12 3.482477075437445912e-12 3.650187549308110289e-12 7.715287170226842648e-10 -1.161172116697619695e-02 0.000000000000000000e+00 0.000000000000000000e+00
0.000000000000000000e+00 0.000000000000000000e+00 0.000000000000000000e+00 0.000000000000000000e+00 0.000000000000000000e+00 0.000000000000000000e+00 1.300631970423883907e-11 5.078708049063662364e-11 -2.539660500800281966e-11 -2.978641352448646111e-11 -1.073563606984995275e-11 -3.034454531790193621e-12 -2.127269368504946856e-11 -3.374304652731815398e-12 2.879716623077980660e-12 7.237908473876232458e-12 1.337422024853934321e-09 -1.973303847476852099e-02 0.000000000000000000e+00 0.000000000000000000e+00
0.000000000000000000e+00 0.000000000000000000e+00 0.000000000000000000e+00 0.000000000000000000e+00 0.000000000000000000e+00 0.000000000000000000e+00 1.837018763826538678e-11 4.595372280601785266e-11 -1.897221986285081024e-11 -3.544548021700145617e-11 -9.734702147888930204e-12 -2.244126988372467064e-12 -1.709686871382571616e-11 -1.211679253147569768e-12 4.293324609013972480e-12 9.711688738742698989e-12 -1.499373506090858070e-11 -2.523142922955201416e+11 0.000000000000000000e+00 0.000000000000000000e+00
0.000000000000000000e+00 0.000000000000000000e+00 0.000000000000000000e+00 0.000000000000000000e+00 0.000000000000000000e+00 0.000000000000000000e+00 9.573870711813416792e-11 1.292536445681198485e-10 2.776539496230025076e-11 1.471570365237658530e-11 5.912393116326922218e-12 6.288231386935858529e-12 3.640598350648019586e-12 1.910269357869468511e-12 1.061164797453381745e-12 6.075514870416973318e-12 1.661586097628861799e-10 3.916746971888779754e-10 0.000000000000000000e+00 0.000000000000000000e+00
0.000000000000000000e+00 0.000000000000000000e+00 0.000000000000000000e+00 0.000000000000000000e+00 0.000000000000000000e+00 0.000000000000000000e+00 1.596081055832284902e-12 7.802499722982964673e-12 1.744090454169236049e-11 1.847733610367061465e-11 -2.548830011568046706e-12 2.486066904976128285e-12 4.829630385393477650e-12 2.948077482218055020e-12 1.452625974417529281e-12 5.350506501218806879e-09 1.552697163276203280e-10 4.374649753394945594e-10 0.000000000000000000e+00 0.000000000000000000e+00
0.000000000000000000e+00 0.000000000000000000e+00 0.000000000000000000e+00 0.000000000000000000e+00 0.000000000000000000e+00 0.000000000000000000e+00 3.995867694886831089e-10 4.630864440200751979e-10 1.217535029078283814e-10 7.771812836018121485e-11 7.692056412765181130e-11 1.209126913160036557e-10 2.756937841971379941e-11 1.790190409108859083e-11 1.085318855630406027e-11 1.018942798360774549e-08 1.794175452781615149e-10 4.428764844756940309e-10 0.000000000000000000e+00 0.000000000000000000e+00
0.000000000000000000e+00 0.000000000000000000e+00 0.000000000000000000e+00 0.000000000000000000e+00 0.000000000000000000e+00 0.000000000000000000e+00 -3.495547230170660770e-13 -2.733563409318582451e-12 8.566713768900865860e-12 6.938151628954429820e-12 2.074398515377256961e-12 8.018536340880681293e-13 3.658594667681975870e-12 2.353382382640514214e-12 8.428638586455601993e-13 3.320027098775039906e-12 2.254233033432446372e-09 6.117515905869397308e-03 0.000000000000000000e+00 0.000000000000000000e+00
0.000000000000000000e+00 0.000000000000000000e+00 0.000000000000000000e+00 0.000000000000000000e+00 0.000000000000000000e+00 0.000000000000000000e+00 2.096619989459655898e-13 -3.657705675190802152e-12 8.989094684014523330e-12 7.359351260795974880e-12 2.886492566586508119e-12 1.542188294297127812e-12 3.899550960843825712e-12 2.868589129152896916e-12 1.173701360641155240e-12 5.879759893835213860e-12 3.927386997825805696e-09 1.432074060603086285e-02 0.000000000000000000e+00 0.000000000000000000e+00
0.000000000000000000e+00 0.000000000000000000e+00 0.000000000000000000e+00 0.000000000000000000e+00 0.000000000000000000e+00 0.000000000000000000e+00 5.498729543017237405e-13 -2.667975560439914329e-12 8.322014590418584230e-12 7.315707092491646519e-12 3.374082067778666889e-12 3.525585845388994113e-12 2.212924829913383958e-12 2.012364962622150663e-12 8.827976138967688517e-13 7.829828545167268297e-12 7.817229997557048104e-09 -1.728671155737304688e+07 0.000000000000000000e+00 0.000000000000000000e+00
0.000000000000000000e+00 0.000000000000000000e+00 0.000000000000000000e+00 0.000000000000000000e+00 0.000000000000000000e+00 0.000000000000000000e+00 8.457216501613761755e-10 -2.626574623954439347e-09 1.471126023382077208e-10 2.652094850723540967e-10 -1.986443446444652287e-10 -9.690006030924389396e-11 1.267552442511207956e-12 -5.226606259832361452e-12 -3.711505428073161757e-12 1.088424232960409800e-11 2.619463167371132812e-11 1.043652199294850862e-11 0.000000000000000000e+00 0.000000000000000000e+00
0.000000000000000000e+00 0.000000000000000000e+00 0.000000000000000000e+00 0.000000000000000000e+00 0.000000000000000000e+00 0.000000000000000000e+00 -3.138132615611599110e-10 -1.180298701833886764e-10 2.717636307082995482e-10 9.148292685051876344e-11 1.220975806739609356e-10 3.510190113452632079e-11 4.872913270440280082e-11 -3.469465943197180857e-12 -3.974804883761928383e-12 -1.053937615259889331e-11 2.072159113496503575e-11 1.076363013517891416e-11 0.000000000000000000e+00 0.000000000000000000e+00
0.000000000000000000e+00 0.000000000000000000e+00 0.000000000000000000e+00 0.000000000000000000e+00 0.000000000000000000e+00 0.000000000000000000e+00 1.897508843273085233e-09 -4.984958750223735537e-09 1.566018721150162869e-11 4.064512598697215930e-10 -5.714548782050815062e-10 -4.358182670702589264e-10 -7.796103174621121317e-11 -3.438068450363507130e-12 -1.820397767330515420e-11 -3.039359187187252483e-11 2.351001613776892237e-11 1.071244556487273560e-11 0.000000000000000000e+00 0.000000000000000000e+00
0.000000000000000000e+00 0.000000000000000000e+00 0.000000000000000000e+00 0.000000000000000000e+00 0.000000000000000000e+00 0.000000000000000000e+00 -1.096483331983646233e-10 -5.226209147837110289e-10 2.038145309312679894e-10 1.063063295546275731e-10 -1.721824135442354615e-11 -9.650008206301531544e-12 4.922190688260259969e-11 -3.872155669988837117e-12 -3.994762698613140602e-12 -9.544388590181682164e-14 5.738693869605989831e-12 5.807095965621140729e-09 0.000000000000000000e+00 0.000000000000000000e+00
0.000000000000000000e+00 0.000000000000000000e+00 0.000000000000000000e+00 0.000000000000000000e+00 0.000000000000000000e+00 0.000000000000000000e+00 -8.736869221687774701e-11 -4.588036024247791712e-10 2.203983706836188278e-10 1.229085500201150891e-10 -5.865569629868199236e-12 5.503852259194920611e-12 5.544419830293495455e-11 -3.125841077536148432e-12 -2.507603700209317946e-12 -3.009687263755676636e-12 5.848291785870205328e-13 -6.493601591793362147e-09 0.000000000000000000e+00 0.000000000000000000e+00
0.000000000000000000e+00 0.000000000000000000e+00 0.000000000000000000e+00 0.000000000000000000e+00 0.000000000000000000e+00 0.000000000000000000e+00 3.102015237538811877e-12 -5.524395791935676596e-10 2.326340526724563645e-10 1.643737993664906931e-10 -2.823007629541526532e-11 1.043452134574535837e-11 3.752827711309914418e-11 7.416248582136587183e-13 -1.355771891196713442e-13 8.425635820511339591e-13 3.635128554624751752e-11 -3.084033921336101075e-02 0.000000000000000000e+00 0.000000000000000000e+00
0.000000000000000000e+00 0.000000000000000000e+00 0.000000000000000000e+00 0.000000000000000000e+00 0.000000000000000000e+00 0.000000000000000000e+00 3.986742423417314569e-09 -6.038380737540080638e-09 -1.297615746120457892e-10 1.125466153439980354e-09 -9.908539472752147054e-10 -2.411548127704065037e-10 -7.736846000085881027e-11 -7.312383442462376324e-11 -6.043131053517678976e-12 5.638820663596018812e-11 1.380498961048711946e-10 2.481637386242895178e-10 0.000000000000000000e+00 0.000000000000000000e+00
0.000000000000000000e+00 0.000000000000000000e+00 0.000000000000000000e+00 0.000000000000000000e+00 0.000000000000000000e+00 0.000000000000000000e+00 1.028244073317476004e-10 -4.065595342798181639e-09 2.054834139907704700e-09 1.176527471524329642e-09 -1.151886881393452018e-10 6.395209602793790278e-10 1.873900094142305026e-10 -1.291019972719294497e-11 -6.948859534242973585e-12 -4.690989958629786459e-10 1.293450140091146017e-10 2.351231017540943052e-10 0.000000000000000000e+00 0.000000000000000000e+00
0.000000000000000000e+00 0.000000000000000000e+00 0.000000000000000000e+00 0.000000000000000000e+00 0.000000000000000000e+00 0.000000000000000000e+00 7.446926434485784402e-09 -7.904707599511114496e-09 -2.212849340971703770e-09 9.023258103851328878e-10 -1.933464250608963926e-09 -1.861224656458424126e-09 -4.944394882301160783e-10 -1.877107212826454826e-10 -5.090572267496238472e-11 1.558789345343481299e-10 1.371590153016916149e-10 2.376631444761143964e-10 0.000000000000000000e+00 0.000000000000000000e+00
0.000000000000000000e+00 0.000000000000000000e+00 0.000000000000000000e+00 0.000000000000000000e+00 0.000000000000000000e+00 0.000000000000000000e+00 1.754965406452453462e-10 -3.570660591205793685e-09 1.265793325159352472e-09 8.060201726814460660e-10 -1.981579524508509907e-10 2.228534428632833187e-10 1.358839492467913248e-10 -2.321233430707140869e-11 -9.507468397331848522e-12 9.742771957922232662e-12 1.454518373460486245e-10 4.049292225237352385e-07 0.000000000000000000e+00 0.000000000000000000e+00
0.000000000000000000e+00 0.000000000000000000e+00 0.000000000000000000e+00 0.000000000000000000e+00 0.000000000000000000e+00 0.000000000000000000e+00 7.504640789572307765e-10 -3.511182374072300606e-09 1.368134869557724198e-09 8.814295517393253780e-10 -1.450326573613771582e-10 2.832785076457034165e-10 1.705838927235578797e-10 -6.170757144249724546e-12 -4.315467856459536969e-12 -7.586084732060710942e-12 2.138624254397232387e-10 5.029473669477461850e-07 0.000000000000000000e+00 0.000000000000000000e+00
0.000000000000000000e+00 0.000000000000000000e+00 0.000000000000000000e+00 0.000000000000000000e+00 0.000000000000000000e+00 0.000000000000000000e+00 1.577482569207761449e-09 -3.635278859694656794e-09 1.362151316542872645e-09 1.010233566816495443e-09 -2.116919438123896523e-10 2.017698314340951097e-10 1.149299864225192969e-10 -1.650275757216453236e-11 -7.091924335574119583e-13 -9.009754208480131296e-12 5.620268664053431189e-10 1.459802203304271018e+00 0.000000000000000000e+00 0.000000000000000000e+00
0.000000000000000000e+00 0.000000000000000000e+00 0.000000000000000000e+00 0.000000000000000000e+00 0.000000000000000000e+00 0.000000000000000000e+00 -9.818178331992881901e-11 2.977773096827447921e-10 -3.535222997092239852e-10 2.661273557434748276e-11 -8.527093005751256305e-11 4.599742735628486570e-11 -7.042794629930979502e-12 6.536295303675216413e-11 -1.691734716181346390e-11 -7.159843187056642638e-13 -3.254336812348453450e-10 -1.046147205763514896e-07 0.000000000000000000e+00 0.000000000000000000e+00
0.000000000000000000e+00 0.000000000000000000e+00 0.000000000000000000e+00 0.000000000000000000e+00 0.000000000000000000e+00 0.000000000000000000e+00 5.117029126843293402e-10 -1.054729693071543507e-09 -1.046199605222998550e-09 -4.730556869634759604e-10 -1.736689471751234666e-10 -7.814722833048751766e-12 -2.787594931229868551e-11 6.130701366376580343e-11 -5.072311415674365125e-11 5.614803443528580648e-06 -3.614340317557770055e-10 -1.018805984108289475e-07 0.000000000000000000e+00 0.000000000000000000e+00
0.000000000000000000e+00 0.000000000000000000e+00 0.000000000000000000e+00 0.000000000000000000e+00 0.000000000000000000e+00 0.000000000000000000e+00 -1.410575348460376779e-11 1.693805148751569720e-11 -1.864519389237726193e-10 -6.001310489307517004e-10 -3.887145357709157696e-10 -1.209394176989984211e-10 -1.735814473081734121e-11 -6.571184475283030060e-11 1.212204552119142446e-10 1.467936287516024732e-06 -4.451081277922542936e-10 -1.020924400835443352e-07 0.000000000000000000e+00 0.000000000000000000e+00
0.000000000000000000e+00 0.000000000000000000e+00 0.000000000000000000e+00 0.000000000000000000e+00 0.000000000000000000e+00 0.000000000000000000e+00 -3.697627495661424074e-11 -2.415644881103805287e-10 -3.428440818353838652e-10 -1.278630018058446572e-10 -8.254464015455975401e-11 1.242285548077013097e-10 -7.454527701441243097e-12 1.071755083511735224e-10 -1.817856373033100393e-11 -1.232814603668072997e-10 4.902115464359579384e-09 3.907369123258489729e+00 0.000000000000000000e+00 0.000000000000000000e+00
0.000000000000000000e+00 0.000000000000000000e+00 0.000000000000000000e+00 0.000000000000000000e+00 0.000000000000000000e+00 0.000000000000000000e+00 -1.409934843205624442e-11 -2.435504648176763700e-10 -3.777344318629801908e-10 -1.409896451280095258e-10 -5.826623928191058745e-11 1.377691087608623715e-10 -5.068004284502119205e-12 1.090447738306625273e-10 -2.679346327379888719e-11 -2.027801959533870606e-10 1.074790576073724136e-08 1.447462761766561856e+00 0.000000000000000000e+00 0.000000000000000000e+00
0.000000000000000000e+00 0.000000000000000000e+00 0.000000000000000000e+00 0.000000000000000000e+00 0.000000000000000000e+00 0.000000000000000000e+00 6.053126412085893540e-11 -2.012080168724720995e-10 -4.141789351682252436e-10 -1.443516881970439245e-10 1.482200088304021429e-11 1.418514666665917035e-10 -5.886246653783816513e-12 1.033680865776136570e-11 8.344267869598409961e-12 4.702685978393634769e-11 -3.484284261700115944e-07 1.968676754458804297e+13 0.000000000000000000e+00 0.000000000000000000e+00
0.000000000000000000e+00 0.000000000000000000e+00 0.000000000000000000e+00 0.000000000000000000e+00 0.000000000000000000e+00 0.000000000000000000e+00 3.701190743863032907e-11 5.099201046427876466e-11 3.793395210514298449e-11 3.273347944628960711e-11 3.978500600454079347e-11 5.160934834775897089e-11 3.715445416828271087e-11 1.920530219011893320e-11 7.551546560829649009e-12 5.065239291385425671e-11 4.951832806649902138e-10 3.240082297763425376e-10 0.000000000000000000e+00 0.000000000000000000e+00
0.000000000000000000e+00 0.000000000000000000e+00 0.000000000000000000e+00 0.000000000000000000e+00 0.000000000000000000e+00 0.000000000000000000e+00 6.548386432938768272e-13 2.741867651778616198e-12 -6.736730148621883372e-13 1.790968479343499870e-12 3.677564294751602012e-12 3.572889150948004770e-12 4.603179993851810643e-12 7.607053622407987198e-12 8.242401426461555151e-12 3.547925276105788932e-08 4.166781701537377395e-10 3.259797740236312386e-10 0.000000000000000000e+00 0.000000000000000000e+00
0.000000000000000000e+00 0.000000000000000000e+00 0.000000000000000000e+00 0.000000000000000000e+00 0.000000000000000000e+00 0.000000000000000000e+00 1.357747392488784989e-10 1.847900538531996182e-10 1.543542606498876758e-10 1.603285290975631626e-10 3.388224605594685940e-10 6.207868652018013368e-10 2.651176587720415703e-10 1.418518961010546803e-10 5.396952006478207425e-11 1.124463226341045377e-07 4.104135973250995679e-10 3.232478498602935709e-10 0.000000000000000000e+00 0.000000000000000000e+00
0.000000000000000000e+00 0.000000000000000000e+00 0.000000000000000000e+00 0.000000000000000000e+00 0.000000000000000000e+00 0.000000000000000000e+00 1.030858866166761259e-12 5.859894335497720131e-12 2.143776347600072669e-12 3.458073622919272909e-12 6.078025087636349994e-12 1.066034515947044166e-11 9.134637093016343383e-12 9.469008538536357770e-12 6.093136432339036778e-12 9.368428376573172083e-12 1.861517778167397519e-09 5.558835940744841220e-04 0.000000000000000000e+00 0.000000000000000000e+00
0.000000000000000000e+00 0.000000000000000000e+00 0.000000000000000000e+00 0.000000000000000000e+00 0.000000000000000000e+00 0.000000000000000000e+00 -3.847911858967342404e-13 2.826577240006722660e-12 1.106443409813625776e-13 1.414996146464250124e-12 3.130431983903191259e-12 5.809591157803005092e-12 5.746542414293802598e-12 8.215249120350241735e-12 7.428901744607662680e-12 9.461927960993493965e-12 2.754364336696719454e-09 -6.673919025085225942e-04 0.000000000000000000e+00 0.000000000000000000e+00
0.000000000000000000e+00 0.000000000000000000e+00 0.000000000000000000e+00 0.000000000000000000e+00 0.000000000000000000e+00 0.000000000000000000e+00 -4.834526213712360248e-13 1.310763961899649261e-12 -3.876501445344468701e-13 7.329408145093743501e-13 2.050005491398250081e-12 3.772808301007040075e-12 5.372972913762595825e-12 8.758408368562182851e-12 8.228786608744275873e-12 1.630858464781170846e-11 2.416341658192774457e-09 1.153573939620971680e+06 0.000000000000000000e+00 0.000000000000000000e+00
0.000000000000000000e+00 0.000000000000000000e+00 0.000000000000000000e+00 0.000000000000000000e+00 0.000000000000000000e+00 0.000000000000000000e+00 8.328824697452125400e-11 -1.397113604371485194e-09 -5.838599152681565709e-10 -2.143667561599314361e-10 -4.916478028385329048e-10 -1.051979901241592402e-10 -1.338311877714041680e-11 -5.565063148492447096e-12 -8.419189945894917257e-13 2.398477597456477619e-11 4.689865385831526956e-11 1.065256999105458826e-11 0.000000000000000000e+00 0.000000000000000000e+00
0.000000000000000000e+00 0.000000000000000000e+00 0.000000000000000000e+00 0.000000000000000000e+00 0.000000000000000000e+00 0.000000000000000000e+00 4.145679435490808019e-11 1.261588325244035876e-10 1.380382310867618780e-10 -5.862124996967011548e-11 5.395168323546759263e-11 -1.425164410269674773e-11 -1.726234363595591129e-12 -4.196149903029531717e-13 -5.825204723593979720e-12 -1.667469534453162869e-10 4.039213437314923909e-11 1.089319035616764823e-11 0.000000000000000000e+00 0.000000000000000000e+00
0.000000000000000000e+00 0.000000000000000000e+00 0.000000000000000000e+00 0.000000000000000000e+00 0.000000000000000000e+00 0.000000000000000000e+00 1.108786365476620118e-10 -2.846558445454882895e-09 -1.323842700324454030e-09 -4.073592284160813312e-10 -1.456166789227894436e-09 -3.850705785335816999e-10 -5.326739940075081368e-11 -1.504026972452077842e-11 -4.749747038387442192e-11 3.497208275101227048e-12 4.326957058722900395e-11 1.085155935581087624e-11 0.000000000000000000e+00 0.000000000000000000e+00
0.000000000000000000e+00 0.000000000000000000e+00 0.000000000000000000e+00 0.000000000000000000e+00 0.000000000000000000e+00 0.000000000000000000e+00 -1.531992070660138073e-10 -4.898241460336789790e-11 -2.401893021448326795e-11 -6.090753860075122903e-11 -1.181963398355068602e-10 -3.609572605003674154e-11 1.318457738497355176e-12 -2.044241779562087675e-12 -1.733109180839924813e-12 3.920362739547919900e-12 1.467288638500426728e-11 1.399850205147958895e-08 0.000000000000000000e+00 0.000000000000000000e+00
0.000000000000000000e+00 0.000000000000000000e+00 0.000000000000000000e+00 0.000000000000000000e+00 0.000000000000000000e+00 0.000000000000000000e+00 -5.874387450358034097e-11 8.734432624428789815e-11 7.005060556170773545e-11 -3.640807633562837300e-11 -5.265530541730678966e-11 -2.017315361540589760e-11 4.356773803508789083e-12 -4.801357196525240883e-13 2.520113692357614876e-12 -3.556382618608656659e-12 1.083245737861898199e-12 1.495880454922731889e-08 0.000000000000000000e+00 0.000000000000000000e+00
0.000000000000000000e+00 0.000000000000000000e+00 0.000000000000000000e+00 0.000000000000000000e+00 0.000000000000000000e+00 0.000000000000000000e+00 4.879673511040964264e-11 1.204280735700644539e-10 1.241597541346563840e-10 -2.486220480542175368e-11 -9.298043328706247491e-12 -5.705480742856022397e-12 2.221122687901118042e-12 -9.604295052177875424e-13 1.875076183397510050e-12 -2.657790784242607760e-12 9.846387119562058883e-13 -1.613350771166246339e-02 0.000000000000000000e+00 0.000000000000000000e+00
0.000000000000000000e+00 0.000000000000000000e+00 0.000000000000000000e+00 0.000000000000000000e+00 0.000000000000000000e+00 0.000000000000000000e+00 -2.721739134364505389e-09 -6.540378733739145509e-09 -1.798322583638137994e-09 -8.387776936300075897e-10 -1.679242287361841181e-09 -3.074903884710905585e-10 1.573037201364585035e-10 1.716015754385241071e-11 -4.843672015931835087e-12 -5.058372163274137675e-11 -5.479080824709896638e-11 -3.123144063754908479e-11 0.000000000000000000e+00 0.000000000000000000e+00
0.000000000000000000e+00 0.000000000000000000e+00 0.000000000000000000e+00 0.000000000000000000e+00 0.000000000000000000e+00 0.000000000000000000e+00 6.111271574051297680e-10 -1.995613636275331826e-09 4.222999431795199106e-10 -5.302788514350945649e-10 -5.396887559723638880e-11 -9.206498603349948275e-11 1.340716443158404615e-10 2.261921274942095224e-11 3.086668504549739904e-12 3.901908033581330713e-10 -3.132342223195573138e-11 -2.511912322915734185e-11 0.000000000000000000e+00 0.000000000000000000e+00
0.000000000000000000e+00 0.000000000000000000e+00 0.000000000000000000e+00 0.000000000000000000e+00 0.000000000000000000e+00 0.000000000000000000e+00 -5.881848282416652931e-09 -1.098242475856747116e-08 -4.127405084142189554e-09 -1.275031333894051603e-09 -4.602304742746785718e-09 -9.507695449359261300e-10 1.719075561454738394e-10 1.018412400131522226e-10 -4.712464187342929357e-11 -1.739694970638029821e-10 -3.418413204336988005e-11 -2.686049589805293009e-11 0.000000000000000000e+00 0.000000000000000000e+00
0.000000000000000000e+00 0.000000000000000000e+00 0.000000000000000000e+00 0.000000000000000000e+00 0.000000000000000000e+00 0.000000000000000000e+00 -1.267634446093138562e-09 -2.050131895416952895e-09 2.106693121423886200e-10 -3.063876457888444284e-10 -6.445558778346596821e-10 -1.340857820052893617e-10 1.620220644100180257e-10 7.605174991120823640e-12 -8.676582006494290829e-12 -2.766501224282088771e-11 7.376288652065747359e-11 -9.374583218578369078e-08 0.000000000000000000e+00 0.000000000000000000e+00
0.000000000000000000e+00 0.000000000000000000e+00 0.000000000000000000e+00 0.000000000000000000e+00 0.000000000000000000e+00 0.000000000000000000e+00 -3.941169809875399851e-10 -1.397100567058591154e-09 3.525598614794817165e-10 -2.316295399695140503e-10 -4.151248593031112402e-10 -8.748695250521315875e-11 1.579778920924869397e-10 -1.967566031580905513e-13 -3.682423613117709279e-12 -1.539622589006125912e-11 1.093737043666117452e-10 -7.328352811589126429e-08 0.000000000000000000e+00 0.000000000000000000e+00
0.000000000000000000e+00 0.000000000000000000e+00 0.000000000000000000e+00 0.000000000000000000e+00 0.000000000000000000e+00 0.000000000000000000e+00 3.375894093842892253e-10 -1.093424195245184096e-09 3.427508589897493102e-10 -2.082261982119390310e-10 -1.746604425403969949e-10 -2.837550326965248038e-11 1.291004475924744258e-10 -2.815726610264453985e-11 -4.940270536724036952e-12 1.370653294060650369e-11 -2.731248264461789510e-11 8.690632075127441292e-02 0.000000000000000000e+00 0.000000000000000000e+00
0.000000000000000000e+00 0.000000000000000000e+00 0.000000000000000000e+00 0.000000000000000000e+00 0.000000000000000000e+00 0.000000000000000000e+00 2.425080461579212457e-11 -1.821282632936617653e-10 -9.376069645996993128e-11 4.714632726386747409e-11 -1.562194610882280893e-10 -9.099038050069411819e-11 -6.884931434348446641e-11 -2.483422148283740506e-11 6.294773563567151729e-12 -1.943031987604864760e-11 -1.142591952288810701e-09 -2.037570021720151896e-08 0.000000000000000000e+00 0.000000000000000000e+00
0.000000000000000000e+00 0.000000000000000000e+00 0.000000000000000000e+00 0.000000000000000000e+00 0.000000000000000000e+00 0.000000000000000000e+00 4.279692581899863726e-10 -2.043609354361236716e-11 -1.069000319388500072e-10 -4.661811781631744502e-11 -3.622848298353585635e-10 -2.574457663620683137e-11 1.939601589211685208e-11 -5.173101652612058077e-11 6.330520231174085804e-11 4.099842540571336911e-07 -1.305585892079347526e-09 -2.048224864167431635e-08 0.000000000000000000e+00 0.000000000000000000e+00
0.000000000000000000e+00 0.000000000000000000e+00 0.000000000000000000e+00 0.000000000000000000e+00 0.000000000000000000e+00 0.000000000000000000e+00 2.212913142317685775e-10 -1.971565152233188925e-10 2.459006288880346610e-10 1.942886777760056501e-10 -1.769953511584329215e-10 -1.337739621537978916e-10 -9.881032473802914001e-11 -2.207805118924977438e-10 2.318863958634092427e-10 1.016209501922394483e-05 -1.502183710249411975e-09 -1.994945600391598413e-08 0.000000000000000000e+00 0.000000000000000000e+00
0.000000000000000000e+00 0.000000000000000000e+00 0.000000000000000000e+00 0.000000000000000000e+00 0.000000000000000000e+00 0.000000000000000000e+00 6.409654114412134905e-11 3.663217980797566501e-10 5.853904154959250674e-11 -7.839175495432020308e-11 -3.078037467013752208e-10 -1.775105485596435344e-11 -2.978781015221133061e-11 -4.526390419733132695e-11 8.553493191345324732e-12 2.094259018194292515e-11 -8.502895610741614112e-10 2.319313418589901143e+00 0.000000000000000000e+00 0.000000000000000000e+00
0.000000000000000000e+00 0.000000000000000000e+00 0.000000000000000000e+00 0.000000000000000000e+00 0.000000000000000000e+00 0.000000000000000000e+00 9.548368776441342886e-11 3.915718940986318201e-10 8.335331603964181964e-11 -8.992595858466502126e-11 -3.093746932066493384e-10 -6.296692133382867559e-12 -2.762070025168559313e-11 -5.652664527837608008e-11 2.487271515849577647e-12 2.475785252487588152e-11 -2.331427742055829143e-09 2.450446596629625606e+00 0.000000000000000000e+00 0.000000000000000000e+00
0.000000000000000000e+00 0.000000000000000000e+00 0.000000000000000000e+00 0.000000000000000000e+00 0.000000000000000000e+00 0.000000000000000000e+00 1.191683885221749391e-10 3.761450429615810821e-10 8.789345493058979222e-11 -8.977348237002341187e-11 -2.496775877342461410e-10 -9.528685663060542681e-12 -5.477591362766518186e-11 -4.231874335827588608e-11 -3.611964221729353208e-12 -4.877844571453528514e-11 -1.202980706113030415e-07 -4.104002224714245605e+11 0.000000000000000000e+00 0.000000000000000000e+00
0.000000000000000000e+00 0.000000000000000000e+00 0.000000000000000000e+00 0.000000000000000000e+00 0.000000000000000000e+00 0.000000000000000000e+00 8.775264492472251806e-12 5.251567084904617373e-12 2.959695424943819356e-12 1.846543025583003656e-12 6.429370382214612264e-13 7.220562090384119974e-13 3.604963404935184064e-13 3.034437656825316842e-13 1.668578584383559214e-13 5.690264974212475260e-13 1.167711068540973085e-11 7.425890743843961943e-11 0.000000000000000000e+00 0.000000000000000000e+00
0.000000000000000000e+00 0.000000000000000000e+00 0.000000000000000000e+00 0.000000000000000000e+00 0.000000000000000000e+00 0.000000000000000000e+00 6.953203727947961871e-13 7.520143744925649271e-13 7.367745459875816146e-13 -7.047872617605771757e-13 4.356937927932514231e-13 7.852090490706947929e-13 3.210272814241988066e-13 2.748505073029963503e-13 2.048513131160316852e-13 7.309813656122611743e-10 1.029194848497529282e-11 7.833134986146554215e-11 0.000000000000000000e+00 0.000000000000000000e+00
0.000000000000000000e+00 0.000000000000000000e+00 0.000000000000000000e+00 0.000000000000000000e+00 0.000000000000000000e+00 0.000000000000000000e+00 3.380174460016803514e-11 1.984920273147228665e-11 1.218398607520083831e-11 8.684976006893767784e-12 7.750515907133227185e-12 7.080302696741696768e-12 2.358328843836433556e-12 1.402198051060079926e-12 9.242468072509836578e-13 1.645851916800054623e-09 1.063552982815376373e-11 7.968154625227951806e-11 0.000000000000000000e+00 0.000000000000000000e+00
0.000000000000000000e+00 0.000000000000000000e+00 0.000000000000000000e+00 0.000000000000000000e+00 0.000000000000000000e+00 0.000000000000000000e+00 -7.862416421030486954e-15 2.179893869001965279e-13 -2.368677967978109019e-13 1.114581133911913184e-13 1.273006127207439537e-13 5.226322535827816163e-13 2.591847939077982857e-13 2.520837625848686332e-13 1.653184987938617045e-13 3.858855100972805574e-13 1.734441188238779226e-10 -5.082640540256984363e-04 0.000000000000000000e+00 0.000000000000000000e+00
0.000000000000000000e+00 0.000000000000000000e+00 0.000000000000000000e+00 0.000000000000000000e+00 0.000000000000000000e+00 0.000000000000000000e+00 -8.678122718705408924e-14 2.547381350594560267e-13 -2.813925581520072431e-13 9.197852414272214480e-14 1.848289603395748237e-13 5.243528868050745138e-13 3.045348774553694300e-13 2.682976740576541252e-13 1.824289462346634118e-13 6.515602865916089384e-13 2.908983259307396776e-10 -1.617110815332306606e-03 0.000000000000000000e+00 0.000000000000000000e+00
0.000000000000000000e+00 0.000000000000000000e+00 0.000000000000000000e+00 0.000000000000000000e+00 0.000000000000000000e+00 0.000000000000000000e+00 -1.267510815544342302e-13 4.165401561318586253e-13 -3.001196667050759855e-13 6.461234040314182175e-14 2.192036508024086148e-13 4.610271510781510435e-13 3.835751413040874032e-13 3.314336294373366897e-13 2.120003971419925682e-13 5.601427460006916451e-13 8.617714274078764950e-10 2.886295318641662598e+05 0.000000000000000000e+00 0.000000000000000000e+00
0.000000000000000000e+00 0.000000000000000000e+00 0.000000000000000000e+00 0.000000000000000000e+00 0.000000000000000000e+00 0.000000000000000000e+00 1.809749777517967420e-10 -5.085904470057177870e-10 1.499237922610346033e-10 1.100330338883178352e-11 -4.507247476099858239e-11 -2.556761319596080656e-11 5.307438772889294733e-12 -2.269462804363458819e-12 9.028320359477289284e-14 2.877527875215163231e-12 5.956680894835182537e-12 7.164405324743897421e-12 0.000000000000000000e+00 0.000000000000000000e+00
0.000000000000000000e+00 0.000000000000000000e+00 0.000000000000000000e+00 0.000000000000000000e+00 0.000000000000000000e+00 0.000000000000000000e+00 -1.579125958510822348e-10 -1.360296219598424194e-10 8.228808705862232403e-11 -6.103622790959052622e-11 -5.603435271970182315e-12 -4.715447006506035497e-11 -8.671493585356790271e-12 2.775706286007458377e-12 -7.652839017764011385e-13 -2.383539301873081511e-11 6.151510785257813413e-12 7.140284489940600144e-12 0.000000000000000000e+00 0.000000000000000000e+00
0.000000000000000000e+00 0.000000000000000000e+00 0.000000000000000000e+00 0.000000000000000000e+00 0.000000000000000000e+00 0.000000000000000000e+00 4.950319285875171504e-10 -8.729438062491479627e-10 2.230637187706940680e-10 1.037617387723608271e-10 -8.447708082134108876e-11 9.189878538068727848e-12 2.220787193820093850e-11 -8.727952764233309075e-12 -6.553696184163016139e-12 1.110679231353931881e-11 6.492624527483852574e-12 7.064916458294483840e-12 0.000000000000000000e+00 0.000000000000000000e+00
0.000000000000000000e+00 0.000000000000000000e+00 0.000000000000000000e+00 0.000000000000000000e+00 0.000000000000000000e+00 0.000000000000000000e+00 -5.400029127689954459e-11 -1.016817446802636713e-10 7.733310684851374511e-11 -5.859869245570228223e-11 -1.312319450131965006e-11 -4.027927509655217590e-11 -3.336495645257987698e-12 1.028586608787880211e-12 1.141526208160776729e-13 5.862208280605693487e-13 6.896840863818960506e-12 -1.042094124653538521e-08 0.000000000000000000e+00 0.000000000000000000e+00
0.000000000000000000e+00 0.000000000000000000e+00 0.000000000000000000e+00 0.000000000000000000e+00 0.000000000000000000e+00 0.000000000000000000e+00 -5.480491895151410735e-11 -6.919252562421658455e-11 5.451328235587339339e-11 -5.932242892939227158e-11 -1.292302025214377037e-11 -4.244616474117580249e-11 -4.555804021142698008e-12 1.835752704892691405e-12 7.442479346676696712e-13 -2.927043584881173309e-13 7.954747914379912752e-12 -3.648700935805010262e-09 0.000000000000000000e+00 0.000000000000000000e+00
0.000000000000000000e+00 0.000000000000000000e+00 0.000000000000000000e+00 0.000000000000000000e+00 0.000000000000000000e+00 0.000000000000000000e+00 -3.860162519536450795e-11 -6.759308057767633129e-11 3.565030830106458914e-11 -5.226372940812355011e-11 -2.249842047420029411e-11 -3.926582195358563803e-11 -2.549476272125853149e-12 -1.169786396052195252e-12 -6.023278945440661371e-15 2.649380228299373547e-13 1.584384213988953303e-11 3.378679359633233884e-04 0.000000000000000000e+00 0.000000000000000000e+00
0.000000000000000000e+00 0.000000000000000000e+00 0.000000000000000000e+00 0.000000000000000000e+00 0.000000000000000000e+00 0.000000000000000000e+00 -2.365725892963112484e-10 -6.418874590211950100e-10 -2.432035544105159029e-10 2.192452406955596958e-10 -1.548305166933071535e-10 -4.105258400622518220e-11 -5.107822268226728934e-12 1.455332486058421457e-11 -8.721407080316561641e-12 -1.144982592025701944e-12 -8.137468214641555094e-12 3.712647297147746018e-11 0.000000000000000000e+00 0.000000000000000000e+00
0.000000000000000000e+00 0.000000000000000000e+00 0.000000000000000000e+00 0.000000000000000000e+00 0.000000000000000000e+00 0.000000000000000000e+00 -7.368436440091855001e-10 1.732081941135022534e-10 -8.318088656714140557e-11 2.724483004537943353e-10 -1.327567346229012555e-10 -7.419254189808785722e-11 -5.827791851280436984e-11 1.586281155965643541e-11 -7.615312602435315525e-12 6.285220373133547288e-11 -6.933531029135832005e-12 3.076610139703774904e-11 0.000000000000000000e+00 0.000000000000000000e+00
0.000000000000000000e+00 0.000000000000000000e+00 0.000000000000000000e+00 0.000000000000000000e+00 0.000000000000000000e+00 0.000000000000000000e+00 2.245235570731739694e-10 -1.408662215946293190e-09 -3.661130845721504249e-10 2.082531606364806557e-10 -4.002828640103690565e-11 -5.864594071840090255e-11 7.639664338367668623e-11 3.841424902788232787e-12 -3.514557359581426588e-11 -1.962501913307748070e-11 -1.254163349437791727e-11 2.927489261561654934e-11 0.000000000000000000e+00 0.000000000000000000e+00
0.000000000000000000e+00 0.000000000000000000e+00 0.000000000000000000e+00 0.000000000000000000e+00 0.000000000000000000e+00 0.000000000000000000e+00 -5.115982270419095325e-10 -1.388397771131634028e-10 -2.904993850666741426e-11 1.506571603596772219e-10 -1.813077888759891103e-10 -4.490864751965518245e-11 -3.284325913783233703e-11 1.753284865139236589e-11 -6.826905334294977011e-12 2.662898486568386854e-12 3.302739651055160718e-11 6.063060827017861819e-08 0.000000000000000000e+00 0.000000000000000000e+00
0.000000000000000000e+00 0.000000000000000000e+00 0.000000000000000000e+00 0.000000000000000000e+00 0.000000000000000000e+00 0.000000000000000000e+00 -4.041301081278772781e-10 -7.268238734012316433e-11 -8.642829359015729018e-11 1.550007765189548052e-10 -2.038556402640746167e-10 -4.909295143669277509e-11 -3.969767937739311568e-11 1.839873748388866776e-11 -5.484280776879823050e-12 2.222698380726034280e-12 3.906968357039149532e-11 2.494648112199590378e-08 0.000000000000000000e+00 0.000000000000000000e+00
0.000000000000000000e+00 0.000000000000000000e+00 0.000000000000000000e+00 0.000000000000000000e+00 0.000000000000000000e+00 0.000000000000000000e+00 -2.813189359115268011e-10 -4.535890661496588266e-11 -1.691106527578898766e-10 1.634467851673692053e-10 -2.451920306156558516e-10 -5.903267219610238956e-11 -4.142294708651598914e-11 1.816113763229790611e-11 -1.763756443882754124e-12 -1.613167845020995332e-11 -8.740488511282359602e-11 -2.597356782745728343e-01 0.000000000000000000e+00 0.000000000000000000e+00
0.000000000000000000e+00 0.000000000000000000e+00 0.000000000000000000e+00 0.000000000000000000e+00 0.000000000000000000e+00 0.000000000000000000e+00 2.223757888292823335e-10 -5.634447116111818412e-10 -1.598748269445839533e-10 -1.585366712707219975e-10 -1.116525638496253215e-11 -6.295984314037558862e-11 -8.615003803380654567e-12 3.225645342986367327e-13 -3.147453131029485456e-13 -2.627926543985261632e-11 1.779715282175638527e-11 -5.254304294041683701e-08 0.000000000000000000e+00 0.000000000000000000e+00
0.000000000000000000e+00 0.000000000000000000e+00 0.000000000000000000e+00 0.000000000000000000e+00 0.000000000000000000e+00 0.000000000000000000e+00 7.146564922238990073e-11 -3.126978834019549408e-10 -2.768068812792785096e-10 -2.623379610988995765e-10 1.982362129740058848e-10 1.256182722786955459e-11 -4.185774528488551548e-11 -3.104183049597978298e-11 -5.637890728143437321e-12 -1.189116849889638282e-06 -3.653500639211562801e-11 -5.236686594788362312e-08 0.000000000000000000e+00 0.000000000000000000e+00
0.000000000000000000e+00 0.000000000000000000e+00 0.000000000000000000e+00 0.000000000000000000e+00 0.000000000000000000e+00 0.000000000000000000e+00 3.436588369476959737e-10 -3.819386835365847453e-10 -2.520921134912737622e-10 -4.868835734250284088e-11 -9.388360040729056047e-12 1.706893888099008447e-11 1.039492295585092876e-10 9.338115625447353348e-11 -9.042407621662701894e-11 -4.584102838266558090e-06 -6.735295345172658692e-11 -5.223901728240602984e-08 0.000000000000000000e+00 0.000000000000000000e+00
0.000000000000000000e+00 0.000000000000000000e+00 0.000000000000000000e+00 0.000000000000000000e+00 0.000000000000000000e+00 0.000000000000000000e+00 7.079254872180200400e-12 -1.596869301406618225e-10 -1.306334719192479725e-10 -1.894495206211512832e-10 2.414288771842728004e-11 -7.790991158259907289e-11 -2.900560572935555909e-11 -1.445792416902616850e-11 -2.445429999028277665e-12 3.390532878705876315e-12 1.705232302832020975e-09 2.005056252053462051e-01 0.000000000000000000e+00 0.000000000000000000e+00
0.000000000000000000e+00 0.000000000000000000e+00 0.000000000000000000e+00 0.000000000000000000e+00 0.000000000000000000e+00 0.000000000000000000e+00 2.106015757617148890e-11 -1.781243540715017966e-10 -1.351383401765644768e-10 -1.950639500615510412e-10 2.082767298591823393e-11 -7.472826252817272347e-11 -3.962766496077026723e-11 -1.731460767144848483e-11 -2.060013874771734945e-12 1.592516049764645291e-11 3.676914634424651880e-10 -8.812606517514873228e-02 0.000000000000000000e+00 0.000000000000000000e+00
0.000000000000000000e+00 0.000000000000000000e+00 0.000000000000000000e+00 0.000000000000000000e+00 0.000000000000000000e+00 0.000000000000000000e+00 4.498971209757733960e-11 -2.199952909862974093e-10 -1.375503444719778038e-10 -1.969344941615650287e-10 1.247144834746424309e-11 -5.606185029777372420e-11 -5.542848370754056213e-11 -1.132142281354072210e-11 -6.550427592782176886e-12 2.245091757549011869e-11 -3.528151999259663796e-08 6.513055606380972900e+11 0.000000000000000000e+00 0.000000000000000000e+00
0.000000000000000000e+00 0.000000000000000000e+00 0.000000000000000000e+00 0.000000000000000000e+00 0.000000000000000000e+00 0.000000000000000000e+00 6.657316563350838663e-09 4.463549730341953358e-09 3.094965111270943207e-09 1.479010957945166498e-09 1.742446033481802561e-09 1.323000400396501794e-09 1.040776031494950177e-09 6.750298341204163414e-10 5.539656528126709841e-10 6.140150943568724330e-10 2.735830838908053422e-09 1.548960316668081517e-08 0.000000000000000000e+00 0.000000000000000000e+00
0.000000000000000000e+00 0.000000000000000000e+00 0.000000000000000000e+00 0.000000000000000000e+00 0.000000000000000000e+00 0.000000000000000000e+00 1.064388184127791359e-08 8.149452113048330034e-09 5.963089273244201728e-09 2.812379945561897818e-09 3.869626786606075854e-09 2.581676587664429516e-09 1.147679647817189067e-09 7.850963296804833902e-10 6.897150395712812876e-10 2.390449214823906223e-07 3.564063738929635223e-09 1.613412147132193413e-08 0.000000000000000000e+00 0.000000000000000000e+00
0.000000000000000000e+00 0.000000000000000000e+00 0.000000000000000000e+00 0.000000000000000000e+00 0.000000000000000000e+00 0.000000000000000000e+00 4.163138449746401396e-09 2.335514029512352519e-09 1.734018314550027618e-09 1.029856400965041313e-09 1.984509388463012992e-09 2.499536477883391502e-09 9.883224212195576459e-10 8.031840779845191089e-10 8.156485523572216828e-10 3.185535594031333106e-07 2.630461559721111046e-09 1.596935669989185951e-08 0.000000000000000000e+00 0.000000000000000000e+00
0.000000000000000000e+00 0.000000000000000000e+00 0.000000000000000000e+00 0.000000000000000000e+00 0.000000000000000000e+00 0.000000000000000000e+00 4.691246273312516766e-09 3.495101706770932586e-09 2.521188329958597813e-09 1.169746961052351915e-09 1.489994504038323387e-09 1.254353057045018753e-09 1.050943605578077160e-09 6.663959684525199522e-10 5.638116804756384454e-10 9.733440058957202046e-10 4.582386026519265744e-08 8.539585998727644567e-03 0.000000000000000000e+00 0.000000000000000000e+00
0.000000000000000000e+00 0.000000000000000000e+00 0.000000000000000000e+00 0.000000000000000000e+00 0.000000000000000000e+00 0.000000000000000000e+00 4.401946921599853759e-09 3.337266334362514138e-09 2.420928518456121833e-09 1.112979113364585868e-09 1.434481058512784432e-09 1.243386163036967605e-09 1.047367824192572049e-09 6.624094409237086382e-10 5.513802226921481845e-10 1.258882803847387803e-09 7.504905287809396564e-08 1.681930224708294216e-02 0.000000000000000000e+00 0.000000000000000000e+00
0.000000000000000000e+00 0.000000000000000000e+00 0.000000000000000000e+00 0.000000000000000000e+00 0.000000000000000000e+00 0.000000000000000000e+00 4.252154802479452714e-09 3.249239504900949266e-09 2.356996437396111006e-09 1.071341452979086831e-09 1.378843412620631698e-09 1.240897756079126958e-09 1.019684033417313171e-09 6.622783167400669104e-10 5.621518536275107630e-10 2.050874949948046334e-09 4.930623462487978984e-08 8.978478663476943970e+06 0.000000000000000000e+00 0.000000000000000000e+00
0.000000000000000000e+00 0.000000000000000000e+00 0.000000000000000000e+00 0.000000000000000000e+00 0.000000000000000000e+00 0.000000000000000000e+00 1.006769891558346685e-08 2.991942440308236470e-09 -3.287335938306372564e-09 8.957478821945753054e-10 -1.640333436036806750e-09 2.002565489235118818e-10 -1.240182720779687128e-10 1.156319275103244259e-10 9.332800652987880929e-12 1.880183985873697536e-11 -6.693753379181874754e-12 -5.302451535198982221e-12 0.000000000000000000e+00 0.000000000000000000e+00
0.000000000000000000e+00 0.000000000000000000e+00 0.000000000000000000e+00 0.000000000000000000e+00 0.000000000000000000e+00 0.000000000000000000e+00 1.394113343822729016e-08 3.658003876387791496e-09 -3.701778248012732773e-09 8.951681973085545331e-10 -2.370383387883973809e-09 4.010793688374356066e-10 -1.598138452515287753e-10 1.271693421573350841e-10 4.921819517794929156e-12 2.680608749711324781e-12 -7.206856616584543864e-12 -5.703048485636495723e-12 0.000000000000000000e+00 0.000000000000000000e+00
0.000000000000000000e+00 0.000000000000000000e+00 0.000000000000000000e+00 0.000000000000000000e+00 0.000000000000000000e+00 0.000000000000000000e+00 6.635541886626469979e-09 2.450722334094995910e-09 -3.124237420630173118e-09 9.378544034583184562e-10 -1.685569685646954443e-09 9.766812458708320667e-12 -1.590852730320043886e-10 1.405514797609629977e-10 -6.732465497666373075e-15 4.623886269587063631e-11 -5.630082596017934016e-12 -5.231171564025065693e-12 0.000000000000000000e+00 0.000000000000000000e+00
0.000000000000000000e+00 0.000000000000000000e+00 0.000000000000000000e+00 0.000000000000000000e+00 0.000000000000000000e+00 0.000000000000000000e+00 9.176407376963287693e-09 2.328761428877635117e-09 -2.499585988662910281e-09 6.823776568608682837e-10 -1.464068920057177452e-09 2.276493141997943247e-10 -1.254194835093662766e-10 1.148152357998719746e-10 9.259401271355479213e-12 2.518872286057527811e-11 -2.195241512067522823e-11 5.836523993198205551e-09 0.000000000000000000e+00 0.000000000000000000e+00
0.000000000000000000e+00 0.000000000000000000e+00 0.000000000000000000e+00 0.000000000000000000e+00 0.000000000000000000e+00 0.000000000000000000e+00 8.997107778682100486e-09 2.269283473925709226e-09 -2.403160377628358867e-09 6.507704681851652630e-10 -1.427959526702819898e-09 2.396239436625525456e-10 -1.225590567891195114e-10 1.141582609949053761e-10 9.477827589380343935e-12 2.843717977437591694e-11 -2.792766562869778470e-11 6.793606004708257908e-09 0.000000000000000000e+00 0.000000000000000000e+00
0.000000000000000000e+00 0.000000000000000000e+00 0.000000000000000000e+00 0.000000000000000000e+00 0.000000000000000000e+00 0.000000000000000000e+00 8.889766495947966974e-09 2.260504383419254326e-09 -2.366806334198337835e-09 6.342609659301597363e-10 -1.397657875547257373e-09 2.617269578870873122e-10 -1.091807331562742776e-10 1.129524979384704440e-10 8.174477411595523480e-12 3.190718699420852822e-11 -3.840392286315052933e-11 -7.038389415643915917e-04 0.000000000000000000e+00 0.000000000000000000e+00
0.000000000000000000e+00 0.000000000000000000e+00 0.000000000000000000e+00 0.000000000000000000e+00 0.000000000000000000e+00 0.000000000000000000e+00 8.380158445311553505e-08 -1.445230370323752057e-08 -5.631729857726988893e-09 7.624994431733609922e-09 2.786675088834935115e-09 5.683237982222635762e-10 -1.863440088824437090e-09 4.928319146407951579e-10 1.182272203712687601e-10 4.394268496125138132e-11 1.912710596317910131e-10 -8.918555489808233097e-11 0.000000000000000000e+00 0.000000000000000000e+00
0.000000000000000000e+00 0.000000000000000000e+00 0.000000000000000000e+00 0.000000000000000000e+00 0.000000000000000000e+00 0.000000000000000000e+00 1.151156557579909537e-07 -2.695028109990931294e-08 -4.388890571752885038e-09 8.569910377637767249e-09 4.290377605086839289e-09 5.698910881061924039e-10 -2.065049356525921727e-09 5.471944040312195368e-10 1.866750596578879602e-10 -1.502248811822890932e-10 2.073777384574168281e-10 -8.761534318448660604e-11 0.000000000000000000e+00 0.000000000000000000e+00
0.000000000000000000e+00 0.000000000000000000e+00 0.000000000000000000e+00 0.000000000000000000e+00 0.000000000000000000e+00 0.000000000000000000e+00 5.607914097565322646e-08 -3.177546206056363412e-09 -6.747009743128976030e-09 7.802139401831441486e-09 3.470832490653856728e-09 8.236944059390083529e-10 -1.841415046771744346e-09 4.569157835088493685e-10 2.553014215330908141e-10 5.052972504560670384e-09 1.962096962528632382e-10 -7.346946259052586033e-11 0.000000000000000000e+00 0.000000000000000000e+00
0.000000000000000000e+00 0.000000000000000000e+00 0.000000000000000000e+00 0.000000000000000000e+00 0.000000000000000000e+00 0.000000000000000000e+00 7.578119853225970062e-08 -1.715946603937346428e-08 -3.532221417756544056e-09 6.032393823557357379e-09 2.771529744153983910e-09 4.346285850520758081e-10 -1.900225880556777765e-09 4.973168588314207180e-10 1.150424306433357840e-10 3.651658667057061110e-11 9.198359901354851778e-10 -2.149421101786826278e-07 0.000000000000000000e+00 0.000000000000000000e+00
0.000000000000000000e+00 0.000000000000000000e+00 0.000000000000000000e+00 0.000000000000000000e+00 0.000000000000000000e+00 0.000000000000000000e+00 7.425019220766918672e-08 -1.736961218385315799e-08 -3.313834087547505998e-09 5.703776269980975316e-09 2.751817927404843869e-09 4.162729937312485121e-10 -1.894593780351613442e-09 4.983141973682318271e-10 1.120057105672591656e-10 1.965747612120836174e-11 1.131265936750226856e-09 -2.571781556948762978e-07 0.000000000000000000e+00 0.000000000000000000e+00
0.000000000000000000e+00 0.000000000000000000e+00 0.000000000000000000e+00 0.000000000000000000e+00 0.000000000000000000e+00 0.000000000000000000e+00 7.336332179540591156e-08 -1.737474643596968785e-08 -3.260555018061991412e-09 5.465622622292967074e-09 2.722647495849499196e-09 4.280370502919667799e-10 -1.838469298082190585e-09 4.918032851469055710e-10 9.941382745635527392e-11 -4.559422985382711105e-11 5.871860723146407621e-10 -2.970831186576142202e-02 0.000000000000000000e+00 0.000000000000000000e+00
0.000000000000000000e+00 0.000000000000000000e+00 0.000000000000000000e+00 0.000000000000000000e+00 0.000000000000000000e+00 0.000000000000000000e+00 1.303067159121818578e-10 -1.700884033136034343e-11 -1.460360185164642606e-10 9.612262862437197075e-11 7.720350612279778940e-11 8.759092813661297278e-11 -2.387449871652418942e-11 -3.060068610306782216e-12 5.585991023853371905e-11 -1.232801615127748151e-10 7.452954480024231320e-10 4.674155357644413706e-09 0.000000000000000000e+00 0.000000000000000000e+00
0.000000000000000000e+00 0.000000000000000000e+00 0.000000000000000000e+00 0.000000000000000000e+00 0.000000000000000000e+00 0.000000000000000000e+00 5.799648801919072003e-10 -1.259219266604962003e-10 -1.246679046773310279e-10 -1.080302317220048675e-11 3.001150937008673649e-10 -7.294804389526302605e-10 6.027513892812907418e-12 -1.367155874912771054e-10 2.382119603984795691e-10 -6.391762825916382161e-07 1.109271308788084791e-10 5.795338057747437481e-09 0.000000000000000000e+00 0.000000000000000000e+00
0.000000000000000000e+00 0.000000000000000000e+00 0.000000000000000000e+00 0.000000000000000000e+00 0.000000000000000000e+00 0.000000000000000000e+00 5.215391231000558515e-10 -1.210463226449376093e-11 -1.107008295596014977e-10 1.155157794778466060e-10 -3.106462388604963661e-10 -9.413680579545174537e-10 -8.544226703517319157e-10 -3.827065299195990423e-12 5.253779943621896307e-10 5.766781512717696707e-05 -8.124701028281799832e-11 6.232866128649986782e-09 0.000000000000000000e+00 0.000000000000000000e+00
0.000000000000000000e+00 0.000000000000000000e+00 0.000000000000000000e+00 0.000000000000000000e+00 0.000000000000000000e+00 0.000000000000000000e+00 1.677413239528510434e-11 -1.361012610552513204e-10 -2.417786931106684999e-10 1.498774489866192400e-10 1.088520319494513039e-10 -1.882811537533349889e-11 3.891352886292752539e-11 -8.902485110304065666e-12 6.470724809529124839e-11 4.418294037289967671e-12 3.072240647495748055e-10 -2.748211139514201151e-01 0.000000000000000000e+00 0.000000000000000000e+00
0.000000000000000000e+00 0.000000000000000000e+00 0.000000000000000000e+00 0.000000000000000000e+00 0.000000000000000000e+00 0.000000000000000000e+00 2.462185499010599838e-11 -1.323398306598153214e-10 -2.133005039537132053e-10 1.354239288049839722e-10 1.326137488452305854e-10 -1.654004038345911415e-11 5.271550188601075822e-11 -2.605180015672868556e-12 5.606142258834574767e-11 5.646312833556599821e-11 -2.043632808835599989e-09 -4.317391249379303186e-01 0.000000000000000000e+00 0.000000000000000000e+00
0.000000000000000000e+00 0.000000000000000000e+00 0.000000000000000000e+00 0.000000000000000000e+00 0.000000000000000000e+00 0.000000000000000000e+00 3.141172211328456605e-11 -1.246227869089779936e-10 -1.830518317007206275e-10 1.070905840781836798e-10 1.535596832248130746e-10 5.972843836357543795e-11 3.411943298274595902e-11 7.415208439389937025e-12 5.293556525860140940e-11 5.611288950279260769e-10 1.115100111236512436e-07 -7.334814511396721191e+11 0.000000000000000000e+00 0.000000000000000000e+00
0.000000000000000000e+00 0.000000000000000000e+00 0.000000000000000000e+00 0.000000000000000000e+00 0.000000000000000000e+00 0.000000000000000000e+00 7.600117020475509893e-13 3.334499971496518889e-13 2.791947494486282430e-13 1.787250691338504194e-13 1.752394141676422426e-13 1.463284367713420058e-13 1.156245110106091245e-13 8.634627628931426455e-14 5.827144159760915173e-14 7.260064314777398651e-14 5.166521868825675061e-13 1.931142776203698218e-12 0.000000000000000000e+00 0.000000000000000000e+00
0.000000000000000000e+00 0.000000000000000000e+00 0.000000000000000000e+00 0.000000000000000000e+00 0.000000000000000000e+00 0.000000000000000000e+00 9.091179784838911825e-13 4.857876491236629775e-13 4.450280411622309401e-13 2.433629296410038162e-13 3.385019626449750583e-13 2.657147138373297957e-13 1.326970644717118648e-13 9.722785027185002707e-14 1.013262085127433159e-13 2.109250308542158242e-10 6.101419083175920158e-13 2.020726864074633434e-12 0.000000000000000000e+00 0.000000000000000000e+00
0.000000000000000000e+00 0.000000000000000000e+00 0.000000000000000000e+00 0.000000000000000000e+00 0.000000000000000000e+00 0.000000000000000000e+00 1.189332999285335799e-12 4.084292604506799605e-13 3.830245755652829655e-13 3.038968390217812876e-13 3.232736490904465888e-13 3.928177666331123452e-13 1.784667140750295520e-13 1.474148416851899466e-13 1.493854024208388297e-13 1.994239266688258275e-10 5.143381820007822917e-13 2.003055464029043317e-12 0.000000000000000000e+00 0.000000000000000000e+00
0.000000000000000000e+00 0.000000000000000000e+00 0.000000000000000000e+00 0.000000000000000000e+00 0.000000000000000000e+00 0.000000000000000000e+00 3.942317676036862899e-13 2.473159728121388335e-13 1.986681594337833129e-13 1.170354946754140132e-13 1.355704398768978074e-13 1.365558624387019083e-13 1.186467816140406671e-13 8.294535153196204069e-14 5.905601635584447697e-14 1.017065484242887554e-13 6.037852996124775032e-12 -6.501543969304948028e-07 0.000000000000000000e+00 0.000000000000000000e+00
0.000000000000000000e+00 0.000000000000000000e+00 0.000000000000000000e+00 0.000000000000000000e+00 0.000000000000000000e+00 0.000000000000000000e+00 3.671602819327042930e-13 2.373545115055344003e-13 1.912206505053485254e-13 1.104636749053883062e-13 1.299842143404642672e-13 1.359968405551022486e-13 1.200813777617207605e-13 8.182338405522037226e-14 5.789185383988311041e-14 1.256349752267029581e-13 9.694581958015707686e-12 -1.762804559617448482e-06 0.000000000000000000e+00 0.000000000000000000e+00
0.000000000000000000e+00 0.000000000000000000e+00 0.000000000000000000e+00 0.000000000000000000e+00 0.000000000000000000e+00 0.000000000000000000e+00 3.551695507838083412e-13 2.312627508124070661e-13 1.869309113736325814e-13 1.061667946358707991e-13 1.255453155216354947e-13 1.354823103873641723e-13 1.180441020726391714e-13 7.879758806058605237e-14 5.766505018276962131e-14 1.776015960794359566e-13 1.138101938750671393e-11 1.064430109597742558e+01 0.000000000000000000e+00 0.000000000000000000e+00
0.000000000000000000e+00 0.000000000000000000e+00 0.000000000000000000e+00 0.000000000000000000e+00 0.000000000000000000e+00 0.000000000000000000e+00 4.560014602204475413e-11 1.138407011268970915e-11 -1.421241322038010567e-11 2.492469899567619248e-11 -3.216402436832326003e-12 4.728409517700602615e-12 -3.328539624091435253e-13 9.961454343238128895e-14 5.898494868214243615e-14 7.405926531896482690e-14 3.171494579895014991e-14 -6.505682907125202389e-14 0.000000000000000000e+00 0.000000000000000000e+00
0.000000000000000000e+00 0.000000000000000000e+00 0.000000000000000000e+00 0.000000000000000000e+00 0.000000000000000000e+00 0.000000000000000000e+00 1.418940557034449189e-11 2.819558548436516323e-11 -2.657433881345739709e-11 1.198924510180747449e-11 5.097686121712199046e-13 6.101899450865521490e-12 1.813442549203932923e-13 -8.461123264837684218e-14 1.530734013347487054e-13 1.397900982495624841e-12 5.961032339090281468e-14 -8.170317365251508071e-14 0.000000000000000000e+00 0.000000000000000000e+00
0.000000000000000000e+00 0.000000000000000000e+00 0.000000000000000000e+00 0.000000000000000000e+00 0.000000000000000000e+00 0.000000000000000000e+00 7.541192265257773828e-11 -1.912390060445542790e-12 -3.714987383862507802e-12 4.281545240843711851e-11 -7.405289589466565772e-12 4.068268622642521527e-12 -3.082511357089404382e-13 1.316195546236201078e-13 3.148402080433572719e-13 8.800089429296486758e-13 6.278175198466334361e-14 -7.356091573557291909e-14 0.000000000000000000e+00 0.000000000000000000e+00
0.000000000000000000e+00 0.000000000000000000e+00 0.000000000000000000e+00 0.000000000000000000e+00 0.000000000000000000e+00 0.000000000000000000e+00 1.479675464785471576e-11 8.015573386950484977e-12 -1.732295866546610768e-11 1.094901970488107764e-11 5.839162605700880332e-13 4.153894898937201539e-12 -9.324101311667351507e-14 1.381893677172441833e-13 7.261430134485707770e-14 1.019508483700809631e-13 2.480067974682830656e-13 2.001622783509818782e-10 0.000000000000000000e+00 0.000000000000000000e+00
0.000000000000000000e+00 0.000000000000000000e+00 0.000000000000000000e+00 0.000000000000000000e+00 0.000000000000000000e+00 0.000000000000000000e+00 1.085697051069075792e-11 5.836365938159739322e-12 -1.803141614653095286e-11 8.307315534748590524e-12 1.440741415440042827e-12 4.163638726676922383e-12 -7.439251708922473144e-14 1.230889958094825563e-13 6.938724679564533492e-14 1.376752037071074874e-13 3.195872976701830097e-13 1.111068893068849237e-10 0.000000000000000000e+00 0.000000000000000000e+00
0.000000000000000000e+00 0.000000000000000000e+00 0.000000000000000000e+00 0.000000000000000000e+00 0.000000000000000000e+00 0.000000000000000000e+00 9.309576345747969255e-12 3.966348665276092849e-12 -1.852015844897237393e-11 6.566551146186143212e-12 2.305029666613402509e-12 4.565971306255248970e-12 -2.519494735040727425e-13 -6.548298689264167358e-14 2.746018136097597811e-14 1.864132016553031526e-13 3.048628528153468831e-13 9.846843135575025199e-05 0.000000000000000000e+00 0.000000000000000000e+00
0.000000000000000000e+00 0.000000000000000000e+00 0.000000000000000000e+00 0.000000000000000000e+00 0.000000000000000000e+00 0.000000000000000000e+00 5.674435208711207797e-10 -1.043207392707377282e-10 -9.814885977088121262e-11 1.106178082204221423e-10 4.955312460499259745e-11 9.882835773019993669e-13 -5.544111068676718888e-12 2.374996819343304139e-13 6.594830105454355792e-13 -7.765308417985027221e-13 5.896019361315882460e-13 -2.468313121568582489e-13 0.000000000000000000e+00 0.000000000000000000e+00
0.000000000000000000e+00 0.000000000000000000e+00 0.000000000000000000e+00 0.000000000000000000e+00 0.000000000000000000e+00 0.000000000000000000e+00 5.012594239668799595e-10 -1.727044274950227076e-10 -9.790831446384925458e-11 5.069061147898956951e-11 6.189569643942162948e-11 -4.367286446367617320e-12 -3.459239812371022432e-12 6.438324050308002690e-13 -4.383487576161950915e-13 9.920801952535140203e-11 5.907541737119295053e-13 -1.154456223719726514e-13 0.000000000000000000e+00 0.000000000000000000e+00
0.000000000000000000e+00 0.000000000000000000e+00 0.000000000000000000e+00 0.000000000000000000e+00 0.000000000000000000e+00 0.000000000000000000e+00 6.373893312499937983e-10 -3.728062957344160971e-11 -1.080721266103357780e-10 1.887058263163125427e-10 7.884272786983195771e-11 3.406785110797042997e-12 -3.228104688287687007e-12 1.376254840929440012e-12 -2.758310060689858535e-13 -1.727930411491711307e-11 1.437851731627820442e-14 1.359545663363267344e-13 0.000000000000000000e+00 0.000000000000000000e+00
0.000000000000000000e+00 0.000000000000000000e+00 0.000000000000000000e+00 0.000000000000000000e+00 0.000000000000000000e+00 0.000000000000000000e+00 3.578669917546942090e-10 -1.455296570679178771e-10 -6.521543457141679005e-11 4.729214173629443420e-11 4.187602378790825492e-11 -1.688759021566825448e-12 -4.220350596952949986e-12 4.098944244265504902e-13 5.524285975156079631e-13 -1.054074510229705016e-12 1.226046456689228649e-11 4.374230671224635506e-09 0.000000000000000000e+00 0.000000000000000000e+00
0.000000000000000000e+00 0.000000000000000000e+00 0.000000000000000000e+00 0.000000000000000000e+00 0.000000000000000000e+00 0.000000000000000000e+00 3.282524210021956983e-10 -1.526942525850985713e-10 -6.040896750679670055e-11 3.560716783201099828e-11 3.993924810497898307e-11 -2.473031920260013071e-12 -4.204009308473585664e-12 5.410017159848555731e-13 4.724246431470161056e-13 -1.314280464379008408e-12 1.680527710433839308e-11 3.765420900092519622e-09 0.000000000000000000e+00 0.000000000000000000e+00
0.000000000000000000e+00 0.000000000000000000e+00 0.000000000000000000e+00 0.000000000000000000e+00 0.000000000000000000e+00 0.000000000000000000e+00 3.150348473169697266e-10 -1.566049650979367604e-10 -5.781924585046629365e-11 2.795113049360345206e-11 3.741461255051797512e-11 -3.531385722905890817e-12 -5.453586158705967893e-12 7.488057163688660641e-13 2.155408893343718276e-13 -2.593253365868559359e-12 1.817261596001012603e-11 1.434225116146871761e-03 0.000000000000000000e+00 0.000000000000000000e+00
0.000000000000000000e+00 0.000000000000000000e+00 0.000000000000000000e+00 0.000000000000000000e+00 0.000000000000000000e+00 0.000000000000000000e+00 2.487123478522692825e-12 2.829118455330573081e-12 3.343754260852245821e-13 2.529517222925015740e-13 1.249447040450577679e-12 -8.954119555456128316e-13 -3.810684028278163293e-13 -9.716826806207604046e-13 1.666174639588962251e-12 1.622528424009298800e-13 1.717436511737446999e-11 -3.362127635001636433e-10 0.000000000000000000e+00 0.000000000000000000e+00
0.000000000000000000e+00 0.000000000000000000e+00 0.000000000000000000e+00 0.000000000000000000e+00 0.000000000000000000e+00 0.000000000000000000e+00 1.143123609198829597e-11 5.666222331005877510e-12 1.301774627595843678e-13 -4.556867680344890152e-12 8.187305299004810735e-13 -3.902200869473974452e-12 -9.153230121472015150e-13 1.070053429038177638e-12 -2.624682490866528059e-12 -3.717005981074846414e-07 2.185097110982527309e-11 -3.298757178456235657e-10 0.000000000000000000e+00 0.000000000000000000e+00
0.000000000000000000e+00 0.000000000000000000e+00 0.000000000000000000e+00 0.000000000000000000e+00 0.000000000000000000e+00 0.000000000000000000e+00 1.339579414856263534e-11 3.333339556638596525e-13 -3.043398925341953075e-12 7.115258872220842246e-12 3.612139610053207193e-12 -2.057404705218606385e-13 4.696852278692499747e-12 -2.373916511942121256e-12 -8.473951487434797636e-12 2.760748850587730174e-07 1.782724197087914755e-11 -3.225548050588447904e-10 0.000000000000000000e+00 0.000000000000000000e+00
0.000000000000000000e+00 0.000000000000000000e+00 0.000000000000000000e+00 0.000000000000000000e+00 0.000000000000000000e+00 0.000000000000000000e+00 3.311273541418905384e-12 1.149347725586572881e-12 1.836026322845107366e-12 -2.201259310538549850e-12 1.060967869572776172e-12 1.403634324795965149e-13 -1.813034730606306975e-12 -6.959217015631485068e-13 1.671991390826313388e-12 -7.231276124537739167e-13 1.985775890170861378e-10 8.443723929143371817e-03 0.000000000000000000e+00 0.000000000000000000e+00
0.000000000000000000e+00 0.000000000000000000e+00 0.000000000000000000e+00 0.000000000000000000e+00 0.000000000000000000e+00 0.000000000000000000e+00 3.288297317093491156e-12 1.350457124527053668e-12 2.160659943687736455e-12 -2.324026302918760942e-12 9.785942427818343680e-13 -3.206481641496541124e-13 -2.259390777047424458e-12 -5.633714723957718839e-13 1.865495775207420044e-12 -1.530893776789876584e-12 4.565611715083742528e-10 1.672934635986259369e-02 0.000000000000000000e+00 0.000000000000000000e+00
0.000000000000000000e+00 0.000000000000000000e+00 0.000000000000000000e+00 0.000000000000000000e+00 0.000000000000000000e+00 0.000000000000000000e+00 3.147496811665809199e-12 1.559960834656201752e-12 2.489197350657205923e-12 -2.127590717914271756e-12 9.797881988400015507e-13 -3.066970958198333615e-12 -1.884569131917042424e-12 1.168850502047762648e-14 1.843934431629413503e-12 2.733346498817138448e-12 1.230589157170311872e-09 6.535247773287565613e+10 0.000000000000000000e+00 0.000000000000000000e+00
0.000000000000000000e+00 0.000000000000000000e+00 0.000000000000000000e+00 0.000000000000000000e+00 0.000000000000000000e+00 0.000000000000000000e+00 3.094347427254095244e-17 2.397120259235174927e-17 1.904695063833033496e-17 1.016658667792614498e-17 1.202531606651581336e-17 9.542796494994746077e-18 7.317298736895198235e-18 4.520941856124941034e-18 3.360697838995922052e-18 3.808471120489125243e-18 2.050929149190147946e-17 1.661039552488729988e-16 0.000000000000000000e+00 0.000000000000000000e+00
0.000000000000000000e+00 0.000000000000000000e+00 0.000000000000000000e+00 0.000000000000000000e+00 0.000000000000000000e+00 0.000000000000000000e+00 6.000732106260238381e-17 3.990564882323104117e-17 3.326565183385245080e-17 1.798408456531144173e-17 2.531385185208935769e-17 1.762218965663493312e-17 7.877417198457782716e-18 5.255656846514836443e-18 4.119186895186052754e-18 2.216461551920216664e-15 2.602865965713945119e-17 1.725043534159357947e-16 0.000000000000000000e+00 0.000000000000000000e+00
0.000000000000000000e+00 0.000000000000000000e+00 0.000000000000000000e+00 0.000000000000000000e+00 0.000000000000000000e+00 0.000000000000000000e+00 3.246347731125980613e-17 1.914550761088681759e-17 1.399289692623262029e-17 8.363128129872366403e-18 1.479793324401982728e-17 1.802242861397406243e-17 6.821727035472747985e-18 5.397462117306640355e-18 4.898179740233636338e-18 3.541824160230673256e-15 1.961245470537250190e-17 1.718551876581516229e-16 0.000000000000000000e+00 0.000000000000000000e+00
0.000000000000000000e+00 0.000000000000000000e+00 0.000000000000000000e+00 0.000000000000000000e+00 0.000000000000000000e+00 0.000000000000000000e+00 2.444547294897022193e-17 1.704998668106832424e-17 1.406394324307176325e-17 7.559258890018278592e-18 9.924324274691421579e-18 8.844765758811804613e-18 7.299163241359126049e-18 4.453960125970563886e-18 3.414491587663831443e-18 6.042702135734788519e-18 3.367159083226948280e-16 7.423469118705788578e-11 0.000000000000000000e+00 0.000000000000000000e+00
0.000000000000000000e+00 0.000000000000000000e+00 0.000000000000000000e+00 0.000000000000000000e+00 0.000000000000000000e+00 0.000000000000000000e+00 2.401488616532350651e-17 1.625169509747583705e-17 1.339985930781033649e-17 7.144452576082639182e-18 9.502254916293067529e-18 8.740979025916916655e-18 7.268244787325792357e-18 4.426600205348708109e-18 3.347724706678671248e-18 7.882255773953479113e-18 5.567598531917566891e-16 1.540048771701061281e-10 0.000000000000000000e+00 0.000000000000000000e+00
0.000000000000000000e+00 0.000000000000000000e+00 0.000000000000000000e+00 0.000000000000000000e+00 0.000000000000000000e+00 0.000000000000000000e+00 2.371627447741668263e-17 1.585012174702856579e-17 1.302782753600495734e-17 6.859968487664547804e-18 9.112496018711770151e-18 8.755092608526490105e-18 7.130907300190582778e-18 4.416494811039509435e-18 3.372016399435431599e-18 1.309398711155573723e-17 4.326873411277372800e-16 8.143209308479981701e-01 0.000000000000000000e+00 0.000000000000000000e+00
0.000000000000000000e+00 0.000000000000000000e+00 0.000000000000000000e+00 0.000000000000000000e+00 0.000000000000000000e+00 0.000000000000000000e+00 7.764540326357284577e-13 1.451051614667134176e-13 -2.172860191151201427e-13 8.699268458881419822e-14 -2.468963992155092441e-14 5.418938482933690808e-14 -4.610545336925887147e-15 5.361997738305416702e-15 1.268753638928961866e-15 1.875196894159631554e-15 -4.513865716161910568e-16 -6.637761029194330262e-16 0.000000000000000000e+00 0.000000000000000000e+00
0.000000000000000000e+00 0.000000000000000000e+00 0.000000000000000000e+00 0.000000000000000000e+00 0.000000000000000000e+00 0.000000000000000000e+00 3.394307926505168738e-13 2.464610840053666005e-13 -2.954180353316838493e-13 8.672260504322085577e-14 -3.268050876876105375e-14 8.234915321832731988e-14 -7.106585002971246460e-15 4.726944993553371231e-15 1.861201442031209435e-16 1.332191474556710924e-14 -4.684292217556256662e-16 -6.643626271663857259e-16 0.000000000000000000e+00 0.000000000000000000e+00
0.000000000000000000e+00 0.000000000000000000e+00 0.000000000000000000e+00 0.000000000000000000e+00 0.000000000000000000e+00 0.000000000000000000e+00 1.189358289516882533e-12 5.523270869314825391e-14 -1.651141053024222625e-13 8.659009391968349219e-14 -6.474759888199081376e-15 6.669979393583989307e-14 -5.032390445537699064e-15 2.636369726206174568e-15 -9.940705036535842439e-17 3.134121531975774806e-14 -4.563024623573141819e-16 -6.482233007157796549e-16 0.000000000000000000e+00 0.000000000000000000e+00
0.000000000000000000e+00 0.000000000000000000e+00 0.000000000000000000e+00 0.000000000000000000e+00 0.000000000000000000e+00 0.000000000000000000e+00 3.149987810140374648e-13 1.666046016049760048e-13 -1.841701800697946816e-13 6.134144057337365338e-14 -1.985070813278116601e-14 5.278987749171481626e-14 -5.254923174735971433e-15 5.491075805428480888e-15 1.303180811366190789e-15 2.708794992305725521e-15 -4.761777673750579285e-16 -3.364220370281853058e-14 0.000000000000000000e+00 0.000000000000000000e+00
0.000000000000000000e+00 0.000000000000000000e+00 0.000000000000000000e+00 0.000000000000000000e+00 0.000000000000000000e+00 0.000000000000000000e+00 2.557107726866821026e-13 1.644531222155809451e-13 -1.776891993873063164e-13 5.819128979847207484e-14 -1.898152643157592288e-14 5.270267742218912646e-14 -5.508634769641877331e-15 5.540108127653434975e-15 1.262403061472108130e-15 3.218532651716496816e-15 -3.562816744853575360e-16 -1.246568323192518930e-13 0.000000000000000000e+00 0.000000000000000000e+00
0.000000000000000000e+00 0.000000000000000000e+00 0.000000000000000000e+00 0.000000000000000000e+00 0.000000000000000000e+00 0.000000000000000000e+00 2.322759217309242763e-13 1.607514010489921655e-13 -1.735161209101986364e-13 5.717389227217823333e-14 -1.847933064430138196e-14 5.280222617096889910e-14 -5.932361836275534922e-15 5.578292412261918751e-15 1.353985833457534058e-15 4.044720871941892171e-15 -7.728625165931819712e-17 6.969144076208993009e-07 0.000000000000000000e+00 0.000000000000000000e+00
0.000000000000000000e+00 0.000000000000000000e+00 0.000000000000000000e+00 0.000000000000000000e+00 0.000000000000000000e+00 0.000000000000000000e+00 6.127467798425074250e-12 -5.752588020400997467e-13 -8.635585480457134840e-13 6.629002369508049518e-13 4.617227238480896385e-13 3.251540871641872589e-14 -8.023349070844745897e-14 2.412861192710891893e-14 6.889429018643679685e-15 -8.576251128003670600e-16 1.175002549211124478e-14 9.851645705416325916e-15 0.000000000000000000e+00 0.000000000000000000e+00
0.000000000000000000e+00 0.000000000000000000e+00 0.000000000000000000e+00 0.000000000000000000e+00 0.000000000000000000e+00 0.000000000000000000e+00 5.795594678231839303e-12 -2.247927383411456462e-12 -1.053994294061758526e-12 6.939298799971482101e-13 6.840855819008238682e-13 6.178199757927235444e-14 -9.283122273108787674e-14 2.530108707710940541e-14 5.729046585677757046e-15 1.774908344809828300e-13 1.147061292992208806e-14 9.540043387133916560e-15 0.000000000000000000e+00 0.000000000000000000e+00
0.000000000000000000e+00 0.000000000000000000e+00 0.000000000000000000e+00 0.000000000000000000e+00 0.000000000000000000e+00 0.000000000000000000e+00 6.518019406767822323e-12 9.607244186404883309e-13 -7.647218215286238119e-13 6.901862358965184196e-13 5.734206786075160819e-13 2.414511200558787693e-15 -5.607473053255939279e-14 1.208323196330622744e-14 7.883603999244786992e-15 3.164401482450646372e-13 1.187626400337101199e-14 9.892094273689979908e-15 0.000000000000000000e+00 0.000000000000000000e+00
0.000000000000000000e+00 0.000000000000000000e+00 0.000000000000000000e+00 0.000000000000000000e+00 0.000000000000000000e+00 0.000000000000000000e+00 4.131924893370321095e-12 -1.242013742011026252e-12 -6.326952058477994613e-13 4.967054428852978873e-13 4.364459364489512655e-13 3.596356521472105408e-14 -8.829167188928518676e-14 2.611922562424469390e-14 5.950415585158639307e-15 1.916788325069523828e-16 7.149382999983692507e-14 1.371975343290121420e-11 0.000000000000000000e+00 0.000000000000000000e+00
0.000000000000000000e+00 0.000000000000000000e+00 0.000000000000000000e+00 0.000000000000000000e+00 0.000000000000000000e+00 0.000000000000000000e+00 3.861330144090598028e-12 -1.320889964193066470e-12 -6.012709222072148471e-13 4.712834600211486872e-13 4.274435802737674810e-13 3.726339319047170101e-14 -9.110296877781971149e-14 2.678490794620947798e-14 5.837879955341350489e-15 -3.544132896744330847e-16 8.937346179639305366e-14 9.670918147912023969e-12 0.000000000000000000e+00 0.000000000000000000e+00
0.000000000000000000e+00 0.000000000000000000e+00 0.000000000000000000e+00 0.000000000000000000e+00 0.000000000000000000e+00 0.000000000000000000e+00 3.746373395214871898e-12 -1.348476424099897117e-12 -5.868959437788026212e-13 4.579022487178211629e-13 4.156453699742892576e-13 3.850136943253541906e-14 -9.624652299032255234e-14 2.602540766575630918e-14 6.487551345396587229e-15 -4.013285496953864596e-16 4.302599305266186389e-14 -2.029633665873176591e-05 0.000000000000000000e+00 0.000000000000000000e+00
0.000000000000000000e+00 0.000000000000000000e+00 0.000000000000000000e+00 0.000000000000000000e+00 0.000000000000000000e+00 0.000000000000000000e+00 1.092015017233478465e-15 1.456093627464941383e-14 -1.545361209051855721e-14 1.801531151766845394e-15 -1.328084080117176938e-15 -6.656497826158149955e-15 -9.138429774054708484e-15 -4.469904589557138498e-15 1.604547235954258646e-14 -9.715641776124674963e-16 1.430449531369327478e-13 -9.098687079501974312e-12 0.000000000000000000e+00 0.000000000000000000e+00
0.000000000000000000e+00 0.000000000000000000e+00 0.000000000000000000e+00 0.000000000000000000e+00 0.000000000000000000e+00 0.000000000000000000e+00 -1.290862632640919662e-14 -2.518007910170050455e-14 -4.656135054069047325e-14 3.456547853172597995e-14 -1.292458965603508304e-14 -5.241459268324382829e-14 -3.488181659815226994e-15 -1.022296968936231935e-15 4.180401583370682622e-14 -7.799880157378080488e-10 1.112616686392680128e-13 -9.113316388692447215e-12 0.000000000000000000e+00 0.000000000000000000e+00
0.000000000000000000e+00 0.000000000000000000e+00 0.000000000000000000e+00 0.000000000000000000e+00 0.000000000000000000e+00 0.000000000000000000e+00 -2.586859583472437741e-14 -8.320619879440512950e-15 -1.552105031926636565e-14 2.896832829205753050e-14 -3.720934037161398142e-14 -4.872170927000470434e-14 -1.479577619674524893e-14 2.021958539953348354e-14 1.028329526766502006e-13 2.340116294037051461e-09 9.520733251992183294e-14 -9.208814840746974086e-12 0.000000000000000000e+00 0.000000000000000000e+00
0.000000000000000000e+00 0.000000000000000000e+00 0.000000000000000000e+00 0.000000000000000000e+00 0.000000000000000000e+00 0.000000000000000000e+00 1.035760918173257604e-14 6.182829837684522412e-15 -8.788296715894324746e-15 5.883069936991357452e-15 6.674745044839899838e-15 -1.262846001519702521e-14 -8.663335864773058160e-15 -3.164230542810817947e-15 1.601412723513225594e-14 7.324047809261348870e-16 6.180234152849883571e-13 8.921486457809054050e-06 0.000000000000000000e+00 0.000000000000000000e+00
0.000000000000000000e+00 0.000000000000000000e+00 0.000000000000000000e+00 0.000000000000000000e+00 0.000000000000000000e+00 0.000000000000000000e+00 5.464974154766856277e-15 5.724216257708999664e-16 -9.295765517199617150e-15 5.371633854578321677e-15 7.683852994394396082e-15 -1.420791106663865340e-14 -9.718034928936246868e-15 -1.436204441397896565e-15 1.570326324457013757e-14 -4.775195160028572595e-15 1.432292325099423917e-12 1.238917036577313596e-05 0.000000000000000000e+00 0.000000000000000000e+00
0.000000000000000000e+00 0.000000000000000000e+00 0.000000000000000000e+00 0.000000000000000000e+00 0.000000000000000000e+00 0.000000000000000000e+00 -2.273878501542292841e-16 -5.092974386221651695e-15 -1.042060142339220947e-14 3.368240841422023473e-15 6.633709548807421730e-15 -1.880936562518262819e-14 -1.945524343889138966e-14 2.231735259736090842e-15 1.408808911761171087e-14 1.749311749595161968e-14 2.447069453895843696e-11 7.672705256411415339e+07 0.000000000000000000e+00 0.000000000000000000e+00
0.000000000000000000e+00 0.000000000000000000e+00 0.000000000000000000e+00 0.000000000000000000e+00 0.000000000000000000e+00 0.000000000000000000e+00 2.418454809691480430e-10 1.642257019610202236e-10 1.043512162450458307e-10 3.278968968065064527e-11 5.055981457212816930e-11 6.750765658092059369e-11 4.165873365370002960e-11 2.325465804783198816e-11 1.018216288018570466e-11 5.492386980756086437e-11 7.155346990536259268e-10 1.549828714637179948e-09 0.000000000000000000e+00 0.000000000000000000e+00
0.000000000000000000e+00 0.000000000000000000e+00 0.000000000000000000e+00 0.000000000000000000e+00 0.000000000000000000e+00 0.000000000000000000e+00 3.892563807714621524e-12 6.699671521880288016e-11 3.321599988973067283e-11 -6.476972136462153731e-12 3.832722652284412748e-11 2.076586382731161026e-11 1.647548576288636654e-11 1.264938950384252799e-11 1.579114340546440889e-11 3.774265899781648443e-08 6.417282530020103686e-10 9.433701853480169254e-10 0.000000000000000000e+00 0.000000000000000000e+00
0.000000000000000000e+00 0.000000000000000000e+00 0.000000000000000000e+00 0.000000000000000000e+00 0.000000000000000000e+00 0.000000000000000000e+00 9.104700151895514616e-10 8.945117318893617884e-10 4.025189408533341557e-10 2.427329803809784388e-10 4.852693810686445070e-10 7.823926521866524053e-10 2.868939400224330902e-10 1.544218357218985903e-10 6.106021168319190620e-11 8.870274168502813909e-08 6.535056355161245593e-10 9.228268178912470679e-10 0.000000000000000000e+00 0.000000000000000000e+00
0.000000000000000000e+00 0.000000000000000000e+00 0.000000000000000000e+00 0.000000000000000000e+00 0.000000000000000000e+00 0.000000000000000000e+00 8.386347709381266555e-12 1.072542786306215147e-11 1.669933880969420531e-11 2.225333414217085306e-12 2.295943854560492903e-11 1.630270320159842417e-11 1.808347106912352647e-11 1.435536117385967115e-11 8.717526221474284160e-12 1.527210782038890146e-11 5.109398101569359287e-09 2.767244438202243195e-02 0.000000000000000000e+00 0.000000000000000000e+00
0.000000000000000000e+00 0.000000000000000000e+00 0.000000000000000000e+00 0.000000000000000000e+00 0.000000000000000000e+00 0.000000000000000000e+00 4.318707254679599338e-13 1.656722335242972882e-11 1.761382421181682936e-11 9.292083442750964025e-13 2.295411651785363404e-11 1.149475032182561549e-11 1.587233755414962222e-11 1.385240914683932900e-11 1.063508957839058893e-11 2.039101077658551097e-11 8.663284497500765677e-09 6.425024172387128196e-02 0.000000000000000000e+00 0.000000000000000000e+00
0.000000000000000000e+00 0.000000000000000000e+00 0.000000000000000000e+00 0.000000000000000000e+00 0.000000000000000000e+00 0.000000000000000000e+00 -5.350366403210172738e-12 1.730319202323610627e-11 1.901348676951964547e-11 -5.178352541501697344e-13 2.125029392788119141e-11 1.131938161679157044e-11 1.400681924768255926e-11 1.429918073542622679e-11 1.100266886980855406e-11 2.989266610815258616e-11 3.001826413308047240e-08 2.446632772460937500e+06 0.000000000000000000e+00 0.000000000000000000e+00
0.000000000000000000e+00 0.000000000000000000e+00 0.000000000000000000e+00 0.000000000000000000e+00 0.000000000000000000e+00 0.000000000000000000e+00 1.861685183526799823e-10 -3.467153364208778131e-09 -5.593771893666375031e-10 3.352587507761841036e-10 -6.067615028280333661e-10 -1.872620594079563413e-10 -1.504467693890678170e-11 -8.506271061575282021e-12 -4.272906383722304665e-12 2.759075279300008438e-11 5.140307271868899377e-11 2.519047130674281097e-11 0.000000000000000000e+00 0.000000000000000000e+00
0.000000000000000000e+00 0.000000000000000000e+00 0.000000000000000000e+00 0.000000000000000000e+00 0.000000000000000000e+00 0.000000000000000000e+00 2.178154726274273003e-10 1.164598673600821597e-09 7.409056597764667495e-11 5.756440577273781162e-10 5.470520554156058782e-10 3.637629643510151506e-11 1.859317614098624875e-11 -2.432730384683273609e-12 -5.569448577285718791e-12 -1.438362405011418345e-10 4.257225252458997238e-11 2.689925700518726226e-11 0.000000000000000000e+00 0.000000000000000000e+00
0.000000000000000000e+00 0.000000000000000000e+00 0.000000000000000000e+00 0.000000000000000000e+00 0.000000000000000000e+00 0.000000000000000000e+00 1.304072137420269751e-10 -7.832280059737903712e-09 -1.194267014332731280e-09 4.234918670158467139e-11 -2.083871391767145182e-09 -7.047606826915386801e-10 -8.810495007258483957e-11 -2.515365284890751614e-11 -5.829644617349046917e-11 -3.724067840085590847e-11 4.758077376244063603e-11 2.634081719846785758e-11 0.000000000000000000e+00 0.000000000000000000e+00
0.000000000000000000e+00 0.000000000000000000e+00 0.000000000000000000e+00 0.000000000000000000e+00 0.000000000000000000e+00 0.000000000000000000e+00 1.133956956250403346e-10 6.628238688993867352e-11 -2.504227169555606370e-10 2.610879260748490193e-10 5.031453233058681684e-12 -4.991593913248906845e-11 3.207536734192697264e-11 -2.667135760262084118e-12 -4.613205850746583733e-12 1.713733136964691160e-12 2.446017345494180028e-11 3.994363052725950535e-08 0.000000000000000000e+00 0.000000000000000000e+00
0.000000000000000000e+00 0.000000000000000000e+00 0.000000000000000000e+00 0.000000000000000000e+00 0.000000000000000000e+00 0.000000000000000000e+00 2.060571905755276135e-10 3.356865934629358148e-10 -2.066818272301209536e-10 2.999248277727223606e-10 7.815053407306860611e-11 -3.009682413080543722e-11 3.807746175800497192e-11 -4.241262717095356046e-14 1.092419568318715842e-12 -7.831212676156023720e-12 1.618950004838564562e-11 5.643585620164341637e-08 0.000000000000000000e+00 0.000000000000000000e+00
0.000000000000000000e+00 0.000000000000000000e+00 0.000000000000000000e+00 0.000000000000000000e+00 0.000000000000000000e+00 0.000000000000000000e+00 3.002123655453650163e-10 3.369226088994101961e-10 -1.851866869293006819e-10 3.582405853798027347e-10 7.605833486809171336e-11 -3.814868986367655599e-11 1.775939553001960446e-11 -3.491982815021577135e-12 3.383338869176420445e-12 -5.228033111631648642e-12 7.258832603675171990e-11 1.580714220471335016e-02 0.000000000000000000e+00 0.000000000000000000e+00
0.000000000000000000e+00 0.000000000000000000e+00 0.000000000000000000e+00 0.000000000000000000e+00 0.000000000000000000e+00 0.000000000000000000e+00 -4.723401422407665265e-09 -1.234313244012668795e-08 -3.020924048382034304e-09 1.458130611333452409e-09 -1.941439386112894916e-09 -3.638720776030643843e-10 2.168914988614461418e-10 -3.552488612755253668e-11 4.533432291313566478e-11 3.652029397581676286e-11 1.269294570197963301e-10 2.124152101389354682e-10 0.000000000000000000e+00 0.000000000000000000e+00
0.000000000000000000e+00 0.000000000000000000e+00 0.000000000000000000e+00 0.000000000000000000e+00 0.000000000000000000e+00 0.000000000000000000e+00 -1.237431111133356262e-09 -5.156843888830103062e-09 1.096998803193124442e-09 1.827078350818969556e-09 1.392441945121818766e-09 7.844050417712608854e-10 2.224525784496287498e-10 3.187843818167199821e-11 4.711845124767741633e-11 -1.843590644160495656e-10 1.302366046307261849e-10 2.058065633576205498e-10 0.000000000000000000e+00 0.000000000000000000e+00
0.000000000000000000e+00 0.000000000000000000e+00 0.000000000000000000e+00 0.000000000000000000e+00 0.000000000000000000e+00 0.000000000000000000e+00 -8.126150339468995097e-09 -1.921172540629837361e-08 -6.940696048953666789e-09 8.455073625450188872e-10 -5.570294756903749551e-09 -2.949232365002825079e-09 1.880448670111782887e-10 -1.441962531751247135e-10 -1.409915868105146490e-10 -3.011052062779108104e-10 1.727027368941268839e-10 2.010047976938948297e-10 0.000000000000000000e+00 0.000000000000000000e+00
0.000000000000000000e+00 0.000000000000000000e+00 0.000000000000000000e+00 0.000000000000000000e+00 0.000000000000000000e+00 0.000000000000000000e+00 -2.658027801547960873e-09 -6.978155965560168715e-09 -9.075404811371312048e-10 1.251133145178558774e-09 -3.327252455742838010e-10 3.992680457276983763e-10 3.080839834272544150e-10 1.259879117399310445e-11 3.832123477864280912e-11 4.673640542371323347e-12 -6.058155731292324225e-10 1.060613055994232752e-06 0.000000000000000000e+00 0.000000000000000000e+00
0.000000000000000000e+00 0.000000000000000000e+00 0.000000000000000000e+00 0.000000000000000000e+00 0.000000000000000000e+00 0.000000000000000000e+00 -1.241363209395082789e-09 -5.908405835493119200e-09 -8.248142408374499932e-10 1.379559197097480196e-09 -9.324565515435844894e-11 4.698999215890416218e-10 3.068999264850279155e-10 2.500007398779757217e-11 6.180555549776917231e-11 3.941328267211143702e-12 -7.701903066532798093e-10 9.999891840814160667e-07 0.000000000000000000e+00 0.000000000000000000e+00
0.000000000000000000e+00 0.000000000000000000e+00 0.000000000000000000e+00 0.000000000000000000e+00 0.000000000000000000e+00 0.000000000000000000e+00 -3.247729648054882261e-11 -5.261942399668401561e-09 -9.057160832143995233e-10 1.550655834409677029e-09 4.127196146276870547e-11 2.354279836445505204e-10 2.053535369253393630e-10 -1.393618559863544047e-11 4.744895220202079996e-11 3.162104992562195662e-11 7.647344983755468262e-10 1.273024694299797144e+00 0.000000000000000000e+00 0.000000000000000000e+00
0.000000000000000000e+00 0.000000000000000000e+00 0.000000000000000000e+00 0.000000000000000000e+00 0.000000000000000000e+00 0.000000000000000000e+00 3.185559188470010156e-10 -1.033765255882490143e-09 -7.342531433973175789e-10 -3.311048067594411584e-10 -4.444879315056546902e-10 -8.234849225087149851e-11 -3.663811318073753424e-11 -7.058608228990147109e-11 -2.647714273792429273e-12 -8.224810165511646896e-11 -9.640855539471184804e-10 -9.060710250120757771e-08 0.000000000000000000e+00 0.000000000000000000e+00
0.000000000000000000e+00 0.000000000000000000e+00 0.000000000000000000e+00 0.000000000000000000e+00 0.000000000000000000e+00 0.000000000000000000e+00 2.411683386754616522e-09 -1.222024327469385610e-09 -7.219537298990366545e-10 -8.737202612765103720e-10 -5.251483582665262135e-10 -1.956391782210677019e-10 -1.583538207241733710e-10 -1.462230279281178530e-10 6.341090673423727755e-11 6.727525209484586525e-06 -7.171096214058567106e-10 -8.953701748309336823e-08 0.000000000000000000e+00 0.000000000000000000e+00
0.000000000000000000e+00 0.000000000000000000e+00 0.000000000000000000e+00 0.000000000000000000e+00 0.000000000000000000e+00 0.000000000000000000e+00 3.159508257168284986e-09 -5.642220953832157870e-10 -3.680350783307582155e-10 -4.580365171614819163e-10 -1.140962926316748347e-09 -1.495747733543146625e-09 8.355199233571475222e-11 -3.255628331748847855e-10 3.295059735076340759e-10 -7.413112003118348964e-06 -4.666896447774418232e-10 -8.911119111758559120e-08 0.000000000000000000e+00 0.000000000000000000e+00
0.000000000000000000e+00 0.000000000000000000e+00 0.000000000000000000e+00 0.000000000000000000e+00 0.000000000000000000e+00 0.000000000000000000e+00 -4.356641816160254690e-10 -4.933436012377834363e-10 -6.143905020785463080e-10 -3.482895810554881840e-10 -4.783324590205266891e-10 -1.159472199570169250e-10 -9.143173026502367106e-11 -1.377947567795445240e-10 4.403850544782193543e-12 -1.875999031668454889e-10 -2.365815806924383160e-08 3.142762193771248214e+00 0.000000000000000000e+00 0.000000000000000000e+00
0.000000000000000000e+00 0.000000000000000000e+00 0.000000000000000000e+00 0.000000000000000000e+00 0.000000000000000000e+00 0.000000000000000000e+00 -4.653173032408710161e-10 -5.034101178794883152e-10 -6.492107478171323048e-10 -3.531018129831325793e-10 -4.746999059541245215e-10 -1.253904560754510705e-10 -9.696127287149584900e-11 -1.582368587267941511e-10 -1.129931480889330895e-11 -2.464799199927073339e-10 -5.162930708419697470e-08 2.784027287592905631e-01 0.000000000000000000e+00 0.000000000000000000e+00
0.000000000000000000e+00 0.000000000000000000e+00 0.000000000000000000e+00 0.000000000000000000e+00 0.000000000000000000e+00 0.000000000000000000e+00 -4.275609395814405301e-10 -5.426367538688147124e-10 -6.964571522712611660e-10 -3.343178520300521595e-10 -3.990448270016498380e-10 -5.190542510265586096e-11 -5.621112383793692776e-11 -9.610382523663061514e-11 6.137028639211929617e-11 1.434991987539345039e-10 -6.678679637577622723e-07 5.033496629638410938e+13 0.000000000000000000e+00 0.000000000000000000e+00
