0.000000000000000000e+00 0.000000000000000000e+00 0.000000000000000000e+00 0.000000000000000000e+00 0.000000000000000000e+00 0.000000000000000000e+00 1.268265833517281607e-09 7.833923552902022214e-11 2.427755640584858379e-09 1.475069724424022631e-09 1.628644230020647976e-09 1.753332030928501479e-09 1.487926246382374285e-09 1.165775387268711469e-09 6.327312502763979879e-10 2.483406243636453901e-10 1.058759179655226560e-10 6.737595558364221025e-09 4.306413338752069402e-05 0.000000000000000000e+00
0.000000000000000000e+00 0.000000000000000000e+00 0.000000000000000000e+00 0.000000000000000000e+00 0.000000000000000000e+00 0.000000000000000000e+00 2.144069686810448824e-10 2.735466396760126124e-10 6.822271568058038023e-10 1.879173482572459356e-10 4.437355795379584345e-10 4.104001454334116983e-10 2.426681565213983024e-10 2.449112974194989638e-10 2.333949692568670586e-10 3.673559211047677264e-10 1.299635988229184622e-03 1.159319213561642022e-08 4.308970072130130285e-05 0.000000000000000000e+00
0.000000000000000000e+00 0.000000000000000000e+00 0.000000000000000000e+00 0.000000000000000000e+00 0.000000000000000000e+00 0.000000000000000000e+00 8.181989581142749584e-10 -3.098376001672469215e-12 7.637274694666456336e-10 4.553827814413922132e-10 6.404915636269457066e-10 6.826840304526244697e-10 5.596106162908498224e-10 4.736218209003527048e-10 2.874309424940834559e-10 1.690544074993963538e-10 8.172508065570166603e-11 3.365164872977707073e-09 4.710091830004282656e+02 0.000000000000000000e+00
0.000000000000000000e+00 0.000000000000000000e+00 0.000000000000000000e+00 0.000000000000000000e+00 0.000000000000000000e+00 0.000000000000000000e+00 6.136240122487882813e-10 9.048773391099168222e-11 4.505719258240057069e-10 2.051954387725680705e-10 4.088249648677189632e-10 4.409693595772186014e-10 3.581574851702421416e-10 3.368586934263265117e-10 2.312833240518759935e-10 1.621241200892325271e-10 7.463099323974232861e-11 3.192647071153814083e-09 5.642613085909451911e+02 0.000000000000000000e+00
0.000000000000000000e+00 0.000000000000000000e+00 0.000000000000000000e+00 0.000000000000000000e+00 0.000000000000000000e+00 0.000000000000000000e+00 8.264096498437365971e-11 -6.120993304798155640e-09 -4.553060485850315181e-09 -2.609877230584331090e-09 -2.333410284723284550e-09 -1.692961587031477046e-09 -1.138769884843222383e-09 -7.183625759704480700e-10 -3.221402940017045739e-10 -1.175568917283223198e-10 1.564177693970709465e-11 1.938310192663035261e-10 1.133020052967893326e-09 0.000000000000000000e+00
0.000000000000000000e+00 0.000000000000000000e+00 0.000000000000000000e+00 0.000000000000000000e+00 0.000000000000000000e+00 0.000000000000000000e+00 -2.126816023238617827e-11 -2.213929141728163024e-09 6.135984754998844353e-10 1.754499810979403633e-09 8.431723213183629318e-10 2.802358323671628082e-10 -7.182097352866090377e-11 -6.057414738321236992e-11 -4.868175874659512673e-11 -3.595789213530654925e-11 1.229140761537077097e-08 2.276607796760254106e-10 1.152543426434514494e-09 0.000000000000000000e+00
0.000000000000000000e+00 0.000000000000000000e+00 0.000000000000000000e+00 0.000000000000000000e+00 0.000000000000000000e+00 0.000000000000000000e+00 5.073734497439822652e-10 -1.424484989015084239e-09 -2.080983840205857263e-09 -7.056678397610776671e-10 -3.631124012129012810e-10 -4.416845097126404013e-10 -4.618857833033759822e-10 -2.954509385471436407e-10 -1.314728527644198647e-10 -4.676898719551447158e-11 6.906622481097196484e-12 6.254401991588913977e-11 -1.053250298856661840e-07 0.000000000000000000e+00
0.000000000000000000e+00 0.000000000000000000e+00 0.000000000000000000e+00 0.000000000000000000e+00 0.000000000000000000e+00 0.000000000000000000e+00 3.389868028906354850e-10 1.445996937565538323e-10 -8.466501055995795093e-10 2.105706351631343772e-10 5.050783872648016153e-10 9.598110227033233445e-11 -1.663993379379913692e-10 -1.135951216998991087e-10 -4.382094578458317596e-11 -7.694113025138063177e-13 5.643853225864250130e-12 6.480206379346578289e-12 -2.378378605838001579e-07 0.000000000000000000e+00
0.000000000000000000e+00 0.000000000000000000e+00 0.000000000000000000e+00 0.000000000000000000e+00 0.000000000000000000e+00 0.000000000000000000e+00 6.513643890196796625e-09 -3.000908415349776343e-08 -3.880694610552581369e-08 -1.096859421265631187e-08 -5.895385213954360298e-09 -3.738803477746637740e-09 -4.210286354841698664e-09 -8.245940688000699636e-10 -2.731277271685605947e-10 -2.972242389241373467e-11 -1.046110078523668640e-11 9.375382773534342956e-12 -9.052822421718905506e-09 0.000000000000000000e+00
0.000000000000000000e+00 0.000000000000000000e+00 0.000000000000000000e+00 0.000000000000000000e+00 0.000000000000000000e+00 0.000000000000000000e+00 6.217479871947758630e-10 -1.943202202789344872e-08 -2.301947099635563457e-09 9.279317025809158465e-10 2.077513525866911422e-09 1.432915054464939302e-09 1.473724991727568832e-10 -2.749560788160528853e-10 -5.983988167818704353e-11 9.257693141043671653e-11 7.274632630408178378e-08 -7.787832421539190755e-11 -8.911776919234580353e-09 0.000000000000000000e+00
0.000000000000000000e+00 0.000000000000000000e+00 0.000000000000000000e+00 0.000000000000000000e+00 0.000000000000000000e+00 0.000000000000000000e+00 1.008677001543023491e-09 -7.419903280660477788e-09 -1.487343681501142446e-08 -3.235145792721256714e-09 2.836926427279108141e-10 -1.258746812506631340e-10 -1.646463083090333522e-09 -1.448824269207226806e-10 6.568488504560359361e-12 5.932694583728771688e-11 -1.861942237696798829e-11 -8.949290408961765428e-11 2.339677585320159781e-05 0.000000000000000000e+00
0.000000000000000000e+00 0.000000000000000000e+00 0.000000000000000000e+00 0.000000000000000000e+00 0.000000000000000000e+00 0.000000000000000000e+00 -1.045125389567214582e-09 -1.745624229062279096e-10 -4.152982062490003005e-09 3.589840777554312041e-10 3.005334119530075956e-09 1.385987879259167277e-09 -4.704499611812606416e-10 6.168472147984796962e-11 6.947677470841063485e-11 9.926864342680427937e-11 -1.866262441196577786e-11 -1.083112440542623562e-10 2.850801610155916151e-05 0.000000000000000000e+00
0.000000000000000000e+00 0.000000000000000000e+00 0.000000000000000000e+00 0.000000000000000000e+00 0.000000000000000000e+00 0.000000000000000000e+00 -1.255076792576702756e-10 1.977502698662330847e-10 1.895881958912576286e-10 -5.677808795925260420e-10 -7.725939885490561431e-11 8.055576214988670421e-11 -2.466564100026236488e-10 -1.984234941268978414e-10 -1.555465281581011316e-10 -7.332013959109655262e-11 -1.023350688141458117e-10 -2.464743391046223742e-09 2.980749345466072533e-06 0.000000000000000000e+00
0.000000000000000000e+00 0.000000000000000000e+00 0.000000000000000000e+00 0.000000000000000000e+00 0.000000000000000000e+00 0.000000000000000000e+00 1.372937780194758282e-09 -1.252995798984943117e-09 8.094796075426552635e-10 -7.437703468913733825e-10 -3.883592284255458940e-10 -5.522910349610185155e-10 -4.097618271229998347e-10 -3.338546897701725672e-10 -2.145316376409895619e-10 -3.285009090854821929e-11 3.233057399452093916e-02 -3.192715453105293829e-09 2.984024413269338348e-06 0.000000000000000000e+00
0.000000000000000000e+00 0.000000000000000000e+00 0.000000000000000000e+00 0.000000000000000000e+00 0.000000000000000000e+00 0.000000000000000000e+00 4.295209825508182177e-11 -3.297951056407912808e-10 8.111959541570120228e-12 -6.164630241943349671e-10 -9.259205305202126227e-11 1.839516328103412386e-10 -2.991535097254395414e-10 -1.887632511277321175e-10 -1.881510565803721546e-10 -8.242075657851426989e-11 -8.133882971088840468e-11 -1.656251369471963927e-09 -4.519018951250153577e+02 0.000000000000000000e+00
0.000000000000000000e+00 0.000000000000000000e+00 0.000000000000000000e+00 0.000000000000000000e+00 0.000000000000000000e+00 0.000000000000000000e+00 3.175910987065480422e-10 -4.946977030722560687e-10 4.964377339340590655e-11 -6.699507730930799438e-10 -1.252427587506045235e-10 1.708165645230266034e-10 -3.194048297296662733e-10 -1.828770515821449546e-10 -2.194968290658399478e-10 -9.466881115358987484e-11 -6.878415791568058500e-11 -9.294988230401930108e-10 -7.266446466124924655e+02 0.000000000000000000e+00
