0.000000000000000000e+00 0.000000000000000000e+00 0.000000000000000000e+00 0.000000000000000000e+00 0.000000000000000000e+00 0.000000000000000000e+00 1.293963049379235782e-09 1.013354831315105122e-09 8.455950745963846001e-10 7.741388075879405580e-10 7.466772448538423359e-10 9.005757731913130360e-10 8.616344200065710132e-10 6.841148942234026372e-10 4.540034103097589511e-10 1.578553826361489319e-10 4.809304750415999824e-11 4.877856809598204879e-09 2.024638910395188101e-05 0.000000000000000000e+00
0.000000000000000000e+00 0.000000000000000000e+00 0.000000000000000000e+00 0.000000000000000000e+00 0.000000000000000000e+00 0.000000000000000000e+00 2.959961965577443772e-10 -2.404462772735598184e-11 2.291398816303875713e-10 1.213800234796028013e-10 2.171555842328048004e-10 1.387376531304582083e-10 1.376064500843151495e-10 8.784192240839081871e-11 5.520919789381497816e-11 5.011642760763838265e-11 3.997508363931668966e-04 8.403940657515631147e-09 2.023244263874425346e-05 0.000000000000000000e+00
0.000000000000000000e+00 0.000000000000000000e+00 0.000000000000000000e+00 0.000000000000000000e+00 0.000000000000000000e+00 0.000000000000000000e+00 2.985368658544992640e-10 5.408706349547928222e-11 2.329563515261046116e-10 1.784945013543674341e-10 1.849975810536123418e-10 2.447311164454326133e-10 2.524964071575085342e-10 2.017918856199781290e-10 1.416160985215064159e-10 6.893814332653366074e-11 2.383692781314380525e-11 1.611214837101017655e-09 -1.373545878607774284e+02 0.000000000000000000e+00
0.000000000000000000e+00 0.000000000000000000e+00 0.000000000000000000e+00 0.000000000000000000e+00 0.000000000000000000e+00 0.000000000000000000e+00 1.087086550162885411e-10 -6.346114968039520665e-11 9.676057300085279581e-11 1.063755942715673515e-10 7.882038470798490180e-11 1.395752279979327036e-10 1.553872686043811097e-10 1.267975072220936321e-10 8.906564354098465844e-11 4.918430060656354841e-11 1.530113309748460154e-11 1.310390320173807024e-09 -1.983830514276869508e+02 0.000000000000000000e+00
0.000000000000000000e+00 0.000000000000000000e+00 0.000000000000000000e+00 0.000000000000000000e+00 0.000000000000000000e+00 0.000000000000000000e+00 -8.544657204669692305e-09 -5.597290233198050859e-10 -5.687800537458976091e-09 -1.502003608039630273e-09 -2.199773701686730958e-09 -1.588685431146015862e-09 -8.590601024838107525e-10 -5.064589790996718390e-10 -3.155233269075461532e-10 -1.125085534353460023e-10 1.140343761028250565e-11 1.815021312089392982e-10 8.645856124618699276e-10 0.000000000000000000e+00
0.000000000000000000e+00 0.000000000000000000e+00 0.000000000000000000e+00 0.000000000000000000e+00 0.000000000000000000e+00 0.000000000000000000e+00 -5.924389839358780510e-10 -4.693105978844578631e-10 1.164064627662755434e-09 1.306674204510307850e-09 -3.506310431978186631e-10 -1.569957297882487727e-10 -8.827150210666326987e-11 4.790366544682023875e-12 -2.772539359863253890e-11 -2.415363148082388020e-11 2.251942244884130559e-09 2.168944447358790725e-10 8.948943574170936742e-10 0.000000000000000000e+00
0.000000000000000000e+00 0.000000000000000000e+00 0.000000000000000000e+00 0.000000000000000000e+00 0.000000000000000000e+00 0.000000000000000000e+00 -3.988370508471660101e-09 -1.053951269956975789e-09 -1.296622193237657969e-09 1.944428754721156755e-10 -8.233248935049004030e-10 -5.063712660599301392e-10 -2.882748900027020328e-10 -1.776441596001404434e-10 -1.171432547762488016e-10 -4.299206791972783089e-11 3.922416235859464576e-12 5.845184695346229112e-11 -4.191838205070113027e-08 0.000000000000000000e+00
0.000000000000000000e+00 0.000000000000000000e+00 0.000000000000000000e+00 0.000000000000000000e+00 0.000000000000000000e+00 0.000000000000000000e+00 -1.872353313851856801e-09 -1.020328947058129264e-09 4.352206783529063859e-10 8.891719455005981479e-10 -2.605925907267083449e-10 -7.427446974749038827e-11 -5.679162149223596075e-11 -3.404848394679830070e-11 -2.583820668008813751e-11 3.016653758379636690e-13 3.275942552148930142e-12 4.004560637733191845e-12 5.582316239512185302e-08 0.000000000000000000e+00
0.000000000000000000e+00 0.000000000000000000e+00 0.000000000000000000e+00 0.000000000000000000e+00 0.000000000000000000e+00 0.000000000000000000e+00 -3.847164140293560791e-08 -2.566377312995430061e-08 -2.850608710194159168e-08 -1.769811193371151921e-08 -7.163894742979821565e-09 -6.450747224452301616e-09 -8.934718736249557424e-10 -8.107591133133685850e-10 -1.514568301013225473e-10 -6.414202781495316226e-11 2.720631729745010832e-11 2.804137767910192485e-10 3.842206638281174558e-09 0.000000000000000000e+00
0.000000000000000000e+00 0.000000000000000000e+00 0.000000000000000000e+00 0.000000000000000000e+00 0.000000000000000000e+00 0.000000000000000000e+00 2.390885647116892644e-09 -3.332023285368187490e-09 -6.878903223309755980e-10 4.120260088194270291e-10 -6.714847575475174814e-11 -1.413488194321074937e-09 -5.022198533073971026e-10 8.727109413879404151e-11 9.436073557770252824e-11 -2.978009167760111966e-13 -3.601381232870806298e-08 3.088639526550824424e-10 3.912904478524835567e-09 0.000000000000000000e+00
0.000000000000000000e+00 0.000000000000000000e+00 0.000000000000000000e+00 0.000000000000000000e+00 0.000000000000000000e+00 0.000000000000000000e+00 -1.760643412202257542e-08 -1.483318840226248130e-08 -9.212269168992547262e-09 -4.084904230200192030e-09 -2.970980085153535762e-09 -2.019287931007639209e-09 7.087716765040502451e-11 -6.915369628864843844e-11 1.287505480853634117e-10 -3.256568604854822905e-12 5.398377782477306612e-12 -4.956953163886941493e-11 -6.694645756438244464e-06 0.000000000000000000e+00
0.000000000000000000e+00 0.000000000000000000e+00 0.000000000000000000e+00 0.000000000000000000e+00 0.000000000000000000e+00 0.000000000000000000e+00 -7.609699392728778127e-09 -8.358107452050937887e-09 -1.322384317718303292e-09 1.355764504688765218e-09 -1.050065945150175161e-09 -3.750252381597829121e-10 3.326184334282828476e-10 2.058458746826701448e-10 2.253839667576749035e-10 2.739026366991197950e-11 -7.032576025272050774e-12 -1.681610457316085715e-10 -7.744984880753815872e-06 0.000000000000000000e+00
0.000000000000000000e+00 0.000000000000000000e+00 0.000000000000000000e+00 0.000000000000000000e+00 0.000000000000000000e+00 0.000000000000000000e+00 -7.498369523574265170e-10 -5.605772445585795871e-10 3.539541514463545443e-10 6.258611849618869650e-12 -2.910718258637443960e-10 9.856043294978025390e-11 -1.755288067159750286e-10 1.467816700124498087e-11 -1.210500642290600857e-10 -4.950641869667176556e-12 -1.152262659291836481e-10 -1.958938368781529288e-09 -4.420322611685960971e-06 0.000000000000000000e+00
0.000000000000000000e+00 0.000000000000000000e+00 0.000000000000000000e+00 0.000000000000000000e+00 0.000000000000000000e+00 0.000000000000000000e+00 5.617170946817581664e-10 -2.664338997431946253e-09 1.696822383647335237e-09 -4.135703407232403301e-11 -3.713533110992271072e-10 1.986266791839299865e-10 -1.188952467900833005e-10 -1.346285218467833687e-10 -1.179804510077541958e-10 -4.365872808984276514e-11 -1.654615630609511390e-02 -3.638511961214455952e-09 -4.435337867030832795e-06 0.000000000000000000e+00
0.000000000000000000e+00 0.000000000000000000e+00 0.000000000000000000e+00 0.000000000000000000e+00 0.000000000000000000e+00 0.000000000000000000e+00 -1.081891523214425848e-10 -5.253034204378519996e-10 4.698774656519866676e-10 -3.928400860949333009e-12 -2.825619649776324884e-10 1.292229919496799304e-10 -1.546382918885092800e-10 1.246906264918244394e-12 -1.245826052775727031e-10 -2.725074880012257348e-11 -1.036055113726316616e-10 -1.364145460427610738e-09 3.178415158943909660e+02 0.000000000000000000e+00
0.000000000000000000e+00 0.000000000000000000e+00 0.000000000000000000e+00 0.000000000000000000e+00 0.000000000000000000e+00 0.000000000000000000e+00 2.438648791470876577e-10 -6.685647871068427001e-10 6.687646263029864818e-10 -4.509186455858462406e-11 -2.623754133755394145e-10 1.114853159071268022e-10 -1.404419539880484668e-10 -3.560940790500727102e-11 -1.313386151087546995e-10 -4.990816249324337660e-11 -1.016836035468765004e-10 -8.837400968101291570e-10 4.972076075281677277e+02 0.000000000000000000e+00
