0.000000000000000000e+00 0.000000000000000000e+00 0.000000000000000000e+00 0.000000000000000000e+00 0.000000000000000000e+00 0.000000000000000000e+00 8.391324655197565147e-09 4.609062465105497710e-09 2.717287929282465811e-09 2.807620119859019872e-09 3.205063181829234852e-09 4.390036003571941906e-09 4.091825585048266405e-09 3.550201125203546350e-09 2.356468050298877757e-09 9.519182856737938936e-10 3.064161952430006620e-10 2.026521724765715691e-08 4.445045161251655807e-05 0.000000000000000000e+00
0.000000000000000000e+00 0.000000000000000000e+00 0.000000000000000000e+00 0.000000000000000000e+00 0.000000000000000000e+00 0.000000000000000000e+00 2.452469354494271319e-09 1.351850406402163664e-09 9.307263849364516179e-10 7.973835936813298425e-10 8.955208368640355071e-10 1.092473546001071788e-09 8.022740813044302626e-10 7.537575285265861356e-10 7.367898287805337009e-10 8.630504196355198638e-10 7.585203008019132664e-03 3.345812970988955721e-08 4.445393701375073212e-05 0.000000000000000000e+00
0.000000000000000000e+00 0.000000000000000000e+00 0.000000000000000000e+00 0.000000000000000000e+00 0.000000000000000000e+00 0.000000000000000000e+00 2.334767810055860498e-09 1.883099942797354001e-09 1.130396561158834672e-09 8.341587131453693591e-10 1.120861046264752122e-09 1.728102886124937083e-09 1.516626806357029395e-09 1.407780811193980581e-09 1.023831305840998760e-09 5.222353264998337605e-10 1.833122472232384662e-10 6.588341112717587959e-09 1.753066949202420801e+03 0.000000000000000000e+00
0.000000000000000000e+00 0.000000000000000000e+00 0.000000000000000000e+00 0.000000000000000000e+00 0.000000000000000000e+00 0.000000000000000000e+00 9.134388692932677754e-10 1.558742464736624510e-09 6.890750156930947239e-10 4.827955081614838481e-10 6.952015736330903696e-10 1.119621378475573600e-09 9.314828613834497464e-10 9.148985611478237462e-10 6.958336778457641418e-10 3.643394510940234281e-10 1.164875027838579542e-10 4.186678943067426519e-09 2.199047491118696598e+03 0.000000000000000000e+00
0.000000000000000000e+00 0.000000000000000000e+00 0.000000000000000000e+00 0.000000000000000000e+00 0.000000000000000000e+00 0.000000000000000000e+00 -3.902049486914455703e-08 -1.759391044859374067e-08 -1.287704911590862460e-09 -9.913225973220079024e-09 -3.317700342993744992e-09 -3.677561596595276580e-09 -2.335272990531267733e-09 -1.020890540365673495e-09 -6.273688306154229289e-10 -2.320791072713997908e-10 1.907385932344915842e-11 3.348063872195315828e-10 2.065911245708864851e-09 0.000000000000000000e+00
0.000000000000000000e+00 0.000000000000000000e+00 0.000000000000000000e+00 0.000000000000000000e+00 0.000000000000000000e+00 0.000000000000000000e+00 -4.688134417990252065e-09 3.932489856318031872e-09 -8.228632891437230655e-11 -1.429437506161803221e-09 -2.207530569978785022e-10 4.376801551461572825e-11 -1.382935532301602273e-11 -4.439695493978507371e-11 -1.260642705754456140e-10 -9.912656327887639324e-11 -1.675089268469538134e-08 3.931728447356471435e-10 2.097740595861844960e-09 0.000000000000000000e+00
0.000000000000000000e+00 0.000000000000000000e+00 0.000000000000000000e+00 0.000000000000000000e+00 0.000000000000000000e+00 0.000000000000000000e+00 -2.091699367750738512e-08 -3.253144915392157925e-09 5.366633571842641270e-10 -4.605042844040199391e-09 -6.937988822200269267e-10 -1.353333550583097412e-09 -1.047034037972194292e-09 -3.935989590070458630e-10 -2.900792753569859975e-10 -1.166529516621347220e-10 6.761103847659884378e-12 1.158352173802959853e-10 -1.624202719739103442e-06 0.000000000000000000e+00
0.000000000000000000e+00 0.000000000000000000e+00 0.000000000000000000e+00 0.000000000000000000e+00 0.000000000000000000e+00 0.000000000000000000e+00 -1.209861798137208981e-08 2.427608771335359183e-09 9.617377882798937450e-10 -2.246457371771785908e-09 2.629566616520568551e-10 -3.218611588507689830e-10 -4.697117473378702249e-10 -1.228723278353017333e-10 -1.279733708354350402e-10 -4.092226919352219738e-11 5.650623629604219850e-12 2.034806419775294128e-11 -1.579346745813079965e-06 0.000000000000000000e+00
0.000000000000000000e+00 0.000000000000000000e+00 0.000000000000000000e+00 0.000000000000000000e+00 0.000000000000000000e+00 0.000000000000000000e+00 -1.650146416129464392e-07 -5.739535818156028180e-08 4.342639872830798429e-09 -3.454601969992014574e-08 -1.764483539346047616e-08 -9.312414977542237493e-09 -3.859880282300479156e-09 -1.239700321118405831e-09 -6.850397332037077158e-10 -2.166344478906248687e-10 2.472644346317855930e-11 4.965147896752770276e-10 1.117397167888621875e-08 0.000000000000000000e+00
0.000000000000000000e+00 0.000000000000000000e+00 0.000000000000000000e+00 0.000000000000000000e+00 0.000000000000000000e+00 0.000000000000000000e+00 -4.177161067406670169e-08 2.226911270925622744e-08 9.765694691725055407e-09 -2.181634750369907629e-09 -8.570116435913212478e-10 2.863792050197249825e-09 2.339154523772781534e-10 -8.114426522326676541e-11 -2.269365039501620241e-10 -6.290184174358654790e-11 -1.724155020625581943e-07 4.968327264952438007e-10 1.142197729941392832e-08 0.000000000000000000e+00
0.000000000000000000e+00 0.000000000000000000e+00 0.000000000000000000e+00 0.000000000000000000e+00 0.000000000000000000e+00 0.000000000000000000e+00 -8.986241317861401317e-08 -4.867575992240489807e-09 1.238610945175801541e-08 -1.360178166667883380e-08 -4.614112664537378650e-09 -2.131683376579396395e-09 -1.555796144552689299e-09 -5.022631317784913889e-11 -3.673138759091731236e-10 -1.138757884986688278e-10 2.527768725768531885e-11 4.821756012999490635e-11 3.125446570164287463e-06 0.000000000000000000e+00
0.000000000000000000e+00 0.000000000000000000e+00 0.000000000000000000e+00 0.000000000000000000e+00 0.000000000000000000e+00 0.000000000000000000e+00 -5.445691111760533395e-08 1.641327152356554019e-08 1.410666705092326998e-08 -4.656274590191423310e-09 4.747644790690458817e-10 9.834247109877814443e-10 -5.731389165447549067e-10 3.577947561480179656e-10 -2.170286789087605235e-10 -4.440711821157421050e-11 2.704856812227471075e-11 -8.530697533525811740e-11 1.047722743665929003e-05 0.000000000000000000e+00
0.000000000000000000e+00 0.000000000000000000e+00 0.000000000000000000e+00 0.000000000000000000e+00 0.000000000000000000e+00 0.000000000000000000e+00 2.160415930924421624e-09 -2.494914348661203796e-09 -3.522209172817546535e-10 -9.392002384872223765e-10 -5.795339833200686908e-10 -5.011239440191683332e-10 -3.758326590462438419e-10 -2.804027193451198704e-10 -2.847160846120235049e-10 -1.667219957910790791e-10 -2.223347900699672357e-10 -3.947131225221112589e-09 6.699925049063218861e-06 0.000000000000000000e+00
0.000000000000000000e+00 0.000000000000000000e+00 0.000000000000000000e+00 0.000000000000000000e+00 0.000000000000000000e+00 0.000000000000000000e+00 3.046907918702655113e-10 -2.579395005117816560e-09 1.713182909320183071e-09 -8.395919640782889376e-10 7.476115883808535248e-10 -5.376669772178352446e-10 -6.063062459211758033e-10 -4.925182559149593163e-10 -4.000209899505542917e-10 -1.228696067779114121e-10 -1.604095808098136497e-02 -7.374992269887404554e-09 6.687593630645489197e-06 0.000000000000000000e+00
0.000000000000000000e+00 0.000000000000000000e+00 0.000000000000000000e+00 0.000000000000000000e+00 0.000000000000000000e+00 0.000000000000000000e+00 2.675909526332238452e-09 -2.272439326968795173e-09 -2.796023285135976789e-10 -5.651540248341925752e-10 -4.898235208067406025e-10 -3.901380669987835390e-10 -2.945169470545083684e-10 -3.490956726210114777e-10 -3.310698705807118767e-10 -1.869586979807963343e-10 -1.929847898243605801e-10 -3.011626251249669640e-09 3.097612270432841228e+02 0.000000000000000000e+00
0.000000000000000000e+00 0.000000000000000000e+00 0.000000000000000000e+00 0.000000000000000000e+00 0.000000000000000000e+00 0.000000000000000000e+00 2.536362624826437786e-09 -2.053088665300241477e-09 -8.278805242681430618e-11 -2.845754122435169339e-10 -3.564874767432650443e-10 -3.181508295152561947e-10 -2.983788429167350098e-10 -4.170852474905846465e-10 -3.860507276294043521e-10 -2.180231130757451557e-10 -1.801413680567224620e-10 -2.333992709729298525e-09 4.644578710568370639e+02 0.000000000000000000e+00
