0.000000000000000000e+00 0.000000000000000000e+00 0.000000000000000000e+00 0.000000000000000000e+00 0.000000000000000000e+00 0.000000000000000000e+00 9.534601267412458653e-14 4.890606116757392213e-14 4.886185720084698384e-14 1.223340046805219098e-13 6.824617147043486678e-14 6.621190909010267626e-14 4.947547785316847505e-14 4.968582528288270745e-15 -1.307245647636563347e-14 4.993694479117257624e-15 1.097019670634924053e-14 2.269677172031907197e-12 2.397327981468758160e-09 0.000000000000000000e+00
0.000000000000000000e+00 0.000000000000000000e+00 0.000000000000000000e+00 0.000000000000000000e+00 0.000000000000000000e+00 0.000000000000000000e+00 -3.113466365758805332e-14 -3.402053947654572375e-15 -5.269453878249533188e-15 -8.271991572917726946e-15 -1.031029829238568324e-15 -1.331912361249236374e-14 -2.061703170331038158e-15 8.465553017247869327e-15 1.027221269273448933e-14 5.071236995565174359e-15 2.448551756778873671e-10 2.439496454009741688e-12 2.396741810981988431e-09 0.000000000000000000e+00
0.000000000000000000e+00 0.000000000000000000e+00 0.000000000000000000e+00 0.000000000000000000e+00 0.000000000000000000e+00 0.000000000000000000e+00 4.835891366588754510e-14 -1.983023590353243798e-15 2.716032523489382897e-14 1.025818837662301884e-14 1.312859575274160597e-14 1.952177621156742457e-14 2.385838265369252979e-14 2.795246522561611977e-14 3.075574696866630780e-14 2.258703919714610127e-14 2.918837783795933201e-14 2.934780192136009927e-12 6.606701904642490672e-03 0.000000000000000000e+00
0.000000000000000000e+00 0.000000000000000000e+00 0.000000000000000000e+00 0.000000000000000000e+00 0.000000000000000000e+00 0.000000000000000000e+00 1.091207132030624881e-13 3.324073123434950909e-14 7.161987672265635215e-14 5.386255308051148301e-14 6.028582865874672517e-14 7.645841127914717711e-14 7.316117702847119889e-14 6.454518989480976062e-14 5.712799996100516559e-14 3.561670065275301390e-14 4.439500102031222443e-14 6.488214140792807546e-12 9.704856897224580642e-03 0.000000000000000000e+00
0.000000000000000000e+00 0.000000000000000000e+00 0.000000000000000000e+00 0.000000000000000000e+00 0.000000000000000000e+00 0.000000000000000000e+00 -6.105895292267619371e-11 7.233378538771955210e-11 -1.900256493898337413e-11 -1.545355907334453302e-11 -1.160273193481860164e-11 -1.022288404934379260e-11 -3.121600938461084597e-12 -1.073395693357920215e-12 -2.965664556671096715e-14 9.331611070278972447e-14 4.719704848129421614e-14 4.810289298973781571e-13 4.055504994119684394e-12 0.000000000000000000e+00
0.000000000000000000e+00 0.000000000000000000e+00 0.000000000000000000e+00 0.000000000000000000e+00 0.000000000000000000e+00 0.000000000000000000e+00 2.922914703038638690e-11 1.212720656516153119e-12 -6.622328756762991328e-12 -3.748846473420475810e-13 -2.659570035053095712e-12 3.234887358326702006e-12 6.807290623464000045e-13 1.224869944661646515e-12 1.398626545359272705e-13 1.116736147392577085e-13 3.179328756059812511e-12 4.545290707555290316e-13 4.043482334054747299e-12 0.000000000000000000e+00
0.000000000000000000e+00 0.000000000000000000e+00 0.000000000000000000e+00 0.000000000000000000e+00 0.000000000000000000e+00 0.000000000000000000e+00 5.089592181780484753e-11 -2.262003727726146480e-11 5.385634201564269165e-12 2.498760820032519322e-12 4.092084242911075174e-12 6.193161585738530947e-12 1.169741067136642611e-12 1.704019618761195842e-12 1.918133669406833129e-13 1.295431749802212114e-13 -2.951370349881957782e-14 -5.418616051988229707e-13 4.531731264517541711e-09 0.000000000000000000e+00
0.000000000000000000e+00 0.000000000000000000e+00 0.000000000000000000e+00 0.000000000000000000e+00 0.000000000000000000e+00 0.000000000000000000e+00 6.919079348140711711e-11 -3.902765997156781167e-11 8.122147223314543260e-12 6.360674279582461284e-12 5.953337199562973335e-12 9.176293754439892356e-12 2.143212645332669369e-12 2.282780996884719335e-12 2.478233636950054455e-13 1.620898133155579139e-13 -4.891512755641924180e-14 -8.210597795233342957e-13 5.483455563378891846e-09 0.000000000000000000e+00
0.000000000000000000e+00 0.000000000000000000e+00 0.000000000000000000e+00 0.000000000000000000e+00 0.000000000000000000e+00 0.000000000000000000e+00 -3.179356409694798791e-10 2.911953812536292689e-10 -1.787067822101920603e-10 -1.734603834292453587e-12 -3.982579925807715026e-11 -3.937554279976178133e-11 -1.514093648143385351e-11 -5.253287637886222638e-12 -5.532876701742459051e-13 2.137689149250357337e-12 7.663090795885065312e-13 8.083171555798030279e-12 1.028126891581879391e-10 0.000000000000000000e+00
0.000000000000000000e+00 0.000000000000000000e+00 0.000000000000000000e+00 0.000000000000000000e+00 0.000000000000000000e+00 0.000000000000000000e+00 1.835267278500325006e-10 4.806060331595375745e-11 -1.343615467786885313e-11 -2.262381567976073941e-11 -1.816678115574685197e-11 2.811515911054723803e-12 2.733040120443563147e-12 5.022889626259890587e-12 2.439774092291631662e-12 2.261993877227170019e-12 4.991511543400539340e-11 7.540613973237097561e-12 1.023173302154962258e-10 0.000000000000000000e+00
0.000000000000000000e+00 0.000000000000000000e+00 0.000000000000000000e+00 0.000000000000000000e+00 0.000000000000000000e+00 0.000000000000000000e+00 2.671353955377134412e-10 -1.068860804351506697e-10 2.457753761450321388e-11 -6.506604063648858637e-12 2.795460585421966923e-13 1.330167498785880722e-11 7.016413792410650758e-12 6.837992569532308181e-12 3.432078655408236982e-12 3.527214263685721311e-12 -7.760478214617367137e-13 -1.280650707905536408e-11 1.558771923420344933e-07 0.000000000000000000e+00
0.000000000000000000e+00 0.000000000000000000e+00 0.000000000000000000e+00 0.000000000000000000e+00 0.000000000000000000e+00 0.000000000000000000e+00 3.690051041899674738e-10 -1.677790519082190216e-10 6.277966419241796749e-11 -8.445912637090647595e-12 6.068090493182686910e-12 2.329857437211766800e-11 1.119892713813985872e-11 9.433405885701384956e-12 4.504743694827108671e-12 4.243159737929683287e-12 -1.259347229641691589e-12 -1.816176803659181561e-11 1.893289039109729561e-07 0.000000000000000000e+00
0.000000000000000000e+00 0.000000000000000000e+00 0.000000000000000000e+00 0.000000000000000000e+00 0.000000000000000000e+00 0.000000000000000000e+00 2.270816589828388075e-12 -3.864360667122824751e-12 2.345465586224160318e-12 -2.960898290100188796e-12 -1.286146436478634861e-14 -4.952072161079892783e-14 -2.985744328723024151e-13 -4.317830574686862478e-13 -2.915229490915222253e-13 -8.477020888857493726e-13 -7.201584676912496676e-13 -3.429370003869889732e-11 2.679604293803722149e-08 0.000000000000000000e+00
0.000000000000000000e+00 0.000000000000000000e+00 0.000000000000000000e+00 0.000000000000000000e+00 0.000000000000000000e+00 0.000000000000000000e+00 6.313535538083641782e-12 3.554742035820232680e-12 -1.464587163022101721e-12 -3.949977395699840810e-12 -4.585686302006797425e-13 -1.623383367683673335e-12 -8.631129342318127563e-13 -5.712920409807379978e-13 -6.959821176348639111e-15 -5.157081412903167226e-13 -9.607160722189513544e-08 -2.470743273157061047e-11 2.679273806181536232e-08 0.000000000000000000e+00
0.000000000000000000e+00 0.000000000000000000e+00 0.000000000000000000e+00 0.000000000000000000e+00 0.000000000000000000e+00 0.000000000000000000e+00 1.927715449602711764e-12 1.567888198663091416e-12 9.815128203343424225e-13 -1.287426681459806810e-12 2.823899988826849509e-13 -1.219741309650108497e-12 -5.517848180123119614e-13 -1.563939383279238625e-13 -2.156339729939836256e-13 -9.787978948734161087e-13 -4.181864925105164555e-13 -4.884457581373508311e-11 -1.495988859150159112e+00 0.000000000000000000e+00
0.000000000000000000e+00 0.000000000000000000e+00 0.000000000000000000e+00 0.000000000000000000e+00 0.000000000000000000e+00 0.000000000000000000e+00 1.957982176541113966e-12 2.719247862152126657e-12 3.896525242989143015e-13 -7.202685076409899933e-13 -2.975321491337901088e-13 -1.390688937917018781e-12 -7.403020802122851354e-13 -9.553849959068841952e-14 -2.722048228862875182e-13 -1.061045788669812312e-12 -3.442509507867888293e-13 -5.756173054484486022e-11 -2.182552013645586708e+00 0.000000000000000000e+00
0.000000000000000000e+00 0.000000000000000000e+00 0.000000000000000000e+00 0.000000000000000000e+00 0.000000000000000000e+00 0.000000000000000000e+00 2.483103753142130310e-12 2.178121112304333262e-12 1.899037621303780386e-12 1.866078687608132974e-12 2.929427306519241866e-12 2.966113517131182077e-12 2.591602247528261212e-12 1.432270247360208230e-12 5.958175433674394432e-13 1.212846717461007441e-13 1.666047951650622335e-13 1.590139680474427034e-10 4.878363041153001291e-07 0.000000000000000000e+00
0.000000000000000000e+00 0.000000000000000000e+00 0.000000000000000000e+00 0.000000000000000000e+00 0.000000000000000000e+00 0.000000000000000000e+00 -2.346423222402430992e-12 -1.713547473046961809e-13 1.896820488250138784e-12 9.626439065090174512e-13 2.829077666341934222e-12 3.597776707610165999e-12 1.664316166884471369e-12 1.204846022577804522e-12 4.717395304790237446e-13 8.482275031419065984e-14 3.798734245451896380e-11 1.759973090459333690e-10 4.879321036300567834e-07 0.000000000000000000e+00
0.000000000000000000e+00 0.000000000000000000e+00 0.000000000000000000e+00 0.000000000000000000e+00 0.000000000000000000e+00 0.000000000000000000e+00 3.592397367094357025e-13 -1.039250845793809734e-12 7.191936526444144018e-13 -6.345015915710120766e-14 1.906863455953858830e-12 2.341267728602075187e-12 1.608825535882441820e-12 1.588413748170830872e-12 1.067563564330879451e-12 2.795704843726307073e-13 3.178429806313204906e-13 8.246955811702599889e-10 3.131285485987679973e+00 0.000000000000000000e+00
0.000000000000000000e+00 0.000000000000000000e+00 0.000000000000000000e+00 0.000000000000000000e+00 0.000000000000000000e+00 0.000000000000000000e+00 -1.077543384222501404e-12 -4.599663463008660936e-13 6.857609060210180052e-13 8.121510941513687461e-14 2.155798134835115173e-12 2.905242298287691262e-12 2.066953359512780313e-12 2.157034608919921097e-12 1.478068881267377197e-12 4.938143298435594753e-13 6.634361233297087152e-13 1.149984645325144542e-09 4.618036787070774807e+00 0.000000000000000000e+00
0.000000000000000000e+00 0.000000000000000000e+00 0.000000000000000000e+00 0.000000000000000000e+00 0.000000000000000000e+00 0.000000000000000000e+00 -2.726948728611781352e-10 -7.847466496264877021e-10 -3.806488445138116678e-10 -1.359247519082684205e-10 -1.844732262680786884e-10 -6.617315040447217666e-11 -4.104748168441176204e-11 -1.564322531969778551e-11 -4.797485030741738052e-12 -8.797694994709447017e-13 1.127285474084597777e-12 1.428385569285712984e-11 3.319162138611674549e-11 0.000000000000000000e+00
0.000000000000000000e+00 0.000000000000000000e+00 0.000000000000000000e+00 0.000000000000000000e+00 0.000000000000000000e+00 0.000000000000000000e+00 1.927368716085736125e-10 -1.257753944045129502e-10 -1.672387942093790561e-10 2.122065740851069424e-10 -4.473300725392449973e-11 3.984973555436443195e-11 6.749934237075333753e-12 1.055996690241539053e-11 3.243898011562832240e-12 6.458801100403141631e-13 -4.559574561310491193e-13 1.338956813881051420e-11 3.357495464731377205e-11 0.000000000000000000e+00
0.000000000000000000e+00 0.000000000000000000e+00 0.000000000000000000e+00 0.000000000000000000e+00 0.000000000000000000e+00 0.000000000000000000e+00 1.644863592938812358e-10 2.060831701271095960e-10 -2.084604940031829756e-10 1.578264725106570997e-10 -5.395864083640530690e-12 2.255040537579363253e-11 3.702043624179801468e-12 9.693320345852175458e-12 1.975453077736123823e-12 7.491011020170205890e-13 -3.565081049995187259e-13 -6.556836994000059809e-13 -8.779637944643508003e-08 0.000000000000000000e+00
0.000000000000000000e+00 0.000000000000000000e+00 0.000000000000000000e+00 0.000000000000000000e+00 0.000000000000000000e+00 0.000000000000000000e+00 2.469365953808140578e-10 3.694664961802314997e-10 -1.518646085636713753e-10 2.179947403556135121e-10 3.454002663720522711e-11 4.495308878930501024e-11 1.381925755097393734e-11 1.617354019247949913e-11 4.464574580722735214e-12 1.746743498727321728e-12 -8.814271376268924291e-13 -4.420232057612556112e-12 -1.070669736518676588e-07 0.000000000000000000e+00
0.000000000000000000e+00 0.000000000000000000e+00 0.000000000000000000e+00 0.000000000000000000e+00 0.000000000000000000e+00 0.000000000000000000e+00 -1.241390088589948822e-09 -2.732616528820471538e-09 -1.428292643383476841e-09 -1.030773917492741776e-09 -9.723225842187368508e-10 -3.041887176762475651e-10 -2.075107735171398672e-10 -7.912751349858450490e-11 -3.408330562695477440e-11 -1.141461413580481524e-11 1.347995824692101570e-11 1.429797102230540416e-10 3.060071906421390736e-10 0.000000000000000000e+00
0.000000000000000000e+00 0.000000000000000000e+00 0.000000000000000000e+00 0.000000000000000000e+00 0.000000000000000000e+00 0.000000000000000000e+00 1.181475320432763087e-09 -4.546073694334798327e-10 -4.317069541627677807e-10 3.341383836479172350e-10 -3.901321069594181403e-10 1.492832487194412309e-10 2.026481127877484427e-11 4.608923094871002763e-11 1.909031337864942352e-11 3.854156339033011763e-12 -1.615368787523806726e-11 1.334230196653062855e-10 3.223385862614178114e-10 0.000000000000000000e+00
0.000000000000000000e+00 0.000000000000000000e+00 0.000000000000000000e+00 0.000000000000000000e+00 0.000000000000000000e+00 0.000000000000000000e+00 1.001395821759761682e-09 6.424662265153064685e-10 -5.114812599276281114e-10 4.603317590016705842e-10 -1.928169332738202731e-10 1.208843772502601987e-10 8.983602414419395860e-12 3.332068445718141435e-11 7.501203508706793254e-12 9.733684755228757383e-13 -5.835832138583805528e-12 -1.088677540036710958e-10 -1.068657899359702590e-06 0.000000000000000000e+00
0.000000000000000000e+00 0.000000000000000000e+00 0.000000000000000000e+00 0.000000000000000000e+00 0.000000000000000000e+00 0.000000000000000000e+00 1.391121683943171105e-09 1.305021681924349819e-09 -2.749922047189484280e-10 7.565876702666244360e-10 -1.721685201088654508e-11 2.241482052480097249e-10 5.955612079316566146e-11 6.175685205333210212e-11 2.366539692441359231e-11 9.471362538106521293e-12 -1.298229595770578902e-11 -1.617437217199380141e-10 -1.305095852390826714e-06 0.000000000000000000e+00
0.000000000000000000e+00 0.000000000000000000e+00 0.000000000000000000e+00 0.000000000000000000e+00 0.000000000000000000e+00 0.000000000000000000e+00 1.763816468781099640e-10 -1.201012783076382944e-11 -4.096832705014481203e-11 -2.044203273732403050e-12 -1.452153581151185475e-11 -4.477231600220156071e-12 -4.003593602898162497e-14 -8.940266973827581445e-12 -1.832822189669010859e-11 -4.754955514865682027e-12 -3.380029456875272991e-12 -3.824305488443306234e-10 -1.055888359344855161e-07 0.000000000000000000e+00
0.000000000000000000e+00 0.000000000000000000e+00 0.000000000000000000e+00 0.000000000000000000e+00 0.000000000000000000e+00 0.000000000000000000e+00 5.816363464099157549e-11 -1.191275970787387883e-10 -2.286819894067689340e-12 -1.050497751911466095e-10 3.161360085371669435e-11 3.630352081783833171e-12 -5.799186716999569072e-12 -1.394009788763382185e-12 -1.083212409723611133e-11 -3.472941277145615098e-12 -6.893892505155463785e-07 -3.305831846257674455e-10 -1.062916023333815093e-07 0.000000000000000000e+00
0.000000000000000000e+00 0.000000000000000000e+00 0.000000000000000000e+00 0.000000000000000000e+00 0.000000000000000000e+00 0.000000000000000000e+00 1.346968667684485380e-10 -4.494760923508303048e-11 -2.169390807991539770e-11 3.940675554296521891e-12 7.081261749068352555e-12 2.231910999612496923e-11 -1.059950809829659404e-11 -5.377095487101664875e-12 -1.982912121474821119e-11 -6.066861788129140813e-12 -3.223882805684604680e-12 -8.071065295605109455e-10 -1.475311061407776947e+01 0.000000000000000000e+00
0.000000000000000000e+00 0.000000000000000000e+00 0.000000000000000000e+00 0.000000000000000000e+00 0.000000000000000000e+00 0.000000000000000000e+00 1.120176007559488738e-10 -5.060139025074097740e-11 -1.618045548827108028e-11 1.863122551377389914e-12 1.418898669921519767e-11 2.577851829724093718e-11 -1.442998895967503947e-11 -4.628867258529963089e-12 -2.067745175030250002e-11 -7.018002922422663798e-12 -4.723421045202597897e-12 -1.211131444880628800e-09 -2.171239748306084394e+01 0.000000000000000000e+00
0.000000000000000000e+00 0.000000000000000000e+00 0.000000000000000000e+00 0.000000000000000000e+00 0.000000000000000000e+00 0.000000000000000000e+00 3.491949537068817403e-09 3.332632069164109400e-09 3.418997365808428872e-09 3.497477229550602771e-09 4.441284785834558967e-09 4.604916799030594439e-09 4.140083781219666980e-09 3.138207050531095813e-09 1.606511547091155213e-09 4.990323807607777956e-10 3.188123091016548788e-10 6.282440283367457233e-08 1.536770789695555576e-06 0.000000000000000000e+00
0.000000000000000000e+00 0.000000000000000000e+00 0.000000000000000000e+00 0.000000000000000000e+00 0.000000000000000000e+00 0.000000000000000000e+00 1.825951048788300768e-09 1.464823089395154190e-09 1.474891759787826977e-09 2.721834962168312185e-09 2.392678467669727639e-09 3.028021733876606453e-09 2.091657215920901307e-09 1.504889158011554734e-09 8.869854141737196713e-10 6.194707756900228701e-10 2.300570431830350674e-06 7.551513490976354022e-08 1.540400417425010038e-06 0.000000000000000000e+00
0.000000000000000000e+00 0.000000000000000000e+00 0.000000000000000000e+00 0.000000000000000000e+00 0.000000000000000000e+00 0.000000000000000000e+00 1.014542210706883958e-09 1.267994886306657125e-09 1.007465149427221619e-09 1.420558229841772424e-09 1.568189187793352459e-09 2.051062434309600669e-09 1.969373105009073624e-09 1.718682286386996856e-09 1.136268576353694728e-09 4.895192916861253972e-10 2.585510088777940512e-10 5.215635534081585395e-08 3.425657160452021621e+00 0.000000000000000000e+00
0.000000000000000000e+00 0.000000000000000000e+00 0.000000000000000000e+00 0.000000000000000000e+00 0.000000000000000000e+00 0.000000000000000000e+00 6.261092506136398953e-10 9.222678223251256738e-10 6.905084300492182420e-10 1.138543766652607809e-09 1.146540147032688799e-09 1.700938402442259680e-09 1.703444041092408702e-09 1.563215569177660482e-09 1.110705201072953451e-09 5.358544271902085463e-10 2.945683492978334046e-10 5.237612784742773350e-08 5.022751896940564009e+00 0.000000000000000000e+00
0.000000000000000000e+00 0.000000000000000000e+00 0.000000000000000000e+00 0.000000000000000000e+00 0.000000000000000000e+00 0.000000000000000000e+00 -1.176846143269201223e-08 -1.498672952318209923e-08 -4.512634853956854704e-09 -3.138348874235829950e-09 -4.054912289321477058e-09 -1.332609653747927960e-09 -5.113722158867946983e-10 -3.762119975974192242e-10 -1.591940313540483745e-10 -5.623584156829942236e-11 4.204743687231045518e-11 2.983730061577727752e-10 4.323356829717225714e-10 0.000000000000000000e+00
0.000000000000000000e+00 0.000000000000000000e+00 0.000000000000000000e+00 0.000000000000000000e+00 0.000000000000000000e+00 0.000000000000000000e+00 -2.722176776739851177e-09 -7.043639278508161139e-09 1.591282186641284558e-09 9.837387731501945859e-10 -6.936337683327560104e-10 -3.706803160412494337e-12 1.345618054720861928e-10 1.109839101889333472e-10 -1.750719734547014454e-11 -1.958100408198177010e-11 -5.989087507625557493e-10 2.954798503085674242e-10 4.339922144907057865e-10 0.000000000000000000e+00
0.000000000000000000e+00 0.000000000000000000e+00 0.000000000000000000e+00 0.000000000000000000e+00 0.000000000000000000e+00 0.000000000000000000e+00 -6.165123742443771963e-09 -8.387989463598168846e-09 -1.257135753458245224e-09 -7.109075600078820660e-10 -1.752260895071703595e-09 -3.910824585940384827e-10 -4.832514721291420174e-11 -4.095567798911020549e-11 -5.402659498404039541e-11 -2.083052056691308642e-11 1.506473338634371309e-11 7.150869148272027896e-11 -3.481588031535475397e-08 0.000000000000000000e+00
0.000000000000000000e+00 0.000000000000000000e+00 0.000000000000000000e+00 0.000000000000000000e+00 0.000000000000000000e+00 0.000000000000000000e+00 -4.192436026582189742e-09 -6.334515032436734858e-09 -1.455418116445829100e-10 6.559087812640457715e-11 -1.021261278907196971e-09 -1.023305687332721695e-10 9.004909207800613786e-11 7.111294006605990197e-11 -8.220646511364004472e-12 8.710796512302973098e-12 2.588517721386442370e-12 -4.579234456140344461e-13 -4.374968559151655843e-08 0.000000000000000000e+00
0.000000000000000000e+00 0.000000000000000000e+00 0.000000000000000000e+00 0.000000000000000000e+00 0.000000000000000000e+00 0.000000000000000000e+00 -7.460199923585045277e-08 -4.286230972689131553e-08 -2.618148978418301491e-08 -1.230868814510300170e-08 -1.374421078668416384e-08 -2.765405809317699674e-09 3.576776417437779313e-10 -1.194264644100551390e-10 -1.246626887657413459e-10 1.549435799010002928e-10 -3.330831028549933932e-11 8.670903141868627514e-11 2.109485549179188420e-09 0.000000000000000000e+00
0.000000000000000000e+00 0.000000000000000000e+00 0.000000000000000000e+00 0.000000000000000000e+00 0.000000000000000000e+00 0.000000000000000000e+00 -1.862004828801698633e-08 -2.124945719205550995e-08 1.551073431711141093e-08 -4.742306096721697667e-10 3.779506285815678465e-09 1.601370591379822218e-10 1.339169935649719206e-09 1.088868706201761707e-10 -2.090898894576270296e-10 2.110625505167270152e-10 -1.726691344252127660e-09 9.923851858584851886e-11 2.067928414650276706e-09 0.000000000000000000e+00
0.000000000000000000e+00 0.000000000000000000e+00 0.000000000000000000e+00 0.000000000000000000e+00 0.000000000000000000e+00 0.000000000000000000e+00 -4.156479368851718863e-08 -2.109895825151928259e-08 -4.053339074200126377e-09 -2.472602957375144029e-09 -4.337321437586459310e-09 -7.972916142165062099e-10 1.142170251200499500e-09 1.070923602415405847e-10 -1.618050612948653769e-10 1.802589271832690128e-10 -2.885668933943576734e-11 2.377640110172129922e-10 -7.045516276092628233e-07 0.000000000000000000e+00
0.000000000000000000e+00 0.000000000000000000e+00 0.000000000000000000e+00 0.000000000000000000e+00 0.000000000000000000e+00 0.000000000000000000e+00 -2.928700254795454724e-08 -1.495719357528105904e-08 3.446575762491856817e-09 6.222514797117419527e-11 -1.073897121906467653e-09 -1.306692181045743449e-10 1.343755021237421732e-09 1.620633781487479658e-10 -1.723792520079331643e-10 1.977926548422110174e-10 -3.292107538787173072e-11 2.701937907251862477e-10 -8.702600753275063142e-07 0.000000000000000000e+00
0.000000000000000000e+00 0.000000000000000000e+00 0.000000000000000000e+00 0.000000000000000000e+00 0.000000000000000000e+00 0.000000000000000000e+00 6.931227562403621693e-12 -5.187000367116003952e-10 7.995247188652570724e-11 1.079735751473883522e-10 -4.762923346808105482e-12 -3.002329802849977854e-10 -5.197178299362913674e-11 1.907911939711633373e-12 -3.852294932622000938e-11 -6.771447268428534540e-12 -7.455501323578291810e-11 -5.777744174630598957e-09 7.467813946389496110e-07 0.000000000000000000e+00
0.000000000000000000e+00 0.000000000000000000e+00 0.000000000000000000e+00 0.000000000000000000e+00 0.000000000000000000e+00 0.000000000000000000e+00 -1.008811145894577078e-10 -7.392682395288999507e-10 -3.322812830084900389e-10 1.066376765359223271e-10 -5.497520396877326785e-10 -2.858974226702250439e-10 -1.803558943753847009e-10 -8.360959873080084594e-11 -9.016134398545054157e-11 -2.345477121465860831e-11 -5.322256112673976379e-06 -6.240366802036331149e-09 7.467453656217639076e-07 0.000000000000000000e+00
0.000000000000000000e+00 0.000000000000000000e+00 0.000000000000000000e+00 0.000000000000000000e+00 0.000000000000000000e+00 0.000000000000000000e+00 -4.510845594664217209e-10 -5.234960819213690399e-10 -9.477304765441249744e-11 8.310976590466365242e-11 5.373672966087624000e-11 -7.718680278415090588e-11 -4.295996878162181513e-12 5.591976859271163542e-11 -7.203426083944785539e-11 -2.667220112384670023e-11 -4.454790693102907715e-11 -7.872039539840133760e-09 -1.262499090573634142e+01 0.000000000000000000e+00
0.000000000000000000e+00 0.000000000000000000e+00 0.000000000000000000e+00 0.000000000000000000e+00 0.000000000000000000e+00 0.000000000000000000e+00 -6.158311665579306304e-10 -5.620724464800197150e-10 -1.485651933210111869e-10 4.407766661418282100e-11 6.440024612383689939e-12 -3.095318130218270823e-11 -6.440514305850573799e-12 4.932863759447489996e-11 -9.239772511134878303e-11 -4.916385439276323925e-11 -3.810302413342990395e-11 -7.957191800548668545e-09 -1.860753090058885562e+01 0.000000000000000000e+00
0.000000000000000000e+00 0.000000000000000000e+00 0.000000000000000000e+00 0.000000000000000000e+00 0.000000000000000000e+00 0.000000000000000000e+00 1.416513051553475213e-11 4.985610495854712642e-11 1.426157823531402952e-11 1.837392058518439882e-11 1.383943571599566951e-11 1.169054500038485713e-11 9.896700115453736447e-12 5.586051539685553442e-12 3.160342501755546327e-12 1.134046266929925242e-12 8.873242283048079987e-13 2.886364301588680679e-10 2.251529117606458032e-07 0.000000000000000000e+00
0.000000000000000000e+00 0.000000000000000000e+00 0.000000000000000000e+00 0.000000000000000000e+00 0.000000000000000000e+00 0.000000000000000000e+00 2.746567569441874230e-11 2.927289089769987991e-11 2.173707954570499376e-11 1.435460156801259730e-11 1.284462859462295844e-11 1.434283883596447332e-11 1.003245290521927600e-11 4.685781139794904469e-12 2.043637256709848802e-12 6.941140129743150283e-13 1.033056562781480141e-09 3.320626662182882228e-10 2.251862755283568721e-07 0.000000000000000000e+00
0.000000000000000000e+00 0.000000000000000000e+00 0.000000000000000000e+00 0.000000000000000000e+00 0.000000000000000000e+00 0.000000000000000000e+00 7.818409258005177274e-12 1.256583747377418968e-11 6.702254015201690966e-12 9.923715437857070039e-12 4.886405088950522564e-12 7.070816451873025215e-12 7.206160660660209803e-12 4.867384559770564507e-12 3.116636108563170506e-12 1.263277367695065768e-12 8.339470489698695430e-13 1.028600287814066244e-09 7.465743397404442927e-01 0.000000000000000000e+00
0.000000000000000000e+00 0.000000000000000000e+00 0.000000000000000000e+00 0.000000000000000000e+00 0.000000000000000000e+00 0.000000000000000000e+00 8.675497552755845652e-12 8.889340573328477296e-12 6.550552297466974961e-12 8.900074874733093745e-12 4.491462204752979382e-12 7.116463954451945439e-12 7.685130404328232066e-12 5.303516631899121380e-12 3.497602534747619733e-12 1.505131649309129112e-12 1.159843533168638416e-12 1.434159334278288610e-09 1.095624036025648618e+00 0.000000000000000000e+00
0.000000000000000000e+00 0.000000000000000000e+00 0.000000000000000000e+00 0.000000000000000000e+00 0.000000000000000000e+00 0.000000000000000000e+00 -6.715570414324080739e-12 -1.569024797148630369e-09 -2.527634423980861720e-12 5.829005016645371259e-11 5.097223552651432531e-11 -1.322727174223953439e-10 -4.093232124489335053e-11 -3.375231618296170702e-11 -7.101302916493811072e-12 -2.114971647688588744e-12 2.801646602877009637e-12 3.083040094097910319e-11 8.557334750360135542e-11 0.000000000000000000e+00
0.000000000000000000e+00 0.000000000000000000e+00 0.000000000000000000e+00 0.000000000000000000e+00 0.000000000000000000e+00 0.000000000000000000e+00 -1.061337903582736657e-10 -4.100727371286242415e-10 -1.108083817013363065e-10 3.640473317094917748e-10 2.414707617400893127e-10 -1.992261448017455941e-11 7.995669992993125493e-12 -3.668935919568824273e-13 2.656659514874462573e-12 -2.828065467705897627e-13 -2.920758608704915316e-12 3.124096455251422476e-11 8.622807828720866125e-11 0.000000000000000000e+00
0.000000000000000000e+00 0.000000000000000000e+00 0.000000000000000000e+00 0.000000000000000000e+00 0.000000000000000000e+00 0.000000000000000000e+00 1.743593770945303055e-10 -3.307339582943432013e-10 -5.919824942523472036e-12 9.031533988552647781e-11 1.159200107074402910e-10 -4.674770991248421661e-11 -1.400233793569935333e-11 -1.225143181782058268e-11 -2.438411117520850249e-13 -1.262042673732672990e-13 1.447659385073548232e-12 2.043494840744939247e-11 1.609251414529677508e-09 0.000000000000000000e+00
0.000000000000000000e+00 0.000000000000000000e+00 0.000000000000000000e+00 0.000000000000000000e+00 0.000000000000000000e+00 0.000000000000000000e+00 1.793828207320506848e-10 -3.329185590844279737e-11 -7.979685787874046682e-12 1.337417227009558695e-10 1.364527979086844860e-10 -2.060071409930152727e-11 -3.687403019630819060e-12 -4.136120569484742851e-12 2.450339511748263630e-12 1.536725247887090658e-12 7.642623431807794347e-13 1.668446498800458202e-11 1.808739991585474304e-09 0.000000000000000000e+00
0.000000000000000000e+00 0.000000000000000000e+00 0.000000000000000000e+00 0.000000000000000000e+00 0.000000000000000000e+00 0.000000000000000000e+00 2.541486440879034850e-09 -1.132742214659758530e-08 -1.441824190959147914e-09 1.199406210917671451e-09 -7.985348765646326376e-10 -2.453892897242317445e-10 -8.092786931722182904e-11 -7.903515086020166032e-11 -2.203056134849122232e-11 -1.706284844673696803e-11 2.175347489085782559e-12 6.624815257576008333e-11 2.341767890157845388e-11 0.000000000000000000e+00
0.000000000000000000e+00 0.000000000000000000e+00 0.000000000000000000e+00 0.000000000000000000e+00 0.000000000000000000e+00 0.000000000000000000e+00 -1.799697446969448839e-10 -6.313052534931770475e-09 -1.713612822532889890e-09 1.746987355849913487e-09 2.572491094837782223e-10 8.120155099021063900e-11 1.200330710955600857e-10 -3.720075609915803684e-12 -7.977866405765730542e-12 -1.213094422955028422e-11 7.570377896808610352e-11 6.217859775175570897e-11 2.474506304093868565e-11 0.000000000000000000e+00
0.000000000000000000e+00 0.000000000000000000e+00 0.000000000000000000e+00 0.000000000000000000e+00 0.000000000000000000e+00 0.000000000000000000e+00 1.742523174799783078e-09 -5.050884906768429088e-09 -1.058967999017132517e-09 1.477089298679059665e-09 -8.782973079818531605e-11 -4.858863035176010113e-11 3.880361063096016311e-11 -2.025297967125773132e-11 -1.608171580632032819e-11 -1.474255658968622562e-11 5.321487243882756027e-12 3.783185507702687593e-11 3.266709993895305178e-07 0.000000000000000000e+00
0.000000000000000000e+00 0.000000000000000000e+00 0.000000000000000000e+00 0.000000000000000000e+00 0.000000000000000000e+00 0.000000000000000000e+00 1.184350986655741059e-09 -3.611616143785889190e-09 -9.288677727305524752e-10 1.528243662184832003e-09 1.171757329091837776e-10 1.185510142334134319e-11 7.992670301376902110e-11 -2.127414148800830543e-12 -1.237098229214571003e-11 -1.317638595099961005e-11 6.029921490867305527e-12 4.111414882177405436e-11 3.997841705757268480e-07 0.000000000000000000e+00
0.000000000000000000e+00 0.000000000000000000e+00 0.000000000000000000e+00 0.000000000000000000e+00 0.000000000000000000e+00 0.000000000000000000e+00 5.459425732559599604e-10 -1.336152347413708360e-10 1.289108381695012529e-10 2.995473684351323979e-11 -5.701666672640412108e-11 -3.894980075377443960e-11 2.348839404411672935e-11 -7.175974348591796753e-12 -1.500430225614576806e-11 -6.833439522804450750e-12 -8.647060838905382073e-12 -3.219095022954660325e-10 2.954707338267948984e-08 0.000000000000000000e+00
0.000000000000000000e+00 0.000000000000000000e+00 0.000000000000000000e+00 0.000000000000000000e+00 0.000000000000000000e+00 0.000000000000000000e+00 1.122601366058347000e-09 -4.100649801749253150e-10 8.609798286720378868e-11 -1.952931737210556354e-10 -1.684401053694300976e-10 -5.041594103206987789e-11 1.675216187943311157e-11 -2.917087066788050864e-11 -2.453174851739902232e-12 -1.084720466907195474e-11 6.002058198351270785e-07 -1.641862665341366361e-10 2.886516408132867582e-08 0.000000000000000000e+00
0.000000000000000000e+00 0.000000000000000000e+00 0.000000000000000000e+00 0.000000000000000000e+00 0.000000000000000000e+00 0.000000000000000000e+00 3.055738380589194192e-10 -2.903894411245293000e-10 1.568039630770156243e-11 1.403021207550881567e-11 -1.209496569916709202e-10 -2.795500962578424824e-11 2.446782835967367917e-11 -7.853806730981162227e-12 -9.501663273078198518e-12 -8.592996132103904268e-12 -6.056451931117530550e-12 8.044482174153188259e-11 -3.473372263695786000e+00 0.000000000000000000e+00
0.000000000000000000e+00 0.000000000000000000e+00 0.000000000000000000e+00 0.000000000000000000e+00 0.000000000000000000e+00 0.000000000000000000e+00 3.128611479963705476e-10 -3.537571458075955878e-10 -2.584434420966311252e-13 -1.312344639068811414e-11 -1.388644084468181362e-10 -3.044940102259149045e-11 2.976460092373911335e-11 -7.394303949489485335e-12 -7.092729146473992515e-12 -9.173789911524594701e-12 -5.097921992001331189e-12 1.389217815711820949e-11 -5.016646516164319003e+00 0.000000000000000000e+00
0.000000000000000000e+00 0.000000000000000000e+00 0.000000000000000000e+00 0.000000000000000000e+00 0.000000000000000000e+00 0.000000000000000000e+00 3.376075387125057812e-09 3.305222364698601830e-09 3.282844294550043124e-09 3.470294910968491362e-09 4.356669180757141243e-09 4.575825023374014351e-09 4.122320365196051484e-09 3.140212163053337014e-09 1.604555276319804751e-09 5.051668343708288362e-10 3.163719560415295140e-10 6.197766658230326202e-08 3.030926091263705872e-06 0.000000000000000000e+00
0.000000000000000000e+00 0.000000000000000000e+00 0.000000000000000000e+00 0.000000000000000000e+00 0.000000000000000000e+00 0.000000000000000000e+00 1.840044915246166326e-09 1.468550205558538658e-09 1.336833279120070034e-09 2.636292893607963364e-09 2.365979392642943908e-09 2.991787088487705109e-09 2.112659161726163401e-09 1.518147263094714665e-09 8.869246700161286712e-10 6.212976506985881387e-10 2.335900871274274597e-06 7.373721264480548070e-08 3.032990494443244766e-06 0.000000000000000000e+00
0.000000000000000000e+00 0.000000000000000000e+00 0.000000000000000000e+00 0.000000000000000000e+00 0.000000000000000000e+00 0.000000000000000000e+00 1.051012674016453401e-09 1.157007800727379659e-09 8.864139461761400290e-10 1.406000197739343888e-09 1.576492622236314932e-09 2.051193695708231467e-09 1.993276343675731940e-09 1.759768611697306401e-09 1.141458591177777839e-09 4.955572317014166960e-10 2.545192814787504336e-10 5.608348176510160537e-08 8.581359706582430746e+00 0.000000000000000000e+00
0.000000000000000000e+00 0.000000000000000000e+00 0.000000000000000000e+00 0.000000000000000000e+00 0.000000000000000000e+00 0.000000000000000000e+00 6.990028072790051657e-10 8.170517637269956005e-10 5.800467725937025263e-10 1.123534303907437714e-09 1.165074707594359099e-09 1.693061062067536608e-09 1.723936471283332811e-09 1.600409941273951201e-09 1.114166984412151277e-09 5.393777499951274501e-10 2.878826644627173175e-10 5.788508033282982175e-08 1.255774121797871246e+01 0.000000000000000000e+00
0.000000000000000000e+00 0.000000000000000000e+00 0.000000000000000000e+00 0.000000000000000000e+00 0.000000000000000000e+00 0.000000000000000000e+00 -1.175424941036571689e-08 -1.470599562919375125e-08 -5.014793356837632151e-09 -2.960037070380386473e-09 -4.047751001821276465e-09 -1.216854113047011705e-09 -4.666274148443512167e-10 -3.564872147521501957e-10 -1.549683501535195257e-10 -5.258086103098207604e-11 4.050178977455074308e-11 2.770336726964397783e-10 4.287331633596309102e-10 0.000000000000000000e+00
0.000000000000000000e+00 0.000000000000000000e+00 0.000000000000000000e+00 0.000000000000000000e+00 0.000000000000000000e+00 0.000000000000000000e+00 -3.109133162279735421e-09 -7.339483548284794540e-09 9.665981193544561030e-10 1.475612088680728648e-09 -6.347460433060561826e-10 1.165952116606753830e-10 1.871605028765784901e-10 1.075703637238387214e-10 -2.473858938172958356e-11 -1.927653708277704115e-11 -6.037463798344806555e-10 2.760336501676329616e-10 4.297618398958097259e-10 0.000000000000000000e+00
0.000000000000000000e+00 0.000000000000000000e+00 0.000000000000000000e+00 0.000000000000000000e+00 0.000000000000000000e+00 0.000000000000000000e+00 -6.421341495292428010e-09 -7.869683633258451273e-09 -1.611053385541892035e-09 -3.398932253147517833e-10 -1.585179973108614402e-09 -2.863789362180813125e-10 -7.668989921761517197e-12 -4.944362673912309271e-11 -5.995166253207464927e-11 -1.929743511259576011e-11 1.424823761645474820e-11 6.751576401235718712e-11 -5.880804192977286204e-08 0.000000000000000000e+00
0.000000000000000000e+00 0.000000000000000000e+00 0.000000000000000000e+00 0.000000000000000000e+00 0.000000000000000000e+00 0.000000000000000000e+00 -4.529311029963257241e-09 -5.948220707488881926e-09 -4.663749772400833162e-10 4.602526542247543114e-10 -8.443159793042994530e-10 7.586741395515071191e-12 1.288117085609028720e-10 5.699636815230360344e-11 -1.798496736123963842e-11 8.722372457164214034e-12 2.206459867635749744e-12 -6.777542329216166387e-13 -7.190547375206173673e-08 0.000000000000000000e+00
0.000000000000000000e+00 0.000000000000000000e+00 0.000000000000000000e+00 0.000000000000000000e+00 0.000000000000000000e+00 0.000000000000000000e+00 -7.333811787947659106e-08 -4.014407783937900541e-08 -2.519350073731643532e-08 -1.037269245188775689e-08 -1.348507502554117546e-08 -2.417733677748348962e-09 7.053766188898903613e-10 -1.307004494866879912e-10 -9.168902889731762180e-11 1.648059727546378538e-10 -2.733913972607907287e-11 2.266667197776971468e-10 6.845985860246771155e-10 0.000000000000000000e+00
0.000000000000000000e+00 0.000000000000000000e+00 0.000000000000000000e+00 0.000000000000000000e+00 0.000000000000000000e+00 0.000000000000000000e+00 -2.042349601010113881e-08 -2.314639437585744765e-08 1.350914517859330064e-08 2.791423936947455011e-09 4.665610967445357689e-09 7.381222748588267725e-10 1.716123709814002079e-09 7.624858108159950304e-11 -1.903557757683931963e-10 2.235532998389476357e-10 -1.884032033761076821e-09 2.452660395549329496e-10 6.445151751981406477e-10 0.000000000000000000e+00
0.000000000000000000e+00 0.000000000000000000e+00 0.000000000000000000e+00 0.000000000000000000e+00 0.000000000000000000e+00 0.000000000000000000e+00 -4.323646884245470221e-08 -1.916479531187619517e-08 -4.324356529372398419e-09 -1.221175820425647401e-09 -3.246826149382817031e-09 -4.967625888635265345e-10 1.460272517942907511e-09 3.157694070512449754e-11 -1.216077527864683873e-10 1.952402208704812561e-10 -3.200629017102280195e-11 3.229229012069277563e-10 -1.715006449658251841e-06 0.000000000000000000e+00
0.000000000000000000e+00 0.000000000000000000e+00 0.000000000000000000e+00 0.000000000000000000e+00 0.000000000000000000e+00 0.000000000000000000e+00 -3.170323451658227107e-08 -1.414190079042984290e-08 2.744138324222714799e-09 1.340387321792807079e-09 1.395851918340151688e-10 2.058270424456151596e-10 1.658523017309162223e-09 7.841259622568532476e-11 -1.344142455388935826e-10 2.149514969670587952e-10 -3.871684797846425523e-11 3.284869472089807677e-10 -2.108705935248937331e-06 0.000000000000000000e+00
0.000000000000000000e+00 0.000000000000000000e+00 0.000000000000000000e+00 0.000000000000000000e+00 0.000000000000000000e+00 0.000000000000000000e+00 1.363170365958252221e-10 -1.101677839790417955e-10 2.052235149785642444e-10 -9.516181195908203107e-12 2.431554296570332973e-11 -1.429757488914052496e-10 -4.441730427425799538e-11 -1.099039985405427271e-11 -5.825674345109437933e-11 -5.722886464434201960e-12 -8.012347229666459593e-11 -5.788315902775961950e-09 1.007840998439069240e-06 0.000000000000000000e+00
0.000000000000000000e+00 0.000000000000000000e+00 0.000000000000000000e+00 0.000000000000000000e+00 0.000000000000000000e+00 0.000000000000000000e+00 -3.412390977867389686e-11 -7.451724769836640866e-10 -7.088978888484696031e-11 2.445788811815881332e-10 -4.458998968746507220e-10 -2.049919499432497320e-10 -1.091677902343842633e-10 -1.078764573153205484e-10 -8.960042156831004241e-11 -3.612434533052033258e-11 -3.640438720490618180e-06 -6.331519566616276688e-09 1.006716332099667177e-06 0.000000000000000000e+00
0.000000000000000000e+00 0.000000000000000000e+00 0.000000000000000000e+00 0.000000000000000000e+00 0.000000000000000000e+00 0.000000000000000000e+00 -2.726107979178357471e-10 -3.697100065334123543e-10 9.325516512916828869e-11 9.242810955317439627e-11 1.360269616183807270e-10 -2.364259899071194401e-11 2.949453392361445852e-11 2.084683982149347309e-12 -8.525935844827002388e-11 -2.474193170984287449e-11 -4.842723862928807114e-11 -8.669405796655875930e-09 -3.319690779874068909e+01 0.000000000000000000e+00
0.000000000000000000e+00 0.000000000000000000e+00 0.000000000000000000e+00 0.000000000000000000e+00 0.000000000000000000e+00 0.000000000000000000e+00 -4.848224802298789427e-10 -4.949107305387000765e-10 7.503008925908875341e-11 1.090469081169919017e-10 1.012732470138090533e-10 -1.273277376188232532e-12 3.913700690871048417e-11 -1.432832926480047832e-11 -1.044662012032957784e-10 -4.566828620245499623e-11 -3.878593462999930913e-11 -9.070382580974519033e-09 -4.851514321627809068e+01 0.000000000000000000e+00
0.000000000000000000e+00 0.000000000000000000e+00 0.000000000000000000e+00 0.000000000000000000e+00 0.000000000000000000e+00 0.000000000000000000e+00 4.037206944479666893e-09 3.329010097189499492e-09 3.396850031080225336e-09 3.215830993639250706e-09 4.105028067787495890e-09 4.418696879397351165e-09 3.921733704278728826e-09 3.016629947939209928e-09 1.543906560804954141e-09 4.932161042051742448e-10 3.125100859803041573e-10 6.264655601757890736e-08 4.323033869327846522e-06 0.000000000000000000e+00
0.000000000000000000e+00 0.000000000000000000e+00 0.000000000000000000e+00 0.000000000000000000e+00 0.000000000000000000e+00 0.000000000000000000e+00 1.649729247551516661e-09 1.087368789413121690e-09 1.487930538136502469e-09 2.330249292223758686e-09 2.121365555053869554e-09 2.701716395514291917e-09 1.962533873238526164e-09 1.416266666985655790e-09 8.308763738233647486e-10 5.967506692629749590e-10 2.151661168587044482e-06 7.301547230693956791e-08 4.323778406673444368e-06 0.000000000000000000e+00
0.000000000000000000e+00 0.000000000000000000e+00 0.000000000000000000e+00 0.000000000000000000e+00 0.000000000000000000e+00 0.000000000000000000e+00 1.159162355073494380e-09 8.924005672781177286e-10 8.555809399817316194e-10 1.269735090802024445e-09 1.374691958856721602e-09 1.873417167653036660e-09 1.875853914673102003e-09 1.662470405941806125e-09 1.090159026404677570e-09 4.844783305605412904e-10 2.505822517803605511e-10 5.886285602845349387e-08 1.254380401887338792e+01 0.000000000000000000e+00
0.000000000000000000e+00 0.000000000000000000e+00 0.000000000000000000e+00 0.000000000000000000e+00 0.000000000000000000e+00 0.000000000000000000e+00 7.361139973540405967e-10 5.559453292542698032e-10 5.451712463108671904e-10 1.025329100430472791e-09 1.010302658832925472e-09 1.539239600458157793e-09 1.627794495290904828e-09 1.514994399608564810e-09 1.068587055437033577e-09 5.292045399506843731e-10 2.839259630097036022e-10 6.305107072926608116e-08 1.819115795028812954e+01 0.000000000000000000e+00
0.000000000000000000e+00 0.000000000000000000e+00 0.000000000000000000e+00 0.000000000000000000e+00 0.000000000000000000e+00 0.000000000000000000e+00 -1.262583539017354481e-08 -1.595771366051763315e-08 -5.775850408931983303e-09 -3.083209962726477848e-09 -3.861115894733462156e-09 -1.404807528820647231e-09 -4.949996389323060735e-10 -3.844063910128923962e-10 -1.591740171433381898e-10 -5.468759911735157468e-11 4.371112528871735689e-11 3.107819451909332056e-10 4.767594433160040209e-10 0.000000000000000000e+00
0.000000000000000000e+00 0.000000000000000000e+00 0.000000000000000000e+00 0.000000000000000000e+00 0.000000000000000000e+00 0.000000000000000000e+00 -3.588803702026141475e-09 -6.463556908636717892e-09 4.401188576488440725e-10 1.486419321326080322e-09 -4.068751973687507916e-10 -2.490792679371468088e-11 2.520088873165219810e-10 9.944209443335484503e-11 -2.173214313886427178e-11 -1.816947138054170915e-11 -5.509552458358055648e-10 3.116488972226970098e-10 4.788741353636215006e-10 0.000000000000000000e+00
0.000000000000000000e+00 0.000000000000000000e+00 0.000000000000000000e+00 0.000000000000000000e+00 0.000000000000000000e+00 0.000000000000000000e+00 -6.316936923016271747e-09 -7.317187096828900081e-09 -1.778973672652330771e-09 -4.815363143828344421e-10 -1.419075833671033410e-09 -4.194581580681717813e-10 4.577109736251291219e-11 -7.223904270665008690e-11 -6.012826285812835545e-11 -1.914052312004795916e-11 1.580316785149087792e-11 7.525770214214922915e-11 7.941276288430358281e-08 0.000000000000000000e+00
0.000000000000000000e+00 0.000000000000000000e+00 0.000000000000000000e+00 0.000000000000000000e+00 0.000000000000000000e+00 0.000000000000000000e+00 -4.293369745449251338e-09 -4.937596427932266026e-09 -5.193158560204172039e-10 3.279277839381266178e-10 -6.947318544674537087e-10 -1.057346063832969256e-10 1.992326273389276571e-10 3.910246819341864980e-11 -1.653497376502598818e-11 1.085081633099601123e-11 2.888187257845076313e-12 -1.045539304231803311e-12 9.498223304222280035e-08 0.000000000000000000e+00
0.000000000000000000e+00 0.000000000000000000e+00 0.000000000000000000e+00 0.000000000000000000e+00 0.000000000000000000e+00 0.000000000000000000e+00 -7.350197633999052587e-08 -5.480410596161719794e-08 -3.185294654486022004e-08 -1.016870382217888918e-08 -1.324090422583679468e-08 -3.069386096413884479e-09 8.561582833072923153e-10 -1.388098819523145949e-10 -8.443518154692783846e-11 1.461970854399964582e-10 -3.381489105312281534e-11 3.865718720664674623e-10 2.297144504583682788e-09 0.000000000000000000e+00
0.000000000000000000e+00 0.000000000000000000e+00 0.000000000000000000e+00 0.000000000000000000e+00 0.000000000000000000e+00 0.000000000000000000e+00 -2.293245011935798776e-08 -2.591876169405930844e-08 4.502826191208778919e-09 3.051090913816302578e-09 5.598037916163337046e-09 3.019895725735141949e-11 1.738845397411804213e-09 1.498042649651988207e-10 -2.008405648933996426e-10 2.138657120232841651e-10 -1.753746196592919050e-09 4.094446977829756160e-10 2.260725107592601919e-09 0.000000000000000000e+00
0.000000000000000000e+00 0.000000000000000000e+00 0.000000000000000000e+00 0.000000000000000000e+00 0.000000000000000000e+00 0.000000000000000000e+00 -3.923871000517381460e-08 -2.364450223629704703e-08 -8.385589028448621740e-09 -1.268682484862388799e-09 -2.495295592738533885e-09 -1.235026983276029805e-09 1.600796791041678745e-09 6.627834807917150405e-11 -1.249644460756331253e-10 1.837722311135496201e-10 -1.705815919979612990e-11 2.679545599045527003e-10 -1.157067922954361978e-06 0.000000000000000000e+00
0.000000000000000000e+00 0.000000000000000000e+00 0.000000000000000000e+00 0.000000000000000000e+00 0.000000000000000000e+00 0.000000000000000000e+00 -2.784755633008876902e-08 -1.560259348121719522e-08 -1.092598942961970782e-09 1.360429835447300826e-09 9.656030430182417988e-10 -5.073397572008565761e-10 1.770720240146225573e-09 1.365020434436375034e-10 -1.476910561145518469e-10 2.061598049270919900e-10 -1.706337121145895697e-11 2.198186782227299308e-10 -1.423996958472106117e-06 0.000000000000000000e+00
0.000000000000000000e+00 0.000000000000000000e+00 0.000000000000000000e+00 0.000000000000000000e+00 0.000000000000000000e+00 0.000000000000000000e+00 -1.040367468168506444e-10 8.393500296663121676e-10 1.123773693784910100e-09 2.183441525452193874e-10 4.656621902151009078e-11 -1.181095191744087639e-10 1.946716093197554317e-11 1.951130182133784860e-11 -2.935616626265805852e-11 -4.759899946628037325e-12 -1.140169968003323415e-10 -6.630957947291209097e-09 1.478615589692106202e-06 0.000000000000000000e+00
0.000000000000000000e+00 0.000000000000000000e+00 0.000000000000000000e+00 0.000000000000000000e+00 0.000000000000000000e+00 0.000000000000000000e+00 1.612061170460073467e-09 1.432501416754906489e-10 8.688616551275403590e-11 3.085040833872874936e-10 -2.075182304017332639e-10 -5.437803873474480193e-10 -1.586936630621813879e-10 -1.894121207807358729e-11 -5.374753027741523678e-11 -2.369056565722988128e-11 -1.470388325476223349e-06 -6.843296808629680801e-09 1.476776448020564582e-06 0.000000000000000000e+00
0.000000000000000000e+00 0.000000000000000000e+00 0.000000000000000000e+00 0.000000000000000000e+00 0.000000000000000000e+00 0.000000000000000000e+00 -2.665164125005800810e-10 4.951260208906074554e-10 5.773918055546232412e-10 3.513528949769318498e-10 8.953469969983857900e-11 -5.399775193612459828e-11 7.788872207310291471e-11 6.300479279934933497e-11 -5.209440425790632707e-11 -2.696242593024256442e-11 -8.129502067362461378e-11 -6.740043321755900670e-09 -4.664731888668243442e+01 0.000000000000000000e+00
0.000000000000000000e+00 0.000000000000000000e+00 0.000000000000000000e+00 0.000000000000000000e+00 0.000000000000000000e+00 0.000000000000000000e+00 -2.995035304291493751e-10 2.688884907439900073e-10 4.218790196084501516e-10 3.221323594967636027e-10 8.829987863294012446e-11 -9.049623086195489050e-11 6.167552493462875203e-11 6.495514912543975459e-11 -7.121931100858377959e-11 -4.651548602682877261e-11 -6.828182852025018395e-11 -6.827940720520858054e-09 -6.790999853515924656e+01 0.000000000000000000e+00
