0.000000000000000000e+00 0.000000000000000000e+00 0.000000000000000000e+00 0.000000000000000000e+00 0.000000000000000000e+00 0.000000000000000000e+00 1.118907033657956315e-14 7.264480052891157284e-14 1.326220787899161727e-13 1.843276478310693903e-14 1.661820613508587048e-14 3.258813035903549962e-14 2.632755496723638981e-14 -6.124665556529816059e-15 -2.176223626004565126e-14 -2.677640835745499300e-17 7.185085862040540315e-15 1.745067688258648045e-12 3.193113567492757174e-09 0.000000000000000000e+00
0.000000000000000000e+00 0.000000000000000000e+00 0.000000000000000000e+00 0.000000000000000000e+00 0.000000000000000000e+00 0.000000000000000000e+00 -7.732641827190160904e-14 -3.604706586425254383e-14 1.216730365470959866e-14 -1.969195431799089201e-14 -9.982222675635329872e-15 -2.540490926728353441e-14 -7.000706793911742619e-15 9.304505457272878101e-17 3.552418008687016568e-15 -1.164047481347447112e-15 2.615877256668381876e-10 1.749346038688823883e-12 3.192661055233885588e-09 0.000000000000000000e+00
0.000000000000000000e+00 0.000000000000000000e+00 0.000000000000000000e+00 0.000000000000000000e+00 0.000000000000000000e+00 0.000000000000000000e+00 2.348249789693714937e-14 2.844300100543629838e-14 2.067743964598047153e-14 -6.400271069769040431e-15 9.475349369673427902e-15 1.065656305640322262e-15 2.452730245070581156e-14 1.985684726134423763e-14 2.159407593926035216e-14 1.774470953348246872e-14 2.700916985421103996e-14 2.080724895542285758e-12 7.075678974532312662e-03 0.000000000000000000e+00
0.000000000000000000e+00 0.000000000000000000e+00 0.000000000000000000e+00 0.000000000000000000e+00 0.000000000000000000e+00 0.000000000000000000e+00 7.359633157809932902e-14 9.184836220807361213e-14 6.323149921006710901e-14 3.789517466426387758e-14 6.539507584089930852e-14 5.799253394723782617e-14 7.929587038595731581e-14 5.829927160510403745e-14 4.702539446667389765e-14 3.054234925715264593e-14 4.279818139051934080e-14 5.151178273326179515e-12 1.034922989475350885e-02 0.000000000000000000e+00
0.000000000000000000e+00 0.000000000000000000e+00 0.000000000000000000e+00 0.000000000000000000e+00 0.000000000000000000e+00 0.000000000000000000e+00 -2.600756077843509120e-11 6.122421707064586357e-12 5.851793345423803363e-12 -1.728653531988731144e-11 -1.377796876080080118e-11 -6.874471274625698974e-12 -2.565393334933069278e-12 -6.447593457936514813e-13 9.200036003189259161e-16 7.297960754238296566e-14 6.393117464710372580e-14 4.816418234597348693e-13 4.545085332817715978e-12 0.000000000000000000e+00
0.000000000000000000e+00 0.000000000000000000e+00 0.000000000000000000e+00 0.000000000000000000e+00 0.000000000000000000e+00 0.000000000000000000e+00 -3.218107544030644916e-11 -1.536430085450066584e-11 1.266243488593185639e-11 6.528209100618568322e-13 2.406453424833474031e-13 2.462438685022318816e-12 6.628030448415992181e-13 3.228564917913556560e-13 2.614892828102734882e-13 6.710673493766889871e-14 3.575984122831827373e-12 4.682279235288232619e-13 4.572692626936216837e-12 0.000000000000000000e+00
0.000000000000000000e+00 0.000000000000000000e+00 0.000000000000000000e+00 0.000000000000000000e+00 0.000000000000000000e+00 0.000000000000000000e+00 -1.157874559762630506e-11 -2.245068456523227897e-11 4.850383080769221604e-12 9.795539792892201753e-12 8.274565758387616179e-12 4.589768295823596560e-12 1.783575367178896959e-12 3.806576124023125149e-13 4.643419315581127851e-13 1.020243628629175521e-13 -9.305757402633582596e-15 -7.749779521275754043e-13 2.397219490002056084e-09 0.000000000000000000e+00
0.000000000000000000e+00 0.000000000000000000e+00 0.000000000000000000e+00 0.000000000000000000e+00 0.000000000000000000e+00 0.000000000000000000e+00 -1.057986046847613797e-11 -2.499467625691584600e-11 5.697444625848509846e-12 1.358104199383334794e-11 1.169569495075637129e-11 6.557810729120550863e-12 2.498239125161427008e-12 6.399108926958832725e-13 5.921711285001819790e-13 1.260359500067185410e-13 -1.748933718372758475e-14 -1.065063112075011612e-12 2.947010765466999432e-09 0.000000000000000000e+00
0.000000000000000000e+00 0.000000000000000000e+00 0.000000000000000000e+00 0.000000000000000000e+00 0.000000000000000000e+00 0.000000000000000000e+00 -1.821113558365443411e-10 -6.350634124596468511e-11 -5.608098376573807016e-11 -7.057568430574691171e-11 -7.256601358097843307e-12 -4.311247279026630034e-11 -8.343976510147325229e-12 -5.055193830416277048e-12 -7.333240962184621349e-13 1.433977150182962906e-12 7.602767003983196566e-13 2.538866908939900573e-12 6.153271377465133691e-11 0.000000000000000000e+00
0.000000000000000000e+00 0.000000000000000000e+00 0.000000000000000000e+00 0.000000000000000000e+00 0.000000000000000000e+00 0.000000000000000000e+00 -1.661373581358883724e-10 -1.641069903532040634e-11 8.553165458720000646e-11 -2.030796699488747596e-11 1.367406170622504481e-11 9.831909163450809963e-12 1.866916261557282440e-12 1.771634129859720585e-12 2.225127315190966253e-12 1.597615975404250507e-12 -1.811320467894244163e-11 2.213715983794114219e-12 6.119734446612815066e-11 0.000000000000000000e+00
0.000000000000000000e+00 0.000000000000000000e+00 0.000000000000000000e+00 0.000000000000000000e+00 0.000000000000000000e+00 0.000000000000000000e+00 -3.352159581193855688e-11 -3.191397271604263031e-11 7.457868011568294364e-11 1.659949975482656006e-11 1.375154448426193480e-11 2.791574029335466575e-11 9.077372571153069329e-12 2.514927960762222480e-12 3.655328225337541107e-12 2.802620333107224056e-12 -5.484618632387332071e-13 -8.774972287212881719e-12 5.141190126244007827e-08 0.000000000000000000e+00
0.000000000000000000e+00 0.000000000000000000e+00 0.000000000000000000e+00 0.000000000000000000e+00 0.000000000000000000e+00 0.000000000000000000e+00 -2.196386902670224484e-11 -1.552149522056953473e-11 9.859122534517392163e-11 2.854569351301109515e-11 1.813908239877313450e-11 4.035264358873130161e-11 1.139090773727973397e-11 4.155297976381950533e-12 4.760366338042887508e-12 3.495947361512626607e-12 -8.260845036296078653e-13 -1.152086558306722820e-11 6.200411178299287191e-08 0.000000000000000000e+00
0.000000000000000000e+00 0.000000000000000000e+00 0.000000000000000000e+00 0.000000000000000000e+00 0.000000000000000000e+00 0.000000000000000000e+00 3.702574471250057273e-12 -2.705303038867198822e-13 2.421651663535726291e-12 -1.001386329182757247e-12 1.088567401229549241e-12 -2.268959846724193695e-13 2.826402911100899945e-13 6.481322103757794376e-13 -2.871011474278351124e-14 -4.059403803319931012e-13 -1.441726092524044948e-12 -1.173736587966719550e-11 -3.070172240023779466e-08 0.000000000000000000e+00
0.000000000000000000e+00 0.000000000000000000e+00 0.000000000000000000e+00 0.000000000000000000e+00 0.000000000000000000e+00 0.000000000000000000e+00 9.926236173300619766e-12 2.142794548466316067e-11 -4.987144757475728805e-12 -6.992414615297836566e-12 -1.200141443929539591e-12 2.995144855658304819e-12 3.763058749221806824e-13 4.876607186502753346e-13 7.712891317817408859e-14 -7.550105145292496609e-13 -4.681271282340314129e-08 -1.599277794203997035e-11 -3.070795505874443643e-08 0.000000000000000000e+00
0.000000000000000000e+00 0.000000000000000000e+00 0.000000000000000000e+00 0.000000000000000000e+00 0.000000000000000000e+00 0.000000000000000000e+00 -1.968630946621167537e-12 8.908021870020544888e-12 8.167423865252565825e-13 -2.125827040805580483e-12 -1.205384689848595515e-12 5.564216129830129819e-13 2.120425650882657700e-13 3.067766286651882732e-14 3.171516899194379426e-13 -4.011467600775624601e-13 -1.164653176585334765e-12 -1.169205595896293153e-11 -2.463170572124405155e-01 0.000000000000000000e+00
0.000000000000000000e+00 0.000000000000000000e+00 0.000000000000000000e+00 0.000000000000000000e+00 0.000000000000000000e+00 0.000000000000000000e+00 -1.259151744133591416e-12 1.166569348106600274e-11 -1.081845684251039748e-13 -2.422384901336870914e-12 -1.012488349796051226e-12 8.440176198598045706e-13 3.832860042861439711e-13 -6.338108028887287237e-14 2.841153986740319774e-13 -4.348114535259926372e-13 -1.064528651276068405e-12 -1.683476441142235832e-11 -3.427698711985132096e-01 0.000000000000000000e+00
0.000000000000000000e+00 0.000000000000000000e+00 0.000000000000000000e+00 0.000000000000000000e+00 0.000000000000000000e+00 0.000000000000000000e+00 -6.656455859647963771e-13 5.188166901575055610e-12 6.178712595445016785e-12 3.705585022452599683e-12 2.211578169680083523e-12 3.435499897533253705e-12 2.477906750696853655e-12 1.779340418932891339e-12 7.396687294639840667e-13 1.098161645932880389e-13 1.637592630317776282e-13 1.671798613881077945e-10 3.689434199036179591e-07 0.000000000000000000e+00
0.000000000000000000e+00 0.000000000000000000e+00 0.000000000000000000e+00 0.000000000000000000e+00 0.000000000000000000e+00 0.000000000000000000e+00 -9.686612129386512207e-13 7.607336103558854462e-12 4.413874842978829594e-12 1.879861132725341726e-12 2.100110156643456773e-12 3.603189454609243641e-12 2.015684495260805119e-12 1.402820413549778742e-12 5.321520021986991329e-13 8.721764255437225497e-14 -3.157493313656751747e-11 1.851886206611955658e-10 3.690577305577763524e-07 0.000000000000000000e+00
0.000000000000000000e+00 0.000000000000000000e+00 0.000000000000000000e+00 0.000000000000000000e+00 0.000000000000000000e+00 0.000000000000000000e+00 2.200609676079091102e-12 1.052589136770586207e-12 2.373546736210740721e-12 8.699612786340928029e-13 4.480509751451137041e-13 2.167923805471055863e-12 1.710348083793900452e-12 1.813783601728243671e-12 1.101291395825490106e-12 2.764434864814958795e-13 3.195296240413880806e-13 8.037055631286115025e-10 1.313050698731790922e+00 0.000000000000000000e+00
0.000000000000000000e+00 0.000000000000000000e+00 0.000000000000000000e+00 0.000000000000000000e+00 0.000000000000000000e+00 0.000000000000000000e+00 1.354217182939830277e-12 2.921762754201180290e-13 2.477495998219201723e-12 1.404133061457644736e-12 4.864953944389723472e-13 2.871355604552499451e-12 2.257223914977839907e-12 2.334911859157373301e-12 1.503943535258998260e-12 4.998115662064473486e-13 6.720893970427415371e-13 1.111992460258092967e-09 1.927656111615984047e+00 0.000000000000000000e+00
0.000000000000000000e+00 0.000000000000000000e+00 0.000000000000000000e+00 0.000000000000000000e+00 0.000000000000000000e+00 0.000000000000000000e+00 -4.544846403535630569e-10 -8.285841532808263798e-11 -1.568910988884007031e-10 -2.924984285982246916e-10 -1.435442093241886476e-10 -1.066235831073702630e-10 -3.694391931473473745e-11 -1.597955518218020748e-11 -6.211442389138570276e-12 -9.575708719190170012e-13 1.067885276992556629e-12 1.388920009252534101e-11 1.583399091225821101e-11 0.000000000000000000e+00
0.000000000000000000e+00 0.000000000000000000e+00 0.000000000000000000e+00 0.000000000000000000e+00 0.000000000000000000e+00 0.000000000000000000e+00 -3.969851029992833136e-10 4.949138378593571226e-10 2.191270276253349914e-10 8.425786539409226686e-11 -9.968811006780347925e-11 -2.893791600316468444e-11 -5.814497191151043660e-13 1.173307122339657592e-11 1.634884405982554005e-12 4.739828817699857189e-13 2.380755898762556485e-12 1.340426794040328017e-11 1.592385492753763165e-11 0.000000000000000000e+00
0.000000000000000000e+00 0.000000000000000000e+00 0.000000000000000000e+00 0.000000000000000000e+00 0.000000000000000000e+00 0.000000000000000000e+00 -8.399385271182771658e-11 3.351952442107460885e-10 2.283518311753361260e-10 5.576779366971624036e-11 -8.467869617553900477e-11 -2.726921203326362463e-11 -1.902507466861127913e-12 8.918463432460570454e-12 6.567545536681883709e-13 2.548941996716719902e-13 -3.264392312851571258e-13 -1.320828521717392803e-12 4.018648878266578536e-08 0.000000000000000000e+00
0.000000000000000000e+00 0.000000000000000000e+00 0.000000000000000000e+00 0.000000000000000000e+00 0.000000000000000000e+00 0.000000000000000000e+00 -3.508697541206138928e-11 4.251664209982373418e-10 2.859265117407393311e-10 1.271612886146008793e-10 -6.508069340870585883e-11 -6.664159433108302065e-12 6.757288925063980445e-12 1.560215342730950571e-11 3.158342935063898701e-12 1.117224621668665998e-12 -7.804751158961291758e-13 -5.430235760592289742e-12 4.890002515491738199e-08 0.000000000000000000e+00
0.000000000000000000e+00 0.000000000000000000e+00 0.000000000000000000e+00 0.000000000000000000e+00 0.000000000000000000e+00 0.000000000000000000e+00 -1.670259029079135187e-09 5.523765038426719095e-10 -8.876249112054376253e-10 -7.796005765960044121e-10 -6.186081975679525578e-10 -3.206862698033204241e-10 -2.919747908480967663e-10 -1.247407117657600259e-10 -4.409438399618144072e-11 -5.872931761761219777e-12 1.207896000971924220e-11 1.698821964688082442e-10 4.649656750359488194e-10 0.000000000000000000e+00
0.000000000000000000e+00 0.000000000000000000e+00 0.000000000000000000e+00 0.000000000000000000e+00 0.000000000000000000e+00 0.000000000000000000e+00 -1.309442982456296303e-09 2.313795800170744055e-09 1.776025694590360174e-09 3.118731524594531691e-10 -4.774076607139057004e-10 9.379494116655361359e-11 -6.046532241510800158e-11 2.939566103505028499e-11 1.589925808148706737e-11 7.420929839576977284e-12 -6.241692278968324201e-12 1.589030806749034952e-10 4.666318993497532753e-10 0.000000000000000000e+00
0.000000000000000000e+00 0.000000000000000000e+00 0.000000000000000000e+00 0.000000000000000000e+00 0.000000000000000000e+00 0.000000000000000000e+00 3.680266733865044386e-10 1.708893977221610572e-09 1.558753764326571522e-09 2.624351187292317392e-10 -2.847873517231030244e-10 2.152872975940281804e-11 -4.341866862950672558e-11 1.186947388262001459e-11 1.006843130100186889e-11 8.280530421054057168e-12 -3.228254692751525737e-12 -2.024100019929440686e-11 3.682026438915680143e-07 0.000000000000000000e+00
0.000000000000000000e+00 0.000000000000000000e+00 0.000000000000000000e+00 0.000000000000000000e+00 0.000000000000000000e+00 0.000000000000000000e+00 6.058100118280606160e-10 1.895584320664229335e-09 1.968071649894742835e-09 4.244372222425359689e-10 -2.160560420849974393e-10 1.295479456091306371e-10 1.187005250891804555e-11 4.704478495218456888e-11 2.855256583332682797e-11 1.818724660520827581e-11 -8.228123611265676028e-12 -6.196027217344024567e-11 4.403994547668356338e-07 0.000000000000000000e+00
0.000000000000000000e+00 0.000000000000000000e+00 0.000000000000000000e+00 0.000000000000000000e+00 0.000000000000000000e+00 0.000000000000000000e+00 9.450393709461982145e-11 8.739602752895920643e-11 8.433329478370939834e-11 -7.011941255650429893e-14 1.268004855235862660e-12 -2.395726692305378498e-11 -4.113500889567189114e-11 -8.909564881595983281e-12 -7.859818743033894848e-12 -3.835334023070249303e-12 -5.137696624501364662e-12 -5.003706194619747129e-10 -1.029002340758419147e-06 0.000000000000000000e+00
0.000000000000000000e+00 0.000000000000000000e+00 0.000000000000000000e+00 0.000000000000000000e+00 0.000000000000000000e+00 0.000000000000000000e+00 -7.405921184301843699e-11 -5.607983209356637515e-11 -3.973383121008620380e-11 -1.106859406599892419e-10 -3.765481498399709370e-11 1.820468771126033287e-11 -5.284659787662356672e-11 -1.219338030733538200e-12 -7.152712773312592455e-12 -3.807995211925330803e-12 1.790334913867064164e-06 -6.372555821764312922e-10 -1.029547042574698323e-06 0.000000000000000000e+00
0.000000000000000000e+00 0.000000000000000000e+00 0.000000000000000000e+00 0.000000000000000000e+00 0.000000000000000000e+00 0.000000000000000000e+00 7.264823875960381442e-11 -1.473779272261928339e-10 3.444603161618294020e-11 -2.876968305251351915e-12 -1.089372237206159911e-11 1.363985641905225914e-12 -3.139759130090294362e-11 -1.438379377578858242e-11 -1.116381009521545397e-11 -6.220346152513297056e-12 -7.810957378807995793e-13 2.276236780702761551e-10 9.210768322448812384e+00 0.000000000000000000e+00
0.000000000000000000e+00 0.000000000000000000e+00 0.000000000000000000e+00 0.000000000000000000e+00 0.000000000000000000e+00 0.000000000000000000e+00 6.229336889347160801e-11 -1.734203210133493559e-10 1.041435440298797435e-11 -8.389286596602664158e-13 -1.313041062446436455e-11 1.305035398201836365e-11 -3.090095042968076927e-11 -1.195929618453302226e-11 -1.129217630760630372e-11 -8.609318010040123163e-12 3.967251809084995261e-14 5.520162559002904414e-10 1.394963932895262992e+01 0.000000000000000000e+00
0.000000000000000000e+00 0.000000000000000000e+00 0.000000000000000000e+00 0.000000000000000000e+00 0.000000000000000000e+00 0.000000000000000000e+00 2.907787235168857479e-09 3.308809697273427599e-09 2.324511720652558318e-09 2.809161385685680732e-09 3.023810393358346674e-09 2.605819432557889520e-09 2.339170212001879036e-09 2.485473818868203259e-09 1.113762083809675075e-09 3.320260484132417362e-10 6.104218516305955172e-10 4.362303529293333574e-08 1.460160262948217880e-06 0.000000000000000000e+00
0.000000000000000000e+00 0.000000000000000000e+00 0.000000000000000000e+00 0.000000000000000000e+00 0.000000000000000000e+00 0.000000000000000000e+00 4.487065317371689265e-10 3.922409037232119633e-10 3.176579859030134663e-10 3.189083423370282521e-10 3.815900261694161792e-10 3.487221733460119180e-10 2.780375159011700027e-10 3.801247410602123815e-10 4.648626606866052437e-10 1.000761935361675833e-09 5.585010913040748198e-06 4.955197509860576023e-08 1.462401654150340761e-06 0.000000000000000000e+00
0.000000000000000000e+00 0.000000000000000000e+00 0.000000000000000000e+00 0.000000000000000000e+00 0.000000000000000000e+00 0.000000000000000000e+00 8.580729455465521484e-10 1.040602601989813472e-09 7.865366932232731365e-10 9.130761659418910133e-10 9.516205635699180467e-10 7.346093083353775341e-10 7.335860302869469310e-10 1.006674914938601562e-09 4.838308740718459080e-10 2.506976311198752277e-10 4.249376186792534122e-10 2.520246579733613684e-08 2.402271199315483940e+00 0.000000000000000000e+00
0.000000000000000000e+00 0.000000000000000000e+00 0.000000000000000000e+00 0.000000000000000000e+00 0.000000000000000000e+00 0.000000000000000000e+00 4.091331172220669975e-10 5.242282702818841326e-10 4.365324625483219271e-10 4.775604683864765556e-10 4.890608174281382052e-10 3.687446860505247493e-10 4.304052032078372649e-10 6.516144965355806250e-10 3.269991822397558849e-10 2.394450987120430022e-10 3.963283388082108537e-10 2.465841559127845741e-08 3.471041182110317536e+00 0.000000000000000000e+00
0.000000000000000000e+00 0.000000000000000000e+00 0.000000000000000000e+00 0.000000000000000000e+00 0.000000000000000000e+00 0.000000000000000000e+00 -1.166057309385953613e-08 -5.227707904172854137e-09 -3.858112999418187785e-09 -3.015300209173459237e-09 -1.954923790439918054e-09 -8.408360524996826799e-10 -9.455227409280164758e-10 -6.966832854141684745e-10 -2.894410783738200825e-10 -7.942755223965985263e-11 5.122814255650060172e-11 3.437264274024000492e-10 4.935815704077274875e-10 0.000000000000000000e+00
0.000000000000000000e+00 0.000000000000000000e+00 0.000000000000000000e+00 0.000000000000000000e+00 0.000000000000000000e+00 0.000000000000000000e+00 3.526392714109618711e-10 -3.437999046468572017e-09 -1.906572783312718085e-09 -4.757046951346164572e-10 -1.207375647372474723e-10 -5.997616324573460060e-11 -1.800617998381025061e-10 -9.131230860553160303e-11 -7.249005174141751554e-11 -6.242475135610231224e-11 3.095557469961315564e-10 3.431195798913589675e-10 4.930162918175658580e-10 0.000000000000000000e+00
0.000000000000000000e+00 0.000000000000000000e+00 0.000000000000000000e+00 0.000000000000000000e+00 0.000000000000000000e+00 0.000000000000000000e+00 -5.011074425478612813e-09 -2.763766487235238695e-09 -1.157794011355705873e-09 -1.126616502455094500e-09 -8.622392188170841114e-10 -2.299185337102215058e-10 -4.097711483586230569e-10 -2.934763887173062762e-10 -1.318941650909013752e-10 -4.149396102956298515e-11 1.972020340757427503e-11 9.764856524369230585e-11 8.289808055999249129e-08 0.000000000000000000e+00
0.000000000000000000e+00 0.000000000000000000e+00 0.000000000000000000e+00 0.000000000000000000e+00 0.000000000000000000e+00 0.000000000000000000e+00 -2.528755553257172648e-09 -2.131160061119928691e-09 -4.571750110494407021e-10 -5.095685161470260554e-10 -4.887184174544853959e-10 -5.640455630850352374e-11 -2.458885701709758596e-10 -1.497088893897041648e-10 -5.872962275235438614e-11 -8.641409785320553882e-12 5.353328019411204922e-12 1.507027077935619302e-11 1.005201941171714226e-07 0.000000000000000000e+00
0.000000000000000000e+00 0.000000000000000000e+00 0.000000000000000000e+00 0.000000000000000000e+00 0.000000000000000000e+00 0.000000000000000000e+00 -5.638130095505047653e-08 -2.158241960172737055e-08 -3.115891062223664898e-08 -1.548852910343989778e-08 -8.574456832571175877e-09 -1.353490688938667944e-09 -2.777923870727296415e-09 -8.826411984437390187e-10 -6.532187293423689477e-11 -3.091775607161781951e-11 4.502324738207047626e-11 -2.506953507450797719e-10 -1.402998808304060632e-09 0.000000000000000000e+00
0.000000000000000000e+00 0.000000000000000000e+00 0.000000000000000000e+00 0.000000000000000000e+00 0.000000000000000000e+00 0.000000000000000000e+00 -1.266490496872769984e-08 -1.434524690871040676e-08 -1.278700361914265686e-08 -1.371780737762745257e-09 -5.417939629554748749e-09 -7.120920726098410527e-10 -9.624236951221882414e-11 1.024090151867936530e-11 7.880412538006441606e-11 -9.539409275692550371e-11 7.250515066643385096e-09 -2.789944542804707183e-10 -1.378461078956096069e-09 0.000000000000000000e+00
0.000000000000000000e+00 0.000000000000000000e+00 0.000000000000000000e+00 0.000000000000000000e+00 0.000000000000000000e+00 0.000000000000000000e+00 -2.424321148200023920e-08 -1.239895480630806731e-08 -1.182483861137137415e-08 -5.751110519731853529e-09 -4.288437032465724422e-09 -2.544046584018279811e-11 -9.213450586549300276e-10 -2.007252523877840163e-10 1.506065629166859976e-11 -4.148504902580604658e-11 5.868127416474124871e-11 -2.371765153971784613e-10 -3.291596815127296083e-07 0.000000000000000000e+00
0.000000000000000000e+00 0.000000000000000000e+00 0.000000000000000000e+00 0.000000000000000000e+00 0.000000000000000000e+00 0.000000000000000000e+00 -1.380555410257966513e-08 -1.026999910331687020e-08 -6.656786452404979066e-09 -2.618205365731651726e-09 -3.176143143261129045e-09 2.138698543646226489e-10 -3.329842791593391987e-10 6.828810662952257202e-12 3.994995290997938185e-11 -4.979949021111255276e-11 6.967575733710175378e-11 -1.999772417506756802e-10 -3.837062608702736504e-07 0.000000000000000000e+00
0.000000000000000000e+00 0.000000000000000000e+00 0.000000000000000000e+00 0.000000000000000000e+00 0.000000000000000000e+00 0.000000000000000000e+00 3.329724770568666928e-10 -2.219175784294469245e-10 7.507619508887230588e-11 -3.093653735967409393e-10 7.379559847828120520e-11 3.484271264212774128e-10 1.926927812843693192e-10 -1.497551134668941139e-11 -1.051109987672774144e-10 -1.148692891343028115e-10 -2.433666527631689452e-10 -8.947167190857196850e-09 -1.871888477167673821e-06 0.000000000000000000e+00
0.000000000000000000e+00 0.000000000000000000e+00 0.000000000000000000e+00 0.000000000000000000e+00 0.000000000000000000e+00 0.000000000000000000e+00 -4.040233051704690053e-10 -1.792094899988285543e-10 3.745980077229430056e-10 -1.116095894786650595e-09 -6.808780741149900912e-10 -6.902141430397750905e-10 -4.128956167339045663e-10 -2.387011772013820973e-10 -2.625922853575757181e-10 -4.387021478730739239e-11 2.032539842260976020e-05 -1.056753789908509589e-08 -1.873712201278236616e-06 0.000000000000000000e+00
0.000000000000000000e+00 0.000000000000000000e+00 0.000000000000000000e+00 0.000000000000000000e+00 0.000000000000000000e+00 0.000000000000000000e+00 4.538572443173064918e-10 3.304265661150394310e-10 -2.259536583750268981e-10 -3.609619788009599221e-10 -1.510669559724891381e-10 -1.123198594892737480e-10 -3.484589466967380720e-11 -1.742723372593276438e-10 -2.355218319215485903e-10 -1.188615507672322423e-10 -1.759288883954931564e-10 -9.264715598936043153e-09 2.670549174799323566e+01 0.000000000000000000e+00
0.000000000000000000e+00 0.000000000000000000e+00 0.000000000000000000e+00 0.000000000000000000e+00 0.000000000000000000e+00 0.000000000000000000e+00 4.909900379733785991e-10 2.783602749372210169e-10 -1.709618141149523822e-10 -3.550155398954479536e-10 -2.290404451060911447e-10 -2.729166525507897194e-10 -1.321066996638065325e-10 -2.173475316468230378e-10 -2.596408198955618588e-10 -1.137033057241432801e-10 -1.228604885735998656e-10 -8.398079142759706042e-09 4.058380187883905421e+01 0.000000000000000000e+00
0.000000000000000000e+00 0.000000000000000000e+00 0.000000000000000000e+00 0.000000000000000000e+00 0.000000000000000000e+00 0.000000000000000000e+00 1.024843652701482932e-11 6.418937315098741147e-12 1.172151133328495717e-11 1.182087294249706228e-11 6.248996291327159926e-12 6.429307346733563807e-12 5.095079415476160098e-12 4.316660591029329502e-12 2.388451314445998064e-12 9.370874606605766492e-13 8.469506136891338168e-13 2.821851384881540289e-10 2.565683080436711432e-07 0.000000000000000000e+00
0.000000000000000000e+00 0.000000000000000000e+00 0.000000000000000000e+00 0.000000000000000000e+00 0.000000000000000000e+00 0.000000000000000000e+00 7.586462174128420237e-12 6.318416739028594013e-12 4.844467234425252004e-12 1.110798868293122001e-11 5.373827934122849311e-12 5.865400561906910239e-12 4.322886788268578960e-12 3.302778721684046848e-12 1.357113736577673217e-12 4.949227625818634710e-13 9.955482619394984924e-10 3.240431209135237842e-10 2.565826162384668255e-07 0.000000000000000000e+00
0.000000000000000000e+00 0.000000000000000000e+00 0.000000000000000000e+00 0.000000000000000000e+00 0.000000000000000000e+00 0.000000000000000000e+00 -2.240215944302324208e-12 1.177268267994206833e-12 1.640156340200075500e-12 4.271951818498257827e-12 3.825604796493571408e-12 2.767232196881398805e-12 3.756430571189188922e-12 3.444180940931250303e-12 2.260124829918873764e-12 1.005936270678012322e-12 7.212736803763509816e-13 9.414872414984293373e-10 -3.200702934308581327e-01 0.000000000000000000e+00
0.000000000000000000e+00 0.000000000000000000e+00 0.000000000000000000e+00 0.000000000000000000e+00 0.000000000000000000e+00 0.000000000000000000e+00 -7.527967676601638308e-13 1.703482477153649687e-12 3.345244347500177469e-12 4.000809286350132299e-12 4.165618917555177750e-12 2.764850450532834101e-12 4.139451821300062257e-12 3.795359138339164233e-12 2.610786846716471646e-12 1.212196045743281076e-12 9.806785805117881619e-13 1.310182329207508402e-09 -4.697950748948844790e-01 0.000000000000000000e+00
0.000000000000000000e+00 0.000000000000000000e+00 0.000000000000000000e+00 0.000000000000000000e+00 0.000000000000000000e+00 0.000000000000000000e+00 -6.835875381285270412e-10 -6.714314067212971763e-10 -2.917955889425870186e-10 -4.563316259716911500e-10 -1.221372700781872944e-11 -5.370558485759024507e-11 -6.975386322819243375e-11 -3.923193954370916854e-11 -1.767842478403935223e-11 -4.788296021175160298e-12 2.976687858649075087e-12 2.389225207451128781e-11 7.530833260836380084e-11 0.000000000000000000e+00
0.000000000000000000e+00 0.000000000000000000e+00 0.000000000000000000e+00 0.000000000000000000e+00 0.000000000000000000e+00 0.000000000000000000e+00 6.326307979870518050e-10 -2.277528914771336847e-10 -1.039755672761772204e-10 -8.152637708176377685e-11 7.005844574862703305e-11 -6.849485579659052228e-11 -2.824547871392919501e-11 -6.184907899886767685e-12 -3.764390540988224869e-12 -1.911898189443082525e-12 5.686763526110344074e-12 2.409747097616100703e-11 7.577117475337249458e-11 0.000000000000000000e+00
0.000000000000000000e+00 0.000000000000000000e+00 0.000000000000000000e+00 0.000000000000000000e+00 0.000000000000000000e+00 0.000000000000000000e+00 4.287857910623174157e-11 -3.000700336246126532e-10 -5.561228237908611628e-11 -1.498756944863718986e-10 1.312453508569946542e-11 -3.650290318419805101e-11 -3.939219167137113134e-11 -1.355725373986712227e-11 -8.316591765891295124e-12 -2.165971843263162167e-12 9.934444045915068854e-13 4.484565071645016554e-12 4.767830219734447782e-08 0.000000000000000000e+00
0.000000000000000000e+00 0.000000000000000000e+00 0.000000000000000000e+00 0.000000000000000000e+00 0.000000000000000000e+00 0.000000000000000000e+00 2.891599866542965475e-10 -1.912683671358425954e-10 2.984549214683599489e-12 -7.162076699880103145e-11 1.761066583620125348e-11 -3.392017497401855595e-11 -2.958153430517854476e-11 -5.378152254696858893e-12 -4.596203096407266537e-12 -3.356132773119884853e-13 1.445204912085739073e-13 -2.450400083282161012e-12 5.810839906229675010e-08 0.000000000000000000e+00
0.000000000000000000e+00 0.000000000000000000e+00 0.000000000000000000e+00 0.000000000000000000e+00 0.000000000000000000e+00 0.000000000000000000e+00 -2.705630673373191852e-09 -1.496676831113120394e-09 -2.734706333552986350e-09 -1.482643115780463603e-09 -1.153233960546978265e-10 -1.300516696444274703e-10 -1.192774173438332370e-10 -1.070796923602339612e-10 -2.869332154361401991e-11 -1.654771825079964767e-11 1.413589019463573693e-11 4.383147482012011865e-11 -6.966108342567116666e-10 0.000000000000000000e+00
0.000000000000000000e+00 0.000000000000000000e+00 0.000000000000000000e+00 0.000000000000000000e+00 0.000000000000000000e+00 0.000000000000000000e+00 5.274806588986743263e-09 -8.449317170162114728e-10 -4.692469449277223498e-10 -1.203333412167391578e-09 -7.889383172277900013e-11 -1.766911779654268045e-10 -1.596263837046613441e-12 -4.269780319222606967e-11 -2.593840485502858099e-12 -6.298549630319974791e-12 1.166954476241736463e-10 6.421018071787949091e-11 -6.872963521992846199e-10 0.000000000000000000e+00
0.000000000000000000e+00 0.000000000000000000e+00 0.000000000000000000e+00 0.000000000000000000e+00 0.000000000000000000e+00 0.000000000000000000e+00 5.408261567805010132e-10 -6.013738207903136072e-10 -5.414199117971951441e-10 -8.494385229803908272e-10 -2.768632095402299506e-10 -1.585714335686378884e-10 -3.118040689983852676e-11 -6.522532535265521913e-11 -9.308874853682928043e-13 -1.074619679642262981e-11 5.423978019358576269e-12 3.322232004375743208e-11 1.098438663938346039e-07 0.000000000000000000e+00
0.000000000000000000e+00 0.000000000000000000e+00 0.000000000000000000e+00 0.000000000000000000e+00 0.000000000000000000e+00 0.000000000000000000e+00 1.827513175806995346e-09 -2.048249514918553362e-10 3.577500038630294965e-11 -7.141717478313428121e-10 -3.058265028632166089e-10 -1.575611373613825955e-10 -1.318438259112490284e-11 -5.012693598895699764e-11 6.279008637001747214e-12 -5.809455482986331455e-12 1.966576819208649252e-13 8.031991420241866885e-12 1.349405399934563158e-07 0.000000000000000000e+00
0.000000000000000000e+00 0.000000000000000000e+00 0.000000000000000000e+00 0.000000000000000000e+00 0.000000000000000000e+00 0.000000000000000000e+00 -1.924421978735844028e-11 4.398493335919671343e-10 1.582569164619512478e-10 8.717184562377698386e-11 1.258817752725296773e-11 -6.941219972372895143e-11 -2.806478332258583602e-12 -3.422734609934216900e-11 1.253592009146416637e-11 1.024603756950069694e-12 -2.005150350128854376e-11 -2.225601968206342939e-10 -3.196692843344714996e-07 0.000000000000000000e+00
0.000000000000000000e+00 0.000000000000000000e+00 0.000000000000000000e+00 0.000000000000000000e+00 0.000000000000000000e+00 0.000000000000000000e+00 -5.301830468945181668e-10 -7.356515873618933072e-11 1.153059751297308166e-09 5.010663406320401646e-10 -1.756110464541704926e-10 -1.263505447799546605e-10 -6.595462156979465462e-11 -4.448937739880956322e-12 1.161815520229676138e-11 -8.001727529002991395e-12 -2.740178388803803766e-07 -3.538438812458355456e-10 -3.189628284450135149e-07 0.000000000000000000e+00
0.000000000000000000e+00 0.000000000000000000e+00 0.000000000000000000e+00 0.000000000000000000e+00 0.000000000000000000e+00 0.000000000000000000e+00 -1.580588451298484799e-10 1.509183438976672194e-10 2.712578448735870717e-10 7.808065510656342959e-11 1.337944994240549917e-12 -7.375173816960132484e-11 1.058846094275155770e-11 -1.309864330074913230e-11 1.412537323082072080e-11 6.701030629591902461e-13 -1.102137395214781907e-11 6.349447519472638595e-10 8.542937131765819814e+00 0.000000000000000000e+00
0.000000000000000000e+00 0.000000000000000000e+00 0.000000000000000000e+00 0.000000000000000000e+00 0.000000000000000000e+00 0.000000000000000000e+00 -2.572980460896244530e-10 8.011812920004403078e-11 3.686543241500834982e-10 1.165748796371259633e-10 -8.165059353895571122e-13 -7.623207850282333463e-11 7.970960229675196069e-12 9.698743132771376008e-14 1.275452179976246254e-11 -2.296921180563182452e-13 -5.322258017923940453e-12 1.213200876103200214e-09 1.276241319867609114e+01 0.000000000000000000e+00
0.000000000000000000e+00 0.000000000000000000e+00 0.000000000000000000e+00 0.000000000000000000e+00 0.000000000000000000e+00 0.000000000000000000e+00 2.721842372838950649e-09 3.193364057962296101e-09 2.433113189557000973e-09 2.790201681044117185e-09 3.015007089325448662e-09 2.583049102644698468e-09 2.323453231330223048e-09 2.477276669837117595e-09 1.109556540856322326e-09 3.292675811178335425e-10 6.070939672359359925e-10 4.411970526162561672e-08 1.887593839251696402e-06 0.000000000000000000e+00
0.000000000000000000e+00 0.000000000000000000e+00 0.000000000000000000e+00 0.000000000000000000e+00 0.000000000000000000e+00 0.000000000000000000e+00 6.976739036225299936e-10 5.459840957156786854e-10 2.319199141501933044e-10 2.758171562693548973e-10 3.657943592085757889e-10 3.320529954081095206e-10 2.786851370743134668e-10 3.784480815557814060e-10 4.671788657228690467e-10 1.000966911618756472e-09 5.822152052344851734e-06 4.996940808955535091e-08 1.887815180794131040e-06 0.000000000000000000e+00
0.000000000000000000e+00 0.000000000000000000e+00 0.000000000000000000e+00 0.000000000000000000e+00 0.000000000000000000e+00 0.000000000000000000e+00 6.993947733817033050e-10 1.096060078449499761e-09 7.579066896505368307e-10 8.598685335992375003e-10 9.305413041322867067e-10 7.046828726022487428e-10 7.166981415330970674e-10 9.909873746394126336e-10 4.833112367472560683e-10 2.481760597661699379e-10 4.234681045895005807e-10 2.569337154559907058e-08 -1.574039212517522657e+00 0.000000000000000000e+00
0.000000000000000000e+00 0.000000000000000000e+00 0.000000000000000000e+00 0.000000000000000000e+00 0.000000000000000000e+00 0.000000000000000000e+00 3.180597682605625715e-10 6.153180667321227833e-10 3.812001612919912619e-10 4.282235843939326659e-10 4.777738253284249015e-10 3.455442503523231458e-10 4.189333174449315495e-10 6.384455633709430523e-10 3.296439220817206761e-10 2.379101692377767341e-10 3.994617338337568744e-10 2.558584283668627854e-08 -2.326418181887284220e+00 0.000000000000000000e+00
0.000000000000000000e+00 0.000000000000000000e+00 0.000000000000000000e+00 0.000000000000000000e+00 0.000000000000000000e+00 0.000000000000000000e+00 -1.158214194062049034e-08 -5.160914869791674251e-09 -3.752889269566785359e-09 -3.336639559426522167e-09 -1.679705622266390829e-09 -8.238665816764411935e-10 -8.994511688616744403e-10 -6.736626579709056793e-10 -2.730902031405521821e-10 -7.688520369765271921e-11 4.881243725399532799e-11 3.229517558332645957e-10 4.682256395338439799e-10 0.000000000000000000e+00
0.000000000000000000e+00 0.000000000000000000e+00 0.000000000000000000e+00 0.000000000000000000e+00 0.000000000000000000e+00 0.000000000000000000e+00 6.869115451255195038e-10 -3.653644531793948291e-09 -2.199993891902255807e-09 -7.688164962877175935e-10 1.762654454567023167e-10 -1.787366866321376291e-11 -1.498725179659676325e-10 -7.838107201612800902e-11 -6.917798513092243201e-11 -6.182300989918813058e-11 3.124427861604154996e-10 3.225184164186427818e-10 4.662705219981980002e-10 0.000000000000000000e+00
0.000000000000000000e+00 0.000000000000000000e+00 0.000000000000000000e+00 0.000000000000000000e+00 0.000000000000000000e+00 0.000000000000000000e+00 -5.207466481804525158e-09 -3.216031149819075813e-09 -1.471278458665405164e-09 -1.255149600606921265e-09 -7.350638214825414404e-10 -2.006911065337440926e-10 -3.980351397541331922e-10 -2.808429368522648369e-10 -1.230883159656817195e-10 -4.056448064527093736e-11 1.907595377140455433e-11 9.017046104589552018e-11 7.804081453882196106e-08 0.000000000000000000e+00
0.000000000000000000e+00 0.000000000000000000e+00 0.000000000000000000e+00 0.000000000000000000e+00 0.000000000000000000e+00 0.000000000000000000e+00 -2.722398264613324551e-09 -2.643033040031398555e-09 -8.799066975325605546e-10 -6.256866952048482785e-10 -3.727346446959962627e-10 -1.221593527942049626e-11 -2.375911262835751894e-10 -1.383270039724640925e-10 -5.324103996288208704e-11 -8.852272587383538061e-12 5.401477343724008034e-12 1.209421759007704804e-11 9.537387190891836501e-08 0.000000000000000000e+00
0.000000000000000000e+00 0.000000000000000000e+00 0.000000000000000000e+00 0.000000000000000000e+00 0.000000000000000000e+00 0.000000000000000000e+00 -5.561857052565616509e-08 -2.059821615407358870e-08 -2.992790454018222993e-08 -1.661740412643038987e-08 -7.225990817149996056e-09 -1.114915970229433794e-09 -2.647725956592789818e-09 -9.009771138746140511e-10 -1.190550534745543004e-11 -3.117680378897657027e-11 4.514306225257215748e-11 -1.225019781212054131e-10 4.597898913364072639e-10 0.000000000000000000e+00
0.000000000000000000e+00 0.000000000000000000e+00 0.000000000000000000e+00 0.000000000000000000e+00 0.000000000000000000e+00 0.000000000000000000e+00 -1.204518970509081086e-08 -1.295051201306191930e-08 -1.190753833519172241e-08 -8.823027515962120732e-10 -3.488843106266754934e-09 -5.449896989296468000e-10 4.922909298324780972e-11 3.269979586517680382e-11 1.079554719902669452e-10 -8.768151114274901504e-11 7.532279202396236894e-09 -1.450704042184381825e-10 4.845078365240230867e-10 0.000000000000000000e+00
0.000000000000000000e+00 0.000000000000000000e+00 0.000000000000000000e+00 0.000000000000000000e+00 0.000000000000000000e+00 0.000000000000000000e+00 -2.595539739689621727e-08 -1.272604486328912920e-08 -1.114793419108554617e-08 -4.904273345547395842e-09 -3.281876646136513166e-09 1.630145629433387147e-10 -7.976226190193631872e-10 -1.991513950821786516e-10 8.435258087858460266e-11 -3.184822429003929567e-11 5.004672843032270554e-11 -3.446049734208202001e-10 4.052314658119719806e-07 0.000000000000000000e+00
0.000000000000000000e+00 0.000000000000000000e+00 0.000000000000000000e+00 0.000000000000000000e+00 0.000000000000000000e+00 0.000000000000000000e+00 -1.570525962388675995e-08 -1.066278172729727370e-08 -6.270136219539330850e-09 -1.462953293092448400e-09 -2.171284176642331185e-09 3.920984467372698182e-10 -2.077535537957445269e-10 2.094566621116980612e-11 1.081030943320328403e-10 -3.206122952181751471e-11 5.915623199220279057e-11 -3.514983674402773972e-10 5.084776168603660850e-07 0.000000000000000000e+00
0.000000000000000000e+00 0.000000000000000000e+00 0.000000000000000000e+00 0.000000000000000000e+00 0.000000000000000000e+00 0.000000000000000000e+00 4.938644289521779281e-10 4.932506385320156829e-10 -1.562302064021697231e-10 -2.207146617642679971e-10 4.682659711311046855e-11 4.756490306067946001e-10 2.207566026498744598e-10 6.464344734935028564e-11 -7.118393756731871917e-11 -1.150738927190264446e-10 -2.389956380494544705e-10 -8.892317658408822631e-09 -2.274402554476280629e-06 0.000000000000000000e+00
0.000000000000000000e+00 0.000000000000000000e+00 0.000000000000000000e+00 0.000000000000000000e+00 0.000000000000000000e+00 0.000000000000000000e+00 9.328210474579812448e-11 1.686515904470043725e-09 3.716606685453491631e-11 -8.106117932908156108e-10 -6.643945458393935200e-10 -5.933417623374915631e-10 -3.725496063207419846e-10 -2.164231573975769111e-10 -2.375988515785597710e-10 -5.485625277051822984e-11 1.482174647824602511e-05 -1.032096811023488273e-08 -2.275012416803522099e-06 0.000000000000000000e+00
0.000000000000000000e+00 0.000000000000000000e+00 0.000000000000000000e+00 0.000000000000000000e+00 0.000000000000000000e+00 0.000000000000000000e+00 1.119448472459350034e-10 1.153639147358612020e-09 -5.029154785686928690e-10 -3.117829970887706190e-10 -9.247814401854994032e-11 -2.784191011190492405e-11 -5.358185153113107200e-13 -1.375720787801690114e-10 -2.005809913117258352e-10 -1.165332056967722471e-10 -1.753090762749438978e-10 -7.774756566364034110e-09 8.729920501498796170e+01 0.000000000000000000e+00
0.000000000000000000e+00 0.000000000000000000e+00 0.000000000000000000e+00 0.000000000000000000e+00 0.000000000000000000e+00 0.000000000000000000e+00 2.293417767874667641e-10 1.141169904160616602e-09 -4.984351714891127467e-10 -3.101379784326700903e-10 -1.890156844113072362e-10 -1.931598849252124682e-10 -1.031198287855476229e-10 -1.991412086718399154e-10 -2.212238681473888476e-10 -1.108904049402113585e-10 -1.276495681859311533e-10 -5.810213490568393823e-09 1.312028670119210858e+02 0.000000000000000000e+00
0.000000000000000000e+00 0.000000000000000000e+00 0.000000000000000000e+00 0.000000000000000000e+00 0.000000000000000000e+00 0.000000000000000000e+00 2.933310745076236260e-09 2.707806756253187002e-09 2.134867597918437781e-09 2.576796200906720297e-09 2.595376188994430414e-09 2.228633152990708063e-09 2.045633339294104834e-09 2.227375730848875511e-09 1.000850241165422981e-09 3.074965560951973477e-10 5.528402743446509710e-10 4.116302500749610337e-08 3.587248528542138354e-06 0.000000000000000000e+00
0.000000000000000000e+00 0.000000000000000000e+00 0.000000000000000000e+00 0.000000000000000000e+00 0.000000000000000000e+00 0.000000000000000000e+00 9.075570989063303555e-10 6.850214586976534134e-10 3.248307562570147370e-10 4.675055134601710803e-10 4.517195220612353412e-10 3.811900176009649721e-10 3.289958498130165688e-10 3.772387208704075385e-10 4.342041990666938258e-10 8.856480407567612721e-10 4.877178165604985622e-06 4.674861363777544582e-08 3.587209334754704997e-06 0.000000000000000000e+00
0.000000000000000000e+00 0.000000000000000000e+00 0.000000000000000000e+00 0.000000000000000000e+00 0.000000000000000000e+00 0.000000000000000000e+00 6.464997565034998547e-10 9.423631650330079977e-10 7.266231405660490479e-10 8.302649717067145173e-10 8.377938110374585824e-10 6.499014279370036531e-10 6.530933252049078278e-10 9.125459744347036076e-10 4.564936546665871620e-10 2.329638983638622796e-10 3.851774286460867331e-10 2.773743288413554886e-08 2.398032738620512561e+01 0.000000000000000000e+00
0.000000000000000000e+00 0.000000000000000000e+00 0.000000000000000000e+00 0.000000000000000000e+00 0.000000000000000000e+00 0.000000000000000000e+00 3.168883544157460395e-10 5.326993565233470368e-10 4.173866707368110235e-10 4.474211965083441913e-10 4.548996811529667019e-10 3.570017609084478407e-10 4.149933234369285016e-10 6.102989370144876052e-10 3.279318880010719515e-10 2.226990427941633302e-10 3.577548820927935795e-10 2.980605644697849912e-08 3.575977706883680440e+01 0.000000000000000000e+00
0.000000000000000000e+00 0.000000000000000000e+00 0.000000000000000000e+00 0.000000000000000000e+00 0.000000000000000000e+00 0.000000000000000000e+00 -1.212495953955027420e-08 -5.970656987647088231e-09 -2.750371198412285394e-09 -3.940044097293417925e-09 -1.645004811740062440e-09 -9.927907909090564435e-10 -9.268696555521412382e-10 -6.996701089470107623e-10 -2.784809983818997490e-10 -7.709942127125256182e-11 5.080834763996589643e-11 3.383043464520765118e-10 4.908235072108702129e-10 0.000000000000000000e+00
0.000000000000000000e+00 0.000000000000000000e+00 0.000000000000000000e+00 0.000000000000000000e+00 0.000000000000000000e+00 0.000000000000000000e+00 7.766777204782917815e-10 -4.087133703401169882e-09 -1.648803565349434170e-09 -5.162728993876405819e-10 3.100357760739264634e-10 1.814560108726192301e-11 -1.900216957246538338e-10 -8.651675786205185650e-11 -6.540899670737316748e-11 -5.876952448317285983e-11 3.130911641172367489e-10 3.369367071144263958e-10 4.881854667342663640e-10 0.000000000000000000e+00
0.000000000000000000e+00 0.000000000000000000e+00 0.000000000000000000e+00 0.000000000000000000e+00 0.000000000000000000e+00 0.000000000000000000e+00 -5.840968755277855634e-09 -3.001831433671793243e-09 -6.811837811843984612e-10 -1.139286152951384267e-09 -6.603774621676402425e-10 -2.235625813146599301e-10 -4.601174775212883633e-10 -3.000244646827225206e-10 -1.213078358211666894e-10 -3.861425102192616813e-11 1.949470796043621212e-11 8.748006899652099375e-11 4.086245777496765771e-08 0.000000000000000000e+00
0.000000000000000000e+00 0.000000000000000000e+00 0.000000000000000000e+00 0.000000000000000000e+00 0.000000000000000000e+00 0.000000000000000000e+00 -3.226868709538986898e-09 -2.401559558817642748e-09 -1.933537945327324024e-10 -3.558567321124786238e-10 -2.928937990342919469e-10 5.906301524446489809e-12 -3.020217125238959402e-10 -1.538608797113715229e-10 -4.979801451474071995e-11 -5.866948457329763802e-12 5.203435472060420331e-12 4.042503251376958097e-12 5.215943730589585174e-08 0.000000000000000000e+00
0.000000000000000000e+00 0.000000000000000000e+00 0.000000000000000000e+00 0.000000000000000000e+00 0.000000000000000000e+00 0.000000000000000000e+00 -5.620472017046489370e-08 -2.392670299820075419e-08 -2.617877394885157447e-08 -1.700883194478376151e-08 -7.529434591971765830e-09 -9.729810778171393684e-10 -2.659488405888159244e-09 -1.014357546502307151e-09 -3.990667057066871022e-11 -3.840460173060992351e-11 5.187327418243909207e-11 3.023786640835617837e-11 -6.963194019495449130e-10 0.000000000000000000e+00
0.000000000000000000e+00 0.000000000000000000e+00 0.000000000000000000e+00 0.000000000000000000e+00 0.000000000000000000e+00 0.000000000000000000e+00 -9.089163279813759255e-09 -1.579879459949232825e-08 -1.036966977514518980e-08 -1.197000641064760801e-09 -3.512955017594445435e-09 -2.556408509091105855e-12 3.600328889946910031e-10 -4.664701611018680180e-11 1.400414012044156029e-10 -8.669787032845988265e-11 7.349478636794754411e-09 1.069611821271337912e-11 -6.699429237012685008e-10 0.000000000000000000e+00
0.000000000000000000e+00 0.000000000000000000e+00 0.000000000000000000e+00 0.000000000000000000e+00 0.000000000000000000e+00 0.000000000000000000e+00 -2.940805863462060875e-08 -8.120557850199138009e-09 -7.997628740336222439e-09 -4.701024490834826150e-09 -3.714383262343466569e-09 6.968394502770711515e-10 -6.394007927496799689e-10 -3.294649922831330201e-10 1.328106663329018761e-10 -3.243811798206133389e-11 3.448520711023955023e-11 -4.470274497374937879e-10 1.155507774672299183e-06 0.000000000000000000e+00
0.000000000000000000e+00 0.000000000000000000e+00 0.000000000000000000e+00 0.000000000000000000e+00 0.000000000000000000e+00 0.000000000000000000e+00 -1.881841365470931178e-08 -5.775494284480213185e-09 -3.449547242391170343e-09 -1.177010994829758205e-09 -2.588822226510258552e-09 9.876824473341703876e-10 7.411414369385984881e-12 -1.000754783602760913e-10 1.782521184256031915e-10 -2.843723443669103768e-11 3.415396558854190830e-11 -5.428791946779460408e-10 1.426616318099438210e-06 0.000000000000000000e+00
0.000000000000000000e+00 0.000000000000000000e+00 0.000000000000000000e+00 0.000000000000000000e+00 0.000000000000000000e+00 0.000000000000000000e+00 -2.608239803219185132e-10 7.151876707683519928e-10 3.699681751809327854e-10 -6.306033041130370416e-11 1.306408563986487366e-11 5.188394593239243088e-10 2.569123267859074599e-10 8.986238348584184399e-11 -9.210414535402362382e-12 -1.254715806591479071e-10 -2.040746817397953208e-10 -8.992348680861148976e-09 -1.492476411780492777e-06 0.000000000000000000e+00
0.000000000000000000e+00 0.000000000000000000e+00 0.000000000000000000e+00 0.000000000000000000e+00 0.000000000000000000e+00 0.000000000000000000e+00 1.065617148697722059e-10 1.360770786515526950e-09 6.665970435074156806e-10 -1.638305320471630353e-10 -7.239010095602342909e-10 -1.020194631420342852e-09 -3.574046438096407644e-10 -1.183059237408531828e-10 -1.881308784745057254e-10 -6.574730257205103350e-11 1.257926304981487883e-05 -1.046521813552011136e-08 -1.494264626418967311e-06 0.000000000000000000e+00
0.000000000000000000e+00 0.000000000000000000e+00 0.000000000000000000e+00 0.000000000000000000e+00 0.000000000000000000e+00 0.000000000000000000e+00 -9.342123568056966779e-10 1.020749887583639935e-09 2.121003731028462593e-10 -1.621173876234365430e-10 -4.208754189559258752e-11 -9.787342304374492861e-11 2.218844407929581776e-11 -8.134663544635613067e-11 -1.419025162672425921e-10 -1.277802507486159278e-10 -1.510966059139663590e-10 -7.024858797483972699e-09 1.579832154886648823e+02 0.000000000000000000e+00
0.000000000000000000e+00 0.000000000000000000e+00 0.000000000000000000e+00 0.000000000000000000e+00 0.000000000000000000e+00 0.000000000000000000e+00 -7.684380809842417523e-10 8.174383719690132849e-10 2.860367149234740308e-10 -1.430058909799559327e-10 -9.363347633791517812e-11 -2.956680262958036220e-10 -9.365267736280210999e-11 -1.290603779333195651e-10 -1.709111508625034599e-10 -1.253788437739213435e-10 -1.143004448523733221e-10 -5.137990361041603517e-09 2.366612122365929167e+02 0.000000000000000000e+00
