0.000000000000000000e+00 0.000000000000000000e+00 0.000000000000000000e+00 0.000000000000000000e+00 0.000000000000000000e+00 0.000000000000000000e+00 2.754930278568041301e-08 1.619031735064758230e-08 1.052106054408225294e-08 9.681469418687358220e-09 1.354777129664027343e-08 1.659067299934062567e-08 1.446635481684822572e-08 1.221858869633081012e-08 7.570645698637158714e-09 2.398936979254454854e-09 5.414555504723647331e-10 6.175407636734083434e-08 8.462302211914476523e-05 0.000000000000000000e+00
0.000000000000000000e+00 0.000000000000000000e+00 0.000000000000000000e+00 0.000000000000000000e+00 0.000000000000000000e+00 0.000000000000000000e+00 3.113987604327636474e-09 1.135042536872837681e-09 1.428461204328531525e-09 1.869294000605356309e-09 1.450875325668980270e-09 1.485787558479677171e-09 1.323366187074934813e-09 9.349481145245774687e-10 5.570043357254882856e-10 5.212182174287955233e-10 1.144555468686529699e-04 9.144728604864706430e-08 8.468528408143137249e-05 0.000000000000000000e+00
0.000000000000000000e+00 0.000000000000000000e+00 0.000000000000000000e+00 0.000000000000000000e+00 0.000000000000000000e+00 0.000000000000000000e+00 5.029591337746168549e-09 3.899283817629262168e-09 1.896916099320120090e-09 2.030826639107404736e-09 2.733023600294303054e-09 3.832858997423382880e-09 3.360232588632471764e-09 2.828169375569091134e-09 1.970119626696879653e-09 8.628101311566070508e-10 2.209276245431060379e-10 1.299792485447068128e-08 2.306897076193376051e+03 0.000000000000000000e+00
0.000000000000000000e+00 0.000000000000000000e+00 0.000000000000000000e+00 0.000000000000000000e+00 0.000000000000000000e+00 0.000000000000000000e+00 1.403709309080514440e-09 1.380987359751293085e-09 9.037702795936555673e-10 7.002014011617181498e-10 1.188336178939247566e-09 1.783095329884728510e-09 1.775419632671326706e-09 1.450359300394498697e-09 9.979342694806903066e-10 4.505398655830097126e-10 1.046426226866943913e-10 6.176253009136189778e-09 4.134152860848305863e+03 0.000000000000000000e+00
0.000000000000000000e+00 0.000000000000000000e+00 0.000000000000000000e+00 0.000000000000000000e+00 0.000000000000000000e+00 0.000000000000000000e+00 -7.596118137845716221e-08 -1.686836081646777478e-08 -2.282270378966155938e-08 -5.668674614346227475e-10 -4.191948049233877294e-09 -6.954642989441581708e-09 -2.759498398742565673e-09 -2.008406778972994702e-09 -1.132346810045654145e-09 -4.593341724370677695e-10 2.079210029784379621e-11 5.664100861953393446e-10 5.206715007671363210e-09 0.000000000000000000e+00
0.000000000000000000e+00 0.000000000000000000e+00 0.000000000000000000e+00 0.000000000000000000e+00 0.000000000000000000e+00 0.000000000000000000e+00 -4.492401112597258717e-09 -4.064368445994287741e-09 3.105241792569163253e-09 4.061319430753678518e-09 -5.879784260650630068e-11 -1.222030890396950330e-09 4.704562646380135168e-10 -6.202306386105150040e-11 -1.676477047883516464e-10 -1.382888837696043728e-10 -1.346060114387185929e-09 6.105482487886999614e-10 5.275921673047231541e-09 0.000000000000000000e+00
0.000000000000000000e+00 0.000000000000000000e+00 0.000000000000000000e+00 0.000000000000000000e+00 0.000000000000000000e+00 0.000000000000000000e+00 -3.108875400162048883e-08 -9.273423446936764778e-09 -5.152127029074458386e-09 4.124683984818931857e-10 -1.392770280676904380e-09 -3.065650324163053855e-09 -5.449028008984486468e-10 -7.153843135285585540e-10 -4.684083210188412563e-10 -2.135258292356958108e-10 -1.326574268167436760e-12 2.073746295915358880e-10 -1.899276400142789335e-06 0.000000000000000000e+00
0.000000000000000000e+00 0.000000000000000000e+00 0.000000000000000000e+00 0.000000000000000000e+00 0.000000000000000000e+00 0.000000000000000000e+00 -1.265661173297420921e-08 -6.079578410889876725e-09 1.479778955940666515e-09 1.009365513067554485e-09 -3.015961180164499526e-10 -1.579212982804281457e-09 2.862963105821905872e-10 -2.112933627312066882e-10 -1.846676584925724572e-10 -5.440612850652161521e-11 5.129722595877054717e-12 4.031487155728492507e-11 -1.838613648091001642e-06 0.000000000000000000e+00
0.000000000000000000e+00 0.000000000000000000e+00 0.000000000000000000e+00 0.000000000000000000e+00 0.000000000000000000e+00 0.000000000000000000e+00 -4.090462112611251632e-07 -1.221823409211286012e-07 -1.222013611603834480e-07 -4.095168704055837721e-08 -3.519600199334108385e-08 -2.220796951406891412e-08 -5.921061600498732334e-09 -1.898528658863256024e-09 2.757935759544459047e-10 -3.564167517674957966e-10 5.557548093467742986e-11 1.468007661752290775e-10 7.522424798415993012e-09 0.000000000000000000e+00
0.000000000000000000e+00 0.000000000000000000e+00 0.000000000000000000e+00 0.000000000000000000e+00 0.000000000000000000e+00 0.000000000000000000e+00 -2.470797762374793660e-08 -3.959949117943443097e-08 2.114429885783726904e-08 2.858580051895571520e-09 3.225657342448774675e-09 -5.763412032639977738e-09 -9.085770213569680202e-10 -2.451662788212017787e-10 4.311334342970592148e-10 8.476818251064188479e-13 -2.256342548421416783e-08 1.489912158787994011e-10 7.557447499369415222e-09 0.000000000000000000e+00
0.000000000000000000e+00 0.000000000000000000e+00 0.000000000000000000e+00 0.000000000000000000e+00 0.000000000000000000e+00 0.000000000000000000e+00 -1.690914246386889328e-07 -5.690775092619729053e-08 -2.756444317968122826e-08 -1.999132845038046316e-08 -1.162095278212464365e-08 -9.541758525957827055e-09 -8.988228193642509568e-10 -2.420460554657842763e-10 7.037767105411347834e-10 -4.191286242682987960e-11 1.953811345429898306e-11 -2.724934192857298940e-10 -2.368947242335278368e-05 0.000000000000000000e+00
0.000000000000000000e+00 0.000000000000000000e+00 0.000000000000000000e+00 0.000000000000000000e+00 0.000000000000000000e+00 0.000000000000000000e+00 -7.042987834339246087e-08 -3.125157329998798156e-08 7.876805512953215807e-09 -1.022969211994109853e-08 -2.197841338578452589e-09 -4.914203417893396988e-09 6.389372045479742569e-10 2.879811986522626258e-10 8.101325997284922069e-10 1.242627983379937713e-10 1.627676931612677494e-11 -3.971694076628873535e-10 -3.172768850352034655e-05 0.000000000000000000e+00
0.000000000000000000e+00 0.000000000000000000e+00 0.000000000000000000e+00 0.000000000000000000e+00 0.000000000000000000e+00 0.000000000000000000e+00 2.486154483916962565e-10 -2.879022759396791920e-09 -5.586411048671183015e-10 -3.754317208830437645e-10 -4.041231141954359702e-10 4.158223203583291225e-10 -4.750331508395290063e-10 -2.867536885638330093e-10 -3.884934941636451552e-10 -2.369139713418255226e-10 -3.042626591541403070e-10 -7.297271317834577700e-09 -1.805610657827241993e-05 0.000000000000000000e+00
0.000000000000000000e+00 0.000000000000000000e+00 0.000000000000000000e+00 0.000000000000000000e+00 0.000000000000000000e+00 0.000000000000000000e+00 1.075159481467665730e-09 -2.324443978997736463e-10 -3.956612740248215657e-09 7.274184689155231673e-10 -1.850790885022713024e-09 -4.212672676101315367e-11 -1.351378789697396784e-09 -9.708862687742480698e-10 -5.397213127496978869e-10 -2.476209681149686540e-10 -6.673109027190699113e-04 -1.005482065657264441e-08 -1.809043258088399372e-05 0.000000000000000000e+00
0.000000000000000000e+00 0.000000000000000000e+00 0.000000000000000000e+00 0.000000000000000000e+00 0.000000000000000000e+00 0.000000000000000000e+00 -3.554993980475078148e-10 -1.568261090532600520e-09 -1.586383579025330478e-09 -2.789500527541845161e-10 1.457337178360598058e-11 3.070690290953264983e-10 -6.138318693702668780e-10 -4.619042257321614242e-10 -4.221889030898739085e-10 -2.729557485356420542e-10 -2.582636484602513911e-10 -5.385535108917747418e-09 -1.614704745899039722e+02 0.000000000000000000e+00
0.000000000000000000e+00 0.000000000000000000e+00 0.000000000000000000e+00 0.000000000000000000e+00 0.000000000000000000e+00 0.000000000000000000e+00 -5.502464905402028258e-10 -1.106200946950080090e-09 -2.326487057967173898e-09 -2.961552798142078971e-10 -1.166795979888939550e-10 1.630919609357287808e-10 -7.917994701864621357e-10 -6.515352657215857405e-10 -5.303010083823064200e-10 -3.270987563166205104e-10 -2.431601632845123784e-10 -4.340086435431797372e-09 -3.311829034341800480e+02 0.000000000000000000e+00
