0.000000000000000000e+00 0.000000000000000000e+00 0.000000000000000000e+00 0.000000000000000000e+00 0.000000000000000000e+00 0.000000000000000000e+00 2.923691686817656007e-09 7.920873823952179037e-09 5.092208223632749018e-09 6.363201134796625547e-09 5.568415559189993890e-09 5.729600358851916835e-09 5.126033639371022627e-09 4.415401797852459661e-09 2.648567427991493817e-09 8.411879225108207292e-10 2.013421875495605512e-10 2.101450647874608031e-08 1.463577401027401151e-04 0.000000000000000000e+00
0.000000000000000000e+00 0.000000000000000000e+00 0.000000000000000000e+00 0.000000000000000000e+00 0.000000000000000000e+00 0.000000000000000000e+00 2.187068885205994725e-09 5.840333838955296092e-10 1.278923282119995560e-09 1.348963938493636728e-09 1.368069224021561526e-09 1.207279974348221159e-09 9.856001312629498525e-10 6.243593698979149404e-10 3.585438313681581139e-10 2.646452168132278750e-10 1.125633874969673539e-05 3.220418189097766822e-08 1.463475093909583557e-04 0.000000000000000000e+00
0.000000000000000000e+00 0.000000000000000000e+00 0.000000000000000000e+00 0.000000000000000000e+00 0.000000000000000000e+00 0.000000000000000000e+00 2.983965251462531342e-10 1.264995282291708581e-09 8.083966610574704149e-10 1.316897579329334208e-09 1.391600572343332043e-09 1.443736844714830236e-09 1.434598032174164522e-09 1.214237609625029557e-09 8.915352495687928560e-10 4.011364825626201758e-10 1.072529845575686479e-10 6.755654355006574427e-09 1.542495314204010128e+03 0.000000000000000000e+00
0.000000000000000000e+00 0.000000000000000000e+00 0.000000000000000000e+00 0.000000000000000000e+00 0.000000000000000000e+00 0.000000000000000000e+00 4.564248328642111718e-10 2.668068246769585219e-11 5.782028255260353775e-10 5.292496415231640277e-10 8.738530799865306108e-10 8.291194162508519826e-10 9.292037248866722288e-10 7.901894072329539781e-10 6.165694610373674599e-10 3.038009016230622646e-10 7.627086309850486718e-11 5.084807572500887185e-09 2.616631455567465764e+03 0.000000000000000000e+00
0.000000000000000000e+00 0.000000000000000000e+00 0.000000000000000000e+00 0.000000000000000000e+00 0.000000000000000000e+00 0.000000000000000000e+00 -6.202281861109610910e-09 -2.217985276575275410e-08 -1.077392274596849913e-08 -6.500524756565466184e-09 -3.652862143137701368e-09 -4.382525472344208397e-09 -2.277811004266312971e-09 -1.570293714465220153e-09 -7.913514338859201098e-10 -2.421833679694552346e-10 1.310068738152372357e-11 3.811209124058590444e-10 2.370010178611969574e-09 0.000000000000000000e+00
0.000000000000000000e+00 0.000000000000000000e+00 0.000000000000000000e+00 0.000000000000000000e+00 0.000000000000000000e+00 0.000000000000000000e+00 1.010486566630399078e-08 -1.520550056729281272e-09 4.077814459595124888e-10 8.439866394607334781e-10 9.034159947567425332e-10 2.405575740832218170e-10 1.556980718763677644e-10 -4.601939943741128090e-11 -1.103098735010376589e-10 -6.543645541909232194e-11 -7.313994413027437708e-10 4.140089724900348761e-10 2.431705938100800531e-09 0.000000000000000000e+00
0.000000000000000000e+00 0.000000000000000000e+00 0.000000000000000000e+00 0.000000000000000000e+00 0.000000000000000000e+00 0.000000000000000000e+00 3.883107121770563388e-09 -1.131238137486621615e-08 -4.123075661837226763e-09 -1.455142932690239119e-09 -5.784508779082351738e-10 -1.367052535458505770e-09 -6.384972990492608191e-10 -5.738771733182294385e-10 -3.376502262187325905e-10 -1.072896711409826952e-10 -8.279624664155431835e-13 1.282560426218851197e-10 -1.036194934032366367e-06 0.000000000000000000e+00
0.000000000000000000e+00 0.000000000000000000e+00 0.000000000000000000e+00 0.000000000000000000e+00 0.000000000000000000e+00 0.000000000000000000e+00 7.487920345037891608e-09 -6.494387272994040596e-09 -1.184542940574800148e-09 4.274668802364354452e-10 5.874064380873905099e-10 -2.158395897688396833e-10 -2.612353467208089106e-11 -1.817011313749048949e-10 -1.394268898354966059e-10 -1.770138960993158455e-11 3.976630487354490599e-12 1.264879957963793923e-11 -1.483190251451678988e-06 0.000000000000000000e+00
0.000000000000000000e+00 0.000000000000000000e+00 0.000000000000000000e+00 0.000000000000000000e+00 0.000000000000000000e+00 0.000000000000000000e+00 -7.366094429864139298e-08 -7.624333957879992893e-08 -5.810229329184939463e-08 -4.134157888135992858e-08 -2.286833070376864271e-08 -1.639581734766903205e-08 -4.665277662639211315e-09 -1.085673597754863223e-09 -6.474492533912099777e-10 -1.133367899101668298e-10 3.746619281772171164e-11 -1.176204433055431739e-11 7.198133580351841338e-09 0.000000000000000000e+00
0.000000000000000000e+00 0.000000000000000000e+00 0.000000000000000000e+00 0.000000000000000000e+00 0.000000000000000000e+00 0.000000000000000000e+00 9.601335974806210334e-08 5.246387686338724863e-09 4.218687096287963250e-09 -6.342963338217411070e-09 1.488850464641064811e-09 1.347630288508361825e-09 -6.648704703110803208e-10 8.500711881615460784e-10 1.948413432843681728e-11 8.921932499165044658e-11 4.737064857931194317e-09 1.600985893744225689e-11 7.351346418489864363e-09 0.000000000000000000e+00
0.000000000000000000e+00 0.000000000000000000e+00 0.000000000000000000e+00 0.000000000000000000e+00 0.000000000000000000e+00 0.000000000000000000e+00 2.515493965265673609e-08 -3.749607693579445438e-08 -2.436661933879987459e-08 -1.126885291647021084e-08 -6.707280698116635724e-09 -5.339870607761904980e-09 -1.337754050928598028e-09 2.850715031751020116e-10 1.640540596819302387e-11 7.233450954723486230e-11 1.936005568922927614e-11 -2.968181928935482137e-10 -2.560920009875572417e-06 0.000000000000000000e+00
0.000000000000000000e+00 0.000000000000000000e+00 0.000000000000000000e+00 0.000000000000000000e+00 0.000000000000000000e+00 0.000000000000000000e+00 6.104281941464658741e-08 -1.935408185676293232e-08 -9.485490999576182015e-09 -1.717109203869457053e-09 -3.239963248186072894e-10 -8.409715110640214966e-10 -1.367005258891294252e-10 7.723068788458220201e-10 2.311098364820489624e-10 1.711086662857606674e-10 2.633651299369930362e-11 -3.559186332572183543e-10 -6.112118784307469416e-06 0.000000000000000000e+00
0.000000000000000000e+00 0.000000000000000000e+00 0.000000000000000000e+00 0.000000000000000000e+00 0.000000000000000000e+00 0.000000000000000000e+00 -5.682860440498510999e-10 3.394608845422817764e-10 -1.916338284474337819e-10 6.084127901453867029e-10 -1.249081417000914373e-10 -3.147670552490533827e-10 -4.288518916242535728e-10 -1.606431945655248210e-10 -2.249316707347027896e-10 -5.077092972372884542e-11 -2.198851641704388102e-10 -5.030914641153923511e-09 1.963648614571793918e-06 0.000000000000000000e+00
0.000000000000000000e+00 0.000000000000000000e+00 0.000000000000000000e+00 0.000000000000000000e+00 0.000000000000000000e+00 0.000000000000000000e+00 -1.826833676435888681e-09 2.907421754795473738e-09 3.080583696149181082e-09 -1.285716087162947243e-09 -5.003689921377993328e-11 -1.271023633486652785e-09 -6.848894275061285637e-10 -4.311761159529078431e-10 -1.947916600692335007e-10 -1.583269164678631265e-11 1.254897158406396442e-04 -6.430297019759153518e-09 2.002895775224947752e-06 0.000000000000000000e+00
0.000000000000000000e+00 0.000000000000000000e+00 0.000000000000000000e+00 0.000000000000000000e+00 0.000000000000000000e+00 0.000000000000000000e+00 -6.271473476146662298e-10 2.050769060010681634e-10 5.483073854644336353e-11 5.118716330998182285e-10 -3.608518456597139670e-10 -3.207891476195544951e-10 -3.213676884668637951e-10 -1.018697751963855751e-10 -2.673322045907962283e-10 -8.444179314138017460e-11 -1.854226057908433849e-10 -3.784289341433785992e-09 -9.160008607396077878e+02 0.000000000000000000e+00
0.000000000000000000e+00 0.000000000000000000e+00 0.000000000000000000e+00 0.000000000000000000e+00 0.000000000000000000e+00 0.000000000000000000e+00 -7.238193013970597398e-10 4.330137445270928526e-10 2.012339225065873420e-10 3.713250504960596682e-10 -4.804295505910760988e-10 -3.868123312540662647e-10 -3.147621846728212409e-10 -1.338909934704082444e-10 -3.041051637210792184e-10 -1.163221241776740822e-10 -1.725912454476493226e-10 -3.076760973212501918e-09 -1.613492661562584317e+03 0.000000000000000000e+00
