0.000000000000000000e+00 0.000000000000000000e+00 0.000000000000000000e+00 0.000000000000000000e+00 0.000000000000000000e+00 0.000000000000000000e+00 1.954515455357057751e-08 1.543025387432804245e-08 2.562205769239643299e-08 1.948689555870550025e-08 1.971614279168886493e-08 2.044862290655139344e-08 1.699088944515310053e-08 1.268469486210018190e-08 8.505934384131099916e-09 3.670798270342810247e-09 7.862925475844196818e-10 7.234103062241949194e-08 9.093780743683920528e-05 0.000000000000000000e+00
0.000000000000000000e+00 0.000000000000000000e+00 0.000000000000000000e+00 0.000000000000000000e+00 0.000000000000000000e+00 0.000000000000000000e+00 1.122448318912973697e-08 6.658646349096918981e-09 3.966017668274632022e-09 4.793950009585796151e-09 5.581574338505035743e-09 5.067854479752944861e-09 4.023852351096361976e-09 2.597992946816995923e-09 1.658612131557520399e-09 1.594955078539038404e-09 2.582579197531682303e-04 1.023243172215207767e-07 9.101909844519103562e-05 0.000000000000000000e+00
0.000000000000000000e+00 0.000000000000000000e+00 0.000000000000000000e+00 0.000000000000000000e+00 0.000000000000000000e+00 0.000000000000000000e+00 7.635612340709564983e-09 2.076787492287546485e-09 4.235517179787247617e-09 5.121623237860579547e-09 4.737772659175583957e-09 5.520462259603671214e-09 4.980023035421859537e-09 4.041204287096310203e-09 3.373982347715557404e-09 2.226645638158710406e-09 4.680826735919650192e-10 3.474914331673647440e-08 6.369372767974628005e+02 0.000000000000000000e+00
0.000000000000000000e+00 0.000000000000000000e+00 0.000000000000000000e+00 0.000000000000000000e+00 0.000000000000000000e+00 0.000000000000000000e+00 5.205319660064744364e-09 1.718994544794832694e-09 1.581001311184620724e-09 2.833007931136049029e-09 2.767974153792628884e-09 3.520303605409346213e-09 3.528523221932131374e-09 2.964874200860046994e-09 2.573593316901214651e-09 1.779700364622359624e-09 3.346731296931699955e-10 3.059399912725504588e-08 9.505366675554078029e+02 0.000000000000000000e+00
0.000000000000000000e+00 0.000000000000000000e+00 0.000000000000000000e+00 0.000000000000000000e+00 0.000000000000000000e+00 0.000000000000000000e+00 -3.738709221086883774e-08 5.540073069643982995e-11 -2.912733163980974104e-08 -2.050027602832519227e-08 -4.787029052883584980e-09 -6.449149196086141950e-09 -3.905402566434699203e-09 -2.183891738067831707e-09 -1.239171192115012007e-09 -4.700510371568602167e-10 3.103007665953562731e-11 5.884465460602206396e-10 3.923489667595369459e-09 0.000000000000000000e+00
0.000000000000000000e+00 0.000000000000000000e+00 0.000000000000000000e+00 0.000000000000000000e+00 0.000000000000000000e+00 0.000000000000000000e+00 -4.345868929516060378e-08 -2.278549158933236590e-09 1.471168767736843458e-09 -4.570311137689092102e-09 2.291347939311231806e-09 -3.569392240931913715e-11 -3.575750464981599767e-10 -1.063410995628491274e-10 -1.224257599509177576e-10 -1.475845226107313655e-10 2.113491533182128144e-09 6.342073140618782929e-10 4.012457145779447346e-09 0.000000000000000000e+00
0.000000000000000000e+00 0.000000000000000000e+00 0.000000000000000000e+00 0.000000000000000000e+00 0.000000000000000000e+00 0.000000000000000000e+00 -3.145793029184858386e-08 4.086571993620515626e-09 -1.201182521266161310e-08 -9.304939369401373332e-09 -4.716686340570864851e-10 -1.832550623195437083e-09 -1.616882031765704957e-09 -8.247064435923035400e-10 -4.605623392868313366e-10 -2.205514030004229664e-10 5.238104832826606881e-12 2.039083225337298092e-10 -1.430358498681033663e-06 0.000000000000000000e+00
0.000000000000000000e+00 0.000000000000000000e+00 0.000000000000000000e+00 0.000000000000000000e+00 0.000000000000000000e+00 0.000000000000000000e+00 -3.044382996504695704e-08 4.619510009939052658e-09 -5.358582266692739899e-09 -5.021721478584713288e-09 1.234338939241116312e-09 -1.662983155806349075e-10 -7.084103450966706579e-10 -2.920388343579460662e-10 -1.158866201976365193e-10 -5.696176002948923220e-11 9.787714341539720884e-12 3.025963769367982473e-11 -1.916716015467739611e-06 0.000000000000000000e+00
0.000000000000000000e+00 0.000000000000000000e+00 0.000000000000000000e+00 0.000000000000000000e+00 0.000000000000000000e+00 0.000000000000000000e+00 -9.157604428701748447e-08 -4.835781566608258175e-09 -1.748340176377975695e-07 -5.591660884307615640e-08 -2.972610675732226672e-08 -1.388983108664425884e-08 -7.279803428795860986e-09 -2.739807015888907221e-09 -1.302776210795950196e-09 -9.212938212084122727e-11 5.657232726284426260e-11 3.088315305766762011e-10 1.578202534498893582e-09 0.000000000000000000e+00
0.000000000000000000e+00 0.000000000000000000e+00 0.000000000000000000e+00 0.000000000000000000e+00 0.000000000000000000e+00 0.000000000000000000e+00 -1.177476071196689409e-07 -2.509429426638442786e-08 1.144003653722218318e-08 1.698472351950079848e-10 7.119797311566923243e-09 -1.965083562719012714e-09 -1.072068396722946064e-09 -7.113172866122338299e-10 1.513639175447928230e-10 6.887590855132070115e-11 4.049070234467808073e-08 1.949381101784619510e-10 1.606552002664320025e-09 0.000000000000000000e+00
0.000000000000000000e+00 0.000000000000000000e+00 0.000000000000000000e+00 0.000000000000000000e+00 0.000000000000000000e+00 0.000000000000000000e+00 -8.688020370128909961e-08 2.253064960154626446e-08 -6.691760446341663251e-08 -1.969603311328331505e-08 -5.957293618775869274e-09 -3.829268762408631047e-09 -3.005404116858912456e-09 -7.296659657598649026e-10 -1.684950555572519411e-10 9.974063921876431122e-11 5.149689113300458574e-11 -1.778047900566992842e-10 2.551483469619880343e-05 0.000000000000000000e+00
0.000000000000000000e+00 0.000000000000000000e+00 0.000000000000000000e+00 0.000000000000000000e+00 0.000000000000000000e+00 0.000000000000000000e+00 -8.373722761728880645e-08 2.775072733780913762e-08 -2.406510335908563583e-08 -5.224215406995952988e-09 3.410259178431804355e-09 -2.702903139119808144e-10 -1.354659684742220636e-09 -5.642997129854664251e-11 2.894926550240303606e-10 1.873002918182400394e-10 7.552268008320326474e-11 -3.329603620903087313e-10 3.274078623657667320e-05 0.000000000000000000e+00
0.000000000000000000e+00 0.000000000000000000e+00 0.000000000000000000e+00 0.000000000000000000e+00 0.000000000000000000e+00 0.000000000000000000e+00 1.217433606528707563e-09 1.974996467810435647e-09 4.052081072782036537e-10 -6.999260227386427391e-10 -1.237582684906693457e-09 -1.049909308531941949e-09 -2.850988255329768866e-10 -4.447712220051334832e-10 -6.009033219195282049e-10 -2.510403016248334995e-10 -3.005284229635317483e-10 -7.185764698049084659e-09 -2.241809193431593513e-05 0.000000000000000000e+00
0.000000000000000000e+00 0.000000000000000000e+00 0.000000000000000000e+00 0.000000000000000000e+00 0.000000000000000000e+00 0.000000000000000000e+00 2.328508262704496336e-09 2.382116059986120184e-09 -9.667960769489208627e-10 -2.052215293806377550e-09 -3.676587870434972761e-09 -3.129811145522108548e-09 -5.205796624329572919e-10 -1.147058782921489749e-09 -7.545345279514088331e-10 -3.227365799192596033e-10 -8.162416695654701191e-04 -1.067032064360114856e-08 -2.240852146256128212e-05 0.000000000000000000e+00
0.000000000000000000e+00 0.000000000000000000e+00 0.000000000000000000e+00 0.000000000000000000e+00 0.000000000000000000e+00 0.000000000000000000e+00 7.966405503931224675e-10 2.374199243042882169e-09 1.008731571733666809e-09 -7.957643520619096919e-10 -1.274193839648354215e-09 -1.150378369218499495e-09 -3.494122209874383264e-10 -5.121375266190869232e-10 -6.474273867176488557e-10 -3.306818913890460238e-10 -2.522502141687314700e-10 -4.886045163279700037e-09 -1.040811750112889740e+03 0.000000000000000000e+00
0.000000000000000000e+00 0.000000000000000000e+00 0.000000000000000000e+00 0.000000000000000000e+00 0.000000000000000000e+00 0.000000000000000000e+00 6.665404282310945347e-10 2.736999807288725850e-09 1.256270252725542461e-09 -9.412442689973271733e-10 -1.352965114498593704e-09 -1.176393335232436073e-09 -3.960032740675910918e-10 -5.692490048031905579e-10 -6.950757907185579477e-10 -4.087700097649781035e-10 -2.413256625484527204e-10 -3.685699339894503615e-09 -1.774659349375511965e+03 0.000000000000000000e+00
