0.000000000000000000e+00 0.000000000000000000e+00 0.000000000000000000e+00 0.000000000000000000e+00 0.000000000000000000e+00 0.000000000000000000e+00 1.885989443235322502e-08 1.122761174719852208e-08 1.644471463467631889e-08 1.671171881483157740e-08 1.652310218111054781e-08 2.167007647102574685e-08 2.127888719856320905e-08 1.896945833813332882e-08 1.195476250313948021e-08 4.412549140899524095e-09 1.131782755163756081e-09 8.482573121256398845e-08 7.754708554133808631e-05 0.000000000000000000e+00
0.000000000000000000e+00 0.000000000000000000e+00 0.000000000000000000e+00 0.000000000000000000e+00 0.000000000000000000e+00 0.000000000000000000e+00 1.356916411290386533e-08 3.209667903723557140e-09 2.463372452362338803e-09 2.456044211166290819e-09 4.466291708998099256e-09 4.443868714909324506e-09 2.965867530387166202e-09 2.648056856659866324e-09 2.158180538574562263e-09 2.429721548468439774e-09 5.785056719964203065e-04 1.271495247856733156e-07 7.768117853158948601e-05 0.000000000000000000e+00
0.000000000000000000e+00 0.000000000000000000e+00 0.000000000000000000e+00 0.000000000000000000e+00 0.000000000000000000e+00 0.000000000000000000e+00 7.103072112251883877e-09 3.335274152723722414e-09 4.179331723911376560e-09 4.929968879580541324e-09 4.762587392000228958e-09 6.901448841450798888e-09 6.507770918934008747e-09 6.317550650701697899e-09 4.549579512305753558e-09 2.297191548735265331e-09 6.716355722727336197e-10 2.495994189280702550e-08 3.271514219322207282e+02 0.000000000000000000e+00
0.000000000000000000e+00 0.000000000000000000e+00 0.000000000000000000e+00 0.000000000000000000e+00 0.000000000000000000e+00 0.000000000000000000e+00 6.360611163286915299e-09 1.635716519146536985e-09 1.652748275837616709e-09 2.661922629712883724e-09 2.922373272323563575e-09 4.206850851473191783e-09 3.825720130222410109e-09 3.904569429696573230e-09 2.936289371550433308e-09 1.546158841928196644e-09 4.437547029424508475e-10 1.392047011820243119e-08 6.700560392202769435e+02 0.000000000000000000e+00
0.000000000000000000e+00 0.000000000000000000e+00 0.000000000000000000e+00 0.000000000000000000e+00 0.000000000000000000e+00 0.000000000000000000e+00 -3.363450166453563517e-08 -2.707149317110830478e-08 -9.158229052159700161e-09 -1.343258936843638268e-08 -1.128424033664450397e-08 -6.987840404643090362e-09 -4.915229182388107921e-09 -2.264146502488243246e-09 -1.290886621021013136e-09 -4.513804498538458042e-10 2.103766454685527585e-11 5.785592169214401988e-10 4.842159299586780209e-09 0.000000000000000000e+00
0.000000000000000000e+00 0.000000000000000000e+00 0.000000000000000000e+00 0.000000000000000000e+00 0.000000000000000000e+00 0.000000000000000000e+00 6.580252991796138101e-09 1.573335334638904508e-09 -2.600568679063162699e-10 1.971550539858985358e-09 -1.136785025432450259e-09 -1.424358610935734050e-09 -1.903968355919132548e-10 -5.447490648717128069e-11 -1.955025254012457219e-10 -1.657216815201169828e-10 7.213484381564615296e-09 6.265041707246418803e-10 4.930075624175644054e-09 0.000000000000000000e+00
0.000000000000000000e+00 0.000000000000000000e+00 0.000000000000000000e+00 0.000000000000000000e+00 0.000000000000000000e+00 0.000000000000000000e+00 -1.121991761510751661e-08 -9.204056316571500457e-09 -5.541200417931891783e-09 -2.853438645510633569e-09 -4.261618247029011541e-09 -3.111198648468827633e-09 -1.954710896765274689e-09 -8.610518468760539922e-10 -5.826722581641086663e-10 -2.287093457318777037e-10 -1.890034763079977705e-12 2.111851748785046000e-10 -1.354208245226129038e-06 0.000000000000000000e+00
0.000000000000000000e+00 0.000000000000000000e+00 0.000000000000000000e+00 0.000000000000000000e+00 0.000000000000000000e+00 0.000000000000000000e+00 -2.203588725331947005e-09 -1.581212740789280817e-09 -3.757429055343067729e-09 9.401743707773449435e-10 -1.715934630675062962e-09 -1.650425731297110667e-09 -7.992645707094760969e-10 -3.025369242368071055e-10 -2.587712884953069577e-10 -8.122565005910446819e-11 3.724972231169987548e-12 4.259005672825890229e-11 -1.889100800807823354e-06 0.000000000000000000e+00
0.000000000000000000e+00 0.000000000000000000e+00 0.000000000000000000e+00 0.000000000000000000e+00 0.000000000000000000e+00 0.000000000000000000e+00 -1.444369547656152438e-07 -2.151605348953063678e-07 -7.112161299657588809e-08 -3.988431876102688653e-08 -3.392294127034986470e-08 -2.022084084558489960e-08 -1.032540276435318834e-08 -1.397093426124113675e-09 -1.037753432646749903e-09 -1.839148783704164863e-11 7.111082789318367171e-12 2.624423128383260610e-10 -3.182403197427166248e-09 0.000000000000000000e+00
0.000000000000000000e+00 0.000000000000000000e+00 0.000000000000000000e+00 0.000000000000000000e+00 0.000000000000000000e+00 0.000000000000000000e+00 1.129309287185265190e-07 -7.310574363075507541e-08 -4.151901884845039008e-12 -9.487236065967880471e-10 -3.612934505056036897e-09 -2.149258610661627745e-10 1.656444174166606389e-10 1.985852739493168683e-10 -1.806497858190853995e-10 1.673930455537261758e-10 1.011306674984297257e-07 2.214698267808410258e-10 -3.361974097455247695e-09 0.000000000000000000e+00
0.000000000000000000e+00 0.000000000000000000e+00 0.000000000000000000e+00 0.000000000000000000e+00 0.000000000000000000e+00 0.000000000000000000e+00 -1.649185075810400520e-08 -1.048197062517940172e-07 -3.796723178388111145e-08 -6.373923205193447722e-09 -1.145562485587299774e-08 -5.402780716171433962e-09 -3.326358182717786107e-09 2.215597752808894571e-11 -2.926666960993781911e-10 1.381118889825425084e-10 -8.151042930051765720e-12 -2.046454921926578491e-11 -1.759679643767086483e-05 0.000000000000000000e+00
0.000000000000000000e+00 0.000000000000000000e+00 0.000000000000000000e+00 0.000000000000000000e+00 0.000000000000000000e+00 0.000000000000000000e+00 3.626077627241202051e-08 -6.122058887809789757e-08 -2.224859952841926162e-08 4.605151306684751724e-09 -3.788893759108630929e-09 -2.456403516463205638e-10 -6.703898305747878164e-10 4.982502893162104853e-10 6.798315037716263724e-12 1.766088650621562985e-10 4.778280339093165112e-12 -1.475247223619825566e-10 -2.515407312765892715e-05 0.000000000000000000e+00
0.000000000000000000e+00 0.000000000000000000e+00 0.000000000000000000e+00 0.000000000000000000e+00 0.000000000000000000e+00 0.000000000000000000e+00 -5.016628627392013444e-09 4.425086311592726416e-10 -1.040436016307449854e-09 -2.428895630360796673e-09 -6.389780719891368165e-10 -1.448699705632051188e-09 -1.063135322625296056e-09 -7.198006076206421244e-10 -6.601559183840859699e-10 -4.191354616201191040e-10 -2.954540578343330955e-10 -7.217627354243482044e-09 -3.367408210287279599e-05 0.000000000000000000e+00
0.000000000000000000e+00 0.000000000000000000e+00 0.000000000000000000e+00 0.000000000000000000e+00 0.000000000000000000e+00 0.000000000000000000e+00 -9.501000039547412617e-09 -5.874487175082328021e-09 2.265864410209319574e-09 -6.357132519782654163e-09 -1.730688014345783986e-09 -2.166414368791556121e-09 -7.213034487042450879e-10 -1.219678337977982758e-09 -6.968252537758001133e-10 -2.706362795677240585e-11 1.453402355522423256e-03 -1.121294358955005968e-08 -3.374031376911426622e-05 0.000000000000000000e+00
0.000000000000000000e+00 0.000000000000000000e+00 0.000000000000000000e+00 0.000000000000000000e+00 0.000000000000000000e+00 0.000000000000000000e+00 -4.807290377996450155e-09 -1.539558128204359997e-09 -1.920052510682964740e-10 -2.319988395692317038e-09 -8.131122992410671714e-10 -7.659107796989803471e-10 -6.343358866437521941e-10 -5.912716022657044213e-10 -7.190269384063026131e-10 -4.565924977869733378e-10 -2.616366872383427306e-10 -5.719190963425257425e-09 1.833083583626276322e+03 0.000000000000000000e+00
0.000000000000000000e+00 0.000000000000000000e+00 0.000000000000000000e+00 0.000000000000000000e+00 0.000000000000000000e+00 0.000000000000000000e+00 -4.384110663198736499e-09 -1.854386886875966348e-09 3.232667415173853541e-10 -1.966257212477637102e-09 -6.883690129422863056e-10 -5.714447594794275827e-10 -4.397173789285990882e-10 -5.757276652731026503e-10 -7.886405993906578806e-10 -4.854662352641886239e-10 -2.501905285707858862e-10 -5.032154181443608682e-09 3.003747608969340490e+03 0.000000000000000000e+00
