0.000000000000000000e+00 0.000000000000000000e+00 0.000000000000000000e+00 0.000000000000000000e+00 0.000000000000000000e+00 0.000000000000000000e+00 8.029532027851395700e-09 5.633646651000885281e-09 7.565940070435432150e-09 5.701078608123706356e-09 7.686059524592507340e-09 7.401936366446873743e-09 5.930558512582982328e-09 3.911212575855042304e-09 1.696885853373510793e-09 6.886826514734561644e-10 7.555236655595281094e-10 8.101603188072091228e-08 1.026135694808798536e-05 0.000000000000000000e+00
0.000000000000000000e+00 0.000000000000000000e+00 0.000000000000000000e+00 0.000000000000000000e+00 0.000000000000000000e+00 0.000000000000000000e+00 -6.520366298162508591e-10 1.291997030916096417e-09 1.350548242996344797e-09 2.154650054723697828e-09 2.163295523323129107e-09 2.806947027497668544e-09 2.187475809883384208e-09 1.492989062517797765e-09 8.881242670448888103e-10 1.058621063005261500e-09 3.653580274480953721e-05 8.827373332869690339e-08 1.026259424844263327e-05 0.000000000000000000e+00
0.000000000000000000e+00 0.000000000000000000e+00 0.000000000000000000e+00 0.000000000000000000e+00 0.000000000000000000e+00 0.000000000000000000e+00 1.007509127917881160e-09 5.701417942276991931e-10 7.954165537990948310e-10 1.280967881695968657e-09 1.507524263372241582e-09 1.943990841752045924e-09 2.003931611943814947e-09 1.580411088738857712e-09 8.925107128707077867e-10 6.160869413892618391e-10 5.606227955657474041e-10 7.131292740632649379e-08 5.299051604891485567e+01 0.000000000000000000e+00
0.000000000000000000e+00 0.000000000000000000e+00 0.000000000000000000e+00 0.000000000000000000e+00 0.000000000000000000e+00 0.000000000000000000e+00 3.530430194266626754e-10 3.071184283470121080e-10 3.322941914504575325e-10 8.611512071287205210e-10 9.815603268280627121e-10 1.459198409955102535e-09 1.670910213193150716e-09 1.398549897528735120e-09 8.567197080185774185e-10 6.556717925614244097e-10 5.850497761603050550e-10 8.389921633406044239e-08 7.764067402627924253e+01 0.000000000000000000e+00
0.000000000000000000e+00 0.000000000000000000e+00 0.000000000000000000e+00 0.000000000000000000e+00 0.000000000000000000e+00 0.000000000000000000e+00 -1.552793922742414647e-08 -1.679343249570385960e-08 -1.623172583877949565e-08 -4.712502751938516025e-09 -5.483131726121476170e-09 -3.534175533615640819e-09 -9.581080941491949084e-10 -9.218541847157029932e-10 -3.741981241654502238e-10 -1.254500018143905757e-10 7.187992591961032047e-11 5.175596853069777499e-10 7.971880031597552848e-10 0.000000000000000000e+00
0.000000000000000000e+00 0.000000000000000000e+00 0.000000000000000000e+00 0.000000000000000000e+00 0.000000000000000000e+00 0.000000000000000000e+00 -8.117359240771561302e-10 2.162927872343333625e-10 4.367355562564289133e-10 -1.103902270930408269e-09 -3.963520915715483851e-10 -7.898847159717501524e-10 4.893489123401552415e-10 -1.506890531562094799e-11 -6.724723368843922332e-11 -5.939251328018146462e-11 3.831269891140993159e-10 5.011306880138318965e-10 7.991862729216490087e-10 0.000000000000000000e+00
0.000000000000000000e+00 0.000000000000000000e+00 0.000000000000000000e+00 0.000000000000000000e+00 0.000000000000000000e+00 0.000000000000000000e+00 -6.720785655384623777e-09 -2.142661633280790365e-09 -3.383861618538723943e-09 -3.427167604105807880e-11 -1.408645739254977176e-09 -1.241803873530541960e-09 4.020687142418423384e-11 -3.558900153539475991e-10 -1.504552088131252269e-10 -5.756606862678350087e-11 2.380444795475180208e-11 1.599577450206797930e-10 3.686194005048962447e-07 0.000000000000000000e+00
0.000000000000000000e+00 0.000000000000000000e+00 0.000000000000000000e+00 0.000000000000000000e+00 0.000000000000000000e+00 0.000000000000000000e+00 -3.993546648239845988e-09 1.003019309152275264e-09 -2.153226892193315477e-10 7.525074875887670730e-10 -3.877538054712473004e-10 -6.377334075534081153e-10 3.115635716512941305e-10 -1.608052791301543170e-10 -5.427109792304493607e-11 -1.349459849477211656e-12 4.423325837145648745e-12 3.643804228363800864e-11 4.464651670297819347e-07 0.000000000000000000e+00
0.000000000000000000e+00 0.000000000000000000e+00 0.000000000000000000e+00 0.000000000000000000e+00 0.000000000000000000e+00 0.000000000000000000e+00 -1.034621759659508043e-07 -7.624665528929900800e-08 -7.052235974668191633e-08 -2.334506950710594361e-08 -2.432861160684667744e-08 -7.788382425840140765e-09 -1.055617837722162777e-09 -4.241112352204770486e-10 -3.350456016091058140e-11 1.168261898795042219e-10 -3.631051690577651209e-11 9.849282372491943779e-10 3.994729761408225448e-09 0.000000000000000000e+00
0.000000000000000000e+00 0.000000000000000000e+00 0.000000000000000000e+00 0.000000000000000000e+00 0.000000000000000000e+00 0.000000000000000000e+00 -5.122952223959202333e-09 1.789718681212746838e-08 -5.064657723996748061e-09 -5.818772901235751020e-09 6.300958337624684461e-09 -2.773853024220199904e-09 1.657204748115603248e-09 -3.209743562434378698e-11 1.638955607071326334e-11 2.892871229562291339e-10 1.107297939971122398e-08 9.475652460263277369e-10 3.964644887284523770e-09 0.000000000000000000e+00
0.000000000000000000e+00 0.000000000000000000e+00 0.000000000000000000e+00 0.000000000000000000e+00 0.000000000000000000e+00 0.000000000000000000e+00 -3.828265162090108147e-08 -8.011294642175463858e-09 -1.586912064901698941e-08 -7.449252284608649107e-09 -2.675806362728262522e-09 -3.751397880634979156e-09 1.248862008447715785e-09 -1.268890517903319803e-10 1.191009729042558544e-10 1.820542585812420545e-10 -3.693553175008895224e-11 -1.571675203486263343e-10 1.934988862491739729e-07 0.000000000000000000e+00
0.000000000000000000e+00 0.000000000000000000e+00 0.000000000000000000e+00 0.000000000000000000e+00 0.000000000000000000e+00 0.000000000000000000e+00 -1.926542860397327780e-08 8.374899907684407046e-09 -2.671580612090494291e-09 -3.468002048180938274e-09 2.935227628299130540e-09 -2.494973527494191089e-09 1.755846926481343933e-09 -5.152558711269598558e-11 1.610978223860327464e-10 2.260656374899217928e-10 -4.061972890979511052e-11 -4.999520005351274697e-10 2.569571718798278404e-07 0.000000000000000000e+00
0.000000000000000000e+00 0.000000000000000000e+00 0.000000000000000000e+00 0.000000000000000000e+00 0.000000000000000000e+00 0.000000000000000000e+00 -9.861308581947290717e-10 -1.448441781351951317e-10 -2.213638573225959626e-10 1.077375626848314510e-09 -1.028218316113623573e-09 -3.709509289154326819e-10 5.122118392223759753e-12 5.403655299242238796e-11 -1.491918122800639843e-10 -4.597472866039551314e-11 -1.975629441998687116e-10 -8.860270207225086517e-09 -5.191402034114915622e-06 0.000000000000000000e+00
0.000000000000000000e+00 0.000000000000000000e+00 0.000000000000000000e+00 0.000000000000000000e+00 0.000000000000000000e+00 0.000000000000000000e+00 1.446514812485335004e-09 -8.685848638828004276e-10 -7.298209588485735876e-10 6.806520421347500992e-10 -1.434658403730232797e-09 -1.033626446528714828e-09 -2.853502464477558660e-10 2.813648257066880997e-11 -1.165650756659930689e-10 1.129772438815146548e-10 7.838509067168862501e-05 -8.834423246883075901e-09 -5.192028370984789947e-06 0.000000000000000000e+00
0.000000000000000000e+00 0.000000000000000000e+00 0.000000000000000000e+00 0.000000000000000000e+00 0.000000000000000000e+00 0.000000000000000000e+00 1.305521652279290144e-09 1.996318563928445374e-10 -6.103771823914751722e-10 6.620627414271941558e-10 -1.137388361478266335e-09 -4.393735139573456593e-10 1.308012518537542373e-11 1.738058126244211747e-10 -2.131714765653100662e-10 -5.745608185438485164e-11 -7.165018220898455269e-11 -2.854907289222562455e-09 1.816914654037189436e+01 0.000000000000000000e+00
0.000000000000000000e+00 0.000000000000000000e+00 0.000000000000000000e+00 0.000000000000000000e+00 0.000000000000000000e+00 0.000000000000000000e+00 1.313372389145029098e-09 2.008955681026042325e-10 -5.388338246894172222e-10 5.829671271128089339e-10 -1.136091501435771940e-09 -5.377712978201220352e-10 -6.571520985237731320e-12 1.624892931908417326e-10 -2.410101647324768538e-10 -8.115387274709131650e-11 -1.686701630478854093e-11 8.818903912552995418e-10 2.529400407168976272e+01 0.000000000000000000e+00
