0.000000000000000000e+00 0.000000000000000000e+00 0.000000000000000000e+00 0.000000000000000000e+00 0.000000000000000000e+00 0.000000000000000000e+00 8.028751836083318761e-10 1.977915777031726012e-09 1.895951285126550868e-09 1.307329048169038795e-09 1.373288807680642631e-09 1.834810603229835869e-09 1.385873462734027965e-09 1.061797122675448262e-09 6.187466912865548467e-10 1.511168848615037758e-10 1.347644529468647948e-09 1.209467163191002140e-07 1.393439660604753096e-07 0.000000000000000000e+00
0.000000000000000000e+00 0.000000000000000000e+00 0.000000000000000000e+00 0.000000000000000000e+00 0.000000000000000000e+00 0.000000000000000000e+00 5.799865928408233823e-10 1.071170326617970483e-10 2.739695524855261571e-10 4.516447892167082883e-10 3.684518150034997226e-10 4.411271273542753642e-10 2.967757424165913363e-10 2.270555741593884046e-10 2.627412186643555187e-10 4.484248342217473988e-10 4.867522297448406829e-06 1.207866683834282521e-07 1.404209182177038035e-07 0.000000000000000000e+00
0.000000000000000000e+00 0.000000000000000000e+00 0.000000000000000000e+00 0.000000000000000000e+00 0.000000000000000000e+00 0.000000000000000000e+00 4.670201083304396208e-10 2.322402269359728854e-10 3.086506529719953325e-10 3.006359808625680077e-10 2.617133610151055992e-10 4.214457884343896603e-10 4.092116141253380666e-10 3.584905056633679824e-10 2.719990337453171793e-10 1.121575317062035157e-10 5.870280193276715872e-10 1.515425748503822548e-06 6.443391720760658359e-01 0.000000000000000000e+00
0.000000000000000000e+00 0.000000000000000000e+00 0.000000000000000000e+00 0.000000000000000000e+00 0.000000000000000000e+00 0.000000000000000000e+00 3.851319693343244686e-10 9.962890120468646445e-11 2.172137420993905526e-10 2.417642984615223598e-10 1.983376074872636437e-10 2.986521548096382703e-10 3.169125878638881689e-10 2.645500453950483036e-10 1.860977537582437140e-10 8.110069707973004400e-11 3.480964248894930286e-10 2.205953320769232762e-06 1.482356513315778557e+00 0.000000000000000000e+00
0.000000000000000000e+00 0.000000000000000000e+00 0.000000000000000000e+00 0.000000000000000000e+00 0.000000000000000000e+00 0.000000000000000000e+00 -8.684124018194060939e-09 -3.959847800733053923e-09 -7.039501661182743673e-09 -3.253174907784874012e-09 -2.969730103561441297e-09 -1.908780763942087794e-09 -8.743544439043847361e-10 -5.848910013487185491e-10 -2.943602505119922103e-10 -6.405832201617596638e-11 1.530769712132792854e-10 6.993561974143576692e-10 5.350289378762659236e-11 0.000000000000000000e+00
0.000000000000000000e+00 0.000000000000000000e+00 0.000000000000000000e+00 0.000000000000000000e+00 0.000000000000000000e+00 0.000000000000000000e+00 -1.191695101259185055e-08 -6.019790495400482166e-10 8.479966604389127638e-10 -3.970703478052409701e-10 -8.306671400618729186e-11 5.727239615061646055e-10 -7.776208233966159290e-11 -7.679166509367179254e-11 -1.079985199328822038e-10 -1.066115690295136509e-10 7.438039751584627897e-11 6.741772989250356875e-10 5.335778889901947144e-11 0.000000000000000000e+00
0.000000000000000000e+00 0.000000000000000000e+00 0.000000000000000000e+00 0.000000000000000000e+00 0.000000000000000000e+00 0.000000000000000000e+00 -7.135477879104305175e-09 -1.999117392621776429e-09 -1.846976898478247211e-09 -8.872883420962053244e-10 -8.365508630691907726e-10 -3.699574310584554109e-10 -3.731791296320957056e-10 -2.366720206703471925e-10 -1.411006929358048023e-10 -5.129801684769809586e-11 6.807232188681243072e-11 2.409758616396248594e-11 1.641995637688625439e-08 0.000000000000000000e+00
0.000000000000000000e+00 0.000000000000000000e+00 0.000000000000000000e+00 0.000000000000000000e+00 0.000000000000000000e+00 0.000000000000000000e+00 -7.058572839930143142e-09 -1.445830258878072684e-09 -7.561513654857770146e-10 -4.498797359115280747e-10 -3.552166632147103233e-10 7.700035622856033754e-12 -2.227941780668044587e-10 -1.199033858629060295e-10 -6.174250017805792315e-11 -1.722459887664279614e-11 2.348572110982420406e-11 -1.411003785174012997e-10 3.290870798620089358e-08 0.000000000000000000e+00
0.000000000000000000e+00 0.000000000000000000e+00 0.000000000000000000e+00 0.000000000000000000e+00 0.000000000000000000e+00 0.000000000000000000e+00 -3.029278050707005482e-08 6.384611888884223809e-09 -4.208489249333660005e-08 -1.504627724177951322e-08 -9.883203165483493570e-09 -5.305671800026234960e-09 -1.177281629033074579e-09 -5.698679493395808454e-10 -1.202274609150183421e-10 1.480256419714719330e-11 1.307003430022102227e-10 -7.705916053034594156e-10 -2.034746965414084395e-09 0.000000000000000000e+00
0.000000000000000000e+00 0.000000000000000000e+00 0.000000000000000000e+00 0.000000000000000000e+00 0.000000000000000000e+00 0.000000000000000000e+00 -2.611977116445487265e-08 4.721544699180969843e-11 -1.164136638724507553e-09 -2.872027855487229353e-09 3.229854574372204221e-10 5.578641023014607294e-10 -9.697862986546562127e-11 -8.469420991403692945e-12 7.033414601788826549e-11 -7.143680421168349752e-11 -3.921201897753466637e-09 -7.143937866390869815e-10 -2.002447969607058295e-09 0.000000000000000000e+00
0.000000000000000000e+00 0.000000000000000000e+00 0.000000000000000000e+00 0.000000000000000000e+00 0.000000000000000000e+00 0.000000000000000000e+00 -2.028361018395592510e-08 3.687731115655408025e-09 -1.281202115625525077e-08 -5.005984625428063425e-09 -2.548802380511002798e-09 -1.361952180203142973e-09 -3.926627663606376397e-10 -1.368353796834492351e-10 1.133035684478180744e-11 9.704284484728054447e-12 4.274554981294050159e-11 -8.778385274179785140e-09 -2.783539669622585223e-06 0.000000000000000000e+00
0.000000000000000000e+00 0.000000000000000000e+00 0.000000000000000000e+00 0.000000000000000000e+00 0.000000000000000000e+00 0.000000000000000000e+00 -1.970591820122694208e-08 3.238992086342694338e-09 -7.236668192810792803e-09 -2.798002323748069145e-09 -1.019865650652621902e-09 -4.199286622161907689e-10 -2.091102758485512108e-10 -1.969061152326191775e-11 6.196632526729682185e-11 2.845289311762276197e-11 5.484452674710818840e-12 -1.075380100568827223e-08 -4.136907168102434131e-06 0.000000000000000000e+00
0.000000000000000000e+00 0.000000000000000000e+00 0.000000000000000000e+00 0.000000000000000000e+00 0.000000000000000000e+00 0.000000000000000000e+00 3.232301711200250507e-10 8.193564345180330753e-10 6.264938858481846023e-10 6.055233106225112662e-11 -3.466709564444340742e-10 -2.119614249133274978e-10 3.087960182574655213e-10 5.242764608455118879e-11 1.678206916042155818e-12 -1.723664715608681924e-10 -5.854540113154829636e-10 -5.867205584633976846e-08 -1.248141571434946428e-06 0.000000000000000000e+00
0.000000000000000000e+00 0.000000000000000000e+00 0.000000000000000000e+00 0.000000000000000000e+00 0.000000000000000000e+00 0.000000000000000000e+00 -4.141475463557228695e-09 -2.798611314368368898e-09 -7.097065661162579273e-10 -2.203718440179161784e-10 -6.876382360724885571e-11 -1.961427410919745804e-10 3.248038385706170630e-10 -8.507493977298562382e-11 2.123060244338148985e-11 1.784221968373786547e-10 3.207946660072560235e-05 -5.703819667420983111e-08 -1.245486868948648087e-06 0.000000000000000000e+00
0.000000000000000000e+00 0.000000000000000000e+00 0.000000000000000000e+00 0.000000000000000000e+00 0.000000000000000000e+00 0.000000000000000000e+00 -1.834152128711467772e-09 5.733505033886022938e-10 -1.744192539133961797e-10 -8.056781377882368272e-11 -3.143548201054500920e-10 4.509917596007842248e-11 1.668253756714185544e-10 -5.996856998817004013e-11 3.082249710197880376e-11 -1.707669493867138496e-10 -4.107266497187858933e-10 -3.873304331392976253e-06 8.078419216469919206e+01 0.000000000000000000e+00
0.000000000000000000e+00 0.000000000000000000e+00 0.000000000000000000e+00 0.000000000000000000e+00 0.000000000000000000e+00 0.000000000000000000e+00 -1.982076471987684857e-09 5.318440569486881818e-10 -1.886335603202976576e-10 -1.182358274920339878e-10 -2.985019930860948291e-10 -1.049654143009132296e-11 1.595537089724623267e-10 -9.218262638003982416e-11 1.534853874578288343e-11 -1.814816391739096823e-10 -3.191218974613754271e-10 -5.501572278812976718e-06 2.425447862491577382e+02 0.000000000000000000e+00
