0.000000000000000000e+00 0.000000000000000000e+00 0.000000000000000000e+00 0.000000000000000000e+00 0.000000000000000000e+00 0.000000000000000000e+00 1.795750330474262091e-09 1.088377949773790594e-09 1.980650887873295706e-09 2.135489540246947382e-09 2.051132035581447789e-09 2.897903016897889382e-09 2.575806467331138782e-09 2.169521328230322043e-09 1.312660697823434184e-09 3.391120381862171544e-10 2.898559951031393672e-09 1.564821588384559201e-07 -7.667417512652222627e-08 0.000000000000000000e+00
0.000000000000000000e+00 0.000000000000000000e+00 0.000000000000000000e+00 0.000000000000000000e+00 0.000000000000000000e+00 0.000000000000000000e+00 9.670482396162127038e-10 3.531425456678503725e-10 3.672868710329739418e-10 3.632753698744965523e-10 6.468780523213531860e-10 6.485350961995739989e-10 4.094476370976961484e-10 3.906508233029224905e-10 5.856118962932498123e-10 1.043126233734307757e-09 2.122588512195386758e-05 1.550968919156536844e-07 -7.614315808712714538e-08 0.000000000000000000e+00
0.000000000000000000e+00 0.000000000000000000e+00 0.000000000000000000e+00 0.000000000000000000e+00 0.000000000000000000e+00 0.000000000000000000e+00 1.063734332706563565e-09 3.660339373910870317e-10 2.938030311866760602e-10 4.424037662706365470e-10 5.323974458894888547e-10 7.823895481563090082e-10 7.096600705808020852e-10 7.321050588208537110e-10 6.035248800517371745e-10 2.569605892852282197e-10 1.364175458159037353e-09 1.297319560952296343e-06 2.183061933594723669e+00 0.000000000000000000e+00
0.000000000000000000e+00 0.000000000000000000e+00 0.000000000000000000e+00 0.000000000000000000e+00 0.000000000000000000e+00 0.000000000000000000e+00 9.716143896363275947e-10 3.061868659118937279e-10 1.743512180916088469e-10 2.941408581945495674e-10 4.051358455793390079e-10 5.483102461633946838e-10 4.753561183926079349e-10 4.823792287791312799e-10 3.938846428820838651e-10 1.770765565876966256e-10 7.710331138398774272e-10 1.936434022704647305e-06 9.033559218285402537e+00 0.000000000000000000e+00
0.000000000000000000e+00 0.000000000000000000e+00 0.000000000000000000e+00 0.000000000000000000e+00 0.000000000000000000e+00 0.000000000000000000e+00 -1.061865001857275736e-08 -8.029262735434312758e-09 -4.172543660719157768e-09 -3.840511575706757686e-09 -3.919922833229958557e-09 -1.979816588227356293e-09 -1.337669087088802016e-09 -5.562123179202337245e-10 -3.331781396150433445e-10 -7.312359177503479817e-11 1.613036143880601330e-10 7.467780134671807939e-10 7.152745922350347538e-11 0.000000000000000000e+00
0.000000000000000000e+00 0.000000000000000000e+00 0.000000000000000000e+00 0.000000000000000000e+00 0.000000000000000000e+00 0.000000000000000000e+00 -3.276102734240450059e-10 1.425220672178978663e-09 2.053764211565404657e-09 -8.557437539841191842e-10 1.054641608989101670e-09 -1.482225271606692337e-10 4.309914273839171204e-11 -2.707477780578852129e-11 -1.073954395208987500e-10 -1.125663039416677703e-10 -3.571354129891476769e-10 7.136364898854188449e-10 7.345374061765620565e-11 0.000000000000000000e+00
0.000000000000000000e+00 0.000000000000000000e+00 0.000000000000000000e+00 0.000000000000000000e+00 0.000000000000000000e+00 0.000000000000000000e+00 -3.540456299082194775e-09 -1.573065258413859675e-09 5.228478436534550917e-11 -1.369198426512163813e-09 -8.237517517472205345e-10 -5.928017466048244576e-10 -4.661689842788248382e-10 -1.921854393186264771e-10 -1.528558519700588915e-10 -5.610342621754970864e-11 7.589342369487326832e-11 -6.653217507207569493e-11 9.422416875871898714e-08 0.000000000000000000e+00
0.000000000000000000e+00 0.000000000000000000e+00 0.000000000000000000e+00 0.000000000000000000e+00 0.000000000000000000e+00 0.000000000000000000e+00 -1.739919189057135320e-09 -1.394422522255971428e-10 6.930736136065907257e-10 -9.644639601132539069e-10 -1.205764044221200931e-10 -2.747346430637277158e-10 -2.070418403619138444e-10 -7.113508714151270236e-11 -6.195612726573979030e-11 -2.009253203571646307e-11 3.117326926376042018e-11 -2.833186596475934381e-10 1.929623078970386552e-07 0.000000000000000000e+00
0.000000000000000000e+00 0.000000000000000000e+00 0.000000000000000000e+00 0.000000000000000000e+00 0.000000000000000000e+00 0.000000000000000000e+00 -4.608938616338662101e-08 -5.109459526664268478e-08 -2.778538786602773845e-08 -1.233920769712620800e-08 -1.010733585940148947e-08 -5.302613700582014716e-09 -3.222657996131691001e-09 -3.474399830938868616e-11 -2.064673880226263399e-10 -2.195843014984822635e-11 -8.973855697262390747e-11 2.477216069409736861e-10 -1.047624611015759603e-09 0.000000000000000000e+00
0.000000000000000000e+00 0.000000000000000000e+00 0.000000000000000000e+00 0.000000000000000000e+00 0.000000000000000000e+00 0.000000000000000000e+00 2.986358647514011651e-08 -9.174249580811605242e-09 5.520880542491250035e-09 -5.590867497230271103e-09 1.075570221393612376e-09 6.120273267178417333e-10 -5.981439924629077895e-10 9.113804424075075245e-11 -1.086941226286558726e-10 8.989718551146793022e-11 2.557737916474317731e-09 2.151845315681424755e-10 -1.039472220948362876e-09 0.000000000000000000e+00
0.000000000000000000e+00 0.000000000000000000e+00 0.000000000000000000e+00 0.000000000000000000e+00 0.000000000000000000e+00 0.000000000000000000e+00 7.767073340969667985e-09 -2.250407467347058716e-08 -3.714769859083592016e-09 -4.282891847439392572e-09 -1.800431658953990109e-09 -7.291964092287264135e-10 -1.573567548326999108e-09 5.940089853276430883e-11 -9.687436712085116950e-11 -6.822394318405464575e-12 -1.414763595013709558e-10 9.645517600590922591e-10 -1.878657690595849298e-06 0.000000000000000000e+00
0.000000000000000000e+00 0.000000000000000000e+00 0.000000000000000000e+00 0.000000000000000000e+00 0.000000000000000000e+00 0.000000000000000000e+00 1.844473211004800744e-08 -1.575439488512634808e-08 6.319286067526709155e-10 -3.289555387262002705e-09 -3.568269844520938716e-10 1.371958205771461884e-10 -1.104205623419791284e-09 9.394648390763535406e-11 -3.458066917896611883e-11 -9.262189906690734072e-12 -1.460327040722486388e-10 1.510364471383046400e-09 -3.648633256426700928e-06 0.000000000000000000e+00
0.000000000000000000e+00 0.000000000000000000e+00 0.000000000000000000e+00 0.000000000000000000e+00 0.000000000000000000e+00 0.000000000000000000e+00 4.752055284080514937e-09 1.776892731497267647e-09 -1.695514894997705256e-09 -3.477627358950817802e-10 6.102055534200104335e-10 -7.949024368719403380e-10 -2.748323734386510506e-10 -7.636301092699428793e-11 -7.229481728952824440e-11 -1.568867888523624084e-11 -6.465689363816581646e-10 -1.447018906005130960e-08 1.565506175746954035e-06 0.000000000000000000e+00
0.000000000000000000e+00 0.000000000000000000e+00 0.000000000000000000e+00 0.000000000000000000e+00 0.000000000000000000e+00 0.000000000000000000e+00 4.103463461263495142e-09 3.205024960765897625e-09 5.586821854910507990e-10 -6.460121024656189964e-10 4.879009758395432829e-10 -7.452202936000939119e-10 -4.086047636084615018e-10 1.755097278856755691e-10 9.496617643113735209e-11 2.473099279244599865e-11 -7.120682019176455811e-05 -1.735085323273727467e-08 1.568513147499259895e-06 0.000000000000000000e+00
0.000000000000000000e+00 0.000000000000000000e+00 0.000000000000000000e+00 0.000000000000000000e+00 0.000000000000000000e+00 0.000000000000000000e+00 2.259841052832906498e-09 1.209567597742972405e-09 -1.914308622834604737e-10 -1.971733370227882151e-10 4.361838588073908889e-11 -4.624626089592945184e-10 -3.302795673554714440e-10 -2.058684754971109533e-11 -8.375658675644242431e-11 -2.318611129370776026e-11 -4.357753471207275296e-10 -2.455450144689440800e-06 -1.923386097247030913e+00 0.000000000000000000e+00
0.000000000000000000e+00 0.000000000000000000e+00 0.000000000000000000e+00 0.000000000000000000e+00 0.000000000000000000e+00 0.000000000000000000e+00 2.157466431662129294e-09 1.251477714105555914e-09 8.844633809801377603e-11 -2.364102848550494100e-10 -6.373467607139076033e-11 -4.560152224050596836e-10 -3.788491816909333687e-10 -8.856310802095848189e-12 -9.444660072697301547e-11 -4.196549402847743886e-11 -3.835795891233062342e-10 -3.590706142218381854e-06 5.419214057350183467e+00 0.000000000000000000e+00
