0.000000000000000000e+00 0.000000000000000000e+00 0.000000000000000000e+00 0.000000000000000000e+00 0.000000000000000000e+00 0.000000000000000000e+00 1.155932507677563584e-10 7.573039346589055748e-10 6.942468092002686656e-10 4.516947898103183402e-10 4.799243937981935978e-10 6.411343207689132343e-10 5.049118538776716861e-10 3.410804083616351981e-10 1.776943500321215166e-10 4.882041639526837224e-11 3.625129162716459842e-10 6.775403904128244853e-08 2.629466635589862914e-07 0.000000000000000000e+00
0.000000000000000000e+00 0.000000000000000000e+00 0.000000000000000000e+00 0.000000000000000000e+00 0.000000000000000000e+00 0.000000000000000000e+00 -7.527666908437721149e-11 6.109397225708084348e-10 3.662515029213100986e-10 2.471816008820768279e-10 2.185981996422972678e-10 2.781278388511344764e-10 1.406038488257484618e-10 8.530957270018551092e-11 7.590205275707996332e-11 1.150957691014327922e-10 4.908376883055132089e-06 6.755437284539520582e-08 2.631569776465046480e-07 0.000000000000000000e+00
0.000000000000000000e+00 0.000000000000000000e+00 0.000000000000000000e+00 0.000000000000000000e+00 0.000000000000000000e+00 0.000000000000000000e+00 -8.477776881426124794e-11 2.426269067753563294e-10 1.539061894671270693e-10 1.115143275434185472e-10 1.190852507869899847e-10 1.856336964391426108e-10 1.450377435745474978e-10 1.124149441303582235e-10 8.846485323130230532e-11 3.923873088505603153e-11 1.732771015440260343e-10 3.009233320855499551e-06 4.916197181305923536e+00 0.000000000000000000e+00
0.000000000000000000e+00 0.000000000000000000e+00 0.000000000000000000e+00 0.000000000000000000e+00 0.000000000000000000e+00 0.000000000000000000e+00 -6.288369861641085251e-11 2.185211521847392138e-10 1.499277094094120184e-10 1.056315804660408940e-10 9.682743168282998312e-11 1.651087088433293652e-10 1.287049676111749165e-10 9.751939764802895392e-11 7.499713640248213718e-11 3.745136817846031899e-11 1.471828041814840912e-10 4.504452765157732248e-06 1.676276503782938221e+01 0.000000000000000000e+00
0.000000000000000000e+00 0.000000000000000000e+00 0.000000000000000000e+00 0.000000000000000000e+00 0.000000000000000000e+00 0.000000000000000000e+00 2.181867124858719152e-09 3.599806580473880881e-09 -6.142388405259480924e-09 -3.028308039746408567e-09 -2.119043936402139803e-09 -1.563903191465860092e-09 -5.771010982571516890e-10 -3.079737248900527255e-10 -1.356125145676328184e-10 -2.007687753675115049e-11 7.993886932499765725e-11 4.753352258140616959e-10 4.685179788040503393e-11 0.000000000000000000e+00
0.000000000000000000e+00 0.000000000000000000e+00 0.000000000000000000e+00 0.000000000000000000e+00 0.000000000000000000e+00 0.000000000000000000e+00 -2.419800952787770874e-09 1.248541575550127631e-09 -1.509016376137654282e-09 7.101472145578831033e-10 -3.758350166858076747e-10 -6.530633764276867065e-10 6.904386195098952906e-12 4.425153078333561354e-11 -4.331412145039702372e-11 -3.254495190692705972e-11 8.086523304720097640e-10 4.558578605107553311e-10 4.792077099523319093e-11 0.000000000000000000e+00
0.000000000000000000e+00 0.000000000000000000e+00 0.000000000000000000e+00 0.000000000000000000e+00 0.000000000000000000e+00 0.000000000000000000e+00 -2.582822592057709524e-09 2.047036221217615766e-09 -1.444722455651271378e-09 -5.823603380400391805e-10 -5.475971730828097662e-10 -7.645871958508177728e-10 -1.812091853519326527e-10 -6.944799067014915521e-11 -5.320432945126531273e-11 -1.236538174149409183e-11 2.615322355272967940e-11 2.502254389474620196e-10 -3.493047773881408458e-08 0.000000000000000000e+00
0.000000000000000000e+00 0.000000000000000000e+00 0.000000000000000000e+00 0.000000000000000000e+00 0.000000000000000000e+00 0.000000000000000000e+00 -2.513535821882948429e-09 1.496520502943231737e-09 -6.128359133496300515e-10 -3.341404549198121745e-11 -2.537934516373216902e-10 -5.802909751435483750e-10 -7.548657701489648636e-11 7.285902730433691931e-12 -1.382961342572695245e-11 6.969254964273629979e-12 -7.281316246187083374e-14 1.585872257896778326e-10 -4.872584308020302384e-08 0.000000000000000000e+00
0.000000000000000000e+00 0.000000000000000000e+00 0.000000000000000000e+00 0.000000000000000000e+00 0.000000000000000000e+00 0.000000000000000000e+00 4.876760347348704290e-09 1.090729028044294021e-08 -2.918826811377886442e-08 -1.279556991734704561e-08 -8.590169781488914529e-09 -5.104447017078278599e-09 3.138525036249972090e-11 -3.583955268099463435e-10 2.140542234172359837e-11 4.773008327355507379e-11 8.379717045335845419e-11 -4.426200288667887173e-10 7.255710920367553491e-10 0.000000000000000000e+00
0.000000000000000000e+00 0.000000000000000000e+00 0.000000000000000000e+00 0.000000000000000000e+00 0.000000000000000000e+00 0.000000000000000000e+00 -2.715298365911256467e-09 2.470815156546566005e-08 -8.088918104578675510e-09 2.213937315361681042e-09 -5.922214337809203733e-09 -1.285105009896163628e-09 6.573644835437193893e-10 1.034018511302705698e-10 -2.354528308593238145e-11 8.477447505724012292e-11 -2.359728743091736276e-09 -5.110818456388829818e-10 6.951116196051887315e-10 0.000000000000000000e+00
0.000000000000000000e+00 0.000000000000000000e+00 0.000000000000000000e+00 0.000000000000000000e+00 0.000000000000000000e+00 0.000000000000000000e+00 -5.973686190888078954e-09 1.480983958238187691e-08 -9.261990960285157199e-09 -6.426034917827933917e-10 -4.229410926074689661e-09 -1.447004613349620047e-09 7.145458937807346325e-10 4.765192860035452453e-11 2.201698290346157498e-11 4.679266181673900064e-11 3.379445661191475582e-11 -4.433104276238916010e-09 1.648682009845540739e-06 0.000000000000000000e+00
0.000000000000000000e+00 0.000000000000000000e+00 0.000000000000000000e+00 0.000000000000000000e+00 0.000000000000000000e+00 0.000000000000000000e+00 -5.682881910795158542e-09 1.496653932461341889e-08 -5.664570347765854773e-09 1.343182543551579215e-09 -3.547278733934590572e-09 -7.314416724074903586e-10 8.135373611527013000e-10 1.381207752959701332e-10 5.192115754530122746e-12 5.747430662000571950e-11 7.774576124716175634e-12 -5.444432715950525012e-09 2.038219360849916834e-06 0.000000000000000000e+00
0.000000000000000000e+00 0.000000000000000000e+00 0.000000000000000000e+00 0.000000000000000000e+00 0.000000000000000000e+00 0.000000000000000000e+00 -2.533433435151348417e-10 -1.587786238441647049e-10 -8.903154513120441916e-10 1.576566824314788744e-10 -1.049923200466729155e-10 -2.709964598191720042e-10 -5.700824442639620572e-11 -1.542365265419214328e-10 -3.131702283540814646e-11 -1.802558197177799050e-11 -2.557025419574552450e-10 -2.300983429439914422e-08 1.301778150942500032e-06 0.000000000000000000e+00
0.000000000000000000e+00 0.000000000000000000e+00 0.000000000000000000e+00 0.000000000000000000e+00 0.000000000000000000e+00 0.000000000000000000e+00 -1.347401940433679709e-09 -1.880681172512440139e-09 -7.690341691715088710e-10 -1.027182015398854026e-09 -1.555334116500515633e-09 3.414313753350574844e-11 -5.292077863355295583e-10 -2.172859752528396609e-10 -6.655794347762581722e-11 -2.624573627724690837e-11 -2.484269833455412076e-05 -2.635631332441240623e-08 1.297311499281679059e-06 0.000000000000000000e+00
0.000000000000000000e+00 0.000000000000000000e+00 0.000000000000000000e+00 0.000000000000000000e+00 0.000000000000000000e+00 0.000000000000000000e+00 -3.489704437412538082e-09 -2.939373406380379696e-10 -7.389187673423998713e-10 -4.247385320507962607e-10 -6.499769758414790815e-10 1.847511365101916038e-10 -1.023083598700250749e-10 -1.455683491267085518e-10 -9.314001236971136828e-11 -1.744639110285628956e-11 -1.656459357679156586e-10 3.245731144446446087e-06 -4.346565638116643981e+01 0.000000000000000000e+00
0.000000000000000000e+00 0.000000000000000000e+00 0.000000000000000000e+00 0.000000000000000000e+00 0.000000000000000000e+00 0.000000000000000000e+00 -3.301568701749312671e-09 -2.174278725588801914e-10 -5.882235614583552979e-10 -6.842646711245826407e-10 -7.326892993737346970e-10 1.616977269882448921e-10 -2.194623489196433742e-10 -1.761127422200293897e-10 -1.337360580710524437e-10 -3.781109164471206531e-11 -1.348493070185056836e-10 5.166467569563811377e-06 -2.357866450700313408e+02 0.000000000000000000e+00
