0.000000000000000000e+00 0.000000000000000000e+00 0.000000000000000000e+00 0.000000000000000000e+00 0.000000000000000000e+00 0.000000000000000000e+00 2.257468925899750543e-09 2.187540612184566735e-09 1.252189180795949646e-09 1.094990180157123304e-09 9.636990936309227104e-10 1.299746557378342621e-09 8.766567101081610780e-10 7.649930246661120558e-10 3.791381120169976741e-10 7.823373131943550317e-11 7.812345336932412007e-10 1.362395655263577262e-07 9.732147888024689773e-07 0.000000000000000000e+00
0.000000000000000000e+00 0.000000000000000000e+00 0.000000000000000000e+00 0.000000000000000000e+00 0.000000000000000000e+00 0.000000000000000000e+00 -7.285695147520609951e-10 4.321359587250193863e-10 8.483548821335226516e-10 8.862531267677375762e-10 6.638059603943618731e-11 2.579332918702985147e-10 2.337969325480950658e-10 1.375996673650795401e-10 1.346818055693705124e-10 1.813939527960408686e-10 3.057273131891814396e-07 1.346138079125719676e-07 9.700427321554055916e-07 0.000000000000000000e+00
0.000000000000000000e+00 0.000000000000000000e+00 0.000000000000000000e+00 0.000000000000000000e+00 0.000000000000000000e+00 0.000000000000000000e+00 2.273548261536869293e-12 5.365918443798370043e-10 2.874336802230507655e-10 2.385989472515687093e-10 7.282591401820293869e-11 2.057406236233195300e-10 2.418677942982690960e-10 2.152049879876873660e-10 1.592609782736101601e-10 5.427533911472175334e-11 3.004097707336155342e-10 7.873984407359363251e-06 -1.620046847266946344e+01 0.000000000000000000e+00
0.000000000000000000e+00 0.000000000000000000e+00 0.000000000000000000e+00 0.000000000000000000e+00 0.000000000000000000e+00 0.000000000000000000e+00 -3.100891058051819049e-10 4.086706129301466209e-10 3.426655938248933030e-10 2.479434823674012186e-10 4.630543196877198597e-11 1.419198325352939256e-10 2.134118456991166539e-10 1.546112581476129513e-10 1.182559360946636289e-10 3.953293132197298062e-11 2.013847516948250869e-10 1.196321561539574361e-05 -7.765975111708684153e+01 0.000000000000000000e+00
0.000000000000000000e+00 0.000000000000000000e+00 0.000000000000000000e+00 0.000000000000000000e+00 0.000000000000000000e+00 0.000000000000000000e+00 -1.864587957053593412e-08 -8.079275835576390615e-09 -5.998733170506181060e-09 -4.060069309747664468e-09 -3.390501132084716099e-09 -1.198372151296058980e-09 -8.779776238938532114e-10 -6.497741395138848316e-10 -2.556485006017686004e-10 -5.018558902306740142e-11 1.308878087666086072e-10 7.532335763488648087e-10 1.964433782900760791e-10 0.000000000000000000e+00
0.000000000000000000e+00 0.000000000000000000e+00 0.000000000000000000e+00 0.000000000000000000e+00 0.000000000000000000e+00 0.000000000000000000e+00 -7.950725307348204022e-09 -2.617561688440033408e-09 -2.443336712842331538e-09 8.318352620339958681e-11 1.496062207817675263e-09 1.905259545073410868e-10 4.370033153172049181e-11 -9.317169939799970135e-11 -6.899675370752496960e-11 -7.946253286435364785e-11 7.875155350523239035e-11 7.271839068893681891e-10 1.956514103611815554e-10 0.000000000000000000e+00
0.000000000000000000e+00 0.000000000000000000e+00 0.000000000000000000e+00 0.000000000000000000e+00 0.000000000000000000e+00 0.000000000000000000e+00 -1.167746393856127907e-08 -1.054529991219065114e-09 -2.112237547072505430e-09 -5.746993721662050541e-10 7.519132604589816220e-10 -1.222094912232254230e-10 -2.066280508836195725e-10 -2.494880845106096369e-10 -1.026878731024693277e-10 -3.581728473611886580e-11 4.703247943745377000e-11 6.446871469155679816e-10 1.846295724113922711e-07 0.000000000000000000e+00
0.000000000000000000e+00 0.000000000000000000e+00 0.000000000000000000e+00 0.000000000000000000e+00 0.000000000000000000e+00 0.000000000000000000e+00 -9.671271905241282741e-09 -7.039194395637346801e-10 -1.498589304415569598e-09 -2.978954490419435661e-10 1.278680073457465939e-09 1.093694496982292988e-10 -3.977747947612785143e-11 -1.242411268637417560e-10 -3.001881404546544325e-11 -2.679394336349100595e-12 7.627333781070116425e-12 5.628072192056527360e-10 3.128921678936645633e-07 0.000000000000000000e+00
0.000000000000000000e+00 0.000000000000000000e+00 0.000000000000000000e+00 0.000000000000000000e+00 0.000000000000000000e+00 0.000000000000000000e+00 -1.277160754510730339e-07 -4.929902628263428640e-08 -3.027202331119307437e-08 -1.414803357190635681e-08 -1.329595805453981645e-08 -5.867714217909403135e-09 -2.910734349398457797e-09 -1.206104582567649410e-09 -3.601882586439697115e-10 7.171634779650868127e-11 1.570275928989659364e-10 2.529945737114494979e-09 -1.800896712889542555e-09 0.000000000000000000e+00
0.000000000000000000e+00 0.000000000000000000e+00 0.000000000000000000e+00 0.000000000000000000e+00 0.000000000000000000e+00 0.000000000000000000e+00 -5.240989918229717527e-08 -9.029835477581490608e-09 -6.351352341008179802e-10 1.987520286680710925e-08 2.733062447302241862e-09 2.687540772236399753e-09 1.002312509073437607e-09 3.008400356298039116e-10 -7.971424807387387037e-11 5.935757247229920128e-11 9.633215687292422359e-10 2.614533490446899735e-09 -1.774824148032368269e-09 0.000000000000000000e+00
0.000000000000000000e+00 0.000000000000000000e+00 0.000000000000000000e+00 0.000000000000000000e+00 0.000000000000000000e+00 0.000000000000000000e+00 -6.932938783451278045e-08 -5.750070935413931834e-09 -7.376460811866824708e-09 6.928521051436684408e-09 5.189278999158673963e-10 8.091747338629706701e-10 2.895979188605881244e-10 4.823907907415827137e-11 -1.007105193394798892e-10 1.026043157655729529e-10 -2.739682472602000607e-11 6.935278819488884043e-09 -2.887036827588268538e-06 0.000000000000000000e+00
0.000000000000000000e+00 0.000000000000000000e+00 0.000000000000000000e+00 0.000000000000000000e+00 0.000000000000000000e+00 0.000000000000000000e+00 -5.660162777069450962e-08 -2.265685097691353334e-09 -2.910275227922883777e-09 1.015254414296041614e-08 2.433025950202175944e-09 2.054081509621670655e-09 9.280720288902714756e-10 3.819590377880995582e-10 8.364190845384942685e-12 1.726234572760785018e-10 -1.140491720625331967e-10 7.505758400634987107e-09 -6.191590307856472102e-06 0.000000000000000000e+00
0.000000000000000000e+00 0.000000000000000000e+00 0.000000000000000000e+00 0.000000000000000000e+00 0.000000000000000000e+00 0.000000000000000000e+00 1.694836971608688714e-10 1.103580307432840330e-10 7.660977428724597796e-10 -2.051962076481966554e-10 -9.489602129935189741e-10 -5.342415926482180672e-10 1.808947508463204834e-10 -1.425980143830480916e-10 -1.222829527641244677e-10 -4.276437683081754688e-11 -4.150328786534130568e-10 -5.794667633854015500e-08 -7.429853271792081906e-07 0.000000000000000000e+00
0.000000000000000000e+00 0.000000000000000000e+00 0.000000000000000000e+00 0.000000000000000000e+00 0.000000000000000000e+00 0.000000000000000000e+00 6.924382530505666601e-09 7.826636810379526625e-10 -4.166462585847883123e-10 -2.932704971190217804e-09 -4.415142700864877869e-10 -1.900485380587261441e-09 -5.005843178400710034e-10 -5.536654673200199067e-10 -2.374440507210665310e-10 1.207966153498654006e-10 -3.802273591324634717e-06 -6.848515559431790193e-08 -7.375637653225031301e-07 0.000000000000000000e+00
0.000000000000000000e+00 0.000000000000000000e+00 0.000000000000000000e+00 0.000000000000000000e+00 0.000000000000000000e+00 0.000000000000000000e+00 1.862267928425590231e-09 2.910212060818033855e-10 4.206901654153227667e-10 -1.032386134480311204e-09 -7.878597096756118246e-11 -8.741375756736959005e-10 -2.585692977706999642e-10 -3.960799034121897275e-10 -2.171234203128579369e-10 -5.106793507647181500e-11 -1.991285966641283264e-10 8.211012869588022787e-06 -7.076962980456499963e+01 0.000000000000000000e+00
0.000000000000000000e+00 0.000000000000000000e+00 0.000000000000000000e+00 0.000000000000000000e+00 0.000000000000000000e+00 0.000000000000000000e+00 2.746624950574441055e-09 7.622459688765528294e-10 8.722039903981316057e-11 -1.196236461452811788e-09 2.209261271677573724e-11 -1.060257293031376795e-09 -3.882453059721347617e-10 -4.886135231279229950e-10 -2.570694238498939133e-10 -7.193383385289707616e-11 -1.436085671850903884e-10 1.166932735945432566e-05 -1.574314023006394052e+02 0.000000000000000000e+00
