0.000000000000000000e+00 0.000000000000000000e+00 0.000000000000000000e+00 0.000000000000000000e+00 0.000000000000000000e+00 0.000000000000000000e+00 1.053372147203385187e-09 2.264568102909690918e-09 2.541743775097915765e-09 1.554384702612901026e-09 2.469085644465018187e-09 2.367838890041948998e-09 2.069724069660022873e-09 1.617297829784063301e-09 9.498990600673980019e-10 2.498766762433919899e-10 2.051474089963280181e-09 1.821998120102537407e-07 1.453269484739071792e-06 0.000000000000000000e+00
0.000000000000000000e+00 0.000000000000000000e+00 0.000000000000000000e+00 0.000000000000000000e+00 0.000000000000000000e+00 0.000000000000000000e+00 -2.925233847941157512e-10 1.424581846946112485e-09 8.633952156350573907e-10 2.401411425834518038e-10 3.393771856864535048e-10 4.805853370835983700e-10 2.382521960593255800e-10 3.127231955825994319e-10 4.654106680224722190e-10 6.684571971316374083e-10 8.715910119929025551e-07 1.781101827056436896e-07 1.450298957303296067e-06 0.000000000000000000e+00
0.000000000000000000e+00 0.000000000000000000e+00 0.000000000000000000e+00 0.000000000000000000e+00 0.000000000000000000e+00 0.000000000000000000e+00 1.556146127729341009e-10 8.332471908659738177e-10 5.403846640599137290e-10 2.763075103895487387e-10 4.893858950287965528e-10 6.028966291516350205e-10 4.950915945343110311e-10 5.574993703879511958e-10 4.790604832445275127e-10 1.959320805893988869e-10 1.013829659262055361e-09 6.078617186901417546e-06 -3.849659134853773423e+00 0.000000000000000000e+00
0.000000000000000000e+00 0.000000000000000000e+00 0.000000000000000000e+00 0.000000000000000000e+00 0.000000000000000000e+00 0.000000000000000000e+00 2.080814108191935052e-11 6.562831033673009905e-10 3.778794274643574341e-10 1.720768627797345147e-10 3.110601397995796821e-10 4.200629768371712551e-10 3.266607696664064387e-10 3.920290414582124073e-10 3.390512205183038639e-10 1.450680062557049942e-10 6.618187349046052363e-10 9.340545966196421709e-06 -2.169934064268871055e+01 0.000000000000000000e+00
0.000000000000000000e+00 0.000000000000000000e+00 0.000000000000000000e+00 0.000000000000000000e+00 0.000000000000000000e+00 0.000000000000000000e+00 -4.681265082471510112e-09 -5.177393649893735799e-09 -5.815162824462461309e-09 -4.334599209104532216e-09 -3.550556445565339044e-09 -2.252977574062489481e-09 -1.489148360775291682e-09 -6.109424149265643178e-10 -3.095572532464188098e-10 -7.283748205657548116e-11 1.568383886498002328e-10 8.012068830813057105e-10 1.965158541681107670e-10 0.000000000000000000e+00
0.000000000000000000e+00 0.000000000000000000e+00 0.000000000000000000e+00 0.000000000000000000e+00 0.000000000000000000e+00 0.000000000000000000e+00 1.543618232730298483e-09 -4.279595439549639387e-09 -3.362120955898635143e-09 3.157325474967240442e-09 -5.725754915523554536e-10 2.742296229088553867e-10 8.285182760572393334e-11 -9.844344452880187902e-11 -1.196220876179471304e-10 -1.171815984212447072e-10 -8.395217688481873287e-11 7.559151069013089890e-10 1.979502821975654913e-10 0.000000000000000000e+00
0.000000000000000000e+00 0.000000000000000000e+00 0.000000000000000000e+00 0.000000000000000000e+00 0.000000000000000000e+00 0.000000000000000000e+00 5.367891761431132622e-10 -1.101603060894019892e-09 -2.723235556812510658e-09 1.341396161029341482e-09 -1.160531765642921403e-09 -5.582191105567978392e-10 -3.398482069394793048e-10 -2.411142267558153515e-10 -1.480825752064518611e-10 -5.777321898303413941e-11 6.947761042128161786e-11 3.957929786484216971e-10 -2.830965831619855020e-07 0.000000000000000000e+00
0.000000000000000000e+00 0.000000000000000000e+00 0.000000000000000000e+00 0.000000000000000000e+00 0.000000000000000000e+00 0.000000000000000000e+00 2.031148760989814887e-09 -8.761627579399338705e-10 -2.351851839236024907e-09 2.042711924130566655e-09 -7.341452678853607559e-10 -1.632693457721916604e-10 -7.808466198847652725e-11 -1.300202141503713683e-10 -6.485596017698373536e-11 -1.653167402969344166e-11 2.533319567643387424e-11 2.895573336421864876e-10 -4.592799549646031444e-07 0.000000000000000000e+00
0.000000000000000000e+00 0.000000000000000000e+00 0.000000000000000000e+00 0.000000000000000000e+00 0.000000000000000000e+00 0.000000000000000000e+00 -1.855363209247778703e-08 -2.980988666239624581e-08 -3.200971708218031367e-08 -5.582405141153711215e-09 -1.384683571211072529e-08 -4.100008893815479771e-09 -3.989482692029847818e-09 -4.494208524757211715e-10 -1.955029206576333531e-10 -6.753397338964887952e-11 2.445094211540036716e-10 1.665189679382314393e-09 -2.371409807913242894e-09 0.000000000000000000e+00
0.000000000000000000e+00 0.000000000000000000e+00 0.000000000000000000e+00 0.000000000000000000e+00 0.000000000000000000e+00 0.000000000000000000e+00 4.902519436430512305e-09 -8.326909004423660829e-09 -3.266407600417208967e-09 1.226691702352695878e-08 -3.600820768682280912e-09 1.065837042216566481e-09 -2.734789041003058947e-10 1.061451110599389726e-10 3.149670841562232134e-11 -8.603987319708597076e-11 3.033984189657305434e-09 1.423344426918704918e-09 -2.406590842729738289e-09 0.000000000000000000e+00
0.000000000000000000e+00 0.000000000000000000e+00 0.000000000000000000e+00 0.000000000000000000e+00 0.000000000000000000e+00 0.000000000000000000e+00 1.459032332827857622e-08 -5.542315092292629287e-09 -4.217367315333534131e-09 7.804374135415324409e-09 -4.575220770995233276e-09 -7.228696716499554389e-10 -1.023980961144152036e-09 -2.219586808373032441e-11 2.724774068598242041e-11 -5.237314467361913445e-11 3.651529987818989485e-11 -2.496434311726964315e-09 -1.725494830326546579e-06 0.000000000000000000e+00
0.000000000000000000e+00 0.000000000000000000e+00 0.000000000000000000e+00 0.000000000000000000e+00 0.000000000000000000e+00 0.000000000000000000e+00 2.116146826915470173e-08 -3.343201965447489574e-09 -5.279349602693215547e-10 9.700944433307041918e-09 -3.123254734484697129e-09 2.355899475753227140e-11 -3.745150946748207046e-10 9.318671879547535708e-11 1.109355283445783665e-10 1.279677288218659469e-11 -4.379888741115993702e-11 -3.163484047361013398e-09 -1.748664172022126760e-06 0.000000000000000000e+00
0.000000000000000000e+00 0.000000000000000000e+00 0.000000000000000000e+00 0.000000000000000000e+00 0.000000000000000000e+00 0.000000000000000000e+00 -2.359014658986114984e-09 -2.476613131289308922e-09 -7.788651913428677506e-10 3.696041060622457293e-10 -3.779434744669426977e-10 -7.400612511133526498e-10 5.931464750995728767e-10 -2.077915005240962599e-10 -1.874246370003674674e-10 -1.490863720926101657e-12 -7.289264318757858986e-10 -1.509417879893756934e-08 1.999441783621672551e-06 0.000000000000000000e+00
0.000000000000000000e+00 0.000000000000000000e+00 0.000000000000000000e+00 0.000000000000000000e+00 0.000000000000000000e+00 0.000000000000000000e+00 -2.862581341364351420e-10 -2.616848864848066697e-09 3.788793972890603544e-10 -2.990598031598588267e-09 -1.075934594009084695e-09 -2.602175955256453779e-09 -3.285230009384215609e-10 -5.510504180251321205e-10 -3.320910806689870155e-10 8.799861747852366406e-11 2.637778530609191404e-06 -1.386068898954635046e-08 2.000367582027211226e-06 0.000000000000000000e+00
0.000000000000000000e+00 0.000000000000000000e+00 0.000000000000000000e+00 0.000000000000000000e+00 0.000000000000000000e+00 0.000000000000000000e+00 -1.518366697703947606e-09 -4.556441543799750789e-09 5.258336943724924659e-10 -1.496971840509531448e-09 -2.138219072970349102e-10 -1.012086569027453137e-09 -2.137429029552666982e-11 -4.080007008818197727e-10 -2.511079363467433822e-10 9.189098145326246003e-12 -5.983672010345157175e-10 -3.549938890508319645e-06 5.600223872215637044e+01 0.000000000000000000e+00
0.000000000000000000e+00 0.000000000000000000e+00 0.000000000000000000e+00 0.000000000000000000e+00 0.000000000000000000e+00 0.000000000000000000e+00 -1.322541317387860149e-09 -4.046298138015149890e-09 4.276349632822951877e-10 -1.874472643328926559e-09 -3.396585548396068545e-10 -1.177023376713820803e-09 -1.477186766640178600e-10 -4.929852157984950801e-10 -3.128589040173232106e-10 -1.662798765270913765e-11 -5.395458579322145527e-10 -5.013670826854488326e-06 3.378120050348486814e+01 0.000000000000000000e+00
