0.000000000000000000e+00 0.000000000000000000e+00 0.000000000000000000e+00 0.000000000000000000e+00 0.000000000000000000e+00 0.000000000000000000e+00 2.819445075600350215e-09 2.069542955230007807e-09 3.422926838986722230e-09 2.574593973063372411e-09 3.042971750582517573e-09 2.913360892260727620e-09 2.989070780367651651e-09 2.213788064426195177e-09 1.271956221995294607e-09 3.064342577481002497e-10 2.817523175671600538e-09 1.972100537794900478e-07 9.119247261837373482e-07 0.000000000000000000e+00
0.000000000000000000e+00 0.000000000000000000e+00 0.000000000000000000e+00 0.000000000000000000e+00 0.000000000000000000e+00 0.000000000000000000e+00 3.784748895837406968e-10 9.936823971884678627e-10 5.963078589434014253e-10 7.952300303811239660e-10 9.137486794289539888e-10 8.817510928376723283e-10 4.516345360843281715e-10 4.155962300341018129e-10 5.510178370742970389e-10 8.641745811353552872e-10 1.220347718747197488e-06 1.935791057170035956e-07 9.148092812766089947e-07 0.000000000000000000e+00
0.000000000000000000e+00 0.000000000000000000e+00 0.000000000000000000e+00 0.000000000000000000e+00 0.000000000000000000e+00 0.000000000000000000e+00 2.723782784167077902e-10 5.603731415609835226e-10 6.043355292896163031e-10 5.158955743190550792e-10 7.937071742859774587e-10 7.681344530066792958e-10 8.118892166797235065e-10 7.590239981595932036e-10 6.098781372445653788e-10 2.260104802976742519e-10 1.295610944149817363e-09 4.789239283312427377e-06 -1.005352816501974189e+01 0.000000000000000000e+00
0.000000000000000000e+00 0.000000000000000000e+00 0.000000000000000000e+00 0.000000000000000000e+00 0.000000000000000000e+00 0.000000000000000000e+00 1.934324411198733389e-10 5.939434268701541122e-10 4.120202008103404060e-10 3.865466861071599417e-10 5.702618967808442935e-10 5.784550794575453863e-10 5.379200104345158898e-10 5.262827970382034365e-10 4.126630639509085475e-10 1.453024448689977660e-10 7.238079433653699815e-10 6.960524691046118817e-06 -4.643013627157870360e-01 0.000000000000000000e+00
0.000000000000000000e+00 0.000000000000000000e+00 0.000000000000000000e+00 0.000000000000000000e+00 0.000000000000000000e+00 0.000000000000000000e+00 -6.020833201938173891e-09 -1.203052300525371075e-08 -4.862572298848033951e-09 -4.362618650910327112e-09 -2.910009497474749329e-09 -2.121299150946200574e-09 -1.701870464049117981e-09 -6.199934192717387951e-10 -3.494390909934045878e-10 -8.061145338903622397e-11 1.628426175595097050e-10 8.539134759291406242e-10 -3.085160603352175782e-12 0.000000000000000000e+00
0.000000000000000000e+00 0.000000000000000000e+00 0.000000000000000000e+00 0.000000000000000000e+00 0.000000000000000000e+00 0.000000000000000000e+00 4.541916098535001887e-09 -5.908035336326201101e-09 4.480918725419213354e-09 7.906516188493194246e-10 3.243912164975779683e-10 6.628930170891292810e-11 1.947934479351332785e-10 -8.987112303099022246e-11 -1.124821331936949185e-10 -1.306024716584240626e-10 -5.743146862007726668e-11 8.099828382965522896e-10 -4.412200486869687565e-12 0.000000000000000000e+00
0.000000000000000000e+00 0.000000000000000000e+00 0.000000000000000000e+00 0.000000000000000000e+00 0.000000000000000000e+00 0.000000000000000000e+00 2.746806746377954094e-09 -4.098469275154677801e-09 2.924862835033598509e-09 5.869265108002746222e-10 -4.915153675933841068e-10 -3.348869935321873612e-10 -4.223698133776122662e-10 -2.598475420113825505e-10 -1.506873375775904750e-10 -6.475025390014288628e-11 7.770177853801618988e-11 4.472884350908231085e-10 3.940594818206417229e-07 0.000000000000000000e+00
0.000000000000000000e+00 0.000000000000000000e+00 0.000000000000000000e+00 0.000000000000000000e+00 0.000000000000000000e+00 0.000000000000000000e+00 3.731008309666419195e-09 -3.343805492669681406e-09 4.214933639138001416e-09 1.373022744525612753e-09 -1.168848650407044449e-10 2.314889662682178544e-11 -1.008037763176273763e-10 -1.444036003103679861e-10 -5.251993917724779021e-11 -2.185102702815345316e-11 3.442998287810588379e-11 3.265264095457209810e-10 7.705371916034942371e-07 0.000000000000000000e+00
0.000000000000000000e+00 0.000000000000000000e+00 0.000000000000000000e+00 0.000000000000000000e+00 0.000000000000000000e+00 0.000000000000000000e+00 -2.648915414371936170e-08 -5.655448405723729202e-08 -5.586999304997964667e-08 -1.053535147077265592e-08 -1.706813034452579355e-08 -3.878341954157854648e-09 -2.526548189585280312e-09 -6.568365238395260954e-10 -4.345890481973034770e-10 -3.286906252014833967e-11 2.807553698225367468e-10 3.018364985169053884e-09 -2.147719485992450249e-09 0.000000000000000000e+00
0.000000000000000000e+00 0.000000000000000000e+00 0.000000000000000000e+00 0.000000000000000000e+00 0.000000000000000000e+00 0.000000000000000000e+00 1.897586884442203264e-08 -4.002363036015475909e-08 -1.168964048022959250e-09 6.016314240159081046e-09 3.885504665992377547e-09 1.974518486448830929e-09 1.060272564185889100e-09 2.027529084448187488e-10 -8.189706180498664523e-11 -7.481204405443785658e-11 -2.363281143696398266e-09 2.951620093214064839e-09 -2.109130964651068533e-09 0.000000000000000000e+00
0.000000000000000000e+00 0.000000000000000000e+00 0.000000000000000000e+00 0.000000000000000000e+00 0.000000000000000000e+00 0.000000000000000000e+00 1.925767550987901830e-08 -2.252731405128797200e-08 -1.272468970569718676e-08 5.465013755709831610e-09 -1.148091027000836401e-09 3.287805497935550498e-10 3.324260513454393974e-10 -5.542999279878620795e-11 -1.746889896210021979e-10 -2.203915703152109398e-11 1.565241730605835784e-10 2.717351604522196846e-09 2.470702029281870506e-06 0.000000000000000000e+00
0.000000000000000000e+00 0.000000000000000000e+00 0.000000000000000000e+00 0.000000000000000000e+00 0.000000000000000000e+00 0.000000000000000000e+00 2.278079498647741825e-08 -2.256460909517603159e-08 -3.577854586504286735e-09 8.182412119741817502e-09 1.491201510911344467e-09 1.257196244886490227e-09 8.874068868781995237e-10 1.293129463953072349e-10 -3.668592922444696163e-11 4.128538729803698741e-11 9.362672824347947805e-11 1.645873709898065714e-09 3.417117718704001239e-06 0.000000000000000000e+00
0.000000000000000000e+00 0.000000000000000000e+00 0.000000000000000000e+00 0.000000000000000000e+00 0.000000000000000000e+00 0.000000000000000000e+00 -2.115671982715221731e-09 5.280106914986612172e-10 -1.073793491321891805e-09 1.978753607056732323e-09 -4.481786046417623322e-10 -3.382468007806115422e-10 -1.228675698790420165e-10 -3.901552951112807287e-12 -1.673065868017694387e-10 -4.283706766305554308e-11 -6.609741908197004134e-10 -6.579325149891513412e-08 -5.135680984785807569e-07 0.000000000000000000e+00
0.000000000000000000e+00 0.000000000000000000e+00 0.000000000000000000e+00 0.000000000000000000e+00 0.000000000000000000e+00 0.000000000000000000e+00 5.052517813185605515e-09 8.381789851311020491e-10 -1.396562634618818047e-09 2.479481888364067269e-09 5.487402836816425767e-10 -2.084406835229016849e-09 -1.630004111724026804e-10 -3.432741183241960249e-10 -3.422634177311498718e-10 -4.310442336247879596e-11 -6.124343877524347900e-07 -7.171341634561545095e-08 -5.060104866559316525e-07 0.000000000000000000e+00
0.000000000000000000e+00 0.000000000000000000e+00 0.000000000000000000e+00 0.000000000000000000e+00 0.000000000000000000e+00 0.000000000000000000e+00 2.750818871009726088e-09 1.254238835772097295e-09 -8.419491567368557745e-10 1.332720125331177023e-09 1.210297041827217980e-10 -6.787726802396975755e-10 -3.226485022616428563e-10 -2.402471043867240030e-10 -2.100398441805769847e-10 -5.063179855998079678e-11 -4.214860472680936915e-10 2.436995199327712573e-06 -5.572053196379920337e+01 0.000000000000000000e+00
0.000000000000000000e+00 0.000000000000000000e+00 0.000000000000000000e+00 0.000000000000000000e+00 0.000000000000000000e+00 0.000000000000000000e+00 2.434752612029794453e-09 1.430152514682440197e-09 -1.225865146430699249e-09 1.113548108099512841e-09 1.729311661851887870e-10 -8.069268819448434631e-10 -3.406466988734936809e-10 -3.028373353402850217e-10 -2.624785145851064289e-10 -6.220911285039658877e-11 -3.162667356389653506e-10 4.265404249964731054e-06 -2.521371876769521236e+02 0.000000000000000000e+00
