0.000000000000000000e+00 0.000000000000000000e+00 0.000000000000000000e+00 0.000000000000000000e+00 0.000000000000000000e+00 0.000000000000000000e+00 1.124359572422000199e-08 1.123488037018656208e-08 8.977017935653000455e-09 8.876368641821925442e-09 8.024105848433818953e-09 9.709908480394270547e-09 8.428931083000255655e-09 7.054379063203323659e-09 3.860621659054329698e-09 9.486495432782069767e-10 8.329936755683192044e-09 6.556213281608169245e-07 8.923597546000191204e-07 0.000000000000000000e+00
0.000000000000000000e+00 0.000000000000000000e+00 0.000000000000000000e+00 0.000000000000000000e+00 0.000000000000000000e+00 0.000000000000000000e+00 1.556180218525778906e-09 4.121155412626445568e-09 1.310342927409437277e-09 1.367121716820443809e-09 2.370560119388471833e-09 2.265476426774708576e-09 1.614839882032551367e-09 1.414641655181968172e-09 1.833749896794192229e-09 3.310710225173129838e-09 2.790163185294212907e-05 6.488778590806043832e-07 8.884248386579501373e-07 0.000000000000000000e+00
0.000000000000000000e+00 0.000000000000000000e+00 0.000000000000000000e+00 0.000000000000000000e+00 0.000000000000000000e+00 0.000000000000000000e+00 2.541309577870050843e-09 2.066229438541927696e-09 1.466446138499112839e-09 1.209998028214770811e-09 1.530684075336418479e-09 1.507972085719497204e-09 2.003059137582391575e-09 2.128369854778005029e-09 1.608582950245976994e-09 6.976946813483962772e-10 3.622204333969239216e-09 6.474655825399269499e-06 2.440755519057692879e+01 0.000000000000000000e+00
0.000000000000000000e+00 0.000000000000000000e+00 0.000000000000000000e+00 0.000000000000000000e+00 0.000000000000000000e+00 0.000000000000000000e+00 1.462560083002372086e-09 1.741184741547314128e-09 9.959921947673876583e-10 6.653997019488570707e-10 1.206198975327359535e-09 1.121652865757841569e-09 1.491025885395876999e-09 1.491991397321086629e-09 1.062883738350254099e-09 4.880794596536970185e-10 2.187888023695799808e-09 9.299416380782033311e-06 1.335572680142864783e+02 0.000000000000000000e+00
0.000000000000000000e+00 0.000000000000000000e+00 0.000000000000000000e+00 0.000000000000000000e+00 0.000000000000000000e+00 0.000000000000000000e+00 -8.057608778183082685e-09 -1.268060527710623744e-08 -1.740633354712380709e-08 -1.280047070998620739e-08 -3.473913660736882909e-09 -3.107682572659810258e-09 -2.421998617645069907e-09 -1.349655439093158404e-09 -8.038284751663629104e-10 -1.418232101791662732e-10 3.259092547174037266e-10 1.758482082616866593e-09 4.828752307908039267e-11 0.000000000000000000e+00
0.000000000000000000e+00 0.000000000000000000e+00 0.000000000000000000e+00 0.000000000000000000e+00 0.000000000000000000e+00 0.000000000000000000e+00 -1.197875861509231732e-08 -9.077765530347589064e-09 -2.762725193847744263e-09 6.353629396955572172e-11 -9.380812126240188841e-10 -2.950315490109051327e-10 -9.009073346310924007e-11 -1.415601792362552490e-10 -3.303593011742254988e-10 -2.104148381448106726e-10 -6.273168531313703668e-10 1.677621986687548844e-09 4.950219471185081046e-11 0.000000000000000000e+00
0.000000000000000000e+00 0.000000000000000000e+00 0.000000000000000000e+00 0.000000000000000000e+00 0.000000000000000000e+00 0.000000000000000000e+00 -4.723512856368078935e-09 -3.295897411654353785e-09 -5.712152657362945548e-09 -2.411819327452192480e-09 -1.696165833696998115e-09 -8.508307011721542845e-10 -7.779047173048183038e-10 -5.009101648819858225e-10 -3.966260746888140790e-10 -1.077108140929797023e-10 1.344116577327495166e-10 6.289684412135700454e-10 -1.986039762911261323e-08 0.000000000000000000e+00
0.000000000000000000e+00 0.000000000000000000e+00 0.000000000000000000e+00 0.000000000000000000e+00 0.000000000000000000e+00 0.000000000000000000e+00 -4.947084332863534979e-09 -2.991441871854390886e-09 -3.265347662656672949e-09 -6.629378648873673549e-10 -1.266904955996258487e-09 -4.030858176075713038e-10 -3.762271658631464654e-10 -2.244413875147233033e-10 -1.892299368795068342e-10 -3.344388327152579916e-11 3.901515516877676197e-11 3.081024852978287651e-10 -1.231200699833007148e-07 0.000000000000000000e+00
0.000000000000000000e+00 0.000000000000000000e+00 0.000000000000000000e+00 0.000000000000000000e+00 0.000000000000000000e+00 0.000000000000000000e+00 -3.870055390986223489e-08 -9.324074117257559887e-08 -7.423215849611436058e-08 -4.000410650145354951e-08 -1.950846554565708049e-08 -7.394912407885226984e-09 -4.761686254918637574e-09 -1.462916319008880509e-10 -5.909580775629574005e-10 3.294938424851626894e-11 1.591154465773752053e-10 -4.947079454322224330e-11 9.356539606979266429e-10 0.000000000000000000e+00
0.000000000000000000e+00 0.000000000000000000e+00 0.000000000000000000e+00 0.000000000000000000e+00 0.000000000000000000e+00 0.000000000000000000e+00 -7.206642529111552088e-08 -4.305124191543695264e-08 -8.369733034042456738e-09 -7.544722068405424388e-09 -2.284383063313754922e-09 -2.921545207463521449e-09 6.665932512908584345e-10 -1.097238529347752235e-10 -2.930732812393898720e-10 4.325274460002923603e-11 9.247687304576877090e-09 -1.720744901012723175e-10 9.354381283698492878e-10 0.000000000000000000e+00
0.000000000000000000e+00 0.000000000000000000e+00 0.000000000000000000e+00 0.000000000000000000e+00 0.000000000000000000e+00 0.000000000000000000e+00 -2.091125074045194432e-08 -2.638588650405602459e-08 -2.207273958978930723e-08 -1.217148246799736831e-08 -6.082414516703102678e-09 -3.243773473947277146e-09 -4.462881323756135640e-10 -8.777474963237977782e-11 -2.699474734687671475e-10 1.780896681213761126e-11 1.062969084762363479e-10 -5.175116995304654927e-09 -5.067985248147013865e-06 0.000000000000000000e+00
0.000000000000000000e+00 0.000000000000000000e+00 0.000000000000000000e+00 0.000000000000000000e+00 0.000000000000000000e+00 0.000000000000000000e+00 -2.486435731406001230e-08 -2.036452567923582778e-08 -1.122080998309258115e-08 -8.297853597569217844e-09 -3.751767647206458701e-09 -2.436737018992758676e-09 4.460454672900622822e-10 -8.788205240020111485e-11 -1.215527819028534012e-10 1.816670984280576400e-11 8.695789880372677641e-11 -6.220793691651955452e-09 -9.745374732233157822e-06 0.000000000000000000e+00
0.000000000000000000e+00 0.000000000000000000e+00 0.000000000000000000e+00 0.000000000000000000e+00 0.000000000000000000e+00 0.000000000000000000e+00 4.932836714651590538e-10 -1.369044593880067095e-09 -6.565181507706991208e-10 6.167472390941968776e-10 -1.949072811923613972e-10 -1.384264661992848507e-09 -7.639240022604160057e-10 -1.450874796426363451e-10 -2.748158956634637876e-10 -2.020586771366452258e-10 -1.588469704793709246e-09 -7.397676485480143598e-08 3.038885153623573019e-06 0.000000000000000000e+00
0.000000000000000000e+00 0.000000000000000000e+00 0.000000000000000000e+00 0.000000000000000000e+00 0.000000000000000000e+00 0.000000000000000000e+00 2.658511777098893775e-09 -6.134532255331037398e-09 3.140886932950249743e-09 2.135212810535953912e-09 -1.105766731675863692e-09 -2.126704380454650908e-09 -1.262814249190132087e-09 -8.104893865179139683e-10 -4.224748836924212042e-10 -1.148785066425091739e-09 1.487202421162004667e-05 -7.769545321850694274e-08 3.046330668725351400e-06 0.000000000000000000e+00
0.000000000000000000e+00 0.000000000000000000e+00 0.000000000000000000e+00 0.000000000000000000e+00 0.000000000000000000e+00 0.000000000000000000e+00 1.379860127226685080e-09 -1.389241189391037056e-09 -1.317867231485985288e-09 9.570022120580611656e-10 -7.662202719230895933e-10 -9.585178432012654939e-10 -6.238563339037655183e-10 -2.103920822616482491e-10 -3.009220450504431710e-10 -2.052062862418221902e-10 -6.836847178787654184e-10 -1.010900940601426290e-05 3.189591672555652835e+01 0.000000000000000000e+00
0.000000000000000000e+00 0.000000000000000000e+00 0.000000000000000000e+00 0.000000000000000000e+00 0.000000000000000000e+00 0.000000000000000000e+00 1.477644632644660019e-09 -1.440532230108995723e-09 -1.177198219338999104e-09 1.154769943100948407e-09 -5.970279556553427786e-10 -1.021896622199497439e-09 -7.414539748621009106e-10 -3.258058515317627759e-10 -3.757386784801503885e-10 -2.263374161594222335e-10 -2.874701388870990485e-10 -1.483334257953883525e-05 1.769006405877054817e+02 0.000000000000000000e+00
