0.000000000000000000e+00 0.000000000000000000e+00 0.000000000000000000e+00 0.000000000000000000e+00 0.000000000000000000e+00 0.000000000000000000e+00 3.735060094364177110e-09 2.276841475380527714e-09 2.154059117097780689e-09 3.012786505734181459e-09 2.072802376996746635e-09 2.457642458956387996e-09 2.124224750235286351e-09 1.454472676224788412e-09 7.801667370622616029e-10 1.841994420981211680e-10 1.515949843558016730e-09 2.199398796303958343e-07 5.408188366314928218e-07 0.000000000000000000e+00
0.000000000000000000e+00 0.000000000000000000e+00 0.000000000000000000e+00 0.000000000000000000e+00 0.000000000000000000e+00 0.000000000000000000e+00 -5.823476591058543385e-11 -2.669220296197385484e-10 8.704511299937159050e-10 7.105158856972274513e-10 7.252570374232108824e-10 6.005693833477689466e-10 4.904683305440055332e-10 3.573431327189450139e-10 2.670085511628629586e-10 3.485303050833968136e-10 1.706078217427685496e-06 2.174244945936269944e-07 5.417259687109321229e-07 0.000000000000000000e+00
0.000000000000000000e+00 0.000000000000000000e+00 0.000000000000000000e+00 0.000000000000000000e+00 0.000000000000000000e+00 0.000000000000000000e+00 4.971437429949282947e-10 1.822321016348954400e-10 4.061920625940800139e-10 4.473263366719825556e-10 4.505162441171131508e-10 5.287291695166086960e-10 5.894300132520797518e-10 4.878231381085912536e-10 3.398010562393744316e-10 1.370787368762911015e-10 6.019246789027652749e-10 6.149998499594331832e-06 1.332573261701545775e+01 0.000000000000000000e+00
0.000000000000000000e+00 0.000000000000000000e+00 0.000000000000000000e+00 0.000000000000000000e+00 0.000000000000000000e+00 0.000000000000000000e+00 2.873780573528149718e-10 -1.873872034737322107e-12 3.662141460081267105e-10 3.681809077335977428e-10 3.637896789364918840e-10 3.908078916362838414e-10 4.779541365332327256e-10 3.984645192929895613e-10 2.637538904472303494e-10 1.127300795088300290e-10 3.988137764809587897e-10 9.202518687088787801e-06 5.848427345855367321e+01 0.000000000000000000e+00
0.000000000000000000e+00 0.000000000000000000e+00 0.000000000000000000e+00 0.000000000000000000e+00 0.000000000000000000e+00 0.000000000000000000e+00 -7.645408028421375930e-09 -1.209836442616046424e-08 -8.007201866713884886e-09 -3.983611683350613458e-09 -2.197492519846544849e-09 -2.617448635639277967e-09 -1.063407131353022623e-09 -8.397004988856021780e-10 -3.278947840850257533e-10 -6.013632229489021949e-11 1.789921558307140475e-10 1.045738709528022521e-09 1.046401531632476267e-10 0.000000000000000000e+00
0.000000000000000000e+00 0.000000000000000000e+00 0.000000000000000000e+00 0.000000000000000000e+00 0.000000000000000000e+00 0.000000000000000000e+00 1.035925240800500162e-09 -7.429487436855646118e-10 8.592351867842791198e-10 1.140317753670489430e-09 1.308810844732111618e-12 -2.638177305463087938e-10 2.006431681626811567e-10 -4.968484252430414037e-11 -1.002540869933844325e-10 -9.062173315571299401e-11 -1.251576949626102001e-10 1.001533992063009070e-09 1.052994573711130091e-10 0.000000000000000000e+00
0.000000000000000000e+00 0.000000000000000000e+00 0.000000000000000000e+00 0.000000000000000000e+00 0.000000000000000000e+00 0.000000000000000000e+00 -7.422606304254828818e-10 -1.742443345139070096e-09 -1.569799716856218854e-11 -5.646216746280532504e-10 -3.982176827488266419e-10 -6.493775806118953388e-10 -1.532677769336552622e-10 -2.820135091798946905e-10 -1.509715082017508907e-10 -4.147306105012175185e-11 6.192897311310457471e-11 6.604300983244783514e-10 -1.494088324749183875e-07 0.000000000000000000e+00
0.000000000000000000e+00 0.000000000000000000e+00 0.000000000000000000e+00 0.000000000000000000e+00 0.000000000000000000e+00 0.000000000000000000e+00 6.480935103291472681e-10 -1.824786658594335716e-10 1.190479139086879564e-09 1.349517368578384112e-10 -1.213641587099815446e-10 -2.643500240930544952e-10 5.857716000051101181e-11 -1.098954644086845907e-10 -6.187033460350441004e-11 3.095155060141016893e-12 7.773091393591840227e-12 5.242515712378612988e-10 -2.561842550679020106e-07 0.000000000000000000e+00
0.000000000000000000e+00 0.000000000000000000e+00 0.000000000000000000e+00 0.000000000000000000e+00 0.000000000000000000e+00 0.000000000000000000e+00 -7.720169268972315276e-08 -4.636750848946412693e-08 -4.206894201193390584e-08 -3.361815811275551161e-08 -9.268826187716564113e-09 -1.115744241707061960e-08 -2.497771335834573126e-09 -8.169687930575704703e-10 -7.131688108370003603e-11 4.417706056377283578e-11 -2.064848473290065526e-11 1.024264388557154907e-09 -2.696439662797649820e-10 0.000000000000000000e+00
0.000000000000000000e+00 0.000000000000000000e+00 0.000000000000000000e+00 0.000000000000000000e+00 0.000000000000000000e+00 0.000000000000000000e+00 7.981982693860026299e-09 1.997254726016175419e-09 9.571612026194960437e-09 2.175399535717403252e-09 4.856895206446661644e-09 -9.847887866050527132e-10 1.022600974056197535e-09 -2.564622977669735868e-10 -1.234745524039135940e-11 -7.298629187840889599e-12 4.153919595521474012e-10 1.035808740420125173e-09 -2.772701376521131973e-10 0.000000000000000000e+00
0.000000000000000000e+00 0.000000000000000000e+00 0.000000000000000000e+00 0.000000000000000000e+00 0.000000000000000000e+00 0.000000000000000000e+00 -5.837630673727529081e-09 -3.590442740187212961e-09 -4.237113817765528450e-09 -6.471507477128099702e-09 1.414428457917106702e-09 -2.930472363317033838e-09 3.578726475313278961e-10 -3.872473138859261269e-10 -3.073355681527074116e-11 2.440036116813877301e-11 -1.016016109560079592e-10 -5.984326243155610444e-09 2.834378047830576377e-06 0.000000000000000000e+00
0.000000000000000000e+00 0.000000000000000000e+00 0.000000000000000000e+00 0.000000000000000000e+00 0.000000000000000000e+00 0.000000000000000000e+00 6.275382962093237872e-09 2.242186124867143310e-09 2.869247923258113918e-09 -1.583463190861550766e-09 3.163541972208118841e-09 -1.402432198263031518e-09 9.215372678075666193e-10 -2.711194433601795238e-10 -2.392456642611290211e-11 3.707564413448521030e-11 -1.342024952673728836e-10 -7.419472758899691910e-09 5.112924990604468985e-06 0.000000000000000000e+00
0.000000000000000000e+00 0.000000000000000000e+00 0.000000000000000000e+00 0.000000000000000000e+00 0.000000000000000000e+00 0.000000000000000000e+00 -2.928425299228070337e-10 -3.465520656678691051e-09 3.541309620298799050e-11 -1.170328551225573319e-09 -3.906067454578134859e-10 -5.076271508613336127e-10 -1.759305003425639369e-10 -1.161378345107244866e-10 -1.445829682366112021e-10 -5.728448701803617594e-11 -4.516560134542641340e-10 -4.184363593491491191e-08 2.502577452034838811e-06 0.000000000000000000e+00
0.000000000000000000e+00 0.000000000000000000e+00 0.000000000000000000e+00 0.000000000000000000e+00 0.000000000000000000e+00 0.000000000000000000e+00 -2.476768653686102825e-09 -9.213929416302087156e-10 3.250017802677950015e-10 -6.104334094018223978e-10 -1.147854281571962622e-09 -1.408391310992840877e-09 -9.453779241483328322e-10 -2.981678927813330035e-10 -2.726897756357107865e-10 6.965868407669184177e-11 9.541717716624552914e-06 -4.670791081438428219e-08 2.501201850719533330e-06 0.000000000000000000e+00
0.000000000000000000e+00 0.000000000000000000e+00 0.000000000000000000e+00 0.000000000000000000e+00 0.000000000000000000e+00 0.000000000000000000e+00 9.784528301709332130e-10 -1.939746399326972908e-09 -4.655086593749537968e-10 -3.276954552566989433e-10 2.673604158668317045e-10 -4.136777256609338644e-10 -5.581162118106379804e-10 -2.733368084068657694e-10 -3.070887316042189838e-10 -6.904577958867003286e-11 -1.954362389099858240e-10 3.341797026944258286e-06 9.511340258599711994e-01 0.000000000000000000e+00
0.000000000000000000e+00 0.000000000000000000e+00 0.000000000000000000e+00 0.000000000000000000e+00 0.000000000000000000e+00 0.000000000000000000e+00 1.240954729266471865e-09 -1.654622346705632178e-09 -4.153895963148991280e-10 -3.144207142960426390e-10 1.952622235652118180e-10 -4.834390430519441863e-10 -6.745509149586640831e-10 -3.179222701182019941e-10 -4.146918262947966744e-10 -1.130343989827688804e-10 -1.276688828392322184e-10 5.057936925719776732e-06 -3.356670915783746878e+00 0.000000000000000000e+00
