0.000000000000000000e+00 0.000000000000000000e+00 0.000000000000000000e+00 0.000000000000000000e+00 0.000000000000000000e+00 0.000000000000000000e+00 1.202021456973921486e-09 3.851012372813036052e-10 1.080976594473378517e-09 9.776726948721583126e-10 8.970601063280886775e-10 7.841851486569923107e-10 7.109482582035742416e-10 5.216674973805689616e-10 2.614307043088935277e-10 8.342278579258249717e-11 4.781148591255193953e-10 1.397674114927465597e-06 1.304033284439318468e-05 0.000000000000000000e+00
0.000000000000000000e+00 0.000000000000000000e+00 0.000000000000000000e+00 0.000000000000000000e+00 0.000000000000000000e+00 0.000000000000000000e+00 -4.729165874941257815e-09 -1.027735239276139108e-09 -6.647470592559071348e-10 4.864385047272310786e-10 7.108661507125309601e-10 5.923140004936833388e-10 3.511261438625595505e-10 2.553920065019821715e-10 1.414135383284290569e-10 1.930300003946079633e-10 3.218890370268826526e-04 1.401236468493270449e-06 1.304945458496902238e-05 0.000000000000000000e+00
0.000000000000000000e+00 0.000000000000000000e+00 0.000000000000000000e+00 0.000000000000000000e+00 0.000000000000000000e+00 0.000000000000000000e+00 -2.408531402092111189e-09 -5.465040770439632741e-10 -3.262898477433402100e-10 3.552874772170677340e-11 4.394416070860232556e-10 3.952306219548568753e-10 2.861860010201628710e-10 2.836946451276027337e-10 2.397110775413247901e-10 9.188495971553472384e-11 4.795755008531478024e-10 1.180120216300178937e-04 -6.779776460566853302e+01 0.000000000000000000e+00
0.000000000000000000e+00 0.000000000000000000e+00 0.000000000000000000e+00 0.000000000000000000e+00 0.000000000000000000e+00 0.000000000000000000e+00 -2.668420279968185579e-09 -4.542506355591970418e-10 -4.492136625243752258e-10 9.692432584847704505e-11 5.092791868534233892e-10 4.443377860083783464e-10 3.496555885254159455e-10 3.418730350636508811e-10 2.867317521178074036e-10 1.156697438092163046e-10 8.030013249692278748e-10 1.748976794803110222e-04 -3.425630094126702261e+02 0.000000000000000000e+00
0.000000000000000000e+00 0.000000000000000000e+00 0.000000000000000000e+00 0.000000000000000000e+00 0.000000000000000000e+00 0.000000000000000000e+00 -7.886316417808368314e-09 -5.107683938283528740e-09 -6.187350409348569736e-09 -3.474635120678941247e-09 -2.757131653448827489e-09 -1.321797070791971982e-09 -1.180927249174175475e-09 -3.197162361900955468e-10 -1.394436646573086636e-10 -1.717525149147039908e-11 8.616845163480382719e-11 9.407237315889571957e-10 5.099207985295193496e-10 0.000000000000000000e+00
0.000000000000000000e+00 0.000000000000000000e+00 0.000000000000000000e+00 0.000000000000000000e+00 0.000000000000000000e+00 0.000000000000000000e+00 2.306120609982712258e-09 -2.158803586279442207e-09 7.270952013767896676e-09 3.855390944996021501e-10 8.050605488335098783e-10 4.093005899022199258e-10 5.192244907630278304e-11 2.770625553841123607e-10 6.630145107004107787e-12 -1.045534109244727150e-11 1.480213235849823686e-09 9.128658207773089252e-10 5.116766236164023842e-10 0.000000000000000000e+00
0.000000000000000000e+00 0.000000000000000000e+00 0.000000000000000000e+00 0.000000000000000000e+00 0.000000000000000000e+00 0.000000000000000000e+00 2.773174724732259530e-09 2.978915126488472618e-09 -1.797342210481052511e-09 -5.234072747063718876e-10 2.578376086747387224e-11 4.632598598858912696e-10 -1.847313025819107626e-10 1.922636490766831809e-10 -3.276966709787042230e-11 -9.538137457259534289e-13 1.319846015676369590e-11 -7.736258341373635325e-10 -2.813871335000512834e-07 0.000000000000000000e+00
0.000000000000000000e+00 0.000000000000000000e+00 0.000000000000000000e+00 0.000000000000000000e+00 0.000000000000000000e+00 0.000000000000000000e+00 5.134586052668457908e-09 3.009262375207752966e-09 7.693195959028109165e-10 1.126381321552435957e-10 6.426197525558143050e-10 7.672494111311877587e-10 6.305114832348300995e-11 3.361446713220183141e-10 1.501074831807383566e-11 2.213625456275935961e-11 -2.305836562244243986e-11 -1.082011820276993950e-09 -5.028044928721044525e-07 0.000000000000000000e+00
0.000000000000000000e+00 0.000000000000000000e+00 0.000000000000000000e+00 0.000000000000000000e+00 0.000000000000000000e+00 0.000000000000000000e+00 -5.597401504112225543e-08 -1.167162803879104090e-08 -1.808214024919506253e-08 -9.834119953272654002e-09 -1.586390476565925780e-08 -9.525960865855262650e-09 -4.652553420363029678e-09 -1.561886440268482905e-09 -1.068032140015194379e-09 -1.131092222688133177e-10 7.493894089863727660e-10 8.821127736079038560e-09 7.804686868264000367e-09 0.000000000000000000e+00
0.000000000000000000e+00 0.000000000000000000e+00 0.000000000000000000e+00 0.000000000000000000e+00 0.000000000000000000e+00 0.000000000000000000e+00 1.963371702318176456e-08 3.439333466849171917e-08 2.135223762623519236e-08 2.073815010554043260e-08 -8.112274969998466986e-09 -2.796126185369438925e-09 -1.526413816335834280e-10 3.206690796815632020e-10 -2.633085029922204068e-11 -3.489870651913344047e-11 7.611256585378839069e-08 8.897497351093606304e-09 7.564445575366518877e-09 0.000000000000000000e+00
0.000000000000000000e+00 0.000000000000000000e+00 0.000000000000000000e+00 0.000000000000000000e+00 0.000000000000000000e+00 0.000000000000000000e+00 1.457818418753064011e-08 2.872195515443208878e-08 1.198788238135889936e-09 1.256046674657540645e-08 -6.338653834736198504e-09 -2.370819430942057421e-09 -1.018875568095377571e-09 -2.443893712021160518e-10 -3.664923401774706951e-10 -1.480126817568076293e-12 1.480443006374825726e-10 -4.508625785671667464e-09 -4.252498764270071914e-06 0.000000000000000000e+00
0.000000000000000000e+00 0.000000000000000000e+00 0.000000000000000000e+00 0.000000000000000000e+00 0.000000000000000000e+00 0.000000000000000000e+00 2.904295111140835261e-08 3.238907618723860908e-08 8.103743889528231327e-09 1.645422602767335937e-08 -4.585312221556412415e-09 -9.180197647685192830e-10 -8.324137531876820201e-11 2.684811639904137131e-10 -6.189393127281241840e-11 1.379350964188955878e-10 -1.821562876580869330e-10 -1.044970293215677918e-08 -1.052491658871947259e-05 0.000000000000000000e+00
0.000000000000000000e+00 0.000000000000000000e+00 0.000000000000000000e+00 0.000000000000000000e+00 0.000000000000000000e+00 0.000000000000000000e+00 1.889234046587173714e-09 2.349841205081144056e-10 2.063761519362748808e-09 -1.185361182184636330e-09 1.025159394761425289e-09 9.156541435849030365e-10 -2.692259144055001153e-11 -1.414454756224117340e-10 -1.125998122400831876e-10 -6.427886878666696292e-11 -4.035088895293777651e-10 3.442947788774002718e-08 1.387059367217473330e-05 0.000000000000000000e+00
0.000000000000000000e+00 0.000000000000000000e+00 0.000000000000000000e+00 0.000000000000000000e+00 0.000000000000000000e+00 0.000000000000000000e+00 6.944072918083845799e-09 -8.812213975183895214e-09 6.142626954487611340e-09 2.689475671608707935e-09 1.624479735203216891e-09 4.471807947732426891e-09 1.160572888132405785e-09 -8.666293083164889941e-10 -5.942109567933738621e-10 3.608149001586491869e-10 -4.982263214731367032e-03 -4.722635990537638554e-08 1.384394507469290975e-05 0.000000000000000000e+00
0.000000000000000000e+00 0.000000000000000000e+00 0.000000000000000000e+00 0.000000000000000000e+00 0.000000000000000000e+00 0.000000000000000000e+00 1.041043570878315818e-09 3.652395799245597971e-10 2.554643473039649417e-09 -5.048928381347645215e-10 3.203056182041167623e-11 9.410698969022912281e-10 -2.263516524103743471e-11 -9.954065761756278841e-10 -4.662422384907559144e-10 -1.211252947771527907e-10 -2.718172758036016566e-11 9.761397707823291976e-06 2.095301754482966601e+02 0.000000000000000000e+00
0.000000000000000000e+00 0.000000000000000000e+00 0.000000000000000000e+00 0.000000000000000000e+00 0.000000000000000000e+00 0.000000000000000000e+00 1.226146287479525011e-09 -1.301293991152587418e-10 2.978471836030725731e-09 -1.036089126245847680e-10 1.842084648804240006e-11 1.268491262858962699e-09 2.268679710154455680e-10 -1.166749248045320407e-09 -6.076930417119710405e-10 -1.778126860482014854e-10 2.453870308469085825e-10 1.340591316652349130e-05 6.570725415385070391e+02 0.000000000000000000e+00
