0.000000000000000000e+00 0.000000000000000000e+00 0.000000000000000000e+00 0.000000000000000000e+00 0.000000000000000000e+00 0.000000000000000000e+00 1.238785812863066909e-08 5.890211906090060864e-09 7.624973581151368214e-09 6.727095019287026361e-09 7.076503367286714037e-09 8.139142506659689066e-09 7.198255750125362331e-09 5.389711315880806895e-09 2.967166908311002953e-09 5.868797399101673829e-10 6.110111921799064457e-09 3.956459557621710623e-07 9.842211378874505569e-08 0.000000000000000000e+00
0.000000000000000000e+00 0.000000000000000000e+00 0.000000000000000000e+00 0.000000000000000000e+00 0.000000000000000000e+00 0.000000000000000000e+00 5.299161255916640648e-11 1.688434089421520494e-09 3.361425419135139977e-10 1.196947938780284563e-09 2.560521788620149080e-09 1.976044963704851286e-09 1.427403320942549309e-09 9.673693818520735929e-10 9.534745176216029216e-10 1.292113953603609253e-09 6.446016480554624464e-04 3.838340423292631616e-07 9.998225009493088189e-08 0.000000000000000000e+00
0.000000000000000000e+00 0.000000000000000000e+00 0.000000000000000000e+00 0.000000000000000000e+00 0.000000000000000000e+00 0.000000000000000000e+00 1.113317182093961490e-09 9.114753588965551760e-10 1.256486482178511981e-09 1.477102771788580721e-09 1.980663539750658930e-09 2.115019289844523901e-09 2.095968633278443141e-09 1.802041003326968009e-09 1.278266745995872775e-09 4.009181662952785967e-10 2.401503541004346653e-09 5.186660335007893118e-06 1.597500652931068998e+01 0.000000000000000000e+00
0.000000000000000000e+00 0.000000000000000000e+00 0.000000000000000000e+00 0.000000000000000000e+00 0.000000000000000000e+00 0.000000000000000000e+00 2.467998313326450768e-10 8.922410617333261393e-10 6.738006544716378787e-10 9.639235482907646586e-10 1.521233939169583150e-09 1.505170667973493082e-09 1.539735727707456218e-09 1.252728850031399694e-09 8.112521128016875727e-10 2.315880548910857945e-10 1.058592226022844032e-09 7.542265890161101768e-06 2.556869461500804164e+01 0.000000000000000000e+00
0.000000000000000000e+00 0.000000000000000000e+00 0.000000000000000000e+00 0.000000000000000000e+00 0.000000000000000000e+00 0.000000000000000000e+00 -3.528854613693264997e-08 -4.850905735926347861e-09 -1.721404068780462069e-08 -1.251905424887402129e-08 -4.720178113467577304e-09 -4.537301164596540646e-10 -1.021160254696587273e-09 -9.451798696427653819e-10 -4.610942479815426317e-10 -1.068885800496046769e-10 2.336478123087695842e-10 1.198414792155292330e-09 2.576275883983179641e-11 0.000000000000000000e+00
0.000000000000000000e+00 0.000000000000000000e+00 0.000000000000000000e+00 0.000000000000000000e+00 0.000000000000000000e+00 0.000000000000000000e+00 -1.455813763461402786e-09 -9.551769877026277295e-09 -2.565378338686259069e-09 -7.465244897225673108e-10 -9.215790673969519782e-10 -2.457186130388320453e-10 2.102959103789504035e-10 -9.203603044091623918e-11 -1.735133861095343845e-10 -1.691052997031487880e-10 1.895640524101819108e-10 1.134805063716738438e-09 2.405563523856755085e-11 0.000000000000000000e+00
0.000000000000000000e+00 0.000000000000000000e+00 0.000000000000000000e+00 0.000000000000000000e+00 0.000000000000000000e+00 0.000000000000000000e+00 -1.260292532665799109e-08 -7.864160545187861104e-09 -4.429253830445179179e-09 -3.762334378574012841e-09 -1.808630165982621084e-09 -1.105481481006549035e-10 -1.752270361619214000e-10 -3.833419334199581904e-10 -2.270930492230274710e-10 -8.277735954290688095e-11 1.048487399100229779e-10 6.359439119569941688e-10 -2.203761647568170829e-07 0.000000000000000000e+00
0.000000000000000000e+00 0.000000000000000000e+00 0.000000000000000000e+00 0.000000000000000000e+00 0.000000000000000000e+00 0.000000000000000000e+00 -7.764288136839686431e-09 -8.185981036206751104e-09 -2.355059255211832293e-09 -1.914798787284647530e-09 -1.288467100311985337e-09 -5.292294690046464429e-11 2.371691304466448139e-11 -1.935149918763343258e-10 -1.021007513225575827e-10 -2.165536255642212949e-11 4.029497774789718727e-11 4.733971387036205381e-10 -3.387180139808592264e-07 0.000000000000000000e+00
0.000000000000000000e+00 0.000000000000000000e+00 0.000000000000000000e+00 0.000000000000000000e+00 0.000000000000000000e+00 0.000000000000000000e+00 -1.678496204074514173e-07 -5.079065431738893985e-08 -6.387250314224380719e-08 -3.613274419502432122e-08 -1.876323299852393473e-08 1.144972364161174873e-09 -3.375735471571213083e-09 -4.969923262508581527e-10 5.334926469190460765e-10 -8.128370550957125459e-11 1.815491433702718517e-10 2.707987731380322382e-09 -2.318362177695468144e-11 0.000000000000000000e+00
0.000000000000000000e+00 0.000000000000000000e+00 0.000000000000000000e+00 0.000000000000000000e+00 0.000000000000000000e+00 0.000000000000000000e+00 -3.096552634177243021e-09 -4.227031215384959937e-08 -6.190501602870505911e-09 -6.374622738325324730e-09 6.489315465816914934e-09 3.083742329871257797e-09 6.502661065687269266e-10 -1.831188089609688761e-10 4.666062514485452972e-10 -2.094257574825704686e-10 7.072606060173506456e-08 2.587338230155272611e-09 -1.368315252290504239e-10 0.000000000000000000e+00
0.000000000000000000e+00 0.000000000000000000e+00 0.000000000000000000e+00 0.000000000000000000e+00 0.000000000000000000e+00 0.000000000000000000e+00 -5.688641144767179456e-08 -3.424865146519921882e-08 -1.577752018688623589e-08 -9.697510057869586617e-09 -1.928567500496310559e-09 2.437702006011731335e-09 -1.606964096509248769e-10 -3.076100775594472161e-10 5.730621886962888249e-10 -5.293754990565545110e-11 8.673833139512785655e-11 -4.023500608104790706e-09 -1.084704730739299010e-06 0.000000000000000000e+00
0.000000000000000000e+00 0.000000000000000000e+00 0.000000000000000000e+00 0.000000000000000000e+00 0.000000000000000000e+00 0.000000000000000000e+00 -3.394027314754397675e-08 -3.449214916836997988e-08 -7.866891598344371955e-09 -5.093654239489438432e-09 9.389650333101297975e-10 2.581478648808117571e-09 4.466510765897834774e-10 -2.584420047775402453e-10 5.679264476699007958e-10 1.057852555854741157e-11 5.272531008600346960e-11 -5.409078772644272045e-09 -8.453333796599670327e-07 0.000000000000000000e+00
0.000000000000000000e+00 0.000000000000000000e+00 0.000000000000000000e+00 0.000000000000000000e+00 0.000000000000000000e+00 0.000000000000000000e+00 -1.313207860178007652e-09 4.561639228944141957e-10 1.055730008630692556e-10 -1.492596173712483053e-09 -1.635942630998822005e-09 5.202674053536709179e-10 -3.547249639557173385e-10 -4.146100406392228442e-10 -2.374380232407649912e-10 -8.275237872429286489e-11 -7.653480119197167077e-10 -2.865598310526046326e-08 -6.168430585294650077e-08 0.000000000000000000e+00
0.000000000000000000e+00 0.000000000000000000e+00 0.000000000000000000e+00 0.000000000000000000e+00 0.000000000000000000e+00 0.000000000000000000e+00 -9.062003669793396077e-10 -6.580101344183030879e-10 4.320773325797169244e-10 1.090516385163244507e-09 -2.767503201430953384e-09 3.908292466167004735e-11 -5.720502974233099515e-10 -6.774413641570315808e-10 -4.533182319553575844e-10 -2.118147834048173240e-10 7.006734388924109637e-03 -4.238201508924598875e-08 -5.270207269285636835e-08 0.000000000000000000e+00
0.000000000000000000e+00 0.000000000000000000e+00 0.000000000000000000e+00 0.000000000000000000e+00 0.000000000000000000e+00 0.000000000000000000e+00 -1.779661694227671013e-09 6.840489807713640530e-10 -1.215857038538936434e-09 2.770131505279950501e-10 -1.021462107057866210e-09 1.688666444340612515e-10 -6.991297517140479590e-10 -3.851803548586880697e-10 -4.456008080254451540e-10 -1.392273587984439512e-10 -7.859753960020947456e-10 4.591516217965826630e-06 -5.142828757805599338e+01 0.000000000000000000e+00
0.000000000000000000e+00 0.000000000000000000e+00 0.000000000000000000e+00 0.000000000000000000e+00 0.000000000000000000e+00 0.000000000000000000e+00 -1.851727589544863505e-09 7.009847316313055002e-10 -8.581434684098331043e-10 4.650975492336874949e-10 -1.067672586545439253e-09 2.360126773208869426e-10 -7.576041604043950278e-10 -4.541594318211598749e-10 -6.014351800232484047e-10 -2.494453141613031386e-10 -7.888677844110227368e-10 7.096653236809196351e-06 -4.196168818846467730e+01 0.000000000000000000e+00
