0.000000000000000000e+00 0.000000000000000000e+00 0.000000000000000000e+00 0.000000000000000000e+00 0.000000000000000000e+00 0.000000000000000000e+00 1.791124651754275697e-09 8.639874140178759420e-10 1.688700802383703966e-09 1.348465580596133925e-09 1.395251222310188656e-09 1.400241372602689074e-09 1.396506998651560403e-09 9.958737117407405726e-10 4.791688536196573224e-10 1.106248614245594674e-10 9.087920306514817302e-10 1.416133282830959448e-07 6.210541172199255118e-07 0.000000000000000000e+00
0.000000000000000000e+00 0.000000000000000000e+00 0.000000000000000000e+00 0.000000000000000000e+00 0.000000000000000000e+00 0.000000000000000000e+00 4.278196185441977321e-10 4.002886156000770929e-10 3.615766072528899669e-10 6.734025314371206120e-10 4.667068420489548324e-10 4.039155489069607624e-10 3.609334308490307860e-10 2.360024110192401064e-10 1.720257399927207549e-10 2.264819340031494849e-10 1.161444795833664460e-05 1.397899317455700709e-07 6.188039705803062001e-07 0.000000000000000000e+00
0.000000000000000000e+00 0.000000000000000000e+00 0.000000000000000000e+00 0.000000000000000000e+00 0.000000000000000000e+00 0.000000000000000000e+00 4.092074871782871277e-10 1.827676125450335164e-10 2.646997554768718673e-10 3.692569118846645536e-10 2.951971625314063411e-10 3.565889300792520672e-10 4.170273459819159314e-10 3.298474240828491851e-10 2.118870882297483849e-10 8.377819011661267471e-11 3.502715678618427913e-10 5.409842479705385216e-06 1.272027022918473449e+01 0.000000000000000000e+00
0.000000000000000000e+00 0.000000000000000000e+00 0.000000000000000000e+00 0.000000000000000000e+00 0.000000000000000000e+00 0.000000000000000000e+00 2.986844413859227377e-10 1.965355660120180426e-10 1.967951205256745286e-10 3.634553613365865720e-10 2.254345290357855274e-10 2.820987325125945249e-10 3.427186232268214221e-10 2.645597269692251261e-10 1.661342154918175354e-10 7.452432471268156771e-11 2.432312433697896679e-10 8.023316189808481170e-06 3.449381315081970456e+01 0.000000000000000000e+00
0.000000000000000000e+00 0.000000000000000000e+00 0.000000000000000000e+00 0.000000000000000000e+00 0.000000000000000000e+00 0.000000000000000000e+00 -7.173206184880217371e-09 -4.299633529809070768e-09 -6.010600787023420664e-09 -3.971073965265005301e-09 -2.724036462223984661e-09 -1.410101921614865204e-09 -1.057595846745026783e-09 -7.327667923049497516e-10 -2.668539685033089305e-10 -4.815566743482312586e-11 1.399132364439339458e-10 7.333146961452863085e-10 1.221868830627626236e-10 0.000000000000000000e+00
0.000000000000000000e+00 0.000000000000000000e+00 0.000000000000000000e+00 0.000000000000000000e+00 0.000000000000000000e+00 0.000000000000000000e+00 -5.356167018432160299e-09 3.934028709786227323e-09 4.484015228280394945e-10 1.361983248193819997e-09 -1.214856137597202914e-10 3.440123476396139197e-10 -1.397030618545862396e-10 3.837057922134700221e-11 -7.775628074552475092e-11 -7.562301289820687655e-11 2.260658255261906434e-10 6.913703352851277150e-10 1.219828728747319742e-10 0.000000000000000000e+00
0.000000000000000000e+00 0.000000000000000000e+00 0.000000000000000000e+00 0.000000000000000000e+00 0.000000000000000000e+00 0.000000000000000000e+00 -5.455441480805832227e-09 2.026734547879403689e-09 -2.029145552020433724e-09 4.827481838357695438e-10 -5.380910221220672839e-10 -8.943225306956832910e-11 -3.890474832063571007e-10 -2.103306425550923015e-10 -1.159824572732370655e-10 -3.330264580727540858e-11 5.553117953365911022e-11 4.215642675168354268e-10 -2.492026705063129703e-07 0.000000000000000000e+00
0.000000000000000000e+00 0.000000000000000000e+00 0.000000000000000000e+00 0.000000000000000000e+00 0.000000000000000000e+00 0.000000000000000000e+00 -5.084431627790692412e-09 2.703036173188443672e-09 -8.675031167669781154e-10 1.090939698013187304e-09 -1.756614778120317919e-10 1.656854075652000952e-10 -2.295827016336854628e-10 -4.817687043967790064e-11 -3.743537852277472494e-11 2.760198955269388587e-12 1.446881488987429191e-11 3.368955946120738168e-10 -4.648902103657015482e-07 0.000000000000000000e+00
0.000000000000000000e+00 0.000000000000000000e+00 0.000000000000000000e+00 0.000000000000000000e+00 0.000000000000000000e+00 0.000000000000000000e+00 -2.985984438123159688e-08 -2.388216569372064028e-08 -4.324049326058053138e-08 -5.079309618860377008e-09 -1.118107244289717554e-08 -4.270727066830723836e-09 -2.263706427645930678e-09 -1.022139318349661167e-09 -8.732781789919248530e-11 4.263958942363289556e-11 3.891601325704779587e-11 1.373683253705941775e-09 -3.567211931469640880e-10 0.000000000000000000e+00
0.000000000000000000e+00 0.000000000000000000e+00 0.000000000000000000e+00 0.000000000000000000e+00 0.000000000000000000e+00 0.000000000000000000e+00 -2.341313659088828111e-08 3.047506483288447995e-08 -4.609934725574437106e-09 1.288464874508951899e-08 -1.291950826640504217e-09 1.896182573667236831e-10 2.856204245562002545e-10 3.004997415228112039e-11 8.584603860705357629e-11 4.028086863762688803e-11 9.885002966148860772e-09 1.392284503034907533e-09 -3.647009198164076824e-10 0.000000000000000000e+00
0.000000000000000000e+00 0.000000000000000000e+00 0.000000000000000000e+00 0.000000000000000000e+00 0.000000000000000000e+00 0.000000000000000000e+00 -2.979849830785255615e-08 1.830993874219616238e-08 -1.473232055047753098e-08 6.383849962557688220e-09 -3.594467247730357277e-09 -1.403735079098206825e-09 -3.638373061880742364e-10 -3.431171559788721396e-10 5.964690209375442512e-11 6.251574583123666725e-11 -9.980439675742643446e-11 1.919680556309782002e-09 -5.584949232829691177e-06 0.000000000000000000e+00
0.000000000000000000e+00 0.000000000000000000e+00 0.000000000000000000e+00 0.000000000000000000e+00 0.000000000000000000e+00 0.000000000000000000e+00 -2.785988488653454918e-08 2.424128276085324999e-08 -9.649961779143439698e-09 8.472853215389153022e-09 -2.240660835457483914e-09 -6.559621238782609218e-10 3.101526909512350459e-11 -1.403110949922379150e-10 1.200146515332324280e-10 1.113652506608584603e-10 -1.386153052012134734e-10 1.825409503342489671e-09 -9.643823521460082867e-06 0.000000000000000000e+00
0.000000000000000000e+00 0.000000000000000000e+00 0.000000000000000000e+00 0.000000000000000000e+00 0.000000000000000000e+00 0.000000000000000000e+00 5.282831547445714373e-10 -1.066406611251836565e-09 -5.131680253878057303e-10 1.182577960812390908e-09 -4.524262352389496278e-11 3.980371844654087312e-11 -2.705164116596929167e-10 -1.723605583416593641e-10 -1.740268302122110773e-10 -2.622312318437199033e-11 -4.956829149155597975e-10 -5.908955516326551007e-08 -3.071649030609818546e-06 0.000000000000000000e+00
0.000000000000000000e+00 0.000000000000000000e+00 0.000000000000000000e+00 0.000000000000000000e+00 0.000000000000000000e+00 0.000000000000000000e+00 7.230681382785992322e-09 3.711937369524032804e-09 -7.282806832684197513e-10 -3.961313186747436379e-10 -2.298936343860078763e-11 2.162935603468866397e-10 -1.023667498596347159e-09 -4.055464600125261606e-10 -2.038046163043525879e-10 -2.914413261191725250e-11 -2.207447428928541958e-03 -5.706292697885031462e-08 -3.070577557810400562e-06 0.000000000000000000e+00
0.000000000000000000e+00 0.000000000000000000e+00 0.000000000000000000e+00 0.000000000000000000e+00 0.000000000000000000e+00 0.000000000000000000e+00 1.870523569970871920e-09 2.176187043268664323e-09 7.392314261966914767e-10 3.109021116042443393e-10 1.380263707577024806e-10 -3.814402923831418563e-10 -6.878170916630200191e-10 -3.650754814003645315e-10 -2.558269583295838582e-10 -3.811508340547487455e-11 -3.518004758151611732e-10 -4.627881684560963061e-06 -9.367173045308486712e-01 0.000000000000000000e+00
0.000000000000000000e+00 0.000000000000000000e+00 0.000000000000000000e+00 0.000000000000000000e+00 0.000000000000000000e+00 0.000000000000000000e+00 2.199170129200947588e-09 2.673809603569135626e-09 8.034548352826896798e-10 2.681932311367261738e-10 2.227144961212490485e-10 -3.788506024639282928e-10 -8.536754249360956266e-10 -4.175738879849769081e-10 -2.982811485810963901e-10 -7.906816394857470285e-11 -2.547793340618146010e-10 -7.285666117506645333e-06 2.497453473021964498e+01 0.000000000000000000e+00
