0.000000000000000000e+00 0.000000000000000000e+00 0.000000000000000000e+00 0.000000000000000000e+00 0.000000000000000000e+00 0.000000000000000000e+00 5.401016004181929868e-09 5.117266365022565373e-09 4.279491518071055160e-09 4.423756931709153883e-09 3.784540539030923759e-09 4.818238371721944443e-09 3.626695594652386260e-09 2.543756004658492488e-09 1.350722997999081314e-09 3.072507048237860100e-10 2.649616193657017582e-09 2.857693943792358371e-07 8.035445424904397190e-07 0.000000000000000000e+00
0.000000000000000000e+00 0.000000000000000000e+00 0.000000000000000000e+00 0.000000000000000000e+00 0.000000000000000000e+00 0.000000000000000000e+00 -2.044137689597287308e-10 2.020484867663670151e-09 2.909040333739818936e-10 1.258612762598649261e-09 1.293583154570774829e-09 1.252501844870354551e-09 8.539858932587407418e-10 5.763242490991471061e-10 4.786664618061103116e-10 5.980719161721420533e-10 1.356602049037099785e-04 2.787682049859687414e-07 8.020664151989360111e-07 0.000000000000000000e+00
0.000000000000000000e+00 0.000000000000000000e+00 0.000000000000000000e+00 0.000000000000000000e+00 0.000000000000000000e+00 0.000000000000000000e+00 2.384165036263545949e-10 1.106341736379446200e-09 3.803064447082022026e-10 8.385274036046528252e-10 8.599114744535374342e-10 1.129983341039867618e-09 1.071275887734204174e-09 8.269980996063548301e-10 6.267180573589317540e-10 2.278147104587890103e-10 1.041271962427644308e-09 8.283286809111360975e-06 -2.008524329973646161e+00 0.000000000000000000e+00
0.000000000000000000e+00 0.000000000000000000e+00 0.000000000000000000e+00 0.000000000000000000e+00 0.000000000000000000e+00 0.000000000000000000e+00 1.503208508238510721e-10 7.751380438102237842e-10 1.860442005011922544e-10 6.109750043896007546e-10 6.908315848115116054e-10 8.727111235209316076e-10 8.531511389861321752e-10 6.439018672857467955e-10 4.728428345630272694e-10 1.717066847712588276e-10 5.769205956664337487e-10 1.230398524040985308e-05 -1.421076384062213549e+01 0.000000000000000000e+00
0.000000000000000000e+00 0.000000000000000000e+00 0.000000000000000000e+00 0.000000000000000000e+00 0.000000000000000000e+00 0.000000000000000000e+00 -1.063572646149234879e-09 -3.452114848066124498e-10 -6.217581886532955895e-09 -8.092597431467949746e-09 -2.805135222272887906e-09 -2.448389952114383293e-09 -1.711599493393994604e-09 -7.797710925187095263e-10 -4.036382436999735874e-10 -9.231200390382439109e-11 2.010014292687632804e-10 1.112907265304898725e-09 3.731516446905235941e-11 0.000000000000000000e+00
0.000000000000000000e+00 0.000000000000000000e+00 0.000000000000000000e+00 0.000000000000000000e+00 0.000000000000000000e+00 0.000000000000000000e+00 3.848974941704789339e-09 2.134856500281214452e-09 3.587946786375097865e-09 -1.080565612878934923e-09 -1.011169756328782707e-09 3.965699936856267416e-10 -2.208650754725136280e-10 -7.990344408510636529e-11 -1.241320457719724587e-10 -1.392309399109102118e-10 -4.708807969664801033e-10 1.056412553896371266e-09 3.590143681416596147e-11 0.000000000000000000e+00
0.000000000000000000e+00 0.000000000000000000e+00 0.000000000000000000e+00 0.000000000000000000e+00 0.000000000000000000e+00 0.000000000000000000e+00 3.295759478209855382e-09 1.292573175247986466e-09 1.464960336431149244e-09 -2.338007743750170274e-09 -1.322111810284675754e-09 -4.507651610282931728e-10 -7.407139090246510373e-10 -2.834877957693506276e-10 -1.733377771880487028e-10 -7.255304951273717611e-11 8.160377350955761169e-11 6.085665920968547804e-10 2.631166269480413411e-07 0.000000000000000000e+00
0.000000000000000000e+00 0.000000000000000000e+00 0.000000000000000000e+00 0.000000000000000000e+00 0.000000000000000000e+00 0.000000000000000000e+00 4.023560299198704974e-09 1.508102487517715479e-09 2.482563987871527331e-09 -1.411532294124241730e-09 -1.086433220844285687e-09 -4.738025955413032448e-11 -4.897745804379672024e-10 -1.223993079109220829e-10 -5.893157901105896275e-11 -1.985604814852466333e-11 2.312000610162311610e-11 4.120651605048969865e-10 3.943586864177737923e-07 0.000000000000000000e+00
0.000000000000000000e+00 0.000000000000000000e+00 0.000000000000000000e+00 0.000000000000000000e+00 0.000000000000000000e+00 0.000000000000000000e+00 3.140644855798470828e-08 2.857260380487978651e-08 -4.828044343117568151e-08 -2.868869235430353622e-08 -1.761202611911731444e-08 -4.217400296932275822e-09 -6.920083074439461110e-11 -2.502777666536813954e-10 -2.470839432462431861e-10 -1.265281892027458808e-10 1.516613172932611703e-10 2.216709836043109162e-09 -3.659149601714481954e-09 0.000000000000000000e+00
0.000000000000000000e+00 0.000000000000000000e+00 0.000000000000000000e+00 0.000000000000000000e+00 0.000000000000000000e+00 0.000000000000000000e+00 3.595171718155830514e-08 1.113370057134918946e-08 4.391317751055898323e-09 -4.172845910210587671e-09 -1.440905415771531920e-09 5.322263847984776445e-09 1.785071774158811153e-09 1.234303685029181478e-10 -6.441624148607999850e-11 -1.518902508802908882e-10 1.131292126837747233e-08 2.057315503527219208e-09 -3.701992094974291929e-09 0.000000000000000000e+00
0.000000000000000000e+00 0.000000000000000000e+00 0.000000000000000000e+00 0.000000000000000000e+00 0.000000000000000000e+00 0.000000000000000000e+00 3.827486720856717674e-08 9.743298047012279719e-09 -7.350186150257440364e-09 -8.554159414879253281e-09 -5.162479295763876486e-09 1.949115206054892711e-09 1.070516070232628633e-09 1.639360228723059475e-10 -5.926337969910839632e-11 -8.349988638557026870e-11 6.900328037410868886e-12 -3.348612395479409582e-09 -3.116544083098597038e-07 0.000000000000000000e+00
0.000000000000000000e+00 0.000000000000000000e+00 0.000000000000000000e+00 0.000000000000000000e+00 0.000000000000000000e+00 0.000000000000000000e+00 3.807157105154624686e-08 7.130191476420955898e-09 -1.295736066226301732e-09 -5.456272214518943045e-09 -2.953585421557719854e-09 3.197406720501595596e-09 1.331883436569937988e-09 2.516392725658392209e-10 -5.270655461302525086e-12 -1.351034759115872598e-11 -6.138139634217828238e-11 -5.071581678767023619e-09 -2.555836056162551322e-07 0.000000000000000000e+00
0.000000000000000000e+00 0.000000000000000000e+00 0.000000000000000000e+00 0.000000000000000000e+00 0.000000000000000000e+00 0.000000000000000000e+00 4.988089245332518888e-10 -7.572913569488268893e-10 2.914952777494046022e-10 9.077203645335833724e-10 2.371736824643325760e-10 -6.113618813770350134e-10 -4.809101438645325559e-10 -2.105103102571440763e-10 -6.162887619748380912e-11 -1.017625583272627093e-10 -7.681874264323174291e-10 -9.546259268229029481e-08 7.184912780383100091e-06 0.000000000000000000e+00
0.000000000000000000e+00 0.000000000000000000e+00 0.000000000000000000e+00 0.000000000000000000e+00 0.000000000000000000e+00 0.000000000000000000e+00 2.084717884348979701e-09 8.784211447915986123e-09 7.386558775999729455e-10 2.008882305019856910e-09 1.958049308950725842e-09 -1.121492610058775594e-09 -5.560070644201544362e-10 -1.007475517604775460e-10 -1.224677916489409904e-10 -5.896939003259494967e-11 -1.382130416728037789e-03 -9.902422655456648607e-08 7.164761156239453368e-06 0.000000000000000000e+00
0.000000000000000000e+00 0.000000000000000000e+00 0.000000000000000000e+00 0.000000000000000000e+00 0.000000000000000000e+00 0.000000000000000000e+00 1.148875962318792668e-09 3.919127702143491713e-09 1.228458713023678449e-09 -2.133447854852136522e-10 4.760108456393399245e-10 -5.327578897983156218e-10 -6.105291201710164573e-10 -3.636190732415665299e-13 -8.464552661500478081e-11 -1.132841787893307956e-10 -3.807114676402830531e-10 -5.062901866394023679e-06 7.009537013674060901e+00 0.000000000000000000e+00
0.000000000000000000e+00 0.000000000000000000e+00 0.000000000000000000e+00 0.000000000000000000e+00 0.000000000000000000e+00 0.000000000000000000e+00 1.232553948898373750e-09 3.613019520275170659e-09 1.375705668998529272e-09 -1.983275672668402192e-10 5.664180791866601068e-10 -5.490531084675222666e-10 -5.729938055676040948e-10 2.346895194219143924e-11 -1.286233028058872232e-10 -1.299747393298704455e-10 -2.271941657787747396e-10 -7.140726450241180883e-06 -2.911816323257021111e+01 0.000000000000000000e+00
