0.000000000000000000e+00 0.000000000000000000e+00 0.000000000000000000e+00 0.000000000000000000e+00 0.000000000000000000e+00 0.000000000000000000e+00 4.203294950775050238e-09 3.533034416626424100e-09 3.140949290540889201e-09 2.600900695190076466e-09 2.345406367030306448e-09 2.846258516445088412e-09 2.172427177782847797e-09 1.797602438683276518e-09 9.088819831573220307e-10 1.784146007190436016e-10 1.853518205937332111e-09 1.947739138584195546e-07 -3.347307811502154776e-07 0.000000000000000000e+00
0.000000000000000000e+00 0.000000000000000000e+00 0.000000000000000000e+00 0.000000000000000000e+00 0.000000000000000000e+00 0.000000000000000000e+00 -1.766552315393017848e-12 5.870984414946710592e-10 3.884918238357440449e-10 9.184146299904149238e-10 5.074208378397513563e-10 6.431832719216209381e-10 4.735807100947928212e-10 2.817656241209614715e-10 2.885316374673921165e-10 4.159637805384648666e-10 1.668870803816678778e-04 1.934705009298160830e-07 -3.331088937640264754e-07 0.000000000000000000e+00
0.000000000000000000e+00 0.000000000000000000e+00 0.000000000000000000e+00 0.000000000000000000e+00 0.000000000000000000e+00 0.000000000000000000e+00 5.718086367885740014e-10 6.234537390941324522e-10 2.561786133245152925e-10 5.449707659102690716e-10 3.583815095625494235e-10 5.358177244877022469e-10 5.399267282527672036e-10 5.001199083340244746e-10 3.437969196661135318e-10 1.183269837304144041e-10 6.529512024229509539e-10 5.509371952255200902e-06 -1.123085035096227102e+01 0.000000000000000000e+00
0.000000000000000000e+00 0.000000000000000000e+00 0.000000000000000000e+00 0.000000000000000000e+00 0.000000000000000000e+00 0.000000000000000000e+00 1.522728236602751224e-10 4.064218933385689582e-10 2.248199240490034076e-10 4.304555047277022904e-10 2.489434789000863212e-10 3.764941346725442430e-10 4.224665634731355256e-10 3.488987631334612444e-10 2.194599523590586397e-10 7.351514717461350250e-11 3.358383658933332512e-10 8.235932540239329245e-06 -6.443057504567566696e+01 0.000000000000000000e+00
0.000000000000000000e+00 0.000000000000000000e+00 0.000000000000000000e+00 0.000000000000000000e+00 0.000000000000000000e+00 0.000000000000000000e+00 -2.739298876305653782e-08 -7.199369466322910493e-09 -7.367876623474872673e-09 -6.811084932985636308e-09 -5.185507254051424934e-09 -2.057819024354332936e-09 -1.155792609388849228e-09 -9.176824922822980234e-10 -3.625511577072099749e-10 -8.072412817071485165e-11 1.909195793513981059e-10 1.089162992858483361e-09 1.830580947131715340e-10 0.000000000000000000e+00
0.000000000000000000e+00 0.000000000000000000e+00 0.000000000000000000e+00 0.000000000000000000e+00 0.000000000000000000e+00 0.000000000000000000e+00 1.493302959962148169e-09 -3.889003541029576574e-09 -1.225257140481943181e-09 -7.702512115357214143e-10 1.241108035057738760e-09 3.416405031135297719e-10 9.507849439572240957e-11 -1.182017419012161528e-10 -1.102883486869367190e-10 -1.292432732503853809e-10 -1.018128263564778672e-09 1.043205445727468575e-09 1.821762569976906302e-10 0.000000000000000000e+00
0.000000000000000000e+00 0.000000000000000000e+00 0.000000000000000000e+00 0.000000000000000000e+00 0.000000000000000000e+00 0.000000000000000000e+00 -8.746293232207537962e-09 -2.132897269959352329e-09 -2.274779064713633121e-09 -2.512348701080282901e-09 -1.860788913269732048e-10 -2.830961948301244937e-10 -2.577677860889659958e-10 -3.671849591612023976e-10 -1.604480827960024080e-10 -5.811204324920424770e-11 7.746772669156677859e-11 3.697083404167471444e-10 2.670272907751294777e-07 0.000000000000000000e+00
0.000000000000000000e+00 0.000000000000000000e+00 0.000000000000000000e+00 0.000000000000000000e+00 0.000000000000000000e+00 0.000000000000000000e+00 -4.608883970005820059e-09 -2.036380452889569036e-09 -1.595766248178716421e-09 -1.851715988607542991e-09 5.806379140126398840e-10 8.450179640828282646e-11 -3.947602714063583537e-11 -1.894694387217218745e-10 -5.779854351340210894e-11 -4.800343817180435798e-12 2.231605994035299853e-11 1.677971237301812569e-10 4.676402931916687607e-07 0.000000000000000000e+00
0.000000000000000000e+00 0.000000000000000000e+00 0.000000000000000000e+00 0.000000000000000000e+00 0.000000000000000000e+00 0.000000000000000000e+00 -1.612157717310085668e-07 -5.702767848108135164e-08 -4.275054784873978612e-08 -2.036028552894128445e-08 -1.512537862137803926e-08 -6.803199772276178791e-09 -3.356064064700680045e-09 -1.272128539877857001e-09 -1.394630070110367734e-10 9.067260628693380737e-11 8.831339800797356890e-11 2.594341924673680713e-09 -9.972313556577008344e-10 0.000000000000000000e+00
0.000000000000000000e+00 0.000000000000000000e+00 0.000000000000000000e+00 0.000000000000000000e+00 0.000000000000000000e+00 0.000000000000000000e+00 1.732524286245691662e-08 -1.921898516024275184e-08 -3.070477083567507713e-09 1.576982798463032548e-08 3.360132247523759512e-09 2.859562800218791817e-09 1.239540356893766394e-09 1.860508644555881540e-10 -8.018449362643834777e-13 5.918010691497122246e-11 -3.755282883578972665e-08 2.644022601820676369e-09 -9.938039416656505816e-10 0.000000000000000000e+00
0.000000000000000000e+00 0.000000000000000000e+00 0.000000000000000000e+00 0.000000000000000000e+00 0.000000000000000000e+00 0.000000000000000000e+00 -4.606976580081919639e-08 -1.617342953950577703e-08 -1.214934806891611124e-08 5.376872583001453162e-10 -7.789183081310716949e-10 2.529283092811996863e-10 2.680907634493352196e-10 -2.447650342680407054e-11 1.055118105881084847e-11 1.234859909577691702e-10 -4.097353971353021241e-12 4.934639714677650097e-09 -7.061594813799050649e-07 0.000000000000000000e+00
0.000000000000000000e+00 0.000000000000000000e+00 0.000000000000000000e+00 0.000000000000000000e+00 0.000000000000000000e+00 0.000000000000000000e+00 -2.099435613148977854e-08 -1.207802021350266356e-08 -6.750021498308817952e-09 4.528947047291643636e-09 1.537175916962124485e-09 1.628641893777632544e-09 1.029755979471468036e-09 3.230613391628797186e-10 6.935151423568294312e-11 1.854644101251046551e-10 -5.488813690563787347e-11 5.089499787622354475e-09 -1.875791299237504853e-06 0.000000000000000000e+00
0.000000000000000000e+00 0.000000000000000000e+00 0.000000000000000000e+00 0.000000000000000000e+00 0.000000000000000000e+00 0.000000000000000000e+00 -3.693742842351532559e-09 1.887255897828071753e-09 9.933586222124157043e-11 6.488783587531097761e-10 7.321333796089074512e-10 1.153895614698542271e-10 -3.872743104816801606e-10 5.609920636585780312e-11 -2.179486751663055137e-10 -6.967443645693487273e-11 -7.889919924790490828e-10 -3.395358149326596046e-08 -9.447848179322787903e-07 0.000000000000000000e+00
0.000000000000000000e+00 0.000000000000000000e+00 0.000000000000000000e+00 0.000000000000000000e+00 0.000000000000000000e+00 0.000000000000000000e+00 -2.736918307456969086e-09 -5.059864464090669264e-10 -2.120281260847343007e-09 4.479060380207566578e-09 -1.170074397197796459e-09 -9.633827094256838602e-10 -8.955289168384993157e-10 -3.824497097462522227e-10 -3.092652490573025227e-10 -1.284780927251702072e-10 4.411114908259353845e-03 -1.936107259934062499e-08 -9.457019076668971374e-07 0.000000000000000000e+00
0.000000000000000000e+00 0.000000000000000000e+00 0.000000000000000000e+00 0.000000000000000000e+00 0.000000000000000000e+00 0.000000000000000000e+00 -3.750190763260674761e-09 1.549026671115725022e-09 3.502391232124864803e-10 1.498536060773215662e-09 1.854760535029414045e-10 -4.263456953818150382e-11 -7.105136247137097683e-10 -2.287898490288885874e-10 -3.037505102818081901e-10 -8.562147743016946496e-11 -5.065411783720326339e-10 -6.501913678641231278e-06 -8.916625961137366119e+01 0.000000000000000000e+00
0.000000000000000000e+00 0.000000000000000000e+00 0.000000000000000000e+00 0.000000000000000000e+00 0.000000000000000000e+00 0.000000000000000000e+00 -3.287688161341391153e-09 1.249405296327312167e-09 3.936080599738323898e-10 1.926198265529679989e-09 8.267731577246703537e-11 -1.260201174674960943e-10 -8.504945945170161919e-10 -2.950012855808482433e-10 -3.410610099707879722e-10 -1.203838447754083583e-10 -3.904798899820627497e-10 -9.570838113869223088e-06 -3.312380844982504868e+02 0.000000000000000000e+00
