0.000000000000000000e+00 0.000000000000000000e+00 0.000000000000000000e+00 0.000000000000000000e+00 0.000000000000000000e+00 0.000000000000000000e+00 4.525168869281735633e-09 4.437968434814864454e-09 5.349184344205941921e-09 3.908616778445452405e-09 5.118602547784703687e-09 5.349210494393616031e-09 4.490467109114332603e-09 3.452054993305534894e-09 1.875132739197090233e-09 3.865874190532725471e-10 3.810524573840808529e-09 3.436318800537933727e-07 2.066472394441025548e-07 0.000000000000000000e+00
0.000000000000000000e+00 0.000000000000000000e+00 0.000000000000000000e+00 0.000000000000000000e+00 0.000000000000000000e+00 0.000000000000000000e+00 2.399473452626051171e-09 9.674932853342378243e-11 1.006004906636238186e-09 1.305421016272979160e-09 1.246816995948517457e-09 1.002815050712782083e-09 6.774288357777335002e-10 4.657953482435019775e-10 5.337209232982344795e-10 7.624394706850131037e-10 3.195252487971312542e-04 3.362736136726958417e-07 2.084957732046876426e-07 0.000000000000000000e+00
0.000000000000000000e+00 0.000000000000000000e+00 0.000000000000000000e+00 0.000000000000000000e+00 0.000000000000000000e+00 0.000000000000000000e+00 6.622228748930270393e-10 7.740284104316458121e-10 7.073257651589275874e-10 8.015815759702232214e-10 7.609369107698266468e-10 1.033051397588638126e-09 9.455332640834312599e-10 8.725093711351117320e-10 6.917631598493148983e-10 2.603856499038559974e-10 1.284026284843747294e-09 6.928924677180201496e-06 -3.120412465074741348e+01 0.000000000000000000e+00
0.000000000000000000e+00 0.000000000000000000e+00 0.000000000000000000e+00 0.000000000000000000e+00 0.000000000000000000e+00 0.000000000000000000e+00 6.620061646954122975e-10 4.377690692753509806e-10 5.437932554664357368e-10 6.504095666089717121e-10 5.776472078244212546e-10 7.372091364555186424e-10 6.774361599981612247e-10 5.602177710941939430e-10 4.071314679978744187e-10 1.455391251672030849e-10 5.517529199108604969e-10 1.050486154053209152e-05 -1.310338684317763978e+02 0.000000000000000000e+00
0.000000000000000000e+00 0.000000000000000000e+00 0.000000000000000000e+00 0.000000000000000000e+00 0.000000000000000000e+00 0.000000000000000000e+00 -1.570000779198017374e-08 -7.059381243121826595e-09 -9.015314711101921266e-09 -4.376756253345305479e-09 -2.803137691657234176e-09 -2.757218273808318100e-09 -1.457581376232768639e-09 -9.498478423124910153e-10 -4.623354331127736915e-10 -1.136412434765581459e-10 2.370681143873848872e-10 1.179694291811393368e-09 3.408947069341543244e-11 0.000000000000000000e+00
0.000000000000000000e+00 0.000000000000000000e+00 0.000000000000000000e+00 0.000000000000000000e+00 0.000000000000000000e+00 0.000000000000000000e+00 -3.990270052454954836e-10 -1.977787443173824412e-09 1.699983533223167743e-09 2.735160090596500703e-09 6.207206865209541089e-10 1.047569546797090487e-09 3.211436537647903057e-10 -2.558513515083799232e-11 -1.750483737656283100e-10 -1.676147078758537937e-10 -5.643506153709286831e-09 1.125777931589615416e-09 3.424010435259747634e-11 0.000000000000000000e+00
0.000000000000000000e+00 0.000000000000000000e+00 0.000000000000000000e+00 0.000000000000000000e+00 0.000000000000000000e+00 0.000000000000000000e+00 -3.079909563363568734e-09 -7.727212239456687390e-09 -2.065306239224008608e-09 1.244628910387161654e-09 -4.605785745852138350e-10 -1.515792173674664458e-10 -2.821279722979340470e-10 -3.001773645519999513e-10 -2.188122273878847297e-10 -8.863856436649713220e-11 1.001976057983741325e-10 1.841384362399399947e-10 2.457071516842770782e-08 0.000000000000000000e+00
0.000000000000000000e+00 0.000000000000000000e+00 0.000000000000000000e+00 0.000000000000000000e+00 0.000000000000000000e+00 0.000000000000000000e+00 -1.091600791428970264e-09 -6.226402334169699350e-09 -3.432736503332434305e-10 1.982947537778526915e-09 -1.270287543064880117e-10 4.020633270308534428e-10 1.844807144364593276e-11 -9.805747250732064539e-11 -9.496399673202359723e-11 -2.904435711053829271e-11 3.320527973439831858e-11 -1.077294336267664097e-10 1.001456623238168249e-07 0.000000000000000000e+00
0.000000000000000000e+00 0.000000000000000000e+00 0.000000000000000000e+00 0.000000000000000000e+00 0.000000000000000000e+00 0.000000000000000000e+00 -1.116475035858545387e-07 -2.656514733965780031e-08 -4.895009791250252528e-08 -3.820861164769135976e-08 -1.990516083283287328e-08 -1.018042826901196969e-08 -2.577146815881376986e-09 -9.637455721712379510e-11 -7.002252318833483104e-11 -7.188724252860141554e-11 3.749928178029022992e-11 1.461870034942202502e-09 9.127739193937859344e-10 0.000000000000000000e+00
0.000000000000000000e+00 0.000000000000000000e+00 0.000000000000000000e+00 0.000000000000000000e+00 0.000000000000000000e+00 0.000000000000000000e+00 3.486649370414867924e-09 -1.109678399498736060e-08 8.999493772247878983e-09 -5.450164744422780618e-09 -1.510932466458560329e-09 1.809993989673953384e-09 -4.922339768325039953e-11 5.069525198599781217e-10 5.258485488873486194e-11 -7.694222139141057357e-11 -2.442262123023613285e-08 1.468168612452887184e-09 9.439084259626209068e-10 0.000000000000000000e+00
0.000000000000000000e+00 0.000000000000000000e+00 0.000000000000000000e+00 0.000000000000000000e+00 0.000000000000000000e+00 0.000000000000000000e+00 -2.089913767023577173e-08 -2.442614300305967068e-08 -1.228643408387176414e-08 -9.389963470028778087e-09 -6.977041042927302243e-09 -1.093733099575633869e-09 -6.405815994159015767e-10 3.407602974735426815e-10 7.080527402863856755e-11 -6.527396736400972749e-11 -1.495307860646484568e-10 -8.902426248353432761e-09 7.885784708913331871e-07 0.000000000000000000e+00
0.000000000000000000e+00 0.000000000000000000e+00 0.000000000000000000e+00 0.000000000000000000e+00 0.000000000000000000e+00 0.000000000000000000e+00 -7.638846026446043147e-09 -1.982799789852619734e-08 -3.847353262137233285e-09 -4.812560173684611423e-09 -4.594648210427449033e-09 6.701074584500841121e-10 -2.415649435655604528e-10 4.277563620594425283e-10 1.390495826269904240e-10 -2.143754013371834151e-11 -2.256665194958077631e-10 -1.168962501506362768e-08 -2.078064263838976043e-07 0.000000000000000000e+00
0.000000000000000000e+00 0.000000000000000000e+00 0.000000000000000000e+00 0.000000000000000000e+00 0.000000000000000000e+00 0.000000000000000000e+00 -1.640265967478778102e-09 -3.141072837621513210e-10 1.765976878268678815e-09 1.315348171448700657e-11 2.685457539650613231e-10 -7.162063855286541037e-10 -5.098568556415332475e-10 -3.798769061398117168e-10 -4.344122214140071132e-10 -9.372577351944735426e-11 -9.621459776891765696e-10 1.497311243091665682e-08 4.361229765718563604e-07 0.000000000000000000e+00
0.000000000000000000e+00 0.000000000000000000e+00 0.000000000000000000e+00 0.000000000000000000e+00 0.000000000000000000e+00 0.000000000000000000e+00 -6.906476876725336790e-09 9.394502157190392314e-11 4.900439138379699157e-09 8.304137122052896865e-10 4.069750743083110614e-10 -2.047409860880013323e-09 -4.448994924725943665e-10 -5.400275353108546039e-10 -4.707347501940916765e-10 -1.973827725844203623e-10 -5.835057419830364314e-04 2.117010375806171164e-08 4.404573094542954214e-07 0.000000000000000000e+00
0.000000000000000000e+00 0.000000000000000000e+00 0.000000000000000000e+00 0.000000000000000000e+00 0.000000000000000000e+00 0.000000000000000000e+00 -8.629414412483529845e-10 1.277989150690640583e-09 1.535960259061077273e-09 1.270209207880033281e-10 9.233738731457995715e-10 -4.786939087864187909e-10 -2.502192431971331138e-10 -3.464793336102615682e-10 -4.052121495534265932e-10 -9.473402704107614482e-11 -4.925343113864819093e-10 7.724906265530647191e-06 -7.705688406499457521e+00 0.000000000000000000e+00
0.000000000000000000e+00 0.000000000000000000e+00 0.000000000000000000e+00 0.000000000000000000e+00 0.000000000000000000e+00 0.000000000000000000e+00 -1.456777236048942768e-09 1.246855984559820362e-09 2.073965318806213210e-09 2.907772349527318397e-10 9.945319945571065854e-10 -5.450704817784323495e-10 -2.719351521629286663e-10 -3.418905846812411590e-10 -3.963684450467961899e-10 -1.453550434274208088e-10 -2.800119180055112781e-10 1.111792706778345034e-05 9.618738540264891412e+01 0.000000000000000000e+00
