0.000000000000000000e+00 0.000000000000000000e+00 0.000000000000000000e+00 0.000000000000000000e+00 0.000000000000000000e+00 0.000000000000000000e+00 1.243745132992352573e-08 2.013690452858547063e-08 6.537992603417666772e-09 8.037271196514563511e-09 7.368197862740630762e-09 8.647385889433237713e-09 7.328157530158209472e-09 5.859370210963342924e-09 3.384771444180598000e-09 9.832346401943340037e-10 1.360254450717556335e-09 1.363358625439784683e-07 3.565192502043979103e-06 0.000000000000000000e+00
0.000000000000000000e+00 0.000000000000000000e+00 0.000000000000000000e+00 0.000000000000000000e+00 0.000000000000000000e+00 0.000000000000000000e+00 1.455823568218413252e-09 3.129952301458934264e-09 3.097376653872913060e-09 2.782610261482456643e-09 1.902479597034199032e-09 2.338298785703392151e-09 1.448160658903185944e-09 9.007883914933482568e-10 6.685728003938738994e-10 7.264283546296854629e-10 2.196347239594346489e-05 1.436057258488486193e-07 3.574933554815053031e-06 0.000000000000000000e+00
0.000000000000000000e+00 0.000000000000000000e+00 0.000000000000000000e+00 0.000000000000000000e+00 0.000000000000000000e+00 0.000000000000000000e+00 3.194871848651242225e-09 4.246864488535929916e-09 1.979401461859130509e-09 2.157295867385218796e-09 1.537053970410360048e-09 2.040039792541498384e-09 1.908315899848144755e-09 1.627781906035141516e-09 1.241367355535406020e-09 5.389696982169166073e-10 5.677502758648430905e-10 4.732221014401598204e-08 2.082107449843095992e+01 0.000000000000000000e+00
0.000000000000000000e+00 0.000000000000000000e+00 0.000000000000000000e+00 0.000000000000000000e+00 0.000000000000000000e+00 0.000000000000000000e+00 1.498830899162669220e-09 2.700250010003297038e-09 1.521116801975392119e-09 1.405392433112638368e-09 9.723115405303331604e-10 1.385867089179406387e-09 1.362511901630393324e-09 1.101072692528268022e-09 8.241717478316003058e-10 3.502003908667486117e-10 2.901239905380962574e-10 4.275389248446411280e-08 3.072920746403400472e+01 0.000000000000000000e+00
0.000000000000000000e+00 0.000000000000000000e+00 0.000000000000000000e+00 0.000000000000000000e+00 0.000000000000000000e+00 0.000000000000000000e+00 3.343839965339143114e-08 -2.252413638382362040e-08 -7.728311905805031062e-09 -9.121412739444389032e-09 -6.865016165492060502e-09 -5.668167225740231342e-09 -2.317440894948863868e-09 -1.198369225670330242e-09 -7.662747686118402120e-10 -2.318453930353241043e-10 1.071874139665337073e-10 8.396996973186328466e-10 1.181442855507034839e-09 0.000000000000000000e+00
0.000000000000000000e+00 0.000000000000000000e+00 0.000000000000000000e+00 0.000000000000000000e+00 0.000000000000000000e+00 0.000000000000000000e+00 1.258690571809763501e-08 -3.984761361885326243e-09 1.523492920224607308e-09 -6.238656316702401048e-10 3.887305019926678230e-10 -6.627076186408799317e-10 2.560517848346397198e-10 -5.248214386668597554e-11 -1.142396618273959018e-10 -1.374559470618967645e-10 -2.457942778920860039e-10 8.048892160220755492e-10 1.181972991271721624e-09 0.000000000000000000e+00
0.000000000000000000e+00 0.000000000000000000e+00 0.000000000000000000e+00 0.000000000000000000e+00 0.000000000000000000e+00 0.000000000000000000e+00 1.616173188049452029e-08 -9.536964078950757887e-09 6.171983629274208632e-10 -2.512698983794744231e-09 -1.811137784583880765e-09 -1.775319653634742577e-09 -5.559814840228550320e-10 -4.981500567733078515e-10 -2.955787878370554232e-10 -1.286639050984672929e-10 3.751896361848358299e-11 2.644047514193278850e-10 -4.689447145674706920e-08 0.000000000000000000e+00
0.000000000000000000e+00 0.000000000000000000e+00 0.000000000000000000e+00 0.000000000000000000e+00 0.000000000000000000e+00 0.000000000000000000e+00 1.265158928147519209e-08 -5.822677698925350201e-09 2.392326245206497649e-09 -8.190356538296248159e-10 -4.516393575394973423e-10 -7.261059034389235985e-10 -3.797280721316239925e-11 -2.533555129226763770e-10 -8.998601764115812200e-11 -3.787693508426679287e-11 1.025130470309652845e-11 7.401719514731093733e-11 -5.804011480498483434e-08 0.000000000000000000e+00
0.000000000000000000e+00 0.000000000000000000e+00 0.000000000000000000e+00 0.000000000000000000e+00 0.000000000000000000e+00 0.000000000000000000e+00 2.510173149422731246e-08 -5.304798521658528382e-08 -1.548489065506486832e-08 -5.497519439108370440e-08 -2.285105046168168712e-08 -1.631870722810481264e-08 -1.946149909226069716e-09 -2.303366751497350636e-09 -8.016209243860127350e-10 6.482687884422193367e-11 3.929739373315363861e-11 8.395491841818770667e-10 -1.681042337916098461e-09 0.000000000000000000e+00
0.000000000000000000e+00 0.000000000000000000e+00 0.000000000000000000e+00 0.000000000000000000e+00 0.000000000000000000e+00 0.000000000000000000e+00 2.055960871532029846e-09 1.749240354259579797e-08 -4.913063294818625229e-09 3.742401830547356067e-09 -1.885534967740165949e-09 -1.422602364611582990e-09 7.821813151711050468e-10 1.203111155318993126e-10 6.417195492517646718e-11 1.616374954782551557e-10 -1.284909641533409460e-08 6.739400173350027760e-10 -1.574936429667321153e-09 0.000000000000000000e+00
0.000000000000000000e+00 0.000000000000000000e+00 0.000000000000000000e+00 0.000000000000000000e+00 0.000000000000000000e+00 0.000000000000000000e+00 1.060523472554336879e-08 -3.719712729350456974e-09 2.892740161310423632e-09 -1.612683133100336818e-08 -7.448377965622312181e-09 -5.337921606549183683e-09 5.484760728635707788e-10 -4.726676986260339498e-10 -9.043934012379543066e-11 1.668262734432381343e-10 -7.923231912754593358e-11 3.230088767159534630e-10 -7.400905268705599405e-06 0.000000000000000000e+00
0.000000000000000000e+00 0.000000000000000000e+00 0.000000000000000000e+00 0.000000000000000000e+00 0.000000000000000000e+00 0.000000000000000000e+00 8.587150079753450144e-09 9.138736456958548880e-09 5.479530720792094817e-09 -5.385153531684801025e-09 -3.337537823788970117e-09 -2.160783523789658930e-09 1.149852409912744334e-09 7.057046164525968148e-11 1.693339067972226813e-10 2.455791146566004985e-10 -1.240988323253765743e-10 1.883521238155916234e-10 -8.978073321082445695e-06 0.000000000000000000e+00
0.000000000000000000e+00 0.000000000000000000e+00 0.000000000000000000e+00 0.000000000000000000e+00 0.000000000000000000e+00 0.000000000000000000e+00 2.957554622477514597e-09 1.760182411198726774e-09 2.270180598851794208e-09 -2.261176115259691910e-10 -7.446208476167802323e-11 -5.961778231437931938e-10 -1.055309525622208568e-09 -5.160312109204459903e-10 -2.968628522135920071e-10 5.996230692412626325e-11 -3.361112706063451149e-10 -1.851595041963521227e-08 4.669463438022562068e-06 0.000000000000000000e+00
0.000000000000000000e+00 0.000000000000000000e+00 0.000000000000000000e+00 0.000000000000000000e+00 0.000000000000000000e+00 0.000000000000000000e+00 8.796678918798321856e-10 -3.171641181276330073e-09 5.728828167064105090e-09 -2.914543595014458431e-09 1.249925037726637473e-09 -2.873498209066615333e-09 -1.772503308442197316e-09 -7.936420537300636388e-10 -4.301574745857590778e-10 -1.657797769182254567e-11 1.374881165412647865e-05 -2.016365359837881519e-08 4.662119041857698517e-06 0.000000000000000000e+00
0.000000000000000000e+00 0.000000000000000000e+00 0.000000000000000000e+00 0.000000000000000000e+00 0.000000000000000000e+00 0.000000000000000000e+00 1.270508770472875882e-09 6.725116232832704816e-10 2.451068437571741802e-09 -6.744474231603735704e-10 -1.360282015621602933e-11 -8.973221645468163697e-10 -1.326939692545322048e-09 -5.326110702231683601e-10 -4.389516758655652934e-10 3.061943142679673700e-11 -1.694328883559277686e-10 -3.333379437984698172e-08 -8.982772110127145382e+00 0.000000000000000000e+00
0.000000000000000000e+00 0.000000000000000000e+00 0.000000000000000000e+00 0.000000000000000000e+00 0.000000000000000000e+00 0.000000000000000000e+00 7.052072044073063204e-10 1.058789092612360814e-10 2.159288966099428227e-09 -1.005942283658926904e-09 9.633711764775248124e-11 -1.067147155719433538e-09 -1.442816138598121757e-09 -6.073643146202330571e-10 -5.233281952684035804e-10 -8.352186005751399815e-13 -1.021441975730462312e-10 -4.129234937727260946e-08 -1.374320397880065414e+01 0.000000000000000000e+00
