0.000000000000000000e+00 0.000000000000000000e+00 0.000000000000000000e+00 0.000000000000000000e+00 0.000000000000000000e+00 0.000000000000000000e+00 9.211860024203809378e-09 9.583438449154987511e-09 8.312148517311043563e-09 4.647755564706149959e-09 6.276136703240875425e-09 8.079386872706169835e-09 6.532291628206685681e-09 5.156663725829795542e-09 2.792318477422561441e-09 8.190808880548341898e-10 1.258816496273587450e-09 1.232289493357592792e-07 9.738693047077118443e-06 0.000000000000000000e+00
0.000000000000000000e+00 0.000000000000000000e+00 0.000000000000000000e+00 0.000000000000000000e+00 0.000000000000000000e+00 0.000000000000000000e+00 -1.063439607083698981e-09 1.599782069224703412e-09 1.852464801990521337e-09 1.287691821954984682e-10 8.294194098486998503e-10 6.934160722939938730e-10 6.035286793524071190e-10 3.676195713023900487e-10 4.439912993781911540e-10 6.832429370026427837e-10 2.225542304110767104e-05 1.286409474955876615e-07 9.740877358916771303e-06 0.000000000000000000e+00
0.000000000000000000e+00 0.000000000000000000e+00 0.000000000000000000e+00 0.000000000000000000e+00 0.000000000000000000e+00 0.000000000000000000e+00 1.215640676061780987e-09 2.556788598267598199e-09 1.542366410575279149e-09 7.262170982699789492e-10 1.161083287312641833e-09 1.414277890739317188e-09 1.289005618425984283e-09 1.045372751936786874e-09 7.970111376277796266e-10 4.058683433627106301e-10 4.942175755408591033e-10 4.738750514461198121e-08 2.868957387732915265e+01 0.000000000000000000e+00
0.000000000000000000e+00 0.000000000000000000e+00 0.000000000000000000e+00 0.000000000000000000e+00 0.000000000000000000e+00 0.000000000000000000e+00 8.501021776226039061e-11 1.767871200306869931e-09 1.115619460941137557e-09 4.561783795597808794e-10 6.496382949274537753e-10 7.937737115732361315e-10 7.750240132315485193e-10 5.321286206471701429e-10 4.387408042116915460e-10 2.315871443303023476e-10 2.535808395206088575e-10 4.879572481310060922e-08 4.223145082725241650e+01 0.000000000000000000e+00
0.000000000000000000e+00 0.000000000000000000e+00 0.000000000000000000e+00 0.000000000000000000e+00 0.000000000000000000e+00 0.000000000000000000e+00 -2.413166428763371716e-08 -2.557390432741965972e-08 -2.702276749765402001e-08 -1.443696417967976960e-08 -5.978571612376161406e-09 -4.443306166336392389e-09 -2.559515457323593754e-09 -1.473368409121787514e-09 -7.781058428663739607e-10 -2.308794932342015272e-10 1.302959212193571018e-10 8.703038504689121150e-10 1.155359607650129754e-09 0.000000000000000000e+00
0.000000000000000000e+00 0.000000000000000000e+00 0.000000000000000000e+00 0.000000000000000000e+00 0.000000000000000000e+00 0.000000000000000000e+00 -6.816478724478882444e-09 -1.099651835430342066e-08 -8.523471669773628718e-09 3.919288881953143817e-09 2.840730536945301612e-10 -3.948547414440736716e-10 3.370183263103537904e-11 -7.190395602329044732e-11 -1.471361996204631418e-10 -1.356417615443291860e-10 2.544700104589587787e-10 8.405180873468258160e-10 1.152870508745365294e-09 0.000000000000000000e+00
0.000000000000000000e+00 0.000000000000000000e+00 0.000000000000000000e+00 0.000000000000000000e+00 0.000000000000000000e+00 0.000000000000000000e+00 -1.048403116195888491e-08 -7.625121650094727419e-09 -1.132687697701532583e-08 -1.682795768669223761e-09 -1.648558362454024306e-09 -1.242768702136302747e-09 -7.985107280379700950e-10 -5.002930402475695050e-10 -3.410891269314934463e-10 -1.271764756538036673e-10 4.693054149322896985e-11 2.353778708753795389e-10 1.659818778264352177e-08 0.000000000000000000e+00
0.000000000000000000e+00 0.000000000000000000e+00 0.000000000000000000e+00 0.000000000000000000e+00 0.000000000000000000e+00 0.000000000000000000e+00 -6.590080220592461706e-09 -4.559859724977826932e-09 -7.340523761607998165e-09 1.681295493002972657e-09 -5.141938540642583098e-10 -3.886691096874702561e-10 -2.840277540443572336e-10 -1.905548740869892210e-10 -1.461254036751511291e-10 -3.718671477218431992e-11 1.381633705417071007e-11 1.948588457861643887e-11 1.839694923930940900e-08 0.000000000000000000e+00
0.000000000000000000e+00 0.000000000000000000e+00 0.000000000000000000e+00 0.000000000000000000e+00 0.000000000000000000e+00 0.000000000000000000e+00 -9.075743355897378970e-08 -1.515560201303418042e-07 -8.857402509194845152e-08 -4.278777804749664569e-08 -2.192038042467781778e-08 -1.422222365485055821e-08 -6.840407127187772646e-09 -1.793007212899315997e-09 -5.887307162495442789e-10 5.218811807972657755e-11 1.047508734756409692e-10 8.533599456404806761e-10 -2.717034799949048522e-09 0.000000000000000000e+00
0.000000000000000000e+00 0.000000000000000000e+00 0.000000000000000000e+00 0.000000000000000000e+00 0.000000000000000000e+00 0.000000000000000000e+00 -2.301236184369665037e-08 -5.976105004292569512e-08 -2.254644795489332444e-08 7.274668164578301317e-09 -1.963613640078710306e-10 -1.688464246540419130e-09 3.861227902237682030e-10 -7.335491765046208142e-11 1.369786414860250252e-10 1.869442243657938055e-10 -7.488386062609597930e-09 7.014272459297620276e-10 -2.658634053831390994e-09 0.000000000000000000e+00
0.000000000000000000e+00 0.000000000000000000e+00 0.000000000000000000e+00 0.000000000000000000e+00 0.000000000000000000e+00 0.000000000000000000e+00 -3.900959596727110369e-08 -6.049664704217570835e-08 -3.052932725571871402e-08 -4.109932190879188899e-09 -6.267645010112725138e-09 -4.161880179671186276e-09 -1.593533034517952177e-09 -4.474942204732339095e-10 -4.687551855868992668e-12 1.407121993605032577e-10 4.297274148954789176e-11 1.047622343312191236e-10 -4.243211104245773311e-06 0.000000000000000000e+00
0.000000000000000000e+00 0.000000000000000000e+00 0.000000000000000000e+00 0.000000000000000000e+00 0.000000000000000000e+00 0.000000000000000000e+00 -2.379987868503729277e-08 -4.185168825043966688e-08 -1.650441408135049649e-08 5.445458030877098527e-09 -2.367065499764631121e-09 -1.668320051551347563e-09 -1.410447990857128133e-10 -5.704594241907193154e-11 2.395186989068221065e-10 1.862033031534335906e-10 2.610379173948345388e-11 -6.151973300801025443e-11 -5.150602074478076384e-06 0.000000000000000000e+00
0.000000000000000000e+00 0.000000000000000000e+00 0.000000000000000000e+00 0.000000000000000000e+00 0.000000000000000000e+00 0.000000000000000000e+00 2.920884682953216882e-09 1.101853984689579944e-09 -1.804834259696184228e-09 -1.024249242771774058e-09 -8.741445463166415002e-10 -4.200371882085863965e-10 -6.376994686183495696e-10 -5.146829277391017131e-10 -2.261185476807261508e-10 -2.765389294662732888e-10 -5.176050573649520019e-10 -1.945859724728373465e-08 -1.010303589759886645e-05 0.000000000000000000e+00
0.000000000000000000e+00 0.000000000000000000e+00 0.000000000000000000e+00 0.000000000000000000e+00 0.000000000000000000e+00 0.000000000000000000e+00 1.351613310677531552e-09 -4.673840767732715705e-09 -5.511013572493801852e-09 -3.732096002593311239e-09 -2.968717696391243582e-09 -3.264299464894230052e-09 -6.723383170554557451e-10 -5.471194376609550735e-10 -3.450598499462637101e-10 -1.696405283569836644e-10 2.403188277419371794e-05 -2.019480115103464924e-08 -1.011305026685202240e-05 0.000000000000000000e+00
0.000000000000000000e+00 0.000000000000000000e+00 0.000000000000000000e+00 0.000000000000000000e+00 0.000000000000000000e+00 0.000000000000000000e+00 -3.477358168044046646e-09 1.101919864841294439e-10 -2.077051435878328354e-09 -1.132602470331947206e-09 -5.580770884737245526e-10 -1.103260657368832581e-09 -6.667074354467747406e-10 -3.670515361312039215e-10 -2.058784109735988873e-10 -3.385384654376855999e-10 -3.874713892908474579e-10 -3.681624720073610767e-08 -1.020111136105632355e+01 0.000000000000000000e+00
0.000000000000000000e+00 0.000000000000000000e+00 0.000000000000000000e+00 0.000000000000000000e+00 0.000000000000000000e+00 0.000000000000000000e+00 -4.808502526187444311e-09 -5.229167420257801520e-10 -2.119489353540296096e-09 -1.273679929500645735e-09 -6.182857935052545710e-10 -1.399721019762590681e-09 -6.587322933324992658e-10 -3.675079064089581714e-10 -2.779091334629121492e-10 -4.093259088226477790e-10 -3.308334403381557302e-10 -4.402893308159433163e-08 -1.522381773038251929e+01 0.000000000000000000e+00
