0.000000000000000000e+00 0.000000000000000000e+00 0.000000000000000000e+00 0.000000000000000000e+00 0.000000000000000000e+00 0.000000000000000000e+00 8.039647935912760768e-09 8.228090216046716512e-09 1.030962694250090832e-08 7.526226618103588989e-09 9.882939321792148076e-09 8.096137950326868992e-09 8.378128248600550361e-09 6.607064577962731352e-09 3.800561723555422621e-09 1.074449756502408137e-09 1.590371355389939659e-09 1.528846590031818687e-07 6.966798055851574083e-06 0.000000000000000000e+00
0.000000000000000000e+00 0.000000000000000000e+00 0.000000000000000000e+00 0.000000000000000000e+00 0.000000000000000000e+00 0.000000000000000000e+00 5.570391315630107312e-10 -7.115752098424570425e-10 1.807004725834962647e-09 2.009178459376529621e-09 1.651768709453827341e-09 1.291171480585019947e-09 1.002434207555343965e-09 7.132927694114443045e-10 5.936360779117509462e-10 7.196833061652255261e-10 1.498957819179249059e-05 1.592303053449025236e-07 6.966669021322391647e-06 0.000000000000000000e+00
0.000000000000000000e+00 0.000000000000000000e+00 0.000000000000000000e+00 0.000000000000000000e+00 0.000000000000000000e+00 0.000000000000000000e+00 1.076892188497136931e-09 1.820254649481035186e-09 2.494237489698000130e-09 1.915945643910171886e-09 1.937191664855551808e-09 1.787256287723526892e-09 2.002421183877941083e-09 1.684143018298922869e-09 1.262880333158388483e-09 5.567391689693053566e-10 6.328796149045147489e-10 4.717462214844819103e-08 -1.007220514897398971e+02 0.000000000000000000e+00
0.000000000000000000e+00 0.000000000000000000e+00 0.000000000000000000e+00 0.000000000000000000e+00 0.000000000000000000e+00 0.000000000000000000e+00 1.036982103211116501e-09 1.199461157317347508e-09 1.510379184348334601e-09 1.229421396877148458e-09 1.159647392775323694e-09 1.139179626992364877e-09 1.255689459967796935e-09 1.010448121423231308e-09 7.728606174451081572e-10 3.284939341396938263e-10 2.925313524334376539e-10 4.040895588180195264e-08 -1.494084417811271237e+02 0.000000000000000000e+00
0.000000000000000000e+00 0.000000000000000000e+00 0.000000000000000000e+00 0.000000000000000000e+00 0.000000000000000000e+00 0.000000000000000000e+00 -1.209779333760749903e-08 -7.660130916781961836e-09 -7.260207095618544238e-09 -8.488990158461391075e-09 -8.123209506097560189e-09 -2.562431201532777856e-09 -2.916272093369117704e-09 -1.580442098542040012e-09 -8.592809402198171515e-10 -2.564226039075061202e-10 1.323956577843740126e-10 8.530921373345193719e-10 1.170096306197779761e-09 0.000000000000000000e+00
0.000000000000000000e+00 0.000000000000000000e+00 0.000000000000000000e+00 0.000000000000000000e+00 0.000000000000000000e+00 0.000000000000000000e+00 1.171882276413651658e-09 3.824957158628922242e-09 6.215040024547946501e-10 2.801067251719892209e-09 3.368335245705035284e-10 7.475007819678641393e-10 -1.086755467749285574e-11 -6.477380710506700327e-12 -1.591577098889766510e-10 -1.603325721115248220e-10 -4.417146946299734143e-10 8.165952505804520625e-10 1.177534205033063218e-09 0.000000000000000000e+00
0.000000000000000000e+00 0.000000000000000000e+00 0.000000000000000000e+00 0.000000000000000000e+00 0.000000000000000000e+00 0.000000000000000000e+00 -3.356526368444229553e-09 -4.272763671546740115e-10 -6.561887479631143740e-10 -2.511875267320735564e-09 -2.003146261026486412e-09 -4.180347015419633567e-10 -1.050184761538756008e-09 -5.422284051485348853e-10 -3.735078738516994265e-10 -1.473835961328889895e-10 5.364212104159158936e-11 2.769099808352152164e-10 -1.125631491227449453e-07 0.000000000000000000e+00
0.000000000000000000e+00 0.000000000000000000e+00 0.000000000000000000e+00 0.000000000000000000e+00 0.000000000000000000e+00 0.000000000000000000e+00 -5.811677719373103090e-10 1.587830349551092798e-09 7.007891315163164320e-10 -4.708533149262349948e-10 -3.576979862786349399e-10 1.846993268702727203e-10 -4.797011096217086856e-10 -1.947050870181482972e-10 -1.602047788452761759e-10 -5.227584227977817410e-11 2.223170479703085359e-11 8.108838657555119756e-11 -1.337905075504819959e-07 0.000000000000000000e+00
0.000000000000000000e+00 0.000000000000000000e+00 0.000000000000000000e+00 0.000000000000000000e+00 0.000000000000000000e+00 0.000000000000000000e+00 -5.601249506348567644e-08 -1.313259115892262727e-08 -5.448646101591421420e-08 -4.149390801609433205e-08 -3.304335136975724084e-08 -1.410824116151292934e-08 -4.509281561149790445e-09 -6.970893382428430502e-10 -6.880347811703832717e-10 -8.888654709413087232e-11 8.904776001027309673e-11 6.127674465414402528e-10 6.240137159839462116e-09 0.000000000000000000e+00
0.000000000000000000e+00 0.000000000000000000e+00 0.000000000000000000e+00 0.000000000000000000e+00 0.000000000000000000e+00 0.000000000000000000e+00 1.620462361673842418e-08 1.281814127726162858e-08 -1.973232927288481937e-08 5.571770115948359551e-09 -8.597931261127707460e-09 1.833008877633937369e-09 7.439100144032506405e-10 7.297883455928794184e-10 2.953677198511461724e-10 4.392843037991086777e-11 1.819038364034697816e-09 5.532324350064232147e-10 6.252805113391896673e-09 0.000000000000000000e+00
0.000000000000000000e+00 0.000000000000000000e+00 0.000000000000000000e+00 0.000000000000000000e+00 0.000000000000000000e+00 0.000000000000000000e+00 -1.313832022592980875e-08 -8.164284501749191738e-09 -1.678812543093497809e-08 -1.385590040807029316e-08 -1.083567963874155224e-08 -1.979779623015132398e-09 -8.533714095935521870e-10 3.822653476406588268e-10 2.609385016237099111e-10 -2.831783397201465648e-11 -4.841839269570772626e-11 -1.484040036187824770e-10 -3.638248722938757808e-06 0.000000000000000000e+00
0.000000000000000000e+00 0.000000000000000000e+00 0.000000000000000000e+00 0.000000000000000000e+00 0.000000000000000000e+00 0.000000000000000000e+00 5.908792692436958263e-10 -2.808538008487511343e-09 -8.595304748663551321e-09 -4.906880641779864246e-09 -5.481607917723320499e-09 1.111173321003913854e-09 1.904174364555643649e-10 7.158917721894179604e-10 5.673226682207204036e-10 2.357639580449095862e-11 -8.232737079665395998e-11 -3.670472028872955133e-10 -4.392308173188484489e-06 0.000000000000000000e+00
0.000000000000000000e+00 0.000000000000000000e+00 0.000000000000000000e+00 0.000000000000000000e+00 0.000000000000000000e+00 0.000000000000000000e+00 -8.018128109147959464e-10 -9.937654564807584423e-10 -1.002289833007196016e-09 -1.649101009809385713e-09 -3.973169011712202529e-10 -7.165128112590507277e-10 -5.321240851792321698e-10 -4.191586497441269927e-10 -5.565150074191996517e-10 -2.063285058547003780e-10 -4.119480668193783523e-10 -1.492049530482277861e-08 -3.365931348404165620e-06 0.000000000000000000e+00
0.000000000000000000e+00 0.000000000000000000e+00 0.000000000000000000e+00 0.000000000000000000e+00 0.000000000000000000e+00 0.000000000000000000e+00 3.130406172123414247e-10 3.588706974660126763e-10 -2.685402389236704147e-09 -1.760248943132003615e-09 -2.610148254177473012e-09 -1.390034279165066271e-09 -1.785251927878401182e-09 -1.329760602009538262e-09 -7.856539991896846740e-10 -9.417165940132328651e-11 2.393986383231564852e-07 -1.724175456958427870e-08 -3.376936056537673800e-06 0.000000000000000000e+00
0.000000000000000000e+00 0.000000000000000000e+00 0.000000000000000000e+00 0.000000000000000000e+00 0.000000000000000000e+00 0.000000000000000000e+00 -4.882399247993784455e-10 -1.358858041151935811e-09 -2.241102693964861845e-10 -1.894615267658700059e-09 1.239817224104302115e-10 -5.949963921447385628e-10 -9.194088655688006592e-10 -7.156928352625802662e-10 -6.866514626356124901e-10 -2.211782572041334679e-10 -2.452549243982987663e-10 -2.614027419158267216e-08 4.829140168736227423e+01 0.000000000000000000e+00
0.000000000000000000e+00 0.000000000000000000e+00 0.000000000000000000e+00 0.000000000000000000e+00 0.000000000000000000e+00 0.000000000000000000e+00 -1.075545969248905229e-09 -1.083971429422551099e-09 9.089460073642085815e-11 -1.944151148592055162e-09 1.491364548478659147e-10 -5.559254251259773862e-10 -1.044779449146003035e-09 -8.851316270908650794e-10 -7.973758180094651110e-10 -2.477024704397518828e-10 -1.717143442900730035e-10 -2.998563217945780314e-08 6.948793671003174666e+01 0.000000000000000000e+00
