0.000000000000000000e+00 0.000000000000000000e+00 0.000000000000000000e+00 0.000000000000000000e+00 0.000000000000000000e+00 0.000000000000000000e+00 8.295196934390671620e-09 7.737996993997023149e-09 4.015700130618124835e-09 3.653705001061719661e-09 4.465490265258342045e-09 4.003675245801572535e-09 4.103140271728298063e-09 2.998723959543706104e-09 1.505203295586659681e-09 4.583461638215518690e-10 5.918666415370269667e-10 6.236802369823186071e-08 1.022798345157121229e-05 0.000000000000000000e+00
0.000000000000000000e+00 0.000000000000000000e+00 0.000000000000000000e+00 0.000000000000000000e+00 0.000000000000000000e+00 0.000000000000000000e+00 2.374161860971578650e-09 1.131668226859814210e-10 5.880794140621203699e-10 9.827494080240334353e-10 6.621948655728767807e-10 1.100660553606950810e-09 8.272217216640262862e-10 6.360692444629773932e-10 4.606590588506353716e-10 6.111576048949886649e-10 1.916567177277351370e-05 6.670111098906214625e-08 1.023425482485104367e-05 0.000000000000000000e+00
0.000000000000000000e+00 0.000000000000000000e+00 0.000000000000000000e+00 0.000000000000000000e+00 0.000000000000000000e+00 0.000000000000000000e+00 2.733003487862818010e-09 2.203818609513139438e-09 9.383767886159990259e-10 1.211518059409570278e-09 1.229848139471137354e-09 1.400997472295819236e-09 1.526755992683742760e-09 1.147999633268834118e-09 6.745771353061481451e-10 3.387360556872961141e-10 3.322538720761170846e-10 4.263040956774226240e-08 1.061985971818054963e+01 0.000000000000000000e+00
0.000000000000000000e+00 0.000000000000000000e+00 0.000000000000000000e+00 0.000000000000000000e+00 0.000000000000000000e+00 0.000000000000000000e+00 1.865504135346611150e-09 1.337690140034428459e-09 5.177780000193851102e-10 8.261090402591235479e-10 6.995281513363625909e-10 1.054607593977189187e-09 1.087968284190827553e-09 8.436611162281510007e-10 5.439918696981425178e-10 3.250270788767354465e-10 2.673350547818709470e-10 4.680013148406960925e-08 1.525195618853705071e+01 0.000000000000000000e+00
0.000000000000000000e+00 0.000000000000000000e+00 0.000000000000000000e+00 0.000000000000000000e+00 0.000000000000000000e+00 0.000000000000000000e+00 -3.258252248520551375e-08 -1.922648428154788696e-08 -1.860470690580028207e-09 -7.502073032394609684e-09 -5.373293916736400511e-09 -2.893307671963889286e-09 -1.867350513646883569e-09 -8.195844657871395012e-10 -4.612036536621634342e-10 -1.228105249193380768e-10 7.666372516209460533e-11 5.065892303351728477e-10 3.818701375575685012e-10 0.000000000000000000e+00
0.000000000000000000e+00 0.000000000000000000e+00 0.000000000000000000e+00 0.000000000000000000e+00 0.000000000000000000e+00 0.000000000000000000e+00 -7.170250487016327725e-09 -5.169837035225260856e-09 -1.855385641929509576e-09 1.650651528587598900e-09 -7.514931480886557082e-10 -1.665421532009184708e-10 2.176588716153237365e-10 5.340734919508870010e-11 -5.835553649139329999e-11 -6.300388081017935569e-11 1.800428860897914165e-10 4.783357014346375479e-10 3.783593353514566959e-10 0.000000000000000000e+00
0.000000000000000000e+00 0.000000000000000000e+00 0.000000000000000000e+00 0.000000000000000000e+00 0.000000000000000000e+00 0.000000000000000000e+00 -1.822602212946884796e-08 -9.691910748590271357e-09 -2.864684409889560067e-11 -1.825684900834079048e-09 -1.838673075680162047e-09 -7.109494502284382729e-10 -5.874472560526296675e-10 -2.701157832837907228e-10 -1.832611722842523460e-10 -5.923773428752832116e-11 2.973675402858706387e-11 1.604435734652195129e-10 -3.373866956145516863e-07 0.000000000000000000e+00
0.000000000000000000e+00 0.000000000000000000e+00 0.000000000000000000e+00 0.000000000000000000e+00 0.000000000000000000e+00 0.000000000000000000e+00 -1.328545356017199815e-08 -7.068943048254569016e-09 4.451983806292519502e-10 -5.005381460058003716e-11 -9.276529612077822833e-10 -1.550360753232174941e-10 -1.824515408856474551e-10 -7.437114855537018880e-11 -5.729323175846603486e-11 -1.413180657382913936e-12 1.132474577849533384e-11 4.716256682154137008e-11 -4.091549698299832924e-07 0.000000000000000000e+00
0.000000000000000000e+00 0.000000000000000000e+00 0.000000000000000000e+00 0.000000000000000000e+00 0.000000000000000000e+00 0.000000000000000000e+00 -6.285009179243953921e-08 -5.513222694468711719e-08 -7.824737565028624811e-09 -4.274714255123698293e-08 -8.125682171791576794e-09 -8.523404122299493348e-09 -4.640654278284954464e-09 -6.442610585037883390e-10 1.344316808226545470e-10 -4.404575577105632829e-11 1.014657617440652608e-10 8.437399128837269118e-10 7.592491279275096160e-09 0.000000000000000000e+00
0.000000000000000000e+00 0.000000000000000000e+00 0.000000000000000000e+00 0.000000000000000000e+00 0.000000000000000000e+00 0.000000000000000000e+00 1.259541045046952816e-08 -9.719547585027506547e-09 4.004082677329843651e-09 2.733869217540423354e-10 2.722846813125558004e-10 -2.396856376185060734e-09 -1.147990824978137784e-11 2.753182496999930141e-10 3.936569802033338182e-10 -5.921047516411721321e-11 -1.644013053043516820e-08 8.455329198525862357e-10 7.614672578023849847e-09 0.000000000000000000e+00
0.000000000000000000e+00 0.000000000000000000e+00 0.000000000000000000e+00 0.000000000000000000e+00 0.000000000000000000e+00 0.000000000000000000e+00 -2.692340541870192744e-08 -1.461819370290411315e-08 3.594315552035895677e-09 -1.161498177893171073e-08 1.501750069406447361e-10 -3.200142218666330535e-09 -1.381412435377854325e-09 1.545941619070057622e-10 3.645974018372548505e-10 -2.618340799057735286e-11 2.792341818177897649e-11 7.804010893821904944e-10 2.177315932909166286e-06 0.000000000000000000e+00
0.000000000000000000e+00 0.000000000000000000e+00 0.000000000000000000e+00 0.000000000000000000e+00 0.000000000000000000e+00 0.000000000000000000e+00 -1.527259894961383657e-08 -6.499287287203193084e-09 7.088919911846362018e-09 -3.081507411024326583e-09 1.823202150321687370e-09 -1.871781053903504029e-09 -4.684969901385586642e-10 3.647004199051138550e-10 4.482042147830838501e-10 3.654703564121584803e-12 2.426239062357008254e-12 7.004229294509511861e-10 2.642483927948348609e-06 0.000000000000000000e+00
0.000000000000000000e+00 0.000000000000000000e+00 0.000000000000000000e+00 0.000000000000000000e+00 0.000000000000000000e+00 0.000000000000000000e+00 1.122975077289347524e-09 -2.734761466334881724e-09 9.731509623250223405e-10 3.132060225573244547e-10 -2.952036463117554002e-10 2.985769178983455604e-10 -4.844226954586271670e-10 -2.334987816776815097e-11 -2.177822135704552101e-10 6.639221464399457196e-12 -3.543141604970331972e-10 -1.004431517273233855e-08 -1.095589559458559782e-06 0.000000000000000000e+00
0.000000000000000000e+00 0.000000000000000000e+00 0.000000000000000000e+00 0.000000000000000000e+00 0.000000000000000000e+00 0.000000000000000000e+00 -3.860182377042771465e-09 -4.953241203405018391e-09 1.572981144134105384e-09 -2.158956984420321203e-10 1.959117421810176242e-09 4.310205613031702077e-10 1.200950370859598874e-10 2.420613390939579655e-10 -1.501692589666481832e-10 1.082874567667053023e-11 -7.981811780018181399e-05 -1.116558158560127154e-08 -1.106155937729242248e-06 0.000000000000000000e+00
0.000000000000000000e+00 0.000000000000000000e+00 0.000000000000000000e+00 0.000000000000000000e+00 0.000000000000000000e+00 0.000000000000000000e+00 5.155690032709411834e-10 -1.943168635677079840e-09 7.639319933554659522e-10 5.504492196720240619e-10 -1.707078789927560898e-10 3.653708397310702133e-10 -1.932504699206580294e-10 1.955851678022034564e-11 -1.832265424198720233e-10 -3.615916095573246800e-11 -2.413656610039947252e-10 -1.387522529609201417e-08 3.743596337577938016e+01 0.000000000000000000e+00
0.000000000000000000e+00 0.000000000000000000e+00 0.000000000000000000e+00 0.000000000000000000e+00 0.000000000000000000e+00 0.000000000000000000e+00 8.512995157437595071e-10 -1.929087729868727289e-09 9.212274435010595234e-10 6.194361183089024090e-10 7.082010489286588056e-12 3.429161625349238319e-10 -1.105073117927318166e-10 4.251626963392383763e-11 -1.940210826397913333e-10 -6.976203567133937663e-11 -1.764622807826025844e-10 -1.585894424559607010e-08 5.459907073857925042e+01 0.000000000000000000e+00
