0.000000000000000000e+00 0.000000000000000000e+00 0.000000000000000000e+00 0.000000000000000000e+00 0.000000000000000000e+00 0.000000000000000000e+00 9.278386838102180325e-09 4.371267089467962398e-09 7.344158635510513353e-09 4.535584550553307697e-09 4.884343008034692564e-09 5.588948127824485172e-09 4.546897254236000640e-09 3.703660928208226513e-09 2.011840398449050079e-09 5.655598696472692995e-10 8.262130536603647082e-10 9.170922235902542532e-08 6.479356636868423909e-06 0.000000000000000000e+00
0.000000000000000000e+00 0.000000000000000000e+00 0.000000000000000000e+00 0.000000000000000000e+00 0.000000000000000000e+00 0.000000000000000000e+00 -2.517735727514258811e-10 -1.817198793562728397e-09 1.523457190704597744e-09 5.340439861778359335e-10 7.446934844206029471e-10 9.206617480884936990e-10 5.149855973042435512e-10 4.314144493669744289e-10 3.542290911299900888e-10 3.915560963866344657e-10 1.717081117662481627e-05 9.593927460879598174e-08 6.483563978775029688e-06 0.000000000000000000e+00
0.000000000000000000e+00 0.000000000000000000e+00 0.000000000000000000e+00 0.000000000000000000e+00 0.000000000000000000e+00 0.000000000000000000e+00 -3.253371381724442294e-12 7.110280597337783473e-11 1.304427833825121653e-09 6.005078358990098750e-10 6.527845824149939434e-10 9.565050927275609491e-10 9.406907347516252195e-10 9.298987033720864120e-10 6.942141707822011055e-10 2.965322103214789681e-10 3.360648412527523485e-10 4.105973474167481994e-08 -6.386515625302772037e+01 0.000000000000000000e+00
0.000000000000000000e+00 0.000000000000000000e+00 0.000000000000000000e+00 0.000000000000000000e+00 0.000000000000000000e+00 0.000000000000000000e+00 -8.752299721997912549e-10 -4.491105806793351184e-10 1.035389148894778565e-09 2.419356383318971437e-10 3.512650853270280188e-10 5.781586061233899440e-10 6.214880751740709554e-10 6.130861706523790464e-10 4.785542606231970671e-10 1.961287162054335954e-10 1.842816688403074672e-10 4.354653994319668517e-08 -9.510674283605214896e+01 0.000000000000000000e+00
0.000000000000000000e+00 0.000000000000000000e+00 0.000000000000000000e+00 0.000000000000000000e+00 0.000000000000000000e+00 0.000000000000000000e+00 -4.565991520216885367e-08 -7.743769340921093721e-09 -1.049721711969897146e-08 -1.403583512031970114e-08 -8.020541435521898831e-09 -3.339672486999598406e-09 -1.760308282285650046e-09 -1.375428854384120444e-09 -6.023269985140690870e-10 -2.035617143861996033e-10 1.093768095565144767e-10 7.491766963712829103e-10 1.098615705156072720e-09 0.000000000000000000e+00
0.000000000000000000e+00 0.000000000000000000e+00 0.000000000000000000e+00 0.000000000000000000e+00 0.000000000000000000e+00 0.000000000000000000e+00 3.748910323856013486e-09 -1.402003251352671415e-09 -4.664663563605385025e-09 -4.223833864890316713e-09 -1.173605855810620752e-09 2.873422859589419092e-10 1.424058934999131464e-10 -1.103757396743994747e-10 -8.748540242016557299e-11 -1.128574137630475528e-10 1.730190171406364096e-11 7.247086997795569580e-10 1.102002723110398700e-09 0.000000000000000000e+00
0.000000000000000000e+00 0.000000000000000000e+00 0.000000000000000000e+00 0.000000000000000000e+00 0.000000000000000000e+00 0.000000000000000000e+00 -1.324822449706313594e-08 -2.437264450403695251e-09 -4.678846226283940095e-09 -4.480409253323032683e-09 -2.606461336748507577e-09 -6.769665005032891629e-10 -4.241229131688053321e-10 -4.544476313393549831e-10 -2.465495279932941792e-10 -1.010561297385215003e-10 4.217810901032279776e-11 1.887193353826702233e-10 -6.753617029981791082e-08 0.000000000000000000e+00
0.000000000000000000e+00 0.000000000000000000e+00 0.000000000000000000e+00 0.000000000000000000e+00 0.000000000000000000e+00 0.000000000000000000e+00 -3.596406794714538610e-09 -9.792006159931333500e-10 -3.266585585399577935e-09 -2.462367197924887550e-09 -1.149901199883582497e-09 2.345187072871305577e-11 -3.199650791588101770e-11 -1.717604566698857194e-10 -9.356159849544944664e-11 -1.524051855150051951e-11 1.509749076279601127e-11 9.877207347451119038e-13 -8.175529529090490732e-08 0.000000000000000000e+00
0.000000000000000000e+00 0.000000000000000000e+00 0.000000000000000000e+00 0.000000000000000000e+00 0.000000000000000000e+00 0.000000000000000000e+00 -2.264757478844078306e-07 -8.256068520078850114e-08 -7.067924074442676833e-08 -4.844514765478423360e-08 -2.619506188651113483e-08 -1.299167310538743873e-08 -6.033551974861459989e-09 -2.294277548873304429e-09 -1.609169134366368184e-10 -9.223125106868322902e-11 6.811858028491732210e-11 9.376404162741201202e-10 -1.909713383100459648e-09 0.000000000000000000e+00
0.000000000000000000e+00 0.000000000000000000e+00 0.000000000000000000e+00 0.000000000000000000e+00 0.000000000000000000e+00 0.000000000000000000e+00 3.364877443377364541e-08 -1.579899885792730709e-08 -1.776801978311437210e-08 -1.993946836213201392e-10 -4.131619624364816416e-09 4.697443228786503479e-10 2.406926414848261508e-09 5.502959962921920819e-10 9.851557010673782361e-11 7.156214047753455099e-11 -7.346531543522132668e-09 8.954138482830524281e-10 -1.809724370463890393e-09 0.000000000000000000e+00
0.000000000000000000e+00 0.000000000000000000e+00 0.000000000000000000e+00 0.000000000000000000e+00 0.000000000000000000e+00 0.000000000000000000e+00 -6.292770472829138640e-08 -1.846975929308215982e-08 -2.122519331782893864e-08 -7.724421131834481413e-09 -8.932331606522019691e-09 -2.077297695197383101e-09 7.333260462536349738e-10 1.784038492343249821e-10 1.910951351052546042e-10 6.776740699307541079e-11 -1.196468866234032508e-11 -1.117718930749642701e-09 1.072600224895732255e-05 0.000000000000000000e+00
0.000000000000000000e+00 0.000000000000000000e+00 0.000000000000000000e+00 0.000000000000000000e+00 0.000000000000000000e+00 0.000000000000000000e+00 -1.255357344999062305e-08 -3.634117332749773510e-09 -9.619675849893283296e-09 1.132762524885776184e-09 -4.001761315097418517e-09 6.764911918586005293e-10 2.484121925548682645e-09 8.678818170644083291e-10 2.819446384043771296e-10 1.834606697297230950e-10 -4.273349822440788389e-11 -1.639825866646971398e-09 1.300867640659057406e-05 0.000000000000000000e+00
0.000000000000000000e+00 0.000000000000000000e+00 0.000000000000000000e+00 0.000000000000000000e+00 0.000000000000000000e+00 0.000000000000000000e+00 -1.418245974498466227e-09 -6.226004150346808175e-09 -6.705913099466491265e-10 2.761909426098906499e-10 -6.406886207081705621e-10 7.522705485791289057e-10 -1.770681395537399899e-10 -6.952651046036545792e-10 -1.961850298549488488e-10 1.829604745640799243e-11 -3.523478249639579392e-10 -1.504836527586903963e-08 2.196817727246492679e-05 0.000000000000000000e+00
0.000000000000000000e+00 0.000000000000000000e+00 0.000000000000000000e+00 0.000000000000000000e+00 0.000000000000000000e+00 0.000000000000000000e+00 1.666229269716170963e-09 -3.041267514411898963e-09 -9.248981842817217078e-10 1.497649028606705159e-09 -2.962677777217976517e-10 4.006686032057115715e-10 -7.234606243306400660e-10 -9.809291139111192217e-10 -1.090443197885214068e-10 -6.478117670116536071e-11 4.255838899328955992e-05 -1.672030851540928052e-08 2.196973312619554010e-05 0.000000000000000000e+00
0.000000000000000000e+00 0.000000000000000000e+00 0.000000000000000000e+00 0.000000000000000000e+00 0.000000000000000000e+00 0.000000000000000000e+00 6.867633480598410978e-10 -4.728484525418233671e-09 -6.497344285346268747e-10 2.786060562779570159e-10 2.610274991829774306e-10 3.030260225273418355e-10 -3.854042729898039259e-10 -6.956120795253636622e-10 -2.220237977096643173e-10 -1.460787516757107859e-11 -2.211632706061995471e-10 -3.356337163102311127e-08 -1.536083080663056144e+01 0.000000000000000000e+00
0.000000000000000000e+00 0.000000000000000000e+00 0.000000000000000000e+00 0.000000000000000000e+00 0.000000000000000000e+00 0.000000000000000000e+00 6.706191920017453565e-10 -4.580813232865630065e-09 -5.831637344182440529e-10 3.559410286284734889e-10 5.255794564249558247e-10 1.706985698159118377e-10 -5.228410265774447417e-10 -7.763873219601193339e-10 -2.550880770700114195e-10 -4.956886443722465288e-11 -1.622936296191260354e-10 -4.390055612791190906e-08 -2.411662947990551942e+01 0.000000000000000000e+00
