0.000000000000000000e+00 0.000000000000000000e+00 0.000000000000000000e+00 0.000000000000000000e+00 0.000000000000000000e+00 0.000000000000000000e+00 1.453265708413972667e-08 7.784535520233789761e-09 1.459798076762508877e-08 9.827946032310359351e-09 1.297696031868595371e-08 1.197095497654428193e-08 1.204613646069786114e-08 9.157454550973157160e-09 5.502062025805927599e-09 1.789542042722709028e-09 2.643005486465710696e-09 1.919865236804882181e-07 1.076361629555413243e-05 0.000000000000000000e+00
0.000000000000000000e+00 0.000000000000000000e+00 0.000000000000000000e+00 0.000000000000000000e+00 0.000000000000000000e+00 0.000000000000000000e+00 2.626422758348311401e-09 4.590306273669218279e-09 1.889074280426281337e-09 2.247282938126769251e-09 3.429327528350197517e-09 3.405686550826333362e-09 2.190539050158664691e-09 1.692244024137653232e-09 1.437816082251258700e-09 1.780315378343044536e-09 6.913432846742003073e-05 2.013082089572542264e-07 1.076934207542759982e-05 0.000000000000000000e+00
0.000000000000000000e+00 0.000000000000000000e+00 0.000000000000000000e+00 0.000000000000000000e+00 0.000000000000000000e+00 0.000000000000000000e+00 1.432912810697044499e-09 1.366641779977455416e-09 3.360863749335654719e-09 2.800008361743527434e-09 3.537811869388870758e-09 3.451939228871803457e-09 3.767306026170925717e-09 3.272651321701665567e-09 2.338658360713131847e-09 1.069637379024330492e-09 1.311046241840651747e-09 8.022590309124883319e-08 -7.630648005919368870e+00 0.000000000000000000e+00
0.000000000000000000e+00 0.000000000000000000e+00 0.000000000000000000e+00 0.000000000000000000e+00 0.000000000000000000e+00 0.000000000000000000e+00 4.844508283891460897e-10 5.931226154589302277e-10 2.288458419448178474e-09 2.010647329756329318e-09 2.456610908830515485e-09 2.488418579793633593e-09 2.611925776231592929e-09 2.369270425618472355e-09 1.635863332039206096e-09 6.910004997247940596e-10 7.199799700129868392e-10 6.965732878198833265e-08 -1.130613735236713069e+01 0.000000000000000000e+00
0.000000000000000000e+00 0.000000000000000000e+00 0.000000000000000000e+00 0.000000000000000000e+00 0.000000000000000000e+00 0.000000000000000000e+00 -1.998794814646070184e-08 -1.610664889302474537e-08 -6.795017634244045308e-09 -1.057688444654945387e-08 -7.899452091954907847e-09 -4.125778344713462738e-09 -3.435579133001528552e-09 -1.429898648481854927e-09 -8.642692807362343299e-10 -2.829490239875164436e-10 1.247958079797846445e-10 8.878238618075585600e-10 1.245850171533166368e-09 0.000000000000000000e+00
0.000000000000000000e+00 0.000000000000000000e+00 0.000000000000000000e+00 0.000000000000000000e+00 0.000000000000000000e+00 0.000000000000000000e+00 4.189858231433313356e-09 -9.872945375977244913e-09 6.937508771922278474e-09 -1.200235732440876591e-09 -1.253169526286774340e-09 -4.608946247233036634e-10 1.935149374515055119e-10 -1.857096200394951193e-10 -1.741331505975014494e-10 -1.969086555971608393e-10 -1.084261402989380036e-09 8.431458163804040715e-10 1.248481861201707136e-09 0.000000000000000000e+00
0.000000000000000000e+00 0.000000000000000000e+00 0.000000000000000000e+00 0.000000000000000000e+00 0.000000000000000000e+00 0.000000000000000000e+00 -4.776135572372355574e-09 -4.758391419265849768e-09 4.336621793924908908e-09 -1.997016993724626203e-09 -3.138806484377146437e-09 -1.542872360121354050e-09 -1.166022375489046346e-09 -5.793767922342250599e-10 -3.648638010815931838e-10 -1.723737152851707753e-10 5.048981081025700625e-11 3.214942663358528675e-10 -1.896786910400244026e-07 0.000000000000000000e+00
0.000000000000000000e+00 0.000000000000000000e+00 0.000000000000000000e+00 0.000000000000000000e+00 0.000000000000000000e+00 0.000000000000000000e+00 -6.191996520253982423e-10 -3.029124564697243983e-09 6.698199146065062563e-09 6.223740295415433189e-11 -1.812788729315360010e-09 -8.070702423245554887e-10 -4.644840824618566561e-10 -3.059594845638418051e-10 -1.486999066830668523e-10 -7.528850590600363762e-11 1.993427447735139882e-11 1.275601436935864283e-10 -2.301649923818669313e-07 0.000000000000000000e+00
0.000000000000000000e+00 0.000000000000000000e+00 0.000000000000000000e+00 0.000000000000000000e+00 0.000000000000000000e+00 0.000000000000000000e+00 -7.027864135453529979e-08 -9.742175689717441129e-08 -1.081938065750991145e-07 -3.073253736751550173e-08 -3.162180275867869563e-08 -5.336730712491730319e-09 -3.786740360317870668e-09 -2.241306989205064149e-09 -6.820122434706703064e-10 -1.740643475416871080e-10 1.731999542052270962e-10 8.813757948710934079e-10 3.657466213155660182e-09 0.000000000000000000e+00
0.000000000000000000e+00 0.000000000000000000e+00 0.000000000000000000e+00 0.000000000000000000e+00 0.000000000000000000e+00 0.000000000000000000e+00 2.213311751415836396e-08 -7.938815857530788795e-08 1.703791206995949697e-08 -3.334537397069232444e-09 3.335821840579155151e-09 1.851012905469423981e-09 1.347839091562589310e-09 -4.038487346478662729e-10 -4.772033484629939635e-11 -1.284664561464476160e-10 8.260559385868071366e-09 8.358098952410205567e-10 3.787784872836103197e-09 0.000000000000000000e+00
0.000000000000000000e+00 0.000000000000000000e+00 0.000000000000000000e+00 0.000000000000000000e+00 0.000000000000000000e+00 0.000000000000000000e+00 -4.076355256788600903e-12 -2.630232718124841236e-08 -1.757911319992649124e-08 1.244535813221497365e-09 -9.537662180669360462e-09 -1.101144509360854720e-09 -6.640719066191712770e-10 -7.280126219409074867e-10 -1.045909122846626473e-10 -1.361329149299193540e-10 1.450839015089435009e-10 -4.339401447747784836e-11 -1.224620184535900430e-05 0.000000000000000000e+00
0.000000000000000000e+00 0.000000000000000000e+00 0.000000000000000000e+00 0.000000000000000000e+00 0.000000000000000000e+00 0.000000000000000000e+00 1.599877464017606720e-08 -1.857786632523108794e-08 5.129058673523581930e-09 7.835225229072712843e-09 -2.946194151828013130e-09 2.730148123227398527e-10 3.040636875916660558e-10 -3.184062886093654152e-10 8.917201302942610325e-11 -6.715284897618234763e-11 1.332341965860368172e-10 -3.599712963221665024e-10 -1.482031543376534232e-05 0.000000000000000000e+00
0.000000000000000000e+00 0.000000000000000000e+00 0.000000000000000000e+00 0.000000000000000000e+00 0.000000000000000000e+00 0.000000000000000000e+00 1.669953619634105087e-10 9.022890853699528599e-10 7.741207870975136147e-10 4.591059194174019494e-11 -3.180337564266556332e-10 -1.406539933606778045e-09 -8.782219024028531580e-10 -4.209418580913959314e-10 -4.392458360754851508e-10 -6.904225632774743940e-11 -6.221271981351998271e-10 -2.105897463921991048e-08 -1.715126177127624448e-05 0.000000000000000000e+00
0.000000000000000000e+00 0.000000000000000000e+00 0.000000000000000000e+00 0.000000000000000000e+00 0.000000000000000000e+00 0.000000000000000000e+00 9.510026685127093102e-09 -2.239543744756097149e-10 8.135642693638265861e-10 6.495121550400239075e-10 -3.608938470374826717e-09 -1.884505723665134413e-09 -2.547172277359241846e-09 -1.313158085013664912e-09 -6.070452238750760522e-10 -1.519622582412129583e-10 -6.682275541197414898e-05 -2.362849120354080216e-08 -1.714691697493657963e-05 0.000000000000000000e+00
0.000000000000000000e+00 0.000000000000000000e+00 0.000000000000000000e+00 0.000000000000000000e+00 0.000000000000000000e+00 0.000000000000000000e+00 -1.617128472308730972e-09 -1.109697223257934415e-09 -1.298889986146624617e-09 -2.272210219406353932e-10 -6.051062377350853837e-10 -9.894766123044347905e-10 -1.276768676086794059e-09 -7.977014620008242075e-10 -6.207715537421040821e-10 -1.170942078804275324e-10 -4.470933746213205871e-10 -2.823242494201577471e-08 6.689771991097834380e+00 0.000000000000000000e+00
0.000000000000000000e+00 0.000000000000000000e+00 0.000000000000000000e+00 0.000000000000000000e+00 0.000000000000000000e+00 0.000000000000000000e+00 -1.640318295048966540e-09 -8.924526244385708706e-10 -1.537066893441331857e-09 -2.771314735186405582e-10 -8.837969704180129662e-10 -9.782743892394865127e-10 -1.521210982259137357e-09 -9.839633271763682402e-10 -7.445292018728296191e-10 -1.781735523110152047e-10 -3.754272198849422147e-10 -3.015688799400624996e-08 9.150582026084714826e+00 0.000000000000000000e+00
