0.000000000000000000e+00 0.000000000000000000e+00 0.000000000000000000e+00 0.000000000000000000e+00 0.000000000000000000e+00 0.000000000000000000e+00 6.596966674421796609e-09 3.615563920804686223e-09 4.179845671941322732e-09 4.802670588120363025e-09 8.248494784300639093e-09 7.184714140836690226e-09 6.724079383101767171e-09 5.096548176446881560e-09 2.835764211539882401e-09 8.163309923102191648e-10 1.230503460966223001e-09 1.193419863649641694e-07 5.127937592241116880e-06 0.000000000000000000e+00
0.000000000000000000e+00 0.000000000000000000e+00 0.000000000000000000e+00 0.000000000000000000e+00 0.000000000000000000e+00 0.000000000000000000e+00 3.399233302538083224e-10 8.331346310453087025e-10 7.205820254066260987e-10 1.008528934566554404e-09 1.034472843830796958e-09 6.122302496096569238e-10 5.016207318805327902e-10 4.579280190602671541e-10 4.322716419226509112e-10 5.330556596223221740e-10 8.188931873351094692e-06 1.221743176515597439e-07 5.127612618848547093e-06 0.000000000000000000e+00
0.000000000000000000e+00 0.000000000000000000e+00 0.000000000000000000e+00 0.000000000000000000e+00 0.000000000000000000e+00 0.000000000000000000e+00 6.857042163645619917e-10 8.008289695671216791e-10 1.118261284367165534e-09 8.204675100423873538e-10 1.328616532900340031e-09 1.457277226087808165e-09 1.367325790406435333e-09 1.288829377937066264e-09 9.681554869314106295e-10 4.134013595903765403e-10 4.964640172677152954e-10 4.712861990766069927e-08 1.066177680260607872e+02 0.000000000000000000e+00
0.000000000000000000e+00 0.000000000000000000e+00 0.000000000000000000e+00 0.000000000000000000e+00 0.000000000000000000e+00 0.000000000000000000e+00 3.814763216008419730e-10 1.015934884486420072e-09 8.083452079413760349e-10 6.186790304318527985e-10 7.197957937144603290e-10 7.735252129763555714e-10 7.841540017722583052e-10 7.716827673843609155e-10 6.124333271245593768e-10 2.387876999967765293e-10 2.420274569666451977e-10 4.806634276573038218e-08 1.584204104842181096e+02 0.000000000000000000e+00
0.000000000000000000e+00 0.000000000000000000e+00 0.000000000000000000e+00 0.000000000000000000e+00 0.000000000000000000e+00 0.000000000000000000e+00 -3.891481862558885190e-08 -3.464737683957020887e-09 -3.506673730318389386e-09 -4.585515708505371300e-09 -5.894861449228852289e-09 -3.780055108591380699e-09 -2.591677141319106129e-09 -1.098241997675608355e-09 -6.412223230520066159e-10 -2.040646867129020129e-10 1.147056365718767562e-10 7.547779077221683959e-10 1.532662684828057923e-09 0.000000000000000000e+00
0.000000000000000000e+00 0.000000000000000000e+00 0.000000000000000000e+00 0.000000000000000000e+00 0.000000000000000000e+00 0.000000000000000000e+00 8.970012797845926754e-09 -5.060722643178384685e-10 -9.233440177354020540e-11 1.562816892639051696e-09 4.735914562798486074e-11 5.259920623904445768e-10 -9.830751128751084478e-12 -5.982532705602954306e-11 -1.327049344425395432e-10 -1.274226903644850909e-10 7.366923642119307158e-10 7.173147818571378015e-10 1.539484695851009277e-09 0.000000000000000000e+00
0.000000000000000000e+00 0.000000000000000000e+00 0.000000000000000000e+00 0.000000000000000000e+00 0.000000000000000000e+00 0.000000000000000000e+00 4.384930381113422029e-09 1.889009319738547383e-09 1.868283469353519108e-11 1.194622105617410841e-09 -1.519647527850188378e-09 -8.776173717434236419e-10 -6.989848597600338061e-10 -4.635646398194177769e-10 -2.908932214433967593e-10 -1.102893252742251776e-10 4.263224760452422321e-11 2.484564453575149800e-10 -9.276186410110078394e-08 0.000000000000000000e+00
0.000000000000000000e+00 0.000000000000000000e+00 0.000000000000000000e+00 0.000000000000000000e+00 0.000000000000000000e+00 0.000000000000000000e+00 1.278573234749525014e-08 3.073346452263873030e-09 6.753042684216329239e-10 2.372146905254489238e-09 -3.573659597921813886e-10 -5.280414416884109104e-11 -1.716469486663648292e-10 -2.370474154270200864e-10 -1.357871193533660531e-10 -2.483034781672571826e-11 1.522011722066906244e-11 7.576754502517591256e-11 -1.116354571014915111e-07 0.000000000000000000e+00
0.000000000000000000e+00 0.000000000000000000e+00 0.000000000000000000e+00 0.000000000000000000e+00 0.000000000000000000e+00 0.000000000000000000e+00 -2.420863966124745110e-07 -1.756217147911498864e-08 -2.577995198261157279e-08 -4.608610695275295640e-08 -2.273108933507665066e-08 -1.152205783473840185e-08 -4.862307359107253909e-09 -1.577614728063145297e-09 -2.499610835989854378e-10 -1.887883559148903876e-10 1.736085162945688437e-10 9.338527175273112228e-10 8.352666410956170949e-09 0.000000000000000000e+00
0.000000000000000000e+00 0.000000000000000000e+00 0.000000000000000000e+00 0.000000000000000000e+00 0.000000000000000000e+00 0.000000000000000000e+00 3.665591123812983560e-08 3.520988288818691425e-08 -1.783598682141870455e-08 -1.364958173595188378e-08 -2.305629545239874487e-09 4.715013278240266477e-10 8.166467162371016644e-10 1.286635181952567331e-10 1.757035308565269970e-10 -1.162596387695250693e-10 1.577779931191499867e-08 7.983830054471867990e-10 8.471307569011715532e-09 0.000000000000000000e+00
0.000000000000000000e+00 0.000000000000000000e+00 0.000000000000000000e+00 0.000000000000000000e+00 0.000000000000000000e+00 0.000000000000000000e+00 1.829341114270871884e-08 1.797247216178969726e-08 -5.384699163665756565e-09 -1.311099286821939508e-08 -6.818600482632577651e-09 -3.147788220154400991e-09 1.300772620908364134e-10 -2.446573599754076484e-10 9.921770236844604460e-11 -7.130608542196772564e-11 1.908648733481564449e-11 -1.182746339379013239e-10 -4.322965919985706306e-06 0.000000000000000000e+00
0.000000000000000000e+00 0.000000000000000000e+00 0.000000000000000000e+00 0.000000000000000000e+00 0.000000000000000000e+00 0.000000000000000000e+00 6.834503615325338571e-08 2.639403570522877849e-08 -2.639776490521535759e-09 -5.658878558176412098e-09 -2.797108414574753626e-09 -7.946477300281934805e-10 1.327991169276928466e-09 9.751991081447902425e-11 2.086375870058384468e-10 1.703374869429736905e-11 -2.139312506255453305e-11 -3.617642540817724256e-10 -5.261666412937264488e-06 0.000000000000000000e+00
0.000000000000000000e+00 0.000000000000000000e+00 0.000000000000000000e+00 0.000000000000000000e+00 0.000000000000000000e+00 0.000000000000000000e+00 -6.396732846340881541e-10 4.934438818246220235e-09 6.007642999777644828e-10 5.959184427368852806e-10 -1.413035086698975043e-09 -6.598005415628102841e-10 -1.372771597185611954e-09 -2.008071512543487425e-13 -2.582029741867303060e-10 1.358952220634197325e-12 -5.828003244638397185e-10 -1.176712928138684003e-08 6.079947730899641464e-06 0.000000000000000000e+00
0.000000000000000000e+00 0.000000000000000000e+00 0.000000000000000000e+00 0.000000000000000000e+00 0.000000000000000000e+00 0.000000000000000000e+00 -3.162958449355413228e-09 6.805332592331436545e-09 1.585923987037086639e-09 1.924787313231051989e-09 -1.403930580377874745e-09 -8.937928658999531868e-10 -8.547732519999244441e-10 -7.191076275635506992e-11 -7.444421400040069771e-11 9.264515690142134554e-12 -8.458662537147635762e-05 -1.428550783726577859e-08 6.084347287612360388e-06 0.000000000000000000e+00
0.000000000000000000e+00 0.000000000000000000e+00 0.000000000000000000e+00 0.000000000000000000e+00 0.000000000000000000e+00 0.000000000000000000e+00 4.612682206683397760e-11 2.147393602206081466e-09 1.473745030108810430e-09 6.665233100141521819e-10 -9.816636202212822864e-10 -1.656411618619266968e-10 -9.092817023779352029e-10 5.425143373829000689e-11 -1.730226463595590526e-10 -7.496239928199583008e-12 -3.765911948218784814e-10 -2.115628797925418133e-08 7.402638422996299994e+01 0.000000000000000000e+00
0.000000000000000000e+00 0.000000000000000000e+00 0.000000000000000000e+00 0.000000000000000000e+00 0.000000000000000000e+00 0.000000000000000000e+00 1.189202011367609965e-10 1.542321985708412321e-09 1.443455016537969593e-09 1.049267826845649395e-09 -9.241920369027279507e-10 -6.157637984250805527e-11 -7.424392642487516786e-10 9.870661628215891215e-12 -1.115337840783340057e-10 -9.081337368873767759e-12 -2.827494310965315838e-10 -2.601939393273081992e-08 1.078850203572334010e+02 0.000000000000000000e+00
