0.000000000000000000e+00 0.000000000000000000e+00 0.000000000000000000e+00 0.000000000000000000e+00 0.000000000000000000e+00 0.000000000000000000e+00 9.819386356096787662e-09 2.123878143007234450e-09 2.748753784083127213e-09 3.316937515089379055e-09 4.076499543742996567e-09 3.777225464688948818e-09 3.136780384889307059e-09 2.854154881663231432e-09 1.579322346412852491e-09 4.735896138553674826e-10 6.166364861482470542e-10 6.414306172359526297e-08 1.041918985141105053e-05 0.000000000000000000e+00
0.000000000000000000e+00 0.000000000000000000e+00 0.000000000000000000e+00 0.000000000000000000e+00 0.000000000000000000e+00 0.000000000000000000e+00 1.784316296513573673e-09 -1.264083303457474195e-09 -4.098152105704325398e-10 1.299576682186284960e-09 8.737296186751656146e-10 1.514458772615802206e-09 7.749959793652908664e-10 8.030399841009419266e-10 6.246864431562626234e-10 7.097431342619261556e-10 2.819710388807937748e-05 6.850288680321799564e-08 1.041195047194576990e-05 0.000000000000000000e+00
0.000000000000000000e+00 0.000000000000000000e+00 0.000000000000000000e+00 0.000000000000000000e+00 0.000000000000000000e+00 0.000000000000000000e+00 -6.773492053898967699e-11 -2.484594935899367590e-10 1.078111252534043092e-10 9.616226183779787680e-10 9.330796506252705191e-10 1.062445698959773500e-09 9.390770992755747964e-10 1.118914392354610486e-09 7.306331388389833718e-10 3.302074686022126649e-10 3.448588789098610602e-10 4.662692463056949551e-08 1.526681820820280677e+01 0.000000000000000000e+00
0.000000000000000000e+00 0.000000000000000000e+00 0.000000000000000000e+00 0.000000000000000000e+00 0.000000000000000000e+00 0.000000000000000000e+00 -5.949989977102174514e-11 -3.811072781056028742e-10 -4.061111881277923684e-10 6.783285998048451826e-10 5.783902601621820203e-10 8.244694372054996869e-10 6.763747996167131369e-10 8.887008626157377753e-10 6.035240926730591937e-10 2.939860609598987541e-10 2.750532283115386803e-10 5.401915441698929560e-08 2.264302018772099245e+01 0.000000000000000000e+00
0.000000000000000000e+00 0.000000000000000000e+00 0.000000000000000000e+00 0.000000000000000000e+00 0.000000000000000000e+00 0.000000000000000000e+00 -4.478055503632268806e-08 -1.333009168801363713e-08 -9.646986985011794467e-09 -5.967525640186766200e-09 -5.420379748301626329e-09 -3.467963723415452027e-09 -1.157004322404346911e-09 -1.161898693315916487e-09 -4.713970460583349057e-10 -1.478847171703690269e-10 7.317794932502472255e-11 5.554049999120738096e-10 1.107803888276384112e-09 0.000000000000000000e+00
0.000000000000000000e+00 0.000000000000000000e+00 0.000000000000000000e+00 0.000000000000000000e+00 0.000000000000000000e+00 0.000000000000000000e+00 8.700067043285259857e-10 -8.597276786118676537e-09 1.158765213685769658e-09 -1.145776573406987133e-09 1.107783378476334745e-10 -3.474589402041710682e-10 3.162144013247821668e-10 -1.837927067344713380e-10 -1.051791020223436775e-10 -8.312806488973204460e-11 -5.993760306872837414e-10 5.402291402466572967e-10 1.110833033363117882e-09 0.000000000000000000e+00
0.000000000000000000e+00 0.000000000000000000e+00 0.000000000000000000e+00 0.000000000000000000e+00 0.000000000000000000e+00 0.000000000000000000e+00 -4.945582240967737053e-09 -2.461537784144031970e-09 7.141513969380404070e-10 -1.485374102376282768e-09 -7.794894182915806244e-10 -8.502408038438821459e-10 2.978335036014167669e-11 -4.798892604514694875e-10 -1.909316746126628789e-10 -7.579962396597545261e-11 2.162293842917254241e-11 1.059006634082290827e-10 4.525470647083039883e-07 0.000000000000000000e+00
0.000000000000000000e+00 0.000000000000000000e+00 0.000000000000000000e+00 0.000000000000000000e+00 0.000000000000000000e+00 0.000000000000000000e+00 4.457306368921367594e-09 -1.033480144934820812e-09 3.179935864340941952e-09 -4.532272047514624218e-10 1.876442527663161039e-10 -1.771096918614390010e-10 3.406978572719055061e-10 -2.588379625798301456e-10 -7.298773476548921946e-11 -1.622881184325840616e-11 2.239034695599899054e-12 -4.146840104412321727e-11 5.480879164510150711e-07 0.000000000000000000e+00
0.000000000000000000e+00 0.000000000000000000e+00 0.000000000000000000e+00 0.000000000000000000e+00 0.000000000000000000e+00 0.000000000000000000e+00 -2.771685201888234080e-07 -6.332499154549328118e-08 -4.888536453007945953e-08 -3.213463229941257253e-08 -2.308676208640043817e-08 -9.656463270448237444e-09 -3.978067989809783651e-09 -9.183858587059659221e-10 -4.701112428116770495e-10 -1.125591086952090113e-10 1.643002954320744193e-10 1.638842626568149885e-09 7.553691102698180583e-09 0.000000000000000000e+00
0.000000000000000000e+00 0.000000000000000000e+00 0.000000000000000000e+00 0.000000000000000000e+00 0.000000000000000000e+00 0.000000000000000000e+00 -3.271391286856443483e-08 1.096846509746365120e-08 9.288676118308361990e-10 -9.227495810618545376e-09 -8.700947492123987654e-09 -2.289037709639489172e-09 -7.158668873816455200e-10 4.422417684030465991e-10 1.489846084791896415e-10 9.438095351892386247e-11 -2.977983020918893745e-09 1.542301148179333176e-09 7.344285319004721311e-09 0.000000000000000000e+00
0.000000000000000000e+00 0.000000000000000000e+00 0.000000000000000000e+00 0.000000000000000000e+00 0.000000000000000000e+00 0.000000000000000000e+00 -3.934837534589852989e-08 -8.335230121711243218e-09 -9.700801560268395668e-12 -1.148114455488164208e-08 -8.386934600106367079e-09 -3.126247558044704597e-09 -6.407787120609838543e-10 9.192554809647190498e-10 1.112692166513346357e-10 4.032530378639007549e-11 3.760915732608519203e-12 -2.674577273586738495e-10 -6.575899997382747822e-06 0.000000000000000000e+00
0.000000000000000000e+00 0.000000000000000000e+00 0.000000000000000000e+00 0.000000000000000000e+00 0.000000000000000000e+00 0.000000000000000000e+00 1.399321949520188802e-08 4.007970588884123538e-09 1.225378286601387041e-08 -6.018224704998167068e-09 -5.270121081200851439e-09 -1.361076196974181846e-09 1.040594638424017123e-10 1.267150216307636621e-09 2.823996954140619159e-10 1.568601773595567818e-10 -5.776903607738816549e-11 -7.805324478154791239e-10 -8.010271917704804971e-06 0.000000000000000000e+00
0.000000000000000000e+00 0.000000000000000000e+00 0.000000000000000000e+00 0.000000000000000000e+00 0.000000000000000000e+00 0.000000000000000000e+00 -6.666182930292528137e-10 2.363576608649890916e-09 9.465104126674336593e-11 -6.453689443154623107e-10 2.796375082745996965e-11 -8.170534110549627622e-10 -2.368594947031043240e-10 -3.305149634108994684e-10 -2.739340078826978707e-10 -1.437245685759720089e-10 -2.467598658059355665e-10 -9.884425629313174288e-09 -3.058895160955591092e-06 0.000000000000000000e+00
0.000000000000000000e+00 0.000000000000000000e+00 0.000000000000000000e+00 0.000000000000000000e+00 0.000000000000000000e+00 0.000000000000000000e+00 -1.962406453861039790e-09 -7.234496779438858783e-10 -2.295139932958671087e-09 8.545498492315362498e-10 -1.460370017698942230e-09 -7.594778800149081872e-10 -7.469100565733991602e-10 -9.261116410803833749e-10 -3.862648352295047233e-10 1.637303032800179953e-10 4.939697063696819575e-04 -1.207077250413113648e-08 -3.105055730685476084e-06 0.000000000000000000e+00
0.000000000000000000e+00 0.000000000000000000e+00 0.000000000000000000e+00 0.000000000000000000e+00 0.000000000000000000e+00 0.000000000000000000e+00 -1.222875939380683184e-09 -1.800626398348405803e-09 3.024928387648422175e-10 2.994822734101969752e-11 4.031842526547740420e-10 -6.539247552514040089e-10 -2.686918186274487879e-10 -6.866084617195893124e-10 -4.854404499406151213e-10 -1.904910332525348044e-10 -1.364405250275092697e-10 -1.440256517020677284e-08 -3.515322406265630661e+01 0.000000000000000000e+00
0.000000000000000000e+00 0.000000000000000000e+00 0.000000000000000000e+00 0.000000000000000000e+00 0.000000000000000000e+00 0.000000000000000000e+00 -1.200771238331848354e-09 -2.923717931943428582e-09 1.007409536856563106e-10 2.985420691261675415e-10 4.881001192722208719e-10 -6.103874468177324884e-10 -4.392278485402486573e-10 -8.417465331664950139e-10 -5.710350716552410195e-10 -2.534003992069153556e-10 -1.132248034346314656e-10 -1.561790282918209498e-08 -5.173503745285469790e+01 0.000000000000000000e+00
