0.000000000000000000e+00 0.000000000000000000e+00 0.000000000000000000e+00 0.000000000000000000e+00 0.000000000000000000e+00 0.000000000000000000e+00 1.163640732659042545e-08 3.766999275922571180e-09 2.736972121168590977e-09 1.871969676315258532e-09 3.008384483312391832e-09 3.473637767839125277e-09 3.091888882490467257e-09 2.323561615593636554e-09 1.348128140822054123e-09 4.220382818694973183e-10 5.884632327497944098e-10 5.760274688588292879e-08 1.653019377645116280e-05 0.000000000000000000e+00
0.000000000000000000e+00 0.000000000000000000e+00 0.000000000000000000e+00 0.000000000000000000e+00 0.000000000000000000e+00 0.000000000000000000e+00 -3.557395004036303277e-11 9.518688772545233543e-10 1.563876022070345634e-09 8.773281142070564838e-10 4.817993134218275684e-10 9.546878060710572198e-10 6.970115025038841076e-10 4.799597831229423553e-10 3.273777022362200253e-10 3.629435772413136386e-10 1.002245943794088112e-05 5.985437072257062079e-08 1.652045375750667766e-05 0.000000000000000000e+00
0.000000000000000000e+00 0.000000000000000000e+00 0.000000000000000000e+00 0.000000000000000000e+00 0.000000000000000000e+00 0.000000000000000000e+00 1.214756602184076525e-09 6.327508985130487460e-10 6.539487284180753218e-10 5.583691811569361362e-10 7.387819516764901757e-10 1.172776105340563158e-09 8.721701682189267308e-10 7.827361368863280801e-10 6.027213823539822208e-10 2.592925109091492015e-10 2.727177796469635030e-10 4.360140682640664762e-08 -3.678861243240606882e+01 0.000000000000000000e+00
0.000000000000000000e+00 0.000000000000000000e+00 0.000000000000000000e+00 0.000000000000000000e+00 0.000000000000000000e+00 0.000000000000000000e+00 9.896905836189396029e-10 1.798167319581079610e-10 5.505744836749541780e-10 5.638427883999688341e-10 5.739292763047863010e-10 9.362977233356427745e-10 6.665416566820296785e-10 6.204891737923569827e-10 4.621340597746917458e-10 1.941804814866978293e-10 1.617507401565846416e-10 5.299641032416920865e-08 -5.377184251855192088e+01 0.000000000000000000e+00
0.000000000000000000e+00 0.000000000000000000e+00 0.000000000000000000e+00 0.000000000000000000e+00 0.000000000000000000e+00 0.000000000000000000e+00 -8.558057634052843485e-08 -1.938650349877605960e-08 -8.025331370591763086e-10 -6.958158995118949874e-09 -4.707042457559629123e-09 -3.531483645309246325e-09 -1.908203125069919768e-09 -1.119695169317661154e-09 -4.027904813776859363e-10 -1.267912513369188714e-10 8.241318446526394867e-11 5.724202817666794075e-10 1.096696642206902025e-09 0.000000000000000000e+00
0.000000000000000000e+00 0.000000000000000000e+00 0.000000000000000000e+00 0.000000000000000000e+00 0.000000000000000000e+00 0.000000000000000000e+00 -7.842032566319023300e-11 -7.001733408914945486e-09 1.438926552520849512e-09 4.805499640418026941e-09 -8.941581492642999501e-10 -1.374176143267083806e-10 -3.100175697783232462e-11 -5.373359572336626530e-11 -4.373301699297012526e-11 -7.268331837700451227e-11 5.905869941157186736e-10 5.468725339736574737e-10 1.104188744369943954e-09 0.000000000000000000e+00
0.000000000000000000e+00 0.000000000000000000e+00 0.000000000000000000e+00 0.000000000000000000e+00 0.000000000000000000e+00 0.000000000000000000e+00 -7.829362973467290219e-09 -3.418071798501704720e-09 9.288861901267179385e-10 9.128883782508455918e-10 -1.493864811877725811e-09 -9.153383010929763263e-10 -4.591122315699329547e-10 -3.480182692484382748e-10 -1.442802851887263956e-10 -5.145116617688864659e-11 2.875857973798821819e-11 1.044725345921933908e-10 -3.704755810230311206e-07 0.000000000000000000e+00
0.000000000000000000e+00 0.000000000000000000e+00 0.000000000000000000e+00 0.000000000000000000e+00 0.000000000000000000e+00 0.000000000000000000e+00 9.242150835160284106e-09 -5.864286043313322154e-10 1.335362464851534468e-09 3.024897551439827603e-09 -6.882397884571784853e-10 -2.083498703625542438e-10 -7.409391282407375693e-11 -1.081727225201622602e-10 -3.117294518145541970e-11 1.011063409852464628e-11 7.070187694240217472e-12 -3.559157569775403503e-11 -4.499350283890749833e-07 0.000000000000000000e+00
0.000000000000000000e+00 0.000000000000000000e+00 0.000000000000000000e+00 0.000000000000000000e+00 0.000000000000000000e+00 0.000000000000000000e+00 -4.645192099144950674e-07 -5.064113886404874823e-08 -5.735915254728096878e-09 -3.625559854896379493e-08 -2.209886766383745437e-08 -9.563618470661628803e-09 -6.616077416875438407e-09 -2.085222247442978196e-09 -2.827972234039907216e-10 -1.245647504933229914e-10 1.298855972928268366e-10 1.181262961432636357e-09 -8.012510342837524740e-09 0.000000000000000000e+00
0.000000000000000000e+00 0.000000000000000000e+00 0.000000000000000000e+00 0.000000000000000000e+00 0.000000000000000000e+00 0.000000000000000000e+00 1.058865347140387334e-08 -4.385440154416125128e-09 8.036218377204169656e-09 7.016179447907589453e-09 -4.068567751450141343e-09 -1.332385038625097214e-09 -1.425326498324843661e-09 2.083815744990785688e-10 2.486039096629086960e-10 6.193427101713861015e-12 1.616675861376247313e-08 1.056969366791084135e-09 -8.083699875078907730e-09 0.000000000000000000e+00
0.000000000000000000e+00 0.000000000000000000e+00 0.000000000000000000e+00 0.000000000000000000e+00 0.000000000000000000e+00 0.000000000000000000e+00 -3.804281475732565867e-08 -1.209714073331775072e-08 6.953153710955114338e-09 -8.772514416792988275e-09 -6.609223543536931763e-09 -2.161998258272617631e-09 -1.947503330997284404e-09 -3.007601584412573308e-10 1.398615377987846630e-10 3.090176911419028481e-11 -4.064337450034172989e-11 3.124370040322759267e-10 -1.120095258774201023e-05 0.000000000000000000e+00
0.000000000000000000e+00 0.000000000000000000e+00 0.000000000000000000e+00 0.000000000000000000e+00 0.000000000000000000e+00 0.000000000000000000e+00 5.717927779460109593e-08 -2.639529171378483367e-09 9.548820318195748989e-09 -9.925060077267729788e-10 -2.507116979974132937e-09 -2.813342087214065965e-10 -8.518083231164942994e-10 2.210968380995376558e-10 2.942925490236372195e-10 1.529712213339450303e-10 -8.277585934043640906e-11 5.750599028654258487e-11 -1.355534037435745444e-05 0.000000000000000000e+00
0.000000000000000000e+00 0.000000000000000000e+00 0.000000000000000000e+00 0.000000000000000000e+00 0.000000000000000000e+00 0.000000000000000000e+00 -1.185407632861148394e-10 3.340930367472258218e-09 -1.661622045883063701e-09 -5.063895030864672828e-10 -4.458413030417394476e-10 4.959940005552444982e-12 -8.154769182052225818e-10 -3.266045127764252323e-10 -2.546513620445116149e-10 -1.012361732453192275e-10 -2.034318600053470279e-10 -1.929331727748423605e-08 -1.407953953649099524e-05 0.000000000000000000e+00
0.000000000000000000e+00 0.000000000000000000e+00 0.000000000000000000e+00 0.000000000000000000e+00 0.000000000000000000e+00 0.000000000000000000e+00 -3.672408853363608969e-09 -4.286507930357859425e-09 -1.160831606127914477e-08 3.180399640578580937e-09 -5.776376556185103235e-10 -7.069406392847976169e-10 -5.416306244223443261e-10 -6.113837718249397790e-10 -3.385540343883760049e-10 1.249419275095030789e-10 1.671828474809209731e-03 -1.996964728279292724e-08 -1.404194744894583292e-05 0.000000000000000000e+00
0.000000000000000000e+00 0.000000000000000000e+00 0.000000000000000000e+00 0.000000000000000000e+00 0.000000000000000000e+00 0.000000000000000000e+00 2.943404043575137261e-09 -1.581884697649844811e-09 -3.481125461808069987e-09 -4.320945493477302245e-11 -3.996061429274649263e-10 -5.493050259246191848e-10 -7.799626188463899821e-10 -3.407147576587317738e-10 -1.983013380938902337e-10 -1.028851893946866455e-10 -5.084965544679860165e-11 -2.750538734819005340e-08 2.360031215692927020e+01 0.000000000000000000e+00
0.000000000000000000e+00 0.000000000000000000e+00 0.000000000000000000e+00 0.000000000000000000e+00 0.000000000000000000e+00 0.000000000000000000e+00 2.890120374816267531e-09 -2.371459307250312290e-09 -4.299411781620507424e-09 2.056962007139297396e-10 -3.508943584085363989e-10 -5.985727748074314098e-10 -7.749868037480052367e-10 -3.823467169136410143e-10 -2.482072125129816223e-10 -1.279787818331290439e-10 2.850838519533913645e-11 -2.958445757024076368e-08 3.486933435598152897e+01 0.000000000000000000e+00
