0.000000000000000000e+00 0.000000000000000000e+00 0.000000000000000000e+00 0.000000000000000000e+00 0.000000000000000000e+00 0.000000000000000000e+00 4.440150207608446439e-09 2.409963529938949963e-09 3.204352928199404437e-09 2.241364312384684128e-09 2.367801811494308839e-09 2.345885901516212952e-09 1.938904282408419107e-09 1.576964780726697085e-09 8.084744165846451217e-10 2.355120408939692797e-10 3.533297299198669771e-10 4.375906142690965904e-08 1.151520268823872511e-05 0.000000000000000000e+00
0.000000000000000000e+00 0.000000000000000000e+00 0.000000000000000000e+00 0.000000000000000000e+00 0.000000000000000000e+00 0.000000000000000000e+00 6.210579636930553109e-10 -8.267385958886489495e-10 1.093559116591880947e-09 7.371081713918958521e-10 4.676530556905905476e-10 5.680375514162280031e-10 4.213319539517427073e-10 2.785070556904947186e-10 1.660639060082692332e-10 1.707157963770730830e-10 6.535257087114743958e-06 4.693000354210708991e-08 1.153035549779531099e-05 0.000000000000000000e+00
0.000000000000000000e+00 0.000000000000000000e+00 0.000000000000000000e+00 0.000000000000000000e+00 0.000000000000000000e+00 0.000000000000000000e+00 7.213704737084974823e-10 8.644662998090084149e-11 8.423257021782831564e-10 3.619142510210276538e-10 3.598738573568952605e-10 5.135742912834995521e-10 5.934070391362416351e-10 5.288721326848062028e-10 3.201734997748170569e-10 1.350509657779902200e-10 1.569383577333827558e-10 4.937937952403324485e-08 -2.209642722123157910e+01 0.000000000000000000e+00
0.000000000000000000e+00 0.000000000000000000e+00 0.000000000000000000e+00 0.000000000000000000e+00 0.000000000000000000e+00 0.000000000000000000e+00 2.688312811272005260e-10 -1.590807000567875502e-10 9.618751576114857265e-10 1.619880448060360242e-10 2.552915913700109666e-10 3.988803741299041069e-10 5.226147629037524258e-10 4.300635305400296916e-10 2.570012233630705923e-10 1.060587416671851771e-10 1.059875070462881507e-10 6.565947813399037443e-08 -3.525591830614018818e+01 0.000000000000000000e+00
0.000000000000000000e+00 0.000000000000000000e+00 0.000000000000000000e+00 0.000000000000000000e+00 0.000000000000000000e+00 0.000000000000000000e+00 -3.058799650391991914e-08 -1.370512213834881633e-08 -8.873795297902951413e-09 -8.811324174573261467e-09 -6.009303056941135626e-09 -3.490381555346995749e-09 -1.566501257046873961e-09 -1.010954007138463367e-09 -4.115014663384697249e-10 -1.334678401680702009e-10 7.594755456773208222e-11 5.402586539052748070e-10 1.111148129598496227e-09 0.000000000000000000e+00
0.000000000000000000e+00 0.000000000000000000e+00 0.000000000000000000e+00 0.000000000000000000e+00 0.000000000000000000e+00 0.000000000000000000e+00 -1.256618195612131761e-08 -3.012958661664284221e-09 -4.080707342598373452e-09 -1.449177560749624822e-09 -6.443527578247693924e-10 -2.420319408666049699e-10 1.420205182738198336e-10 -6.786835376765639175e-11 -4.903106375258685817e-11 -6.901993520275807794e-11 1.931243301399478247e-10 5.283691563608773017e-10 1.111434160532937248e-09 0.000000000000000000e+00
0.000000000000000000e+00 0.000000000000000000e+00 0.000000000000000000e+00 0.000000000000000000e+00 0.000000000000000000e+00 0.000000000000000000e+00 -1.357237566412316647e-08 -6.682146294836107671e-09 -3.949468090236635675e-09 -2.061601759156714157e-09 -1.426448118088995104e-09 -9.004852116532604781e-10 -2.095145547851057742e-10 -2.712214048639370852e-10 -1.519736808371841451e-10 -6.229881062565434665e-11 2.709646062909230179e-11 1.271040485326298584e-10 -1.122244308558625090e-07 0.000000000000000000e+00
0.000000000000000000e+00 0.000000000000000000e+00 0.000000000000000000e+00 0.000000000000000000e+00 0.000000000000000000e+00 0.000000000000000000e+00 -9.231809279571732500e-09 -4.303034456335451533e-09 -2.672116215029712601e-09 -6.375027581709286257e-10 -2.575847920059838029e-10 -2.085910797292015695e-10 1.491901991438318152e-10 -6.186603443799871319e-11 -4.015899166393074707e-11 -4.528242104653580902e-12 6.943034639591075433e-12 -8.487478774565834181e-12 -1.368043355998836188e-07 0.000000000000000000e+00
0.000000000000000000e+00 0.000000000000000000e+00 0.000000000000000000e+00 0.000000000000000000e+00 0.000000000000000000e+00 0.000000000000000000e+00 -1.724560560560834648e-07 -7.274640160161815456e-08 -5.513478255178593560e-08 -3.967575119730129760e-08 -2.455310749098866570e-08 -1.296298887067310360e-08 -5.620906195593431249e-09 -2.331378504459160495e-09 -5.376216821127417986e-10 -1.369417417564687267e-10 1.297978697340436278e-10 1.657599863855484845e-09 -2.425023659868530121e-09 0.000000000000000000e+00
0.000000000000000000e+00 0.000000000000000000e+00 0.000000000000000000e+00 0.000000000000000000e+00 0.000000000000000000e+00 0.000000000000000000e+00 -8.579647616472750233e-08 4.440843061625434020e-09 -1.305935143725378373e-08 2.382772793685810365e-09 -5.354698550880917243e-09 1.807850288081918827e-10 2.136158655297403793e-09 5.406802800885055799e-10 1.444864605983371236e-10 8.681340620055527445e-11 -7.458276036569630047e-09 1.574344325658019383e-09 -2.358028311899067816e-09 0.000000000000000000e+00
0.000000000000000000e+00 0.000000000000000000e+00 0.000000000000000000e+00 0.000000000000000000e+00 0.000000000000000000e+00 0.000000000000000000e+00 -9.034158025981700791e-08 -2.336193290375634244e-09 -1.264915013988913847e-08 -3.763748640732696006e-09 -6.992875936984163653e-09 -1.280126779808914796e-09 1.053304683628480940e-09 1.698728672255502695e-10 2.104624258592006321e-10 6.850729627568471348e-11 -2.172301528182339678e-13 -5.817652724989578874e-10 9.912856515786355223e-06 0.000000000000000000e+00
0.000000000000000000e+00 0.000000000000000000e+00 0.000000000000000000e+00 0.000000000000000000e+00 0.000000000000000000e+00 0.000000000000000000e+00 -6.807803639326769038e-08 1.364568770127209619e-08 -2.681470683957843311e-09 4.268030278721079306e-09 -2.273229476593713847e-09 1.624669772674158850e-09 2.725953657166320602e-09 8.666086972544680896e-10 4.287450663715832065e-10 2.176366191145091493e-10 -5.252209529457153781e-11 -1.141508690195049681e-09 1.202878816436732238e-05 0.000000000000000000e+00
0.000000000000000000e+00 0.000000000000000000e+00 0.000000000000000000e+00 0.000000000000000000e+00 0.000000000000000000e+00 0.000000000000000000e+00 1.975200871023901442e-09 1.859806543085116614e-09 1.388798259662858869e-09 -1.775367722552995166e-09 -1.453441219076031247e-10 -1.894728669312779382e-11 -4.911643760236064740e-10 -1.771382190055507255e-10 -2.193077169388676405e-10 -7.037860188248230918e-11 -1.836899228702758255e-10 -1.188812640257966951e-08 1.068675450152010144e-06 0.000000000000000000e+00
0.000000000000000000e+00 0.000000000000000000e+00 0.000000000000000000e+00 0.000000000000000000e+00 0.000000000000000000e+00 0.000000000000000000e+00 4.669454966088280515e-09 -9.603880735042535898e-10 8.346841609727915139e-12 -7.747966693615425113e-10 -2.631105803180508557e-09 -1.461219704907192326e-10 -6.926066731253019769e-10 -3.081030713680337185e-10 -2.856331142797264281e-10 -6.450603443676064036e-12 -3.347292191007054333e-04 -1.442472877617794418e-08 1.125960230973384262e-06 0.000000000000000000e+00
0.000000000000000000e+00 0.000000000000000000e+00 0.000000000000000000e+00 0.000000000000000000e+00 0.000000000000000000e+00 0.000000000000000000e+00 3.076121675477198881e-09 -1.230056070779518526e-09 -1.236746782773524209e-09 -1.786142088662903280e-09 -4.429907134466310839e-10 -7.465669649982106397e-11 1.227159304311278602e-10 -1.656156664967779070e-10 -3.043714520463001321e-10 -9.398079917268068401e-11 -1.686248925828545576e-10 -6.991489988502911011e-09 3.627293377865973412e+02 0.000000000000000000e+00
0.000000000000000000e+00 0.000000000000000000e+00 0.000000000000000000e+00 0.000000000000000000e+00 0.000000000000000000e+00 0.000000000000000000e+00 2.807105203216759775e-09 -1.608014483226399175e-09 -2.015125549477093306e-09 -1.845757378872413606e-09 -6.425909508701360436e-10 -1.206082081328394779e-10 7.199406266423653384e-11 -2.175351301582595542e-10 -3.566801823851090477e-10 -1.420655407128574964e-10 -2.011306392861289810e-10 -6.371412089391882072e-09 5.365985990063667259e+02 0.000000000000000000e+00
