0.000000000000000000e+00 0.000000000000000000e+00 0.000000000000000000e+00 0.000000000000000000e+00 0.000000000000000000e+00 0.000000000000000000e+00 7.941753468092806563e-12 2.005205004357874917e-11 3.370260309742860968e-11 2.083677522451921547e-11 2.096715338048056139e-11 2.111035386845861717e-11 1.711087341676966492e-11 8.788266949331642033e-12 1.884398141785309394e-12 5.696633875646508794e-14 5.828526470044270063e-13 4.519636442201553277e-10 1.585575946411739168e-07 0.000000000000000000e+00
0.000000000000000000e+00 0.000000000000000000e+00 0.000000000000000000e+00 0.000000000000000000e+00 0.000000000000000000e+00 0.000000000000000000e+00 2.629539812622522104e-12 1.811470939579691893e-12 3.773322157899821580e-12 1.265441086832372480e-12 2.254139807548456684e-12 2.939027603384284345e-12 2.822947901021450726e-12 2.472865731256738112e-12 1.292013773564398788e-12 2.227660795510018983e-13 9.499026933226347874e-10 4.399119682193493069e-10 1.584901425266288622e-07 0.000000000000000000e+00
0.000000000000000000e+00 0.000000000000000000e+00 0.000000000000000000e+00 0.000000000000000000e+00 0.000000000000000000e+00 0.000000000000000000e+00 1.970952407472985095e-12 2.344984182513658296e-12 8.629545622319150062e-13 2.228295732629191462e-12 1.823227550861919670e-12 2.732488621456767621e-12 3.136167096988216302e-12 2.499291173600919130e-12 1.646333668730587520e-12 5.243962954299503565e-13 3.675186484494636857e-13 3.654267963873124168e-10 4.507308479076527763e-01 0.000000000000000000e+00
0.000000000000000000e+00 0.000000000000000000e+00 0.000000000000000000e+00 0.000000000000000000e+00 0.000000000000000000e+00 0.000000000000000000e+00 4.575188782651586381e-12 6.632706835919299561e-12 2.646697099786275153e-12 5.450565270636000638e-12 5.058865481572857971e-12 6.379454268246390072e-12 6.960674719467247747e-12 5.663460550639254403e-12 3.957238384067191660e-12 1.556611889621059765e-12 1.259842680644170319e-12 6.372763680832089598e-10 6.631107056050657977e-01 0.000000000000000000e+00
0.000000000000000000e+00 0.000000000000000000e+00 0.000000000000000000e+00 0.000000000000000000e+00 0.000000000000000000e+00 0.000000000000000000e+00 -5.226867226934316480e-10 -8.399590391154853814e-11 2.534535352512930947e-10 -9.095361844438330778e-12 -6.537469076640961346e-11 -4.085376546085988675e-11 -2.845625924556549618e-11 2.566829138673250874e-12 -1.207442250261230180e-12 -2.301115343016724816e-13 6.598602686157951267e-13 7.210576047172586705e-12 2.375936420644446585e-11 0.000000000000000000e+00
0.000000000000000000e+00 0.000000000000000000e+00 0.000000000000000000e+00 0.000000000000000000e+00 0.000000000000000000e+00 0.000000000000000000e+00 6.923251338683630177e-10 -9.572919968047008671e-11 1.585211846989936972e-10 -7.861072366915070760e-13 -3.506147120266533984e-11 6.337459621301047224e-11 1.034088425878010527e-11 -1.398541675230082806e-12 2.623344372914552578e-12 8.303657243704750439e-13 -2.683860192447273806e-11 6.442481292116001200e-12 2.324810873101686013e-11 0.000000000000000000e+00
0.000000000000000000e+00 0.000000000000000000e+00 0.000000000000000000e+00 0.000000000000000000e+00 0.000000000000000000e+00 0.000000000000000000e+00 8.175221088995473228e-10 -1.024737691375036619e-10 -1.642542318844614106e-11 3.054910832842062641e-11 1.541828066131922471e-12 5.496125060817809060e-11 1.301085753971894102e-11 -6.392811844346218855e-13 2.959306609032621140e-12 1.280743531723741717e-12 -1.475348787782200891e-13 -1.807144774384203860e-12 1.043234620197171144e-09 0.000000000000000000e+00
0.000000000000000000e+00 0.000000000000000000e+00 0.000000000000000000e+00 0.000000000000000000e+00 0.000000000000000000e+00 0.000000000000000000e+00 1.044155962547326514e-09 -8.308188385771447945e-11 -4.416540722964394235e-11 2.818058596479492060e-11 1.028843386771256044e-11 7.215256932305826480e-11 2.078247701456214956e-11 -1.489815638385107401e-12 4.279410389042945954e-12 2.158695010335337029e-12 -2.807351254321313762e-13 -4.115962005868762139e-12 1.378781847059948474e-09 0.000000000000000000e+00
0.000000000000000000e+00 0.000000000000000000e+00 0.000000000000000000e+00 0.000000000000000000e+00 0.000000000000000000e+00 0.000000000000000000e+00 -4.264265113082255424e-09 -6.536861820045647701e-10 -2.836999500857488377e-09 -4.701808986792811456e-10 -1.189750934733657541e-10 -2.722136019675013480e-10 -2.443062609302749696e-10 -6.467438040509809825e-11 -1.873147294224675053e-11 1.492716154761163883e-12 1.232645522583815129e-11 1.349851002647188948e-10 7.263758893654834223e-10 0.000000000000000000e+00
0.000000000000000000e+00 0.000000000000000000e+00 0.000000000000000000e+00 0.000000000000000000e+00 0.000000000000000000e+00 0.000000000000000000e+00 4.002966287695065874e-09 -1.954877256204716545e-10 -1.714222857702164854e-11 1.318317164185739472e-10 5.361762864885569502e-12 3.521126415757714397e-11 7.310983143270423311e-11 4.240804973318334614e-11 2.165769630271449090e-11 1.217202052733453711e-11 -5.078367503479435070e-11 1.218914045260896239e-10 7.253347313235534948e-10 0.000000000000000000e+00
0.000000000000000000e+00 0.000000000000000000e+00 0.000000000000000000e+00 0.000000000000000000e+00 0.000000000000000000e+00 0.000000000000000000e+00 4.756089012471062077e-09 -6.771543847711677993e-10 9.026021944986946477e-13 2.899844192651130551e-10 5.608309074644950566e-11 5.051607141828534851e-11 8.686902980248310104e-11 3.094915721617786127e-11 1.827946933652125942e-11 1.996552694661911685e-11 -4.443828117648671601e-12 -4.591139510833370294e-11 -8.366593541660624122e-07 0.000000000000000000e+00
0.000000000000000000e+00 0.000000000000000000e+00 0.000000000000000000e+00 0.000000000000000000e+00 0.000000000000000000e+00 0.000000000000000000e+00 6.300146873051340569e-09 -5.402624610017697492e-10 5.840035632677060658e-10 3.770106631365976598e-10 8.710516164542918142e-11 1.143688170203467016e-10 1.505795849285950793e-10 5.489180382774655044e-11 3.062827056190993409e-11 3.228858793734635309e-11 -8.815267232480196574e-12 -9.145390581468552308e-11 -1.014737103216594602e-06 0.000000000000000000e+00
0.000000000000000000e+00 0.000000000000000000e+00 0.000000000000000000e+00 0.000000000000000000e+00 0.000000000000000000e+00 0.000000000000000000e+00 -4.694260436659903417e-11 -3.040201873260248878e-11 5.918818403231688976e-11 3.240181623725238988e-11 -3.319601046282477774e-11 4.878876815237037335e-12 1.945053407750175955e-11 -1.453307330818267729e-12 3.301091871645421426e-12 -1.642009084378618273e-12 1.931339129356858865e-12 -2.013211178204448302e-10 7.711835883752048839e-07 0.000000000000000000e+00
0.000000000000000000e+00 0.000000000000000000e+00 0.000000000000000000e+00 0.000000000000000000e+00 0.000000000000000000e+00 0.000000000000000000e+00 -2.673417829238831563e-11 -1.037685424170092562e-10 1.419845432671382657e-10 1.975399868593066293e-10 -5.205861797242616958e-11 -1.823398800896586437e-12 1.388763236282818352e-11 2.046521847875798638e-11 -2.010343629977141875e-12 -2.608782511021330194e-12 -2.829128307958289059e-06 -2.061809558477269981e-10 7.712623643476266475e-07 0.000000000000000000e+00
0.000000000000000000e+00 0.000000000000000000e+00 0.000000000000000000e+00 0.000000000000000000e+00 0.000000000000000000e+00 0.000000000000000000e+00 1.099003679157542482e-10 -7.628666162832936009e-11 9.327591190506292253e-11 9.972678114491529406e-11 -2.987976319507390129e-12 8.096067466437131727e-12 1.492585524593557744e-11 1.679157978580460983e-11 -4.661299687066405051e-13 -1.229982528997397787e-12 2.440853428431307954e-12 -7.002665772846397092e-10 1.039444692635295198e+01 0.000000000000000000e+00
0.000000000000000000e+00 0.000000000000000000e+00 0.000000000000000000e+00 0.000000000000000000e+00 0.000000000000000000e+00 0.000000000000000000e+00 1.425776169266511821e-10 -4.945234777775235639e-11 1.089243796237910119e-10 1.094367723145420421e-10 -7.526520755908284697e-12 7.705937286070962520e-12 1.270909568083743415e-11 1.992711885464259497e-11 -3.183622677166703536e-12 -9.656053392776556626e-13 4.124379632735193733e-12 -8.289347118450874050e-10 1.531565399842596165e+01 0.000000000000000000e+00
0.000000000000000000e+00 0.000000000000000000e+00 0.000000000000000000e+00 0.000000000000000000e+00 0.000000000000000000e+00 0.000000000000000000e+00 -6.700261248675884861e-12 2.723900741923465695e-11 3.839623645682082950e-11 2.172384746482053679e-11 1.594876051028139202e-11 1.549035670009078828e-11 1.439386424569982995e-11 7.228465264065341856e-12 2.308874206844090406e-12 4.655122684641345790e-13 6.192152871274062945e-13 4.633974120874424025e-10 1.309775182146493831e-06 0.000000000000000000e+00
0.000000000000000000e+00 0.000000000000000000e+00 0.000000000000000000e+00 0.000000000000000000e+00 0.000000000000000000e+00 0.000000000000000000e+00 6.900080630319578098e-12 9.243446801337401941e-12 1.458546159642829757e-11 7.166334349614887554e-12 1.939949020918798164e-11 1.914319224987741311e-11 1.188812913592869617e-11 6.472750764721980696e-12 2.168573240193239660e-12 3.896263345187345779e-13 3.480387425928209371e-10 4.692808352603527756e-10 1.309781756734192313e-06 0.000000000000000000e+00
0.000000000000000000e+00 0.000000000000000000e+00 0.000000000000000000e+00 0.000000000000000000e+00 0.000000000000000000e+00 0.000000000000000000e+00 -2.249317872617301335e-12 2.502989296362678053e-12 8.052757969635863532e-13 7.558377363714701040e-12 7.703987716799204253e-12 1.054012365525588482e-11 1.060049392310548906e-11 8.601907700724502712e-12 4.735248381754985400e-12 1.314675460109041724e-12 1.211701806080437475e-12 2.604302344561720209e-09 3.955601959177498905e+00 0.000000000000000000e+00
0.000000000000000000e+00 0.000000000000000000e+00 0.000000000000000000e+00 0.000000000000000000e+00 0.000000000000000000e+00 0.000000000000000000e+00 -6.703430553572093604e-12 5.668841058664847482e-12 2.971662817262171167e-12 7.664525715098102215e-12 9.168622976266565246e-12 1.332925396068560784e-11 1.260513659406764099e-11 1.054331642512371592e-11 6.603450735193793513e-12 2.395859556676849226e-12 2.431907496622880109e-12 3.676622415915828495e-09 5.810449482609586269e+00 0.000000000000000000e+00
0.000000000000000000e+00 0.000000000000000000e+00 0.000000000000000000e+00 0.000000000000000000e+00 0.000000000000000000e+00 0.000000000000000000e+00 -2.454927762003708828e-09 -1.079182696940903518e-09 -1.100771621465779652e-09 -5.041319456963551485e-10 -3.241009876699112751e-10 -2.713629476713671424e-10 -1.247581626116982304e-10 -3.345175807101282075e-11 -1.045979251555239626e-11 -1.113101080108205594e-12 1.611413530361827657e-12 2.321258599505311729e-11 5.811251124538642018e-11 0.000000000000000000e+00
0.000000000000000000e+00 0.000000000000000000e+00 0.000000000000000000e+00 0.000000000000000000e+00 0.000000000000000000e+00 0.000000000000000000e+00 -1.295947069704176053e-09 7.364902094005231974e-10 -3.963547237470475935e-10 -2.213432407427053784e-10 -1.270375330604427327e-10 -1.686011922852495971e-11 -1.841638056414079378e-11 1.185238712128696243e-12 3.353145586030158195e-12 1.006544582356658294e-12 1.663441980399722107e-12 2.156962928683939696e-11 5.899859925351118846e-11 0.000000000000000000e+00
0.000000000000000000e+00 0.000000000000000000e+00 0.000000000000000000e+00 0.000000000000000000e+00 0.000000000000000000e+00 0.000000000000000000e+00 1.988321415286147997e-10 7.958897623584081400e-10 3.520238953412860443e-11 -1.151118823505091424e-10 -1.618993656071397449e-11 1.359535935238359219e-13 -3.430271162619064680e-12 6.986813726076669395e-13 2.690515307991453940e-12 1.645695586080588182e-12 -1.900686786911793417e-13 -1.120629411421700305e-12 7.918464236983532619e-08 0.000000000000000000e+00
0.000000000000000000e+00 0.000000000000000000e+00 0.000000000000000000e+00 0.000000000000000000e+00 0.000000000000000000e+00 0.000000000000000000e+00 4.011057250571074694e-10 1.131801838460215788e-09 2.155632339789143867e-10 -2.501418440890376046e-11 2.649787248887578946e-11 5.357146316810785140e-11 1.871486695774897230e-11 8.269103004343231451e-12 6.902799105529358594e-12 3.764295296215918236e-12 -6.873290343844072695e-13 -8.086395954693156265e-12 9.593559196833917424e-08 0.000000000000000000e+00
0.000000000000000000e+00 0.000000000000000000e+00 0.000000000000000000e+00 0.000000000000000000e+00 0.000000000000000000e+00 0.000000000000000000e+00 -1.340447793499866743e-08 3.295724573819231397e-10 -5.002721778818372016e-09 -1.480959421220581222e-09 -1.472903696537136880e-09 -1.039301910141518762e-09 -5.410165823154483389e-10 -1.988602324081921291e-10 -5.905624628389263060e-11 -1.001840853569811859e-11 1.523210488030024992e-11 2.290947588948456160e-10 9.236277322847492259e-10 0.000000000000000000e+00
0.000000000000000000e+00 0.000000000000000000e+00 0.000000000000000000e+00 0.000000000000000000e+00 0.000000000000000000e+00 0.000000000000000000e+00 -7.527911685394582390e-09 3.496105641066492910e-09 -4.073016414183530878e-09 -2.917358236153491619e-10 -5.709204405954110413e-10 3.943191731974033921e-10 -1.771585138452486927e-10 9.756046603989055352e-12 2.882771417431842109e-11 6.762151121395700696e-12 -2.696765005856061871e-11 2.261528895533075445e-10 9.217968207461249372e-10 0.000000000000000000e+00
0.000000000000000000e+00 0.000000000000000000e+00 0.000000000000000000e+00 0.000000000000000000e+00 0.000000000000000000e+00 0.000000000000000000e+00 2.345099830226833568e-09 2.523326037902902295e-09 -1.320198264673857652e-09 -3.094936209983839980e-11 -3.433386577897782006e-11 3.395825300795029445e-10 -1.047541382220189448e-10 -1.073888455396754978e-11 2.101068609358214047e-11 1.037026006470761088e-11 -3.598913154430821891e-12 6.752098253435243437e-11 -1.107564758296761435e-06 0.000000000000000000e+00
0.000000000000000000e+00 0.000000000000000000e+00 0.000000000000000000e+00 0.000000000000000000e+00 0.000000000000000000e+00 0.000000000000000000e+00 3.275887305126128330e-09 2.814584529022723051e-09 -8.432905574618263824e-10 2.774269402798473081e-10 1.742976526046353171e-10 6.110523771942911757e-10 -2.111506884328785802e-11 3.401874115461855120e-11 4.790450100524381241e-11 2.719830390434521890e-11 -9.709735592051958009e-12 5.800258805709112820e-12 -1.338720469366132129e-06 0.000000000000000000e+00
0.000000000000000000e+00 0.000000000000000000e+00 0.000000000000000000e+00 0.000000000000000000e+00 0.000000000000000000e+00 0.000000000000000000e+00 -3.659934313352939818e-11 2.289935372132791848e-10 -1.690475788800071693e-10 -1.754784777799179850e-10 4.651867012527375660e-11 -1.174742743856670745e-11 3.242268442761527112e-11 6.183070028420777798e-12 4.726060851094990276e-12 -6.558246855215191654e-12 -6.045591967907315018e-12 -6.628170689539705264e-10 4.648264337926604648e-06 0.000000000000000000e+00
0.000000000000000000e+00 0.000000000000000000e+00 0.000000000000000000e+00 0.000000000000000000e+00 0.000000000000000000e+00 0.000000000000000000e+00 -8.333131503252627828e-10 8.256574795049835475e-10 -3.114787192856622076e-10 -3.716580143349463065e-10 1.002124061232939344e-10 -1.116348554507360128e-10 1.255658630642997883e-11 2.442417185970785789e-12 2.064398472475228339e-11 -1.293341116695982201e-11 3.311423512542061362e-05 -8.131497088228065758e-10 4.647306267525010006e-06 0.000000000000000000e+00
0.000000000000000000e+00 0.000000000000000000e+00 0.000000000000000000e+00 0.000000000000000000e+00 0.000000000000000000e+00 0.000000000000000000e+00 -7.862361954127260815e-10 3.589763409356022947e-10 -2.487956572144244435e-11 -1.519922662459115286e-10 6.255483971576856207e-11 1.169360375341500579e-12 1.937683739556425545e-11 1.105177705354253820e-11 1.968188663854113356e-11 -7.421215595334408158e-12 -6.267117962370785838e-12 -1.620448147612234546e-09 4.588198588548876700e+01 0.000000000000000000e+00
0.000000000000000000e+00 0.000000000000000000e+00 0.000000000000000000e+00 0.000000000000000000e+00 0.000000000000000000e+00 0.000000000000000000e+00 -1.109800465499051440e-09 4.257144785357444967e-10 -5.586290450270582528e-11 -1.351047806694408343e-10 7.558684065078202599e-11 1.353141854639017299e-11 3.798983253744969238e-12 1.240429701388717124e-11 2.347055006718454800e-11 -9.441543814761536791e-12 -6.035762294181548398e-12 -2.107589673703456075e-09 6.740478681913801040e+01 0.000000000000000000e+00
0.000000000000000000e+00 0.000000000000000000e+00 0.000000000000000000e+00 0.000000000000000000e+00 0.000000000000000000e+00 0.000000000000000000e+00 5.918099501897111346e-09 1.663376741286335184e-09 2.207132854073424960e-09 2.277741454631428589e-09 3.167690167159207811e-09 3.190097210890294654e-09 2.498194600176450293e-09 1.918264641086465279e-09 9.855465542110351642e-10 2.788642609079343887e-10 3.671650576201172139e-10 4.534822949659119087e-08 4.606309744311441345e-06 0.000000000000000000e+00
0.000000000000000000e+00 0.000000000000000000e+00 0.000000000000000000e+00 0.000000000000000000e+00 0.000000000000000000e+00 0.000000000000000000e+00 5.546103769447268764e-10 5.915112586430628199e-10 8.022541987701270725e-10 8.848599515399207536e-10 7.647820184152151309e-10 6.737131858439688272e-10 4.884567672482383886e-10 3.668135313305660854e-10 2.165481269418005309e-10 1.815087269809191119e-10 3.496380244201158477e-06 4.728864040626669913e-08 4.607614427361246498e-06 0.000000000000000000e+00
0.000000000000000000e+00 0.000000000000000000e+00 0.000000000000000000e+00 0.000000000000000000e+00 0.000000000000000000e+00 0.000000000000000000e+00 8.378522079767268490e-10 8.215269880025606396e-10 6.617514496384755041e-10 6.244075058632813268e-10 6.982781657317494948e-10 7.059629770878638651e-10 6.597020490602804712e-10 5.691102912264920875e-10 3.943956064372783417e-10 1.668891551317768397e-10 1.603669131642038619e-10 2.598975022012998903e-08 -3.842638651684342932e+00 0.000000000000000000e+00
0.000000000000000000e+00 0.000000000000000000e+00 0.000000000000000000e+00 0.000000000000000000e+00 0.000000000000000000e+00 0.000000000000000000e+00 4.434487591408210549e-10 5.978870909650959739e-10 5.498856411138563558e-10 4.692043104944961820e-10 4.634660772529582230e-10 4.977983086090670518e-10 4.968957723856939245e-10 4.384004258369427778e-10 3.125547995947694922e-10 1.369699641683601785e-10 1.093850790291812317e-10 2.968238851398055718e-08 -5.774095801274384598e+00 0.000000000000000000e+00
0.000000000000000000e+00 0.000000000000000000e+00 0.000000000000000000e+00 0.000000000000000000e+00 0.000000000000000000e+00 0.000000000000000000e+00 -3.348747265027943482e-08 -3.666008803249376242e-09 -7.506364729844693528e-11 -2.642588982031294275e-09 -2.492395598330618870e-09 -2.847051635070586993e-09 -1.498759940016946288e-09 -7.718576696231543199e-10 -3.563722851242892381e-10 -1.156732704334784298e-10 6.517193554346195851e-11 4.868931471509974772e-10 6.924305027887494903e-10 0.000000000000000000e+00
0.000000000000000000e+00 0.000000000000000000e+00 0.000000000000000000e+00 0.000000000000000000e+00 0.000000000000000000e+00 0.000000000000000000e+00 2.272979545769505530e-09 -1.615507615675927290e-09 -3.559823945574887541e-09 5.895955571523718895e-10 -1.907707555105208624e-10 2.726271118617240490e-10 -2.991383014434214203e-11 -4.434668478716897443e-11 -6.484739757935468137e-11 -6.459878003667835999e-11 -1.678025743563794492e-10 4.598471876221057159e-10 6.910716286891308963e-10 0.000000000000000000e+00
0.000000000000000000e+00 0.000000000000000000e+00 0.000000000000000000e+00 0.000000000000000000e+00 0.000000000000000000e+00 0.000000000000000000e+00 -6.600183365223823336e-09 -2.287909883496374674e-09 -1.373701134698683861e-09 -4.570225649292863875e-10 -5.829165097214907209e-10 -5.467613798795436094e-10 -5.108419756901932732e-10 -2.743710859024487535e-10 -1.569984528561726327e-10 -5.819245491633239049e-11 2.172848809688792212e-11 1.499414787174324229e-10 1.661102917350459205e-07 0.000000000000000000e+00
0.000000000000000000e+00 0.000000000000000000e+00 0.000000000000000000e+00 0.000000000000000000e+00 0.000000000000000000e+00 0.000000000000000000e+00 1.616913301580343987e-10 -2.007675566628342912e-09 -1.767280987816317616e-09 1.164344264069992160e-10 -1.097207543830494854e-10 3.512270032414573363e-11 -2.330125030546419574e-10 -1.221772765033659140e-10 -6.907232931482702909e-11 -6.349434939532539436e-12 5.941976000883679517e-12 3.513164602461171159e-11 2.007941464131115124e-07 0.000000000000000000e+00
0.000000000000000000e+00 0.000000000000000000e+00 0.000000000000000000e+00 0.000000000000000000e+00 0.000000000000000000e+00 0.000000000000000000e+00 -1.919656280233037429e-07 -4.517960349092317102e-08 -1.982349559471490886e-08 -1.601593474783954734e-08 -1.135879146086584274e-08 -8.664895985116223357e-09 -2.430628051532859674e-09 -1.020044136225106641e-09 -1.150461469440587687e-10 -4.917507523705694078e-11 4.620957195280734243e-11 5.526216320693674815e-10 -1.645554721547905256e-09 0.000000000000000000e+00
0.000000000000000000e+00 0.000000000000000000e+00 0.000000000000000000e+00 0.000000000000000000e+00 0.000000000000000000e+00 0.000000000000000000e+00 1.542256821454429341e-08 1.128097020626167683e-08 -5.574035993616009336e-09 2.008724238549107353e-09 -2.367936183499885891e-09 -3.048824257698690118e-11 -1.124620609752233292e-10 -2.390830806716162548e-10 -1.498836286262499931e-10 -4.486828475821204500e-11 4.504661641763734664e-09 5.164479022207997876e-10 -1.614148251005416440e-09 0.000000000000000000e+00
0.000000000000000000e+00 0.000000000000000000e+00 0.000000000000000000e+00 0.000000000000000000e+00 0.000000000000000000e+00 0.000000000000000000e+00 -3.671869723191574704e-08 -1.474184273472340768e-08 -9.958316611515969351e-09 -4.240639734974620556e-09 -2.961756421006338517e-09 -1.116582632003353084e-09 -7.510119530389459472e-10 -4.380769911222690583e-10 -1.880198298485234609e-10 -1.523350732292329184e-11 3.253875309268018085e-11 1.572525248299009345e-10 -9.413295135927272986e-07 0.000000000000000000e+00
0.000000000000000000e+00 0.000000000000000000e+00 0.000000000000000000e+00 0.000000000000000000e+00 0.000000000000000000e+00 0.000000000000000000e+00 2.424037241129130431e-09 -5.841632642355213980e-09 -6.923057124062553513e-09 -9.794908377319930949e-10 -1.047298559203047760e-09 5.785001459832946605e-10 -2.944553038107184450e-10 -2.700129556032805661e-10 -1.940865966419356323e-10 1.523082841379347130e-11 2.764283645836405468e-11 7.012349579049897222e-11 -1.133583176654369794e-06 0.000000000000000000e+00
0.000000000000000000e+00 0.000000000000000000e+00 0.000000000000000000e+00 0.000000000000000000e+00 0.000000000000000000e+00 0.000000000000000000e+00 -9.671643646142896753e-09 4.091070772130917383e-10 -1.068257385604002759e-09 4.337140314227846140e-11 -6.323496383520337518e-10 4.317757328643349023e-10 -4.228417409602105193e-11 -2.719551121438093104e-10 -2.876452421557597280e-10 -1.177405827459601992e-10 -2.305238190288730851e-10 -1.086963402873532955e-08 3.711596771427734277e-06 0.000000000000000000e+00
0.000000000000000000e+00 0.000000000000000000e+00 0.000000000000000000e+00 0.000000000000000000e+00 0.000000000000000000e+00 0.000000000000000000e+00 -8.916860936840351427e-09 -5.136357478482742076e-09 -2.369119119255090763e-09 -1.851495877376641062e-09 -4.936665127470345297e-10 1.210537893335674009e-10 -8.282739010939166613e-10 -6.329209887940277293e-10 -3.090281262247240170e-10 -1.374938425321280181e-10 7.618324453511765503e-06 -1.143188446614483158e-08 3.712445659294711935e-06 0.000000000000000000e+00
0.000000000000000000e+00 0.000000000000000000e+00 0.000000000000000000e+00 0.000000000000000000e+00 0.000000000000000000e+00 0.000000000000000000e+00 -9.129625103091553757e-09 -2.002418231568975478e-09 -1.335652743433358756e-10 3.205293580003456918e-10 -8.216441037836084239e-11 3.574385773967017158e-10 -1.671163372781321259e-10 -4.190703103439567089e-10 -3.028790847755186401e-10 -1.376602992243361296e-10 -1.501916607252208332e-10 -1.253043107853905425e-08 6.710336053216882135e+01 0.000000000000000000e+00
0.000000000000000000e+00 0.000000000000000000e+00 0.000000000000000000e+00 0.000000000000000000e+00 0.000000000000000000e+00 0.000000000000000000e+00 -8.809721965544262943e-09 -2.435292054031436775e-09 -2.366886983105440200e-10 2.838123628148229802e-10 3.147241256391239015e-11 2.123182322758600399e-10 -3.095922729914519939e-10 -5.031072925667284718e-10 -3.244702187009593409e-10 -1.608170727587577152e-10 -9.915800011769932798e-11 -1.158905454589824007e-08 9.942522469681193797e+01 0.000000000000000000e+00
0.000000000000000000e+00 0.000000000000000000e+00 0.000000000000000000e+00 0.000000000000000000e+00 0.000000000000000000e+00 0.000000000000000000e+00 2.976686646217095388e-10 1.084798820785561726e-10 6.878407684336170764e-11 8.921775183304452556e-11 4.770415086248604349e-11 4.656401860127918810e-11 3.057465082685021850e-11 1.788814321127547986e-11 1.004506231556312345e-11 3.729677477769328064e-12 2.978129903490777609e-12 8.054016876412051594e-10 8.021810489994592695e-07 0.000000000000000000e+00
0.000000000000000000e+00 0.000000000000000000e+00 0.000000000000000000e+00 0.000000000000000000e+00 0.000000000000000000e+00 0.000000000000000000e+00 1.994940102588559643e-10 3.359420427968312345e-11 3.491118740138939778e-11 3.958868970077132536e-11 6.147711564074684544e-11 5.158427284540035952e-11 2.532919278357204181e-11 1.854263699086487755e-11 7.238351711879674649e-12 2.396725561301730625e-12 3.380514980464926002e-08 8.607097202456157858e-10 8.023859078780194797e-07 0.000000000000000000e+00
0.000000000000000000e+00 0.000000000000000000e+00 0.000000000000000000e+00 0.000000000000000000e+00 0.000000000000000000e+00 0.000000000000000000e+00 9.136871752149611366e-11 4.798161375965876961e-12 1.860600136273209773e-11 2.225316692087692392e-11 3.162992891854192478e-11 2.732759877993512281e-11 1.987667241816081349e-11 1.980230984389317371e-11 1.086835708686208934e-11 4.229733997808075863e-12 2.792545224390060039e-12 2.831937886749244251e-09 2.560808846766877700e-01 0.000000000000000000e+00
0.000000000000000000e+00 0.000000000000000000e+00 0.000000000000000000e+00 0.000000000000000000e+00 0.000000000000000000e+00 0.000000000000000000e+00 7.560023649222638297e-11 8.806774814030811215e-13 1.394903491485524896e-11 1.318655103071265509e-11 3.375399459276662732e-11 2.801556241399428159e-11 2.117965154864768149e-11 2.221151109646704371e-11 1.264876771335253920e-11 5.181356757428597060e-12 3.866225316884883110e-12 3.993703880963085858e-09 3.842736178515893108e-01 0.000000000000000000e+00
0.000000000000000000e+00 0.000000000000000000e+00 0.000000000000000000e+00 0.000000000000000000e+00 0.000000000000000000e+00 0.000000000000000000e+00 -3.411156499762141895e-09 -2.994093682041046967e-10 2.991488077540800625e-10 -5.524837669054331433e-10 -7.822305504267780376e-11 -4.156683247923890983e-10 -8.037107768127950804e-11 -2.924304619926400445e-11 -1.374506266791318334e-11 -5.132405137561484762e-12 4.894889745381398088e-12 3.827884420510218017e-11 2.685975187513648601e-11 0.000000000000000000e+00
0.000000000000000000e+00 0.000000000000000000e+00 0.000000000000000000e+00 0.000000000000000000e+00 0.000000000000000000e+00 0.000000000000000000e+00 -3.625706252556180751e-09 -1.469388218841212772e-09 5.540504849187099152e-10 -7.646558259996636284e-10 1.520093023926247913e-10 -1.437444280408761733e-10 4.748315477777287421e-11 6.490154281065609016e-12 3.287558375961744127e-12 -2.142716523386800699e-12 3.054491836565917697e-12 3.806333842544496456e-11 2.637982466706619737e-11 0.000000000000000000e+00
0.000000000000000000e+00 0.000000000000000000e+00 0.000000000000000000e+00 0.000000000000000000e+00 0.000000000000000000e+00 0.000000000000000000e+00 -2.553985349015559897e-09 -1.455161561071789179e-09 2.051904332771346656e-10 -3.000730341733878203e-10 7.226260948315068161e-11 -1.479885066274987227e-10 9.150223282769952289e-12 -3.362353078042307754e-13 -5.719528210447143852e-12 -2.431028924440095840e-12 2.423719065810129990e-12 2.321139162618325384e-11 3.181081786297664577e-08 0.000000000000000000e+00
0.000000000000000000e+00 0.000000000000000000e+00 0.000000000000000000e+00 0.000000000000000000e+00 0.000000000000000000e+00 0.000000000000000000e+00 -2.394992024377719927e-09 -1.665592880590464312e-09 2.259498240898800827e-10 -2.873255715833056801e-10 1.107856515489412652e-10 -9.498561181494201593e-11 3.455360207243871166e-11 7.571318397626246480e-12 -6.676556109066878709e-13 2.423889521325129074e-13 1.488425113053944596e-12 1.587137016750868983e-11 3.858377825849695763e-08 0.000000000000000000e+00
0.000000000000000000e+00 0.000000000000000000e+00 0.000000000000000000e+00 0.000000000000000000e+00 0.000000000000000000e+00 0.000000000000000000e+00 -2.465804221370309229e-08 8.613036339616152703e-12 -1.816659108424086285e-09 -3.911744147568220580e-09 3.768172950812011605e-10 -1.857917475540129866e-09 -2.102994972690919868e-10 -1.234546444063473737e-10 -2.568547869984190004e-11 -2.218847322212407689e-11 1.099434341344734004e-11 5.160472218921031295e-13 9.971562827444792598e-10 0.000000000000000000e+00
0.000000000000000000e+00 0.000000000000000000e+00 0.000000000000000000e+00 0.000000000000000000e+00 0.000000000000000000e+00 0.000000000000000000e+00 -2.395978985952552158e-08 -6.420519380615945363e-09 -1.899001727869645768e-09 -4.040783871121600509e-09 1.104863772538062355e-09 -1.066464743340760683e-09 3.105673275101916198e-10 -2.062234116310548593e-11 2.534966007825015670e-12 -8.571244241762662595e-12 -4.735405058160813880e-11 -3.816462802635424571e-12 9.787497453552957427e-10 0.000000000000000000e+00
0.000000000000000000e+00 0.000000000000000000e+00 0.000000000000000000e+00 0.000000000000000000e+00 0.000000000000000000e+00 0.000000000000000000e+00 -1.874234052694570725e-08 -4.487029013243461103e-09 -1.037548089456784465e-09 -2.097534417641199085e-09 3.870132629119960669e-10 -7.678419467319652290e-10 1.454889711273240734e-10 -3.095994323566265950e-11 -2.472621713586773273e-11 -1.584374945234693910e-11 1.031950671291612722e-11 -2.060661103395043488e-11 -8.526612415479240292e-07 0.000000000000000000e+00
0.000000000000000000e+00 0.000000000000000000e+00 0.000000000000000000e+00 0.000000000000000000e+00 0.000000000000000000e+00 0.000000000000000000e+00 -1.728317006711488511e-08 -5.438574107998333423e-09 -9.717059416417856562e-10 -1.947095970723224342e-09 4.157465800790452781e-10 -6.070054128588015242e-10 2.509560548714774158e-10 -1.162224444097195946e-11 -1.755055481927691155e-11 -9.144856129948198924e-12 1.120323531995634211e-11 -4.483042336042990323e-11 -1.038979404220741827e-06 0.000000000000000000e+00
0.000000000000000000e+00 0.000000000000000000e+00 0.000000000000000000e+00 0.000000000000000000e+00 0.000000000000000000e+00 0.000000000000000000e+00 1.814252300981318870e-10 -1.822418273289080629e-10 -9.995157140725287186e-11 1.206231648561154520e-10 -1.022528195178127381e-10 -6.265052948933620417e-11 7.913725470095048804e-11 -5.010173598624374796e-11 -2.572955180121289334e-11 1.694048241101145568e-12 2.410040701614659078e-12 -9.071529821312928393e-10 1.550221945155985229e-06 0.000000000000000000e+00
0.000000000000000000e+00 0.000000000000000000e+00 0.000000000000000000e+00 0.000000000000000000e+00 0.000000000000000000e+00 0.000000000000000000e+00 6.646144218740757876e-10 4.088688127787706088e-10 -7.953052016106797164e-10 3.075563654101190016e-10 1.241703310622604241e-10 -1.599841068952857317e-10 -1.664293443884117460e-11 -7.284090712343017601e-11 -7.203322183154509744e-12 -4.841858581503545720e-12 7.631879170277610150e-06 -9.919641421686789601e-10 1.553305166398043140e-06 0.000000000000000000e+00
0.000000000000000000e+00 0.000000000000000000e+00 0.000000000000000000e+00 0.000000000000000000e+00 0.000000000000000000e+00 0.000000000000000000e+00 3.785458304836744608e-10 1.838408054300571471e-10 1.794857616698976516e-12 5.113614282666829803e-10 -1.321994312827684427e-10 4.510199110740779052e-11 6.044991435708449755e-11 -9.847195446981381185e-11 -2.885105540541992751e-11 -2.962215860155912627e-12 -2.187596697447368897e-12 -1.724613572078571170e-09 1.540998187373791417e+01 0.000000000000000000e+00
0.000000000000000000e+00 0.000000000000000000e+00 0.000000000000000000e+00 0.000000000000000000e+00 0.000000000000000000e+00 0.000000000000000000e+00 4.529380950317144996e-10 3.293693115900628716e-10 -2.231502771222530856e-11 5.368268702034689680e-10 -9.915716265537876642e-11 2.759630191219130265e-11 5.135971287760737741e-11 -1.068491041825978821e-10 -3.307645074380035089e-11 -5.598718244562182909e-12 -4.145939560993055196e-12 -1.979460641993564073e-09 2.278231304342581964e+01 0.000000000000000000e+00
0.000000000000000000e+00 0.000000000000000000e+00 0.000000000000000000e+00 0.000000000000000000e+00 0.000000000000000000e+00 0.000000000000000000e+00 6.915075568870671799e-09 1.354845649143551658e-09 2.229413130928282910e-09 2.323200239840250987e-09 3.111804559612620972e-09 3.144124734137725625e-09 2.475872125108712530e-09 1.897361946088051076e-09 9.786756224336881003e-10 2.847577318673953644e-10 3.616025792339931034e-10 4.540201213481324345e-08 6.181571714213769008e-06 0.000000000000000000e+00
0.000000000000000000e+00 0.000000000000000000e+00 0.000000000000000000e+00 0.000000000000000000e+00 0.000000000000000000e+00 0.000000000000000000e+00 2.419476338007167258e-10 6.466829500840738038e-10 5.728798382796416542e-10 1.132028411054400528e-09 8.312161621582279618e-10 8.557667417890263197e-10 5.162954513567450145e-10 3.852700593135575644e-10 2.246266445385841522e-10 1.838879116337385201e-10 3.936948548776364015e-06 4.705556118598229993e-08 6.182216561407173091e-06 0.000000000000000000e+00
0.000000000000000000e+00 0.000000000000000000e+00 0.000000000000000000e+00 0.000000000000000000e+00 0.000000000000000000e+00 0.000000000000000000e+00 7.715994670817771296e-10 6.430287467875512567e-10 5.579183150415419546e-10 6.697569694132423452e-10 7.274614617969092379e-10 7.735549102068925901e-10 6.701807288081828714e-10 5.829760964382043138e-10 4.108743104263860847e-10 1.758814346620851124e-10 1.617511934951739354e-10 3.056391328815762119e-08 8.888428685449266453e+00 0.000000000000000000e+00
0.000000000000000000e+00 0.000000000000000000e+00 0.000000000000000000e+00 0.000000000000000000e+00 0.000000000000000000e+00 0.000000000000000000e+00 1.834093076139475228e-10 4.983294323112818242e-10 4.847165373736609721e-10 5.395227609229442478e-10 5.098774934950468346e-10 5.902095063999836852e-10 5.164469303952020644e-10 4.590540628950885862e-10 3.360228192650008531e-10 1.476585457126425843e-10 1.145158427467869284e-10 3.610087950198805228e-08 1.299713005865478621e+01 0.000000000000000000e+00
0.000000000000000000e+00 0.000000000000000000e+00 0.000000000000000000e+00 0.000000000000000000e+00 0.000000000000000000e+00 0.000000000000000000e+00 -3.615007415867897661e-08 -2.187771692806517593e-09 5.301634987599394990e-11 -3.049609521129933380e-09 -2.504402878597115499e-09 -2.461240351614912341e-09 -1.516973216838685744e-09 -7.445618226160764596e-10 -3.390783487515015318e-10 -1.113257629251272639e-10 6.168467516068869184e-11 4.540123638131891288e-10 6.424883629599370462e-10 0.000000000000000000e+00
0.000000000000000000e+00 0.000000000000000000e+00 0.000000000000000000e+00 0.000000000000000000e+00 0.000000000000000000e+00 0.000000000000000000e+00 -5.505082103053130285e-09 -1.436872925834126370e-09 -3.439429290739086212e-09 2.738372963018961059e-10 -4.936633546096240742e-11 4.272369332024027947e-10 -6.835606844695263499e-11 -6.759252929128053948e-11 -5.801127756765765427e-11 -6.180010101090447256e-11 -1.892725590819701285e-10 4.287408837839095894e-10 6.419173502007703575e-10 0.000000000000000000e+00
0.000000000000000000e+00 0.000000000000000000e+00 0.000000000000000000e+00 0.000000000000000000e+00 0.000000000000000000e+00 0.000000000000000000e+00 -1.024240101303675401e-08 -2.126932309438445247e-09 -1.403941694135378934e-09 -3.022597377400278245e-10 -5.520224022650583960e-10 -3.358936211996656892e-10 -5.365423864259256472e-10 -2.922858664550321690e-10 -1.402110162612168307e-10 -5.504816847776650881e-11 1.976501747685574768e-11 1.352944555895394018e-10 1.128699367130614488e-07 0.000000000000000000e+00
0.000000000000000000e+00 0.000000000000000000e+00 0.000000000000000000e+00 0.000000000000000000e+00 0.000000000000000000e+00 0.000000000000000000e+00 -4.143304428096065189e-09 -1.939779560247493060e-09 -1.877720710593225050e-09 3.309804380736097539e-10 -4.927381007025115417e-11 1.966997092629922110e-10 -2.586793449442194974e-10 -1.498179364607891062e-10 -5.502685631830913308e-11 -4.942135646863241145e-12 4.609730152905561641e-12 2.683515879029354103e-11 1.361649208931757318e-07 0.000000000000000000e+00
0.000000000000000000e+00 0.000000000000000000e+00 0.000000000000000000e+00 0.000000000000000000e+00 0.000000000000000000e+00 0.000000000000000000e+00 -2.116513701614067993e-07 -3.504405431966911265e-08 -2.212133164436910433e-08 -1.851911151059419782e-08 -1.080052833241617134e-08 -7.330316292280260040e-09 -2.437381516812339012e-09 -1.039295891980846323e-09 -1.176481097539485708e-10 -4.543424766020954098e-11 5.574249119574937388e-11 6.062374415074779759e-10 -1.299704905382765836e-09 0.000000000000000000e+00
0.000000000000000000e+00 0.000000000000000000e+00 0.000000000000000000e+00 0.000000000000000000e+00 0.000000000000000000e+00 0.000000000000000000e+00 -3.477602585682262770e-08 2.518464289620496204e-08 -9.381372473011245018e-09 6.334889075026592766e-10 -1.089611157998934832e-09 -8.968340766612676340e-12 -1.665473715821423119e-10 -2.747747269399651116e-10 -9.933066800306720402e-11 -2.776185387102368898e-11 5.093913192734117906e-09 5.335683144156087771e-10 -1.242160878580531362e-09 0.000000000000000000e+00
0.000000000000000000e+00 0.000000000000000000e+00 0.000000000000000000e+00 0.000000000000000000e+00 0.000000000000000000e+00 0.000000000000000000e+00 -6.073274971030895996e-08 -9.002752430470089665e-09 -1.155403691428525593e-08 -2.882852429262391567e-09 -2.296851862089485522e-09 -8.543725038873770493e-10 -7.986142687541158562e-10 -4.597351461653972286e-10 -1.007176736281366036e-10 4.279117274878495416e-12 2.679638136649283489e-11 2.502959554777026090e-11 -2.901903422226475471e-06 0.000000000000000000e+00
0.000000000000000000e+00 0.000000000000000000e+00 0.000000000000000000e+00 0.000000000000000000e+00 0.000000000000000000e+00 0.000000000000000000e+00 -2.529884425181173522e-08 2.803973711466683736e-10 -8.817474591292543872e-09 8.381532027455811279e-10 -3.375532460067121699e-10 6.054347488962142349e-10 -3.521160552456582942e-10 -2.996840646867817604e-10 -8.843877526238523577e-11 4.253500596778536243e-11 2.033352138487705710e-11 -1.018105125325715068e-10 -3.508257209500706199e-06 0.000000000000000000e+00
0.000000000000000000e+00 0.000000000000000000e+00 0.000000000000000000e+00 0.000000000000000000e+00 0.000000000000000000e+00 0.000000000000000000e+00 -8.923659232706714729e-09 8.137473312300651380e-10 -6.642643425071259524e-10 -1.143914328055288415e-10 -7.135427035952889695e-10 2.332235360159538027e-10 -1.135377065922455216e-10 -2.784399786274207311e-10 -3.089069354232331812e-10 -1.282839094131750065e-10 -2.138645986300289929e-10 -9.656694235263081921e-09 7.937428112470370874e-06 0.000000000000000000e+00
0.000000000000000000e+00 0.000000000000000000e+00 0.000000000000000000e+00 0.000000000000000000e+00 0.000000000000000000e+00 0.000000000000000000e+00 -9.837523338970470900e-09 -6.305905126434551512e-09 -2.863945807815920550e-09 -1.882827256027223981e-09 -3.488298551098369184e-10 -3.570424399847776039e-10 -7.958991896031370664e-10 -4.908827733418960102e-10 -2.923178026569183462e-10 -1.390177558633550349e-10 3.350527822947036561e-05 -1.056012918113969449e-08 7.934839200632664720e-06 0.000000000000000000e+00
0.000000000000000000e+00 0.000000000000000000e+00 0.000000000000000000e+00 0.000000000000000000e+00 0.000000000000000000e+00 0.000000000000000000e+00 -9.046535314910470504e-09 -2.251513937810934325e-09 1.471334107557984194e-10 1.522438683319111767e-10 -1.830278294571460385e-10 -8.955203012184522858e-11 -2.375843545471837377e-10 -3.144640481153795232e-10 -3.169138061589418572e-10 -1.407067877489618302e-10 -1.312796871451767033e-10 -9.348422122623130961e-09 1.342190149990484258e+02 0.000000000000000000e+00
0.000000000000000000e+00 0.000000000000000000e+00 0.000000000000000000e+00 0.000000000000000000e+00 0.000000000000000000e+00 0.000000000000000000e+00 -8.976388477170032017e-09 -3.091831617519441104e-09 -7.675570580585096947e-11 1.179429350077736914e-10 -6.684799093504855446e-11 -3.109492225729489515e-10 -3.730584661971068345e-10 -3.568297335655454186e-10 -3.325364903391376914e-10 -1.595746504492353611e-10 -8.355350853145866523e-11 -7.628103103620753495e-09 1.981314099533464343e+02 0.000000000000000000e+00
0.000000000000000000e+00 0.000000000000000000e+00 0.000000000000000000e+00 0.000000000000000000e+00 0.000000000000000000e+00 0.000000000000000000e+00 9.114009784125028839e-09 1.486866655862150029e-09 2.915939080239046718e-09 2.430241941693819843e-09 3.401467157652150407e-09 3.572268117040400305e-09 2.771411991340354801e-09 2.067144992239740046e-09 1.098461935576974386e-09 3.248204759578584688e-10 3.960934546870168895e-10 5.295260973728778075e-08 1.173022093076166246e-05 0.000000000000000000e+00
0.000000000000000000e+00 0.000000000000000000e+00 0.000000000000000000e+00 0.000000000000000000e+00 0.000000000000000000e+00 0.000000000000000000e+00 2.903319174232155953e-10 1.585022072123335089e-09 5.544115401191124430e-10 1.421549737033203406e-09 1.466436708627369233e-09 1.042133550451556131e-09 7.572722381058958418e-10 5.073215475556851565e-10 2.870886541591951991e-10 2.082250983038709908e-10 3.687082706879174011e-06 5.480831698312314179e-08 1.173494501236096340e-05 0.000000000000000000e+00
0.000000000000000000e+00 0.000000000000000000e+00 0.000000000000000000e+00 0.000000000000000000e+00 0.000000000000000000e+00 0.000000000000000000e+00 6.914376704752352222e-10 1.234317940669101495e-09 5.234016832456320510e-10 7.935010354323980762e-10 9.166846871276893436e-10 9.169170133944043946e-10 8.345876278691563746e-10 7.245172183535193445e-10 5.063236488859199504e-10 2.153583178074824932e-10 1.865457585457894186e-10 5.462984960065787843e-08 1.600802039635605212e+01 0.000000000000000000e+00
0.000000000000000000e+00 0.000000000000000000e+00 0.000000000000000000e+00 0.000000000000000000e+00 0.000000000000000000e+00 0.000000000000000000e+00 -1.226856567418745534e-10 1.300307188246817290e-09 3.216863474286140201e-10 6.817653662143773899e-10 7.293511892055189703e-10 7.533074419717268803e-10 7.026739206905626383e-10 6.180016839706478591e-10 4.434750793691593458e-10 1.928308517626076900e-10 1.467241838872553569e-10 6.992739029511604617e-08 2.362091246165402225e+01 0.000000000000000000e+00
0.000000000000000000e+00 0.000000000000000000e+00 0.000000000000000000e+00 0.000000000000000000e+00 0.000000000000000000e+00 0.000000000000000000e+00 -3.939146825946586750e-08 -5.841814388898821627e-09 1.071344005560106222e-09 -3.561025783248479584e-09 -2.060342950787705951e-09 -2.751302654714663365e-09 -1.627552884312571303e-09 -7.280335185534246658e-10 -3.496238556233819593e-10 -1.116485664001607928e-10 6.602275573279725208e-11 4.763340546609706357e-10 8.127926598338209685e-10 0.000000000000000000e+00
0.000000000000000000e+00 0.000000000000000000e+00 0.000000000000000000e+00 0.000000000000000000e+00 0.000000000000000000e+00 0.000000000000000000e+00 -2.440090031688424447e-09 -3.720872185064939787e-09 -4.930466100472148109e-10 1.195457077020311265e-11 1.642695620786546764e-10 5.167807966313370386e-10 -1.022391193904315393e-10 -5.905769720897063427e-11 -6.754408316945428645e-11 -5.905989082889791896e-11 -9.445174189193391130e-11 4.518627676152085805e-10 8.114237886294577860e-10 0.000000000000000000e+00
0.000000000000000000e+00 0.000000000000000000e+00 0.000000000000000000e+00 0.000000000000000000e+00 0.000000000000000000e+00 0.000000000000000000e+00 -3.607766728206291054e-09 -3.307575998370633520e-09 -2.183666458801422082e-10 1.693089283607131569e-11 -2.018356124632707202e-10 -4.294893433999359553e-10 -5.907078762109729419e-10 -3.011884654520514729e-10 -1.583389682921572114e-10 -5.264901529437731478e-11 2.321258248326886762e-11 1.347327796560103880e-10 2.452001568573968011e-07 0.000000000000000000e+00
0.000000000000000000e+00 0.000000000000000000e+00 0.000000000000000000e+00 0.000000000000000000e+00 0.000000000000000000e+00 0.000000000000000000e+00 3.720815265231909886e-09 -2.635862764354032581e-09 -5.756367178360921657e-10 7.424356442335365225e-10 2.533355323692199313e-10 1.570071002185607784e-10 -2.892315950731082541e-10 -1.592162960607706087e-10 -7.331622022957113266e-11 5.444849915968232920e-13 7.389172086603895715e-12 1.965069355536380036e-11 2.980339262908520327e-07 0.000000000000000000e+00
0.000000000000000000e+00 0.000000000000000000e+00 0.000000000000000000e+00 0.000000000000000000e+00 0.000000000000000000e+00 0.000000000000000000e+00 -2.380163175477821003e-07 -4.985251254407574478e-08 -2.102040434625449440e-08 -2.335685563870794548e-08 -1.131324041563153709e-08 -9.171799864089758694e-09 -2.838237012703833011e-09 -1.085337176588137793e-09 -1.787797909265593809e-10 -3.994337213028185889e-11 8.545763669528254118e-11 5.792125111484950156e-10 5.680536584042274051e-09 0.000000000000000000e+00
0.000000000000000000e+00 0.000000000000000000e+00 0.000000000000000000e+00 0.000000000000000000e+00 0.000000000000000000e+00 0.000000000000000000e+00 -1.888965401252406170e-08 1.605795683422528942e-08 -1.096424594253657227e-08 -4.211439107069812409e-09 -1.826564401069315511e-09 -7.693815577600121742e-10 -2.320730928546868052e-10 -2.429704414619679949e-10 -1.988516404845878195e-10 -1.052065900413746408e-11 6.230094768921085466e-09 4.945742822402551335e-10 5.761222508925944747e-09 0.000000000000000000e+00
0.000000000000000000e+00 0.000000000000000000e+00 0.000000000000000000e+00 0.000000000000000000e+00 0.000000000000000000e+00 0.000000000000000000e+00 -2.726270430249818542e-08 -1.290686542361654033e-08 -1.106390603287868117e-08 -4.286069614280811030e-09 -3.567046132861975363e-09 -1.842065213433878798e-09 -8.852191540060279596e-10 -4.343099160895651011e-10 -2.670417990361315085e-10 2.231134530238634776e-11 9.662785560870897399e-12 -2.411848899582470826e-10 -3.547052274164465190e-06 0.000000000000000000e+00
0.000000000000000000e+00 0.000000000000000000e+00 0.000000000000000000e+00 0.000000000000000000e+00 0.000000000000000000e+00 0.000000000000000000e+00 1.658133652632859752e-08 -1.669219788408514889e-09 -9.090020919784218740e-09 -4.280671408230498066e-10 -1.688809695027095820e-09 -2.128003658566452790e-10 -3.470479785876498017e-10 -2.821164888282970407e-10 -2.797548954149920980e-10 7.415379170997221662e-11 -1.120838425574068392e-11 -4.267798097030371247e-10 -4.294798547910562821e-06 0.000000000000000000e+00
0.000000000000000000e+00 0.000000000000000000e+00 0.000000000000000000e+00 0.000000000000000000e+00 0.000000000000000000e+00 0.000000000000000000e+00 -6.782055467499178165e-09 -1.899077310548975611e-09 -9.208379739300534296e-10 1.027453232853824186e-10 -1.257061727195305222e-09 -5.621237369304330849e-12 -7.593632140971589636e-11 -2.330948998852583953e-10 -2.104155349036364021e-10 -1.490504255552769859e-10 -1.335365892880433407e-10 -1.094818031222622682e-08 8.768924676389773390e-06 0.000000000000000000e+00
0.000000000000000000e+00 0.000000000000000000e+00 0.000000000000000000e+00 0.000000000000000000e+00 0.000000000000000000e+00 0.000000000000000000e+00 -9.034776940599370643e-09 -1.350668594333596805e-08 -4.150311970201622585e-09 -2.042319888935696237e-09 1.252339614104150917e-10 -3.102387130639673565e-10 -6.413864481054163231e-10 -7.680306834976301469e-10 -2.175317768892978069e-10 -1.494638119676708059e-10 3.761467173594437789e-05 -1.230294295354971348e-08 8.773145791458861992e-06 0.000000000000000000e+00
0.000000000000000000e+00 0.000000000000000000e+00 0.000000000000000000e+00 0.000000000000000000e+00 0.000000000000000000e+00 0.000000000000000000e+00 -8.544641549937250547e-09 -3.781746501814426273e-09 -2.231951837292217811e-10 1.267014433669154240e-09 -7.284074860158496896e-10 2.634153499122557026e-10 -2.707066499055944517e-10 -3.605315356943515446e-10 -2.483800707629126350e-10 -1.611101690061588126e-10 -5.270232458546007180e-11 -1.071962510075767492e-08 1.546143525240247811e+02 0.000000000000000000e+00
0.000000000000000000e+00 0.000000000000000000e+00 0.000000000000000000e+00 0.000000000000000000e+00 0.000000000000000000e+00 0.000000000000000000e+00 -8.779609965016058254e-09 -4.213967183161120681e-09 -4.334411464105329761e-10 1.378074603711120379e-09 -4.844263835288232740e-10 1.085933783556716319e-10 -3.744278359417292983e-10 -4.518658172761283157e-10 -2.852773443136025630e-10 -1.784149490588540442e-10 -9.279772516741024456e-12 -8.547869710317360584e-09 2.285985378251644704e+02 0.000000000000000000e+00
