0.000000000000000000e+00 0.000000000000000000e+00 0.000000000000000000e+00 0.000000000000000000e+00 0.000000000000000000e+00 0.000000000000000000e+00 2.442440557162301172e-11 7.680336698647193042e-12 2.154724352177504271e-11 3.148657257534055514e-11 2.725837420068578110e-11 3.364182361413871931e-11 2.033361552989776366e-11 1.186955132570743047e-11 3.479302138772444858e-12 2.431698779633030965e-13 7.709518921595516284e-12 3.183163626957750306e-09 2.008544470950671267e-09 0.000000000000000000e+00
0.000000000000000000e+00 0.000000000000000000e+00 0.000000000000000000e+00 0.000000000000000000e+00 0.000000000000000000e+00 0.000000000000000000e+00 -5.434573924142160976e-13 -4.219495103925214691e-13 8.095388477915920943e-13 9.654151766665934225e-13 2.815835751934036943e-13 5.738546724698216145e-13 1.067346415519839557e-13 2.841908620591352677e-13 -4.751155013283332438e-14 2.787728592228056510e-14 5.890690072671577438e-10 3.054123254922259828e-09 2.013323708677004036e-09 0.000000000000000000e+00
0.000000000000000000e+00 0.000000000000000000e+00 0.000000000000000000e+00 0.000000000000000000e+00 0.000000000000000000e+00 0.000000000000000000e+00 8.401835002020187197e-11 3.368855825070152851e-11 8.179338781656109315e-11 1.497090039005930135e-10 1.436340531235146926e-10 2.186742675536581117e-10 1.131784951198703041e-10 7.172552458444841211e-11 2.684083089110967862e-11 6.287025238220263275e-12 9.989970890340101535e-09 3.189391031266320587e-09 2.014458902441429938e-09 0.000000000000000000e+00
0.000000000000000000e+00 0.000000000000000000e+00 0.000000000000000000e+00 0.000000000000000000e+00 0.000000000000000000e+00 0.000000000000000000e+00 -2.550287745968070415e-12 7.730617660122748649e-13 -3.099567030967628076e-13 9.152022666244615468e-14 -2.486188014707844005e-13 -8.415541657710467194e-14 -2.608916612790994524e-13 -1.709971161214721774e-13 -1.845698463855171878e-13 -2.856101515954218978e-14 2.364862249023771143e-14 1.826393062874294307e-08 -7.006487097368396810e-03 0.000000000000000000e+00
0.000000000000000000e+00 0.000000000000000000e+00 0.000000000000000000e+00 0.000000000000000000e+00 0.000000000000000000e+00 0.000000000000000000e+00 -3.778475394604479687e-10 -8.290512491584062632e-11 -6.390331883066963093e-10 -1.803831834228982439e-10 2.146971028629837941e-10 -2.741342719649936632e-10 -3.807824063994979099e-11 -2.530406201029025755e-11 -2.027422884467555379e-12 1.125825121003340705e-13 1.330829939035020287e-12 1.650242842916659911e-11 -1.455366075240349851e-11 0.000000000000000000e+00
0.000000000000000000e+00 0.000000000000000000e+00 0.000000000000000000e+00 0.000000000000000000e+00 0.000000000000000000e+00 0.000000000000000000e+00 9.140293270024843097e-11 2.317034719861722539e-10 -2.749296822668712242e-10 1.269177748755274653e-10 1.040573573019803448e-10 3.732480440254553319e-11 1.846705526316429506e-11 5.936576781209895972e-12 -2.701173139296503998e-14 3.630308608972538047e-14 2.728191721973835759e-12 1.484291128449645201e-11 -1.452697734293462433e-11 0.000000000000000000e+00
0.000000000000000000e+00 0.000000000000000000e+00 0.000000000000000000e+00 0.000000000000000000e+00 0.000000000000000000e+00 0.000000000000000000e+00 -8.025709025830564700e-10 -3.765535334134549574e-10 -1.001315507578812432e-09 -5.130636910474218782e-10 3.782624505077483271e-10 -6.671279747701629313e-10 -1.053025788986143303e-10 -6.385778343731250800e-11 -5.951151109737768051e-12 -1.458310411928443348e-12 3.367440710191068991e-11 1.586000290858768484e-11 -1.451154578963250018e-11 0.000000000000000000e+00
0.000000000000000000e+00 0.000000000000000000e+00 0.000000000000000000e+00 0.000000000000000000e+00 0.000000000000000000e+00 0.000000000000000000e+00 8.005469087918511238e-11 1.681044104240151014e-10 -1.535459116485615581e-10 5.751637406549437679e-11 5.945957953121528921e-11 -1.308895169342550958e-11 7.552242361893813016e-12 8.577757350571116595e-13 -1.677664591724493811e-14 1.912606713642406791e-13 1.669987098540914921e-13 -1.159782635068833017e-12 -2.556417879970334713e-08 0.000000000000000000e+00
0.000000000000000000e+00 0.000000000000000000e+00 0.000000000000000000e+00 0.000000000000000000e+00 0.000000000000000000e+00 0.000000000000000000e+00 -4.320170732468445219e-09 3.713506055234837025e-10 -3.416086633721490972e-09 -4.115018809130833453e-10 5.878139360856057563e-11 -1.050295324057289905e-09 -1.846339449717028839e-10 -1.413122254672589084e-10 -1.495561574841952928e-11 3.951079578764083883e-13 3.289748835343081244e-11 3.546732080700618024e-10 -9.550333785967685563e-11 0.000000000000000000e+00
0.000000000000000000e+00 0.000000000000000000e+00 0.000000000000000000e+00 0.000000000000000000e+00 0.000000000000000000e+00 0.000000000000000000e+00 -8.858518644904214132e-10 1.620406070518717166e-09 -1.927088111499333794e-10 4.587025043054828936e-10 6.695749088656321653e-10 8.093763258066120613e-11 4.843867484904713843e-11 4.258686903505459654e-11 -2.289428787692288369e-12 -1.497018276388208422e-12 8.526122115780572896e-11 3.423198116400514081e-10 -9.361833090002142745e-11 0.000000000000000000e+00
0.000000000000000000e+00 0.000000000000000000e+00 0.000000000000000000e+00 0.000000000000000000e+00 0.000000000000000000e+00 0.000000000000000000e+00 -7.428423216551397327e-09 -7.580555077713733103e-10 -6.497240682195759541e-09 -1.314546094153612306e-09 -5.212367437083249319e-10 -2.530895195201455926e-09 -4.465066064800403712e-10 -3.700451230808452081e-10 -3.380791906392784406e-11 -2.835935966261761903e-11 5.869127167757995487e-11 3.700022741249602844e-10 -9.387043813964016117e-11 0.000000000000000000e+00
0.000000000000000000e+00 0.000000000000000000e+00 0.000000000000000000e+00 0.000000000000000000e+00 0.000000000000000000e+00 0.000000000000000000e+00 -2.748695269989636928e-10 1.363720287974297722e-09 -3.267949838770190239e-10 2.249632538157162269e-10 3.087723035060893148e-10 -5.821824675763154045e-11 1.866512426657884494e-11 8.942486959694506345e-12 -4.666101443589465069e-12 1.677039539799228107e-12 -4.375169716553771522e-12 -4.109835895257716971e-10 -1.097156483414281498e-07 0.000000000000000000e+00
0.000000000000000000e+00 0.000000000000000000e+00 0.000000000000000000e+00 0.000000000000000000e+00 0.000000000000000000e+00 0.000000000000000000e+00 9.671055519216917676e-11 1.495992767715796009e-10 -1.310403088073324565e-10 3.169897328731501372e-11 -8.907190777006979292e-11 -2.705535620688731840e-11 -8.068160694106757204e-12 -3.509709049411357852e-12 -1.393703246431159001e-11 -2.834335259877585739e-12 -5.655788416725120195e-12 -1.785985864761683928e-09 6.009777780517575531e-09 0.000000000000000000e+00
0.000000000000000000e+00 0.000000000000000000e+00 0.000000000000000000e+00 0.000000000000000000e+00 0.000000000000000000e+00 0.000000000000000000e+00 1.613536425198942460e-10 8.445022673112769324e-11 1.159421541272450306e-10 -4.264261473223330398e-11 2.616386127731157589e-11 1.658929291171427005e-11 2.716092621138383215e-11 -2.032553039234523169e-13 -1.033572122672160136e-11 -4.391562913680512735e-12 -7.065097460879402542e-08 -9.503661016376233233e-10 6.296066179126932883e-09 0.000000000000000000e+00
0.000000000000000000e+00 0.000000000000000000e+00 0.000000000000000000e+00 0.000000000000000000e+00 0.000000000000000000e+00 0.000000000000000000e+00 2.738747868763429713e-10 -4.996609506879085769e-11 -1.634717196399939785e-10 -5.582051603453022961e-11 -2.469974722122427203e-10 -6.893574932538032636e-11 -6.505296300138543264e-11 -6.463546300705176061e-13 -8.513636990320336456e-12 -2.718153337516554914e-12 2.599004568291983341e-06 -6.968787933199629699e-10 5.858647521809679630e-09 0.000000000000000000e+00
0.000000000000000000e+00 0.000000000000000000e+00 0.000000000000000000e+00 0.000000000000000000e+00 0.000000000000000000e+00 0.000000000000000000e+00 9.671055519216917676e-11 1.495992767715796009e-10 -1.310403088073324565e-10 3.169897328731501372e-11 -8.907190777006979292e-11 -2.705535620688731840e-11 -8.068160694106757204e-12 -3.509709049411357852e-12 -1.393703246431159001e-11 -2.834335259877585739e-12 -5.655788416725120195e-12 -1.785985864761683928e-09 6.009777780517575531e-09 0.000000000000000000e+00
0.000000000000000000e+00 0.000000000000000000e+00 0.000000000000000000e+00 0.000000000000000000e+00 0.000000000000000000e+00 0.000000000000000000e+00 2.167430500057839141e-10 8.817412244849589641e-10 7.299347170409327053e-10 4.192142615281296341e-10 2.973573809425838959e-10 2.703903455299808433e-10 1.622094634444693801e-10 9.985719103817649715e-11 3.028188129647754966e-11 4.300754052136104814e-12 5.762632470438501393e-11 3.652061819331814815e-08 -4.330088334045167697e-07 0.000000000000000000e+00
0.000000000000000000e+00 0.000000000000000000e+00 0.000000000000000000e+00 0.000000000000000000e+00 0.000000000000000000e+00 0.000000000000000000e+00 4.694943246128851937e-10 -4.189446873912042924e-10 4.953303806093076725e-10 -7.336381204463543743e-11 1.232432369975687160e-10 4.795152507475116942e-11 1.322558108273831317e-10 2.925403186944187395e-11 1.147915257848614773e-11 2.900789717491720803e-12 -5.790208063971801727e-08 3.743772698463906722e-08 -4.270116975051025532e-07 0.000000000000000000e+00
0.000000000000000000e+00 0.000000000000000000e+00 0.000000000000000000e+00 0.000000000000000000e+00 0.000000000000000000e+00 0.000000000000000000e+00 3.878682605716053874e-09 2.588323310621778506e-09 1.569716139877029473e-09 1.963918137803051269e-09 2.088588836433544122e-09 1.524346916696235199e-09 9.987333586772104005e-10 4.926122173323071442e-10 1.863227269832767473e-10 4.708859630475130908e-11 -1.601540769556442006e-07 3.846192817944339464e-08 -4.268577163509304338e-07 0.000000000000000000e+00
0.000000000000000000e+00 0.000000000000000000e+00 0.000000000000000000e+00 0.000000000000000000e+00 0.000000000000000000e+00 0.000000000000000000e+00 4.595576296254642018e-10 -1.448422099884712835e-10 2.352640203887310387e-10 -7.111738156403441613e-11 2.262719486480308673e-11 1.425509598860178460e-11 9.423753381528158707e-11 2.218195456722473107e-11 1.303026033927539258e-11 3.171046648339986228e-12 4.362014689706927759e-14 9.359707707755913000e-08 1.402290230896355183e+00 0.000000000000000000e+00
0.000000000000000000e+00 0.000000000000000000e+00 0.000000000000000000e+00 0.000000000000000000e+00 0.000000000000000000e+00 0.000000000000000000e+00 -3.296349253511432846e-09 -8.074626814094975322e-09 -2.149728010990141196e-09 -3.007991635944329255e-09 -2.575469592359569955e-09 -7.693094374820968443e-10 -5.907298846590884610e-10 -8.369084829073111732e-11 -7.140538237214957739e-11 -9.536220101179663748e-12 4.048515787006862496e-11 3.856002685766676890e-10 2.158248061040851248e-10 0.000000000000000000e+00
0.000000000000000000e+00 0.000000000000000000e+00 0.000000000000000000e+00 0.000000000000000000e+00 0.000000000000000000e+00 0.000000000000000000e+00 5.439387506963791420e-09 7.193530769955454247e-09 1.632718370529398591e-09 -4.797633948242860885e-10 9.329596265262383272e-10 3.340064806974920332e-10 1.505110384526050785e-10 8.292657076904407358e-11 -3.536120401983102420e-12 -1.077804757805289778e-11 -1.936245952742484644e-11 3.613455854561886365e-10 2.158771226517826389e-10 0.000000000000000000e+00
0.000000000000000000e+00 0.000000000000000000e+00 0.000000000000000000e+00 0.000000000000000000e+00 0.000000000000000000e+00 0.000000000000000000e+00 -1.113824630227532668e-08 -2.177839968181482951e-08 -5.754947234127560254e-09 -5.621003125524257240e-09 -6.687749617468231913e-09 -2.335736894452529234e-09 -1.411437784173346710e-09 -3.113984493042871335e-10 -1.708060039316193792e-10 -6.480674097257291994e-11 -1.113881224286461220e-10 3.813151930155206406e-10 2.160499380781957835e-10 0.000000000000000000e+00
0.000000000000000000e+00 0.000000000000000000e+00 0.000000000000000000e+00 0.000000000000000000e+00 0.000000000000000000e+00 0.000000000000000000e+00 3.971245259535336141e-09 6.708128411166470894e-09 9.742235289650111248e-10 -7.521416170467415947e-10 3.227439193789719274e-10 1.182816173215943810e-10 1.127342052284234919e-11 3.461569962471451990e-11 -2.210408400526506472e-11 -4.925507935509549499e-12 -8.540311179337715401e-13 1.912279704388734172e-10 3.542230103127692763e-08 0.000000000000000000e+00
0.000000000000000000e+00 0.000000000000000000e+00 0.000000000000000000e+00 0.000000000000000000e+00 0.000000000000000000e+00 0.000000000000000000e+00 -1.775306505889999848e-10 -3.439955798647371271e-08 -1.636875361825317627e-08 -1.310852461782519539e-08 -7.403284471301163744e-09 -2.975341664428297902e-09 -3.552571906430881398e-09 -5.498014479671742289e-10 -3.369157127274851002e-10 -8.903721017865634483e-11 3.256659877786690175e-10 1.028632226189648137e-09 -7.635018565416802956e-10 0.000000000000000000e+00
0.000000000000000000e+00 0.000000000000000000e+00 0.000000000000000000e+00 0.000000000000000000e+00 0.000000000000000000e+00 0.000000000000000000e+00 3.694419949500967781e-08 3.489321153272866463e-08 6.771961808637414586e-09 -6.234235288727790923e-09 4.580333660829704971e-09 -1.025291175584574789e-09 2.404576009459331170e-10 6.148837100855632878e-10 -4.012090062615810292e-11 -9.725142191975380681e-11 -1.594816854578791702e-10 9.441540870397481789e-10 -7.696476262120598854e-10 0.000000000000000000e+00
0.000000000000000000e+00 0.000000000000000000e+00 0.000000000000000000e+00 0.000000000000000000e+00 0.000000000000000000e+00 0.000000000000000000e+00 -3.349250243282616075e-08 -9.629166563092472179e-08 -3.799812354090658782e-08 -2.077386377563630912e-08 -2.131602214388142777e-08 -6.643601675479676876e-09 -7.599966397387811043e-09 -2.172803925530682471e-09 -8.947584797222803867e-10 -4.437076027259133981e-10 -3.406563543189476013e-09 1.081007385959452796e-09 -7.698648715030693206e-10 0.000000000000000000e+00
0.000000000000000000e+00 0.000000000000000000e+00 0.000000000000000000e+00 0.000000000000000000e+00 0.000000000000000000e+00 0.000000000000000000e+00 1.958312796653566237e-08 2.503559843551729355e-08 4.733064042720860074e-09 -3.740162906863654104e-09 2.450822835987947647e-09 -1.148483098393500794e-09 -3.589084082812714096e-10 4.255160888312481810e-10 -7.532969545395299619e-11 -7.448144779367769036e-11 -1.305258495402247161e-11 1.328411439837810221e-10 -1.936044063664871774e-06 0.000000000000000000e+00
0.000000000000000000e+00 0.000000000000000000e+00 0.000000000000000000e+00 0.000000000000000000e+00 0.000000000000000000e+00 0.000000000000000000e+00 -2.071142685574817540e-09 -4.590686241280396795e-09 -4.966512765600974072e-10 5.800167681197358665e-10 -5.704208944235349741e-10 -1.096555598787107541e-11 2.034585535441732506e-10 -3.610835415746148587e-11 7.170194040923778905e-11 -4.273551346038285415e-11 -2.244713142557176363e-10 3.365780125034038453e-08 6.159221767599094455e-07 0.000000000000000000e+00
0.000000000000000000e+00 0.000000000000000000e+00 0.000000000000000000e+00 0.000000000000000000e+00 0.000000000000000000e+00 0.000000000000000000e+00 -8.926418686784247305e-09 -3.773906209092420038e-09 3.375058942453806430e-09 5.454539695043668365e-10 3.326505405699757396e-10 -1.573837845575662318e-09 1.088986409460034604e-09 1.201484155695101709e-10 7.847589964206432634e-11 -2.364311126949097929e-11 1.109453133723083162e-05 3.047880127333517354e-08 6.154827968409445084e-07 0.000000000000000000e+00
0.000000000000000000e+00 0.000000000000000000e+00 0.000000000000000000e+00 0.000000000000000000e+00 0.000000000000000000e+00 0.000000000000000000e+00 4.519422496157083135e-09 1.047143645656835554e-09 -8.706473749814025789e-10 -5.278634057026551317e-10 -1.662175741257725629e-09 4.287261118670557455e-10 1.923769786768218593e-10 -5.102600337517654612e-11 -5.574419452336168799e-11 6.535895541429534079e-11 -8.294339110974565928e-05 3.467206387661582898e-08 6.151855470867777164e-07 0.000000000000000000e+00
0.000000000000000000e+00 0.000000000000000000e+00 0.000000000000000000e+00 0.000000000000000000e+00 0.000000000000000000e+00 0.000000000000000000e+00 -2.071142685574817540e-09 -4.590686241280396795e-09 -4.966512765600974072e-10 5.800167681197358665e-10 -5.704208944235349741e-10 -1.096555598787107541e-11 2.034585535441732506e-10 -3.610835415746148587e-11 7.170194040923778905e-11 -4.273551346038285415e-11 -2.244713142557176363e-10 3.365780125034038453e-08 6.159221767599094455e-07 0.000000000000000000e+00
0.000000000000000000e+00 0.000000000000000000e+00 0.000000000000000000e+00 0.000000000000000000e+00 0.000000000000000000e+00 0.000000000000000000e+00 1.131293579012865562e-09 4.099648775290021543e-10 5.109631037707234163e-10 6.116209346580452218e-10 5.398520718374746835e-10 5.053288841448607319e-10 4.920924282824419411e-10 3.147165332974704934e-10 1.394254052755102943e-10 2.456420721134737592e-11 2.701642012657881905e-10 4.183504972476871380e-08 2.304306308749180015e-08 0.000000000000000000e+00
0.000000000000000000e+00 0.000000000000000000e+00 0.000000000000000000e+00 0.000000000000000000e+00 0.000000000000000000e+00 0.000000000000000000e+00 1.118418526953385255e-10 1.282499118742970045e-10 1.231285101926653557e-10 1.052007460636499844e-10 7.253463414150401041e-11 1.045853840219683357e-10 7.417001169447253792e-11 5.025010822619900599e-11 3.001606207375237174e-11 3.515990071343457199e-11 5.852897367327692520e-08 4.099779995022701724e-08 2.280069334505357989e-08 0.000000000000000000e+00
0.000000000000000000e+00 0.000000000000000000e+00 0.000000000000000000e+00 0.000000000000000000e+00 0.000000000000000000e+00 0.000000000000000000e+00 3.320017136071354439e-09 1.311795624022443753e-09 1.781052982992026019e-09 2.515676152023266568e-09 2.807206725237017497e-09 2.956623338090771670e-09 2.435544668093064518e-09 1.602008391842999346e-09 7.196157744438515672e-10 2.396928125923202257e-10 8.892873362485423520e-07 4.239035603218286337e-08 2.281309239380729270e-08 0.000000000000000000e+00
0.000000000000000000e+00 0.000000000000000000e+00 0.000000000000000000e+00 0.000000000000000000e+00 0.000000000000000000e+00 0.000000000000000000e+00 9.358989241666154945e-11 3.604569544400391231e-11 8.706778686397352000e-11 5.713710546649727446e-11 4.824124649063135102e-11 6.608623531917845013e-11 7.511319013225924519e-11 6.196331131540425536e-11 4.042958705600752391e-11 1.528524214080619893e-11 5.890156077451272452e-11 1.331432844932877829e-08 -8.308346046424359699e-01 0.000000000000000000e+00
0.000000000000000000e+00 0.000000000000000000e+00 0.000000000000000000e+00 0.000000000000000000e+00 0.000000000000000000e+00 0.000000000000000000e+00 -6.117421730560495317e-09 -1.314750689490725170e-09 -4.576718184041388630e-09 -2.890227555549184050e-09 -1.671860107613504656e-09 -6.569250405077513317e-10 -6.380503093479211357e-10 -3.727651790125320300e-10 -1.487801185210959776e-10 -2.794386407586670229e-11 8.804839536264743815e-11 5.425697976064383923e-10 1.864501956794493759e-11 0.000000000000000000e+00
0.000000000000000000e+00 0.000000000000000000e+00 0.000000000000000000e+00 0.000000000000000000e+00 0.000000000000000000e+00 0.000000000000000000e+00 -1.837708527735619669e-09 1.126141060876199302e-09 -1.206068720831933218e-09 8.192044525171513385e-10 -1.245136796740188705e-10 1.237980718272592783e-11 7.026921412543480416e-12 1.544586824818011228e-11 -2.301441451438431749e-11 -3.953271304545658005e-11 -1.110724325629342559e-10 5.119561163872217165e-10 1.813341236395858572e-11 0.000000000000000000e+00
0.000000000000000000e+00 0.000000000000000000e+00 0.000000000000000000e+00 0.000000000000000000e+00 0.000000000000000000e+00 0.000000000000000000e+00 -9.963768172195086017e-09 -3.548026905173525086e-09 -7.902669503684858239e-09 -6.638358415464178490e-09 -3.673299601731323349e-09 -1.588824833991318001e-09 -1.378284591431581113e-09 -8.583746153063754846e-10 -3.645690569109195040e-10 -1.448484734244919134e-10 -1.442655653662932323e-10 5.380467675268652148e-10 1.790384064259959608e-11 0.000000000000000000e+00
0.000000000000000000e+00 0.000000000000000000e+00 0.000000000000000000e+00 0.000000000000000000e+00 0.000000000000000000e+00 0.000000000000000000e+00 -2.039282534002697943e-09 3.434147660640257227e-10 -1.658818393220336061e-09 1.863926593920882558e-11 -3.369941828261360270e-10 -1.032143130355085502e-10 -1.547813520251291389e-10 -9.011742503943427301e-11 -4.385243233058826754e-11 -1.943814447205047626e-11 2.419094663124212998e-11 3.552445272257067656e-10 -7.653641619616734290e-08 0.000000000000000000e+00
0.000000000000000000e+00 0.000000000000000000e+00 0.000000000000000000e+00 0.000000000000000000e+00 0.000000000000000000e+00 0.000000000000000000e+00 -2.284202202400662836e-08 -2.116413705929714444e-08 -2.226042536031596587e-08 -7.835363198295073541e-09 -5.677457036935001772e-09 -2.623002786346353946e-09 -1.451791937852116731e-09 -1.573777189830267824e-10 -9.039468951579818139e-14 -4.168389848859390321e-12 -2.922691874492024480e-12 2.189411368013944803e-12 -6.514319980372194273e-10 0.000000000000000000e+00
0.000000000000000000e+00 0.000000000000000000e+00 0.000000000000000000e+00 0.000000000000000000e+00 0.000000000000000000e+00 0.000000000000000000e+00 1.419669110260461272e-09 9.309136242393770295e-09 -4.706852922347035152e-09 4.330052179648333412e-09 -1.044764814948399918e-09 -6.125783114202077837e-10 -1.399854242087922977e-10 2.620456152709490240e-11 7.184011093188077213e-12 -1.357755149560486639e-11 -6.148361906996663825e-10 3.327700803171118234e-11 -6.607311244286751388e-10 0.000000000000000000e+00
0.000000000000000000e+00 0.000000000000000000e+00 0.000000000000000000e+00 0.000000000000000000e+00 0.000000000000000000e+00 0.000000000000000000e+00 -4.462243576866143276e-08 -4.910353381675238713e-08 -3.913487402736932751e-08 -2.014282609226365065e-08 -1.173876641313016054e-08 -5.573414666997251668e-09 -2.855113618459971342e-09 -3.396513422926424101e-10 6.186223922805509093e-11 -8.547112477406212961e-11 -9.179322588756153477e-10 4.543554491364264186e-11 -6.589732106101008952e-10 0.000000000000000000e+00
0.000000000000000000e+00 0.000000000000000000e+00 0.000000000000000000e+00 0.000000000000000000e+00 0.000000000000000000e+00 0.000000000000000000e+00 -4.356251997644783886e-09 2.227737589126173245e-09 -6.569655667364168487e-09 1.318515025556030993e-09 -1.616699843004597836e-09 -1.180544166237443981e-09 -4.015525660776039851e-10 -1.554193103663165664e-11 1.243943219002490358e-13 -5.326730265197221521e-13 -1.333129811256804214e-11 2.941378693365475091e-09 -1.963161001308890035e-06 0.000000000000000000e+00
0.000000000000000000e+00 0.000000000000000000e+00 0.000000000000000000e+00 0.000000000000000000e+00 0.000000000000000000e+00 0.000000000000000000e+00 3.931323260969703079e-10 -7.907172251835331589e-10 3.725691159882750955e-10 6.509620048318169989e-11 -2.356269476134894809e-10 -2.029804988932249839e-10 -6.968534982181273136e-11 -9.837478464363448617e-13 -3.900326264457524843e-11 -3.648411085023337420e-11 -3.336121941044495034e-10 -1.370864104544746700e-08 8.303680058441539943e-07 0.000000000000000000e+00
0.000000000000000000e+00 0.000000000000000000e+00 0.000000000000000000e+00 0.000000000000000000e+00 0.000000000000000000e+00 0.000000000000000000e+00 -6.130924667908092367e-10 8.766769384987847851e-10 5.826456069818035803e-10 -5.379809930973999334e-10 -9.529861911529942548e-10 -6.449384961431121808e-10 -2.840583991527322431e-10 -1.023031928114453165e-10 -1.239718318872716811e-10 3.186985379344608335e-12 -1.078706380462610983e-05 -1.621253594721459614e-08 8.312328179549700519e-07 0.000000000000000000e+00
0.000000000000000000e+00 0.000000000000000000e+00 0.000000000000000000e+00 0.000000000000000000e+00 0.000000000000000000e+00 0.000000000000000000e+00 9.823487128987937277e-10 -1.866848135182947624e-09 -6.555893102992870097e-10 6.588763914724232118e-10 1.859631684241015391e-10 2.893779944355602803e-10 -6.552007922633724086e-11 4.158403157044790732e-11 1.362988033749812741e-11 -6.388388440826079098e-11 9.290329943270964676e-06 -1.536290899738223882e-08 8.290844735248690840e-07 0.000000000000000000e+00
0.000000000000000000e+00 0.000000000000000000e+00 0.000000000000000000e+00 0.000000000000000000e+00 0.000000000000000000e+00 0.000000000000000000e+00 3.931323260969703079e-10 -7.907172251835331589e-10 3.725691159882750955e-10 6.509620048318169989e-11 -2.356269476134894809e-10 -2.029804988932249839e-10 -6.968534982181273136e-11 -9.837478464363448617e-13 -3.900326264457524843e-11 -3.648411085023337420e-11 -3.336121941044495034e-10 -1.370864104544746700e-08 8.303680058441539943e-07 0.000000000000000000e+00
0.000000000000000000e+00 0.000000000000000000e+00 0.000000000000000000e+00 0.000000000000000000e+00 0.000000000000000000e+00 0.000000000000000000e+00 2.714636472053710105e-11 1.841592109237321419e-11 1.957343474771933426e-11 6.511988320456277756e-12 6.437864778436888719e-12 4.324354958922974454e-12 3.235718136272183267e-12 1.797974232803116904e-12 5.699026471708215150e-13 1.704499138662106531e-13 9.177213551151401343e-13 1.221273730313645932e-10 -5.335710508118411403e-10 0.000000000000000000e+00
0.000000000000000000e+00 0.000000000000000000e+00 0.000000000000000000e+00 0.000000000000000000e+00 0.000000000000000000e+00 0.000000000000000000e+00 -1.288461342475913042e-11 3.553366741160599316e-11 7.463130183018631532e-12 -1.892162429110812665e-12 -5.134865202275919567e-12 2.733709451328071347e-12 -3.588663732127906526e-13 8.675093398443460040e-13 3.895309947392747167e-13 1.790883215160191015e-13 -5.609511884897521855e-10 1.351467304916703715e-10 -5.897202795229611283e-10 0.000000000000000000e+00
0.000000000000000000e+00 0.000000000000000000e+00 0.000000000000000000e+00 0.000000000000000000e+00 0.000000000000000000e+00 0.000000000000000000e+00 1.038520774216563890e-10 1.224373031960173063e-11 6.359953480378349349e-11 4.013841892917471019e-11 3.563384180991308613e-11 1.794238948813100305e-11 1.358790205845466864e-11 7.403226565686757925e-12 2.264942703291486340e-12 7.039384146453008147e-13 -3.062283750303699210e-09 1.424967460883994426e-10 -5.900674341990534821e-10 0.000000000000000000e+00
0.000000000000000000e+00 0.000000000000000000e+00 0.000000000000000000e+00 0.000000000000000000e+00 0.000000000000000000e+00 0.000000000000000000e+00 -1.272357578659935600e-12 8.939318341533033551e-12 9.425198594416411984e-12 7.662963476803662359e-13 -2.893535230218534131e-12 1.746527039214599338e-12 4.977339154882351764e-13 9.569201756236610885e-13 3.827921027548513474e-13 1.728797889949531056e-13 4.284603316114229607e-13 2.615157481593979519e-08 -1.506607365581429381e-01 0.000000000000000000e+00
0.000000000000000000e+00 0.000000000000000000e+00 0.000000000000000000e+00 0.000000000000000000e+00 0.000000000000000000e+00 0.000000000000000000e+00 -8.599376512164092147e-10 2.023688994001609377e-10 -9.230662498928501689e-10 -2.335385438142326263e-11 -2.502364978795222177e-10 -9.627235357016777876e-11 -9.184133841166509487e-11 -3.604326405897133067e-11 -9.327786558537993703e-12 -2.705603189032804777e-12 6.467059421696652793e-12 4.051751437761069509e-11 9.422131663593489665e-12 0.000000000000000000e+00
0.000000000000000000e+00 0.000000000000000000e+00 0.000000000000000000e+00 0.000000000000000000e+00 0.000000000000000000e+00 0.000000000000000000e+00 1.417072209289553049e-10 2.038273781740565407e-10 -6.044389392863182522e-10 6.894258904805599957e-11 1.148174140224641226e-10 9.814570527268867151e-11 -4.092615270537523287e-11 2.496111636706172467e-12 -8.898427646398493515e-13 -3.061382101311533663e-12 1.413723051247100448e-11 3.752762532818893983e-11 9.608173317166075487e-12 0.000000000000000000e+00
0.000000000000000000e+00 0.000000000000000000e+00 0.000000000000000000e+00 0.000000000000000000e+00 0.000000000000000000e+00 0.000000000000000000e+00 -1.746654512592464682e-09 1.898999587664126676e-10 -1.272676403501074289e-09 -1.345005080816573670e-10 -6.362624507926584245e-10 -3.232318735150570044e-10 -1.412610029075173585e-10 -8.090815839254293278e-11 -2.447426502945749178e-11 -9.205744638889425293e-12 2.056693032265981323e-11 3.917290178349511040e-11 9.676623041818283621e-12 0.000000000000000000e+00
0.000000000000000000e+00 0.000000000000000000e+00 0.000000000000000000e+00 0.000000000000000000e+00 0.000000000000000000e+00 0.000000000000000000e+00 -1.937435164473516136e-10 1.361865554262162671e-10 -4.998424090883553399e-10 4.284014322923370293e-11 1.172457908692034671e-11 5.129704601382727464e-11 -4.680728326560097361e-11 -1.159765044893127439e-11 -2.136742254602647930e-12 -2.107280615798275896e-12 2.593040773445372673e-12 6.193977563466584168e-11 -3.173073188750400114e-08 0.000000000000000000e+00
0.000000000000000000e+00 0.000000000000000000e+00 0.000000000000000000e+00 0.000000000000000000e+00 0.000000000000000000e+00 0.000000000000000000e+00 -1.098943840804216503e-09 1.613353155665019825e-09 -4.081118219967493040e-09 -6.172666673133260898e-10 -1.107445032203779266e-09 -2.788552916670061434e-10 -2.306265660239716467e-10 -1.766273892415529078e-11 -1.649602701684790670e-11 -1.292248524937066165e-11 1.971416066702694266e-11 5.050622942260815458e-11 8.611958275691390720e-11 0.000000000000000000e+00
0.000000000000000000e+00 0.000000000000000000e+00 0.000000000000000000e+00 0.000000000000000000e+00 0.000000000000000000e+00 0.000000000000000000e+00 4.582148190188000311e-09 2.610580473025169610e-09 -1.474543867981152992e-10 8.579934803432267245e-11 -5.129757861323243986e-10 3.286945369347627011e-10 -1.390982757684038296e-10 7.260776728713357611e-11 2.632563904870654070e-11 -9.991127534857239784e-12 6.341462658944462530e-11 4.527556979183372342e-11 8.920775109383431734e-11 0.000000000000000000e+00
0.000000000000000000e+00 0.000000000000000000e+00 0.000000000000000000e+00 0.000000000000000000e+00 0.000000000000000000e+00 0.000000000000000000e+00 -6.117910329014260075e-09 7.733979547845637321e-10 -7.894418386430820486e-09 -1.347569573163692954e-09 -1.941520897329175673e-09 -8.777009505606895630e-10 -2.893322451351252727e-10 -1.312842677322640403e-10 -7.295628894067823442e-11 -2.351092630084973719e-11 2.000421499884669263e-11 5.556730545438354878e-11 8.860956645969664252e-11 0.000000000000000000e+00
0.000000000000000000e+00 0.000000000000000000e+00 0.000000000000000000e+00 0.000000000000000000e+00 0.000000000000000000e+00 0.000000000000000000e+00 1.245168782514548305e-09 1.496811385596132670e-10 -8.973751205907549529e-10 -1.812696027724361462e-10 -5.105101166568559227e-10 1.432588575428792669e-10 -1.719214867631646179e-10 2.832942016466220000e-11 1.234636282009535325e-11 -1.200407631900500586e-11 2.945411510034142012e-12 1.093338907914211378e-11 -5.982377150512883330e-07 0.000000000000000000e+00
0.000000000000000000e+00 0.000000000000000000e+00 0.000000000000000000e+00 0.000000000000000000e+00 0.000000000000000000e+00 0.000000000000000000e+00 2.261641366922620591e-10 2.513363556583847190e-10 1.831269187059502723e-10 4.508488681985983540e-11 -5.713060552687761648e-11 -1.205147855096688810e-10 4.370036843771992162e-11 -4.709991245724787647e-11 -1.292776326643880154e-11 -6.347658502621533248e-12 -4.956105574781969895e-11 -4.390168796685744310e-10 1.262326262895799805e-07 0.000000000000000000e+00
0.000000000000000000e+00 0.000000000000000000e+00 0.000000000000000000e+00 0.000000000000000000e+00 0.000000000000000000e+00 0.000000000000000000e+00 -4.050542044379051091e-10 3.425599688519550194e-11 9.722024124165792042e-10 4.636957905069858976e-10 1.376762319895930396e-10 -2.725838690057677572e-10 -1.053918287033600429e-10 -2.234400268182039338e-11 9.038237196591977573e-12 2.494448045444840286e-13 3.112639911795173037e-06 1.791092348208422632e-10 1.260035316593076430e-07 0.000000000000000000e+00
0.000000000000000000e+00 0.000000000000000000e+00 0.000000000000000000e+00 0.000000000000000000e+00 0.000000000000000000e+00 0.000000000000000000e+00 1.123981953205463924e-09 9.050074097341927500e-10 1.366282939203353289e-10 -9.787139807343134292e-11 1.159056423812783261e-10 1.344988656357352804e-10 -3.150190212183414686e-11 -2.632526076678144978e-11 -2.144246531106615848e-11 -4.897358126993129424e-12 8.381291901302064513e-06 5.764319756320872245e-10 1.260076225766509028e-07 0.000000000000000000e+00
0.000000000000000000e+00 0.000000000000000000e+00 0.000000000000000000e+00 0.000000000000000000e+00 0.000000000000000000e+00 0.000000000000000000e+00 2.261641366922620591e-10 2.513363556583847190e-10 1.831269187059502723e-10 4.508488681985983540e-11 -5.713060552687761648e-11 -1.205147855096688810e-10 4.370036843771992162e-11 -4.709991245724787647e-11 -1.292776326643880154e-11 -6.347658502621533248e-12 -4.956105574781969895e-11 -4.390168796685744310e-10 1.262326262895799805e-07 0.000000000000000000e+00
0.000000000000000000e+00 0.000000000000000000e+00 0.000000000000000000e+00 0.000000000000000000e+00 0.000000000000000000e+00 0.000000000000000000e+00 2.139492049470475337e-05 5.155242785518013040e-06 9.879676924710927645e-06 4.287100938041078360e-06 3.216103728476236205e-06 2.413725393067325533e-06 1.507528079894878311e-06 6.852390034176893602e-07 1.624012927934565251e-07 2.673918169750481441e-07 7.228088519629309959e-07 2.379631717304485177e-04 2.626158527011884726e-04 0.000000000000000000e+00
0.000000000000000000e+00 0.000000000000000000e+00 0.000000000000000000e+00 0.000000000000000000e+00 0.000000000000000000e+00 0.000000000000000000e+00 1.148825430305807059e-05 4.073235694658759031e-06 4.189853652215593086e-06 2.800148901500667120e-06 3.109517564460460893e-06 2.019380419660600895e-06 1.001844732306919996e-06 4.380717150558803305e-07 1.691066522012944567e-07 6.454758059957064033e-07 1.593378896449001297e-02 2.516034324516375795e-04 2.720700961356536528e-04 0.000000000000000000e+00
0.000000000000000000e+00 0.000000000000000000e+00 0.000000000000000000e+00 0.000000000000000000e+00 0.000000000000000000e+00 0.000000000000000000e+00 4.305014749485872310e-05 1.281112353680318954e-05 2.502269437648209989e-05 1.559954760185308805e-05 1.414502555375720419e-05 1.214484924413588153e-05 5.111173561139901462e-06 2.319491792816557405e-06 4.118272480602340733e-07 6.921618243076016273e-07 2.678380889820529062e-03 2.380628573520699386e-04 2.714293570213184939e-04 0.000000000000000000e+00
0.000000000000000000e+00 0.000000000000000000e+00 0.000000000000000000e+00 0.000000000000000000e+00 0.000000000000000000e+00 0.000000000000000000e+00 5.127672884075540459e-06 2.111581083502388711e-06 2.113968920780169777e-06 1.108104762781917652e-06 1.241944934492427124e-06 9.754293179870364331e-07 7.240877325927523321e-07 3.799499912330781931e-07 1.616168478281617527e-07 2.694366852357393291e-07 7.829354008589325270e-07 9.039376498735519905e-03 8.325776875762039708e+01 0.000000000000000000e+00
0.000000000000000000e+00 0.000000000000000000e+00 0.000000000000000000e+00 0.000000000000000000e+00 0.000000000000000000e+00 0.000000000000000000e+00 -2.979210204234651267e-07 -1.728437270770559618e-07 -6.314771235400919307e-08 1.693993792055093823e-08 6.168397193229197402e-08 4.969401535113848731e-09 2.931037790542927565e-09 -1.198743340137324936e-09 2.072966156498408845e-10 -5.458248958479520196e-11 5.043910903524275233e-11 1.011087725191884777e-09 6.131755370159937421e-10 0.000000000000000000e+00
0.000000000000000000e+00 0.000000000000000000e+00 0.000000000000000000e+00 0.000000000000000000e+00 0.000000000000000000e+00 0.000000000000000000e+00 -3.369926826118436516e-07 3.312004655650486039e-09 -2.706317383247589305e-08 -1.908622533538938031e-07 -4.399579590035657124e-09 9.225403412239016722e-09 3.675095573937747574e-09 6.179490561520255542e-10 5.786731948565171536e-11 -1.111905881525560895e-10 1.512063312472276700e-09 1.006330942631556240e-09 5.959436800008580616e-10 0.000000000000000000e+00
0.000000000000000000e+00 0.000000000000000000e+00 0.000000000000000000e+00 0.000000000000000000e+00 0.000000000000000000e+00 0.000000000000000000e+00 -2.661756095439564839e-07 -3.340180551257251082e-07 -1.016649631797724353e-07 2.129831071223864536e-07 1.391994564681841880e-07 1.542145467642485187e-09 1.248699427674570495e-09 -3.958779320077132651e-09 8.295662722027864075e-10 -1.236099439918804405e-10 -3.403315952470902787e-09 9.641507776337679519e-10 6.147779578013074359e-10 0.000000000000000000e+00
0.000000000000000000e+00 0.000000000000000000e+00 0.000000000000000000e+00 0.000000000000000000e+00 0.000000000000000000e+00 0.000000000000000000e+00 -2.497850247229954185e-07 2.717812748717515308e-08 -2.674217581531792775e-08 -1.019457519482644506e-07 4.159758094930954829e-09 6.951248427128899723e-09 3.600789364335246532e-09 7.070017816656211256e-10 -7.496475613884403434e-11 -6.010778168825312608e-11 -5.222872177711429287e-11 3.973155312008301834e-09 6.410856390506377354e-07 0.000000000000000000e+00
0.000000000000000000e+00 0.000000000000000000e+00 0.000000000000000000e+00 0.000000000000000000e+00 0.000000000000000000e+00 0.000000000000000000e+00 3.331251239639332974e-07 -9.751117731829663434e-07 4.590888872646867344e-07 9.248937988444312378e-08 7.699966678161874410e-08 3.467847243988046144e-08 4.539400063381026595e-08 3.099065295431551665e-09 -1.959978061188525912e-09 4.402234711992405125e-10 -1.871250104791335499e-09 2.291847298552606549e-08 1.548076427282303798e-09 0.000000000000000000e+00
0.000000000000000000e+00 0.000000000000000000e+00 0.000000000000000000e+00 0.000000000000000000e+00 0.000000000000000000e+00 0.000000000000000000e+00 3.699404162334907890e-07 -6.184263136582826983e-07 4.450772031881400772e-07 -3.913941738675856818e-07 1.078603331806483624e-07 -2.414834897618789644e-08 1.566647499565677107e-08 4.318562245069578294e-09 -3.550354609796859650e-09 2.036881230173882051e-09 1.517494022491159899e-08 2.531465043757167808e-08 2.001024473684995786e-09 0.000000000000000000e+00
0.000000000000000000e+00 0.000000000000000000e+00 0.000000000000000000e+00 0.000000000000000000e+00 0.000000000000000000e+00 0.000000000000000000e+00 2.992985388950807626e-07 -1.319206926280678910e-06 4.840426592098488086e-07 5.835827813272282216e-07 6.047049233560554074e-08 1.062973523508923537e-07 7.765299057565312408e-08 1.430894081576166755e-11 3.961517618204934248e-10 2.050244432866053261e-09 4.994570261524276538e-08 2.338665921676183917e-08 1.862474930346063749e-09 0.000000000000000000e+00
0.000000000000000000e+00 0.000000000000000000e+00 0.000000000000000000e+00 0.000000000000000000e+00 0.000000000000000000e+00 0.000000000000000000e+00 4.986608470511438180e-08 -3.578386480935390123e-07 3.120813363455295166e-07 -2.228929183080293577e-07 8.135955808979152091e-08 -1.005647582066569675e-08 1.856205280939007292e-08 5.177034883777309187e-09 -3.288847893699170498e-09 3.851223045392946652e-10 -8.669122024580284388e-10 1.400534809986063012e-07 4.896023205748053006e-05 0.000000000000000000e+00
0.000000000000000000e+00 0.000000000000000000e+00 0.000000000000000000e+00 0.000000000000000000e+00 0.000000000000000000e+00 0.000000000000000000e+00 -8.061428244679293272e-09 1.294018010768696742e-09 -8.836886137632021214e-09 2.238657816958246380e-09 1.952374854896235328e-09 2.293710477944224154e-09 -1.287933510048703195e-09 1.031119541707165406e-09 4.020330396139427143e-10 6.227125011177258217e-10 -2.158732940412827559e-09 -3.856564003869932510e-07 -9.251365191957690704e-07 0.000000000000000000e+00
0.000000000000000000e+00 0.000000000000000000e+00 0.000000000000000000e+00 0.000000000000000000e+00 0.000000000000000000e+00 0.000000000000000000e+00 -1.587287217205159358e-08 -2.696658227384465084e-10 -1.309130333236755616e-08 3.875231747443201483e-09 8.081046719083026652e-09 3.169806480306480210e-09 -1.776124060028990360e-09 1.872999078799342462e-09 3.302018924988561753e-10 3.531102475389591625e-09 9.033641529429729897e-04 -4.659354439292221309e-07 -1.042853727129393565e-06 0.000000000000000000e+00
0.000000000000000000e+00 0.000000000000000000e+00 0.000000000000000000e+00 0.000000000000000000e+00 0.000000000000000000e+00 0.000000000000000000e+00 -3.839147450488299622e-08 -1.841468925332764255e-08 -1.514416805448596055e-08 -1.016059126604368450e-08 -6.368277349939621025e-09 -7.855860963805049364e-09 -1.224028529922933059e-09 -3.271766083569597096e-09 8.284198050066766185e-11 3.389707094070548283e-09 -1.892753490576286899e-03 -4.429503930583998798e-07 -1.027236496572087032e-06 0.000000000000000000e+00
0.000000000000000000e+00 0.000000000000000000e+00 0.000000000000000000e+00 0.000000000000000000e+00 0.000000000000000000e+00 0.000000000000000000e+00 -8.061428244679293272e-09 1.294018010768696742e-09 -8.836886137632021214e-09 2.238657816958246380e-09 1.952374854896235328e-09 2.293710477944224154e-09 -1.287933510048703195e-09 1.031119541707165406e-09 4.020330396139427143e-10 6.227125011177258217e-10 -2.158732940412827559e-09 -3.856564003869932510e-07 -9.251365191957690704e-07 0.000000000000000000e+00
0.000000000000000000e+00 0.000000000000000000e+00 0.000000000000000000e+00 0.000000000000000000e+00 0.000000000000000000e+00 0.000000000000000000e+00 1.168155899480051607e-07 4.631459399679505672e-08 7.183496429932513930e-09 3.713248849523193883e-09 1.992869841247722623e-09 9.903804300926201359e-10 7.080665341448903454e-10 4.394466024050130200e-10 1.954722535697571977e-10 1.819560425254842562e-10 4.813664406837671666e-10 2.182953423374269897e-07 8.885768447088406003e-07 0.000000000000000000e+00
0.000000000000000000e+00 0.000000000000000000e+00 0.000000000000000000e+00 0.000000000000000000e+00 0.000000000000000000e+00 0.000000000000000000e+00 2.377234796741117942e-08 9.824990279147086636e-09 2.213198652272101518e-09 3.277872574166988971e-09 2.035961493858581961e-09 1.529440172218273799e-09 9.128971523457019712e-10 4.460148800466310331e-10 2.123959634273880801e-10 3.921671389539635579e-10 1.086810540260542620e-05 2.191090398625071433e-07 9.128553952810617917e-07 0.000000000000000000e+00
0.000000000000000000e+00 0.000000000000000000e+00 0.000000000000000000e+00 0.000000000000000000e+00 0.000000000000000000e+00 0.000000000000000000e+00 3.542861570836954982e-07 1.527697595709167601e-07 3.148727845323122843e-08 9.986228335377539587e-09 4.831730539419564209e-09 2.037234444762709857e-09 1.219862974257976061e-09 7.898389764544012909e-10 3.092707397622866928e-10 4.458362997098942578e-10 3.000516791971165133e-06 2.087527934105933781e-07 9.127348810155259736e-07 0.000000000000000000e+00
0.000000000000000000e+00 0.000000000000000000e+00 0.000000000000000000e+00 0.000000000000000000e+00 0.000000000000000000e+00 0.000000000000000000e+00 1.253224742276392817e-08 4.526343541995740273e-09 7.500982331518674985e-10 1.853272679788558261e-09 9.300621143375185994e-10 8.295938221872144156e-10 6.540559051542659491e-10 4.134095189546733045e-10 2.131095083938658502e-10 1.839652030913584949e-10 5.296236220636809770e-10 1.390105692456819627e-05 -6.523367488816735893e-01 0.000000000000000000e+00
0.000000000000000000e+00 0.000000000000000000e+00 0.000000000000000000e+00 0.000000000000000000e+00 0.000000000000000000e+00 0.000000000000000000e+00 -1.493058400592431344e-08 3.519240453157700030e-09 3.936648529315000893e-09 3.607575304557944173e-10 -2.119762112746634012e-09 9.289961986500858055e-11 -9.775535722781405351e-11 -6.979822205524396986e-11 -1.250693358796200617e-11 7.451641096870155127e-12 -1.800150920870875625e-12 -1.280855628262840660e-11 -1.422053387717462310e-11 0.000000000000000000e+00
0.000000000000000000e+00 0.000000000000000000e+00 0.000000000000000000e+00 0.000000000000000000e+00 0.000000000000000000e+00 0.000000000000000000e+00 -1.211257277415529777e-08 1.413765263134451571e-09 -3.549553643197031036e-10 -1.270718076476381879e-09 -1.923922735519727912e-09 -2.154075320927709224e-10 -1.336586634871941208e-10 -1.010971927776799271e-10 -1.797517669315356811e-11 1.008068459232045766e-12 -8.021639534313065501e-10 -9.199916753205056669e-12 -1.376833491544981751e-11 0.000000000000000000e+00
0.000000000000000000e+00 0.000000000000000000e+00 0.000000000000000000e+00 0.000000000000000000e+00 0.000000000000000000e+00 0.000000000000000000e+00 -1.758911778831437386e-08 5.519661928933207559e-09 8.080688013241255289e-09 1.809379513414505306e-09 -2.556650382011154719e-09 3.733246306240483771e-10 -2.415428219332581124e-11 -1.720905356872550397e-11 -1.726626022798285621e-11 -3.093346169174646527e-12 -7.474885738997333661e-11 -7.408665497823145377e-12 -1.365518140937027934e-11 0.000000000000000000e+00
0.000000000000000000e+00 0.000000000000000000e+00 0.000000000000000000e+00 0.000000000000000000e+00 0.000000000000000000e+00 0.000000000000000000e+00 -8.610225771165208310e-09 1.044097636072571448e-09 1.489305048509119104e-10 -4.088235213046572372e-10 -1.559736655187037863e-09 -8.025431821404310892e-11 -1.186291136853082873e-10 -9.578711335219016958e-11 -1.231852391337848816e-11 8.009215351636910680e-12 -1.193390222857148189e-12 -3.128156667371936801e-10 6.016145349835774786e-09 0.000000000000000000e+00
0.000000000000000000e+00 0.000000000000000000e+00 0.000000000000000000e+00 0.000000000000000000e+00 0.000000000000000000e+00 0.000000000000000000e+00 2.117127654254124899e-08 -4.954349023916071684e-09 4.175500605321550758e-08 1.364318311502181394e-08 -3.422639567821218704e-09 4.661831284233849865e-10 3.422088843092349084e-10 -3.218545249608499295e-10 -9.594151257359300321e-11 7.700910533447936758e-11 -4.241368781609601215e-11 3.328200357470964446e-10 -3.198420076141832908e-10 0.000000000000000000e+00
0.000000000000000000e+00 0.000000000000000000e+00 0.000000000000000000e+00 0.000000000000000000e+00 0.000000000000000000e+00 0.000000000000000000e+00 3.483320606569440412e-08 -3.827605889235737095e-09 8.871762257266195492e-09 8.806137139723259726e-09 -4.181382641645749513e-09 -3.753882659341548751e-10 -1.271479703917319805e-10 -2.034948201056896200e-10 -1.722440263202577103e-10 5.033627631852453851e-11 -9.203846063969631944e-09 3.247454314431841876e-10 -3.380190719854186349e-10 0.000000000000000000e+00
0.000000000000000000e+00 0.000000000000000000e+00 0.000000000000000000e+00 0.000000000000000000e+00 0.000000000000000000e+00 0.000000000000000000e+00 9.301478595853309248e-09 -6.081272721849496181e-09 7.289009106410515953e-08 1.939389931990334939e-08 -3.150847734725129613e-09 1.903046654396393949e-09 1.257906671174509518e-09 -3.325800367918188465e-10 6.339527061385775587e-11 2.309438766655399317e-11 9.859594852712667023e-10 3.273968177407457116e-10 -3.241521452099976901e-10 0.000000000000000000e+00
0.000000000000000000e+00 0.000000000000000000e+00 0.000000000000000000e+00 0.000000000000000000e+00 0.000000000000000000e+00 0.000000000000000000e+00 2.083626904340273764e-08 -2.930337738190897579e-09 9.577133475619157370e-09 8.259432807649298480e-09 -3.120043003586837154e-09 -6.778744364212463888e-10 -1.530672505955555105e-10 -2.945417176851509362e-10 -1.433082991363908654e-10 7.475285908074413976e-11 -6.153159527602306466e-11 5.194166899230144977e-10 6.935199848264139159e-07 0.000000000000000000e+00
0.000000000000000000e+00 0.000000000000000000e+00 0.000000000000000000e+00 0.000000000000000000e+00 0.000000000000000000e+00 0.000000000000000000e+00 -1.860245184201036992e-11 2.964358976796097973e-10 2.950644822655333026e-10 4.086229617689855388e-10 -2.181768497521338759e-10 1.522846733753787230e-11 -1.383845600408013431e-10 6.279325724708119808e-11 5.332879784306476980e-11 -9.458814353630180112e-12 1.252858267332204418e-11 -3.190208046869915896e-08 7.055389753111357330e-07 0.000000000000000000e+00
0.000000000000000000e+00 0.000000000000000000e+00 0.000000000000000000e+00 0.000000000000000000e+00 0.000000000000000000e+00 0.000000000000000000e+00 1.328930983834405762e-09 1.278998931195526226e-09 4.327028839428625509e-10 9.174415507159540463e-10 2.735858180288788252e-10 -4.681212392195025143e-11 -7.879521801059227476e-11 -2.565588252320055155e-11 7.403486910801969521e-11 -5.736481312844837541e-12 -7.829255116477442625e-05 -2.937008661067745126e-08 7.065295302303201202e-07 0.000000000000000000e+00
0.000000000000000000e+00 0.000000000000000000e+00 0.000000000000000000e+00 0.000000000000000000e+00 0.000000000000000000e+00 0.000000000000000000e+00 -6.649905686998463556e-10 5.634517933747295917e-11 4.633070919546197106e-10 4.302510389891203771e-10 -1.655660304627973413e-10 -4.701812753332210417e-10 -4.376369947831766819e-10 2.857182387030985581e-10 1.523678770275620412e-10 -6.026929500219675181e-12 7.094224973596351476e-06 -2.776836807528052211e-08 7.060558951645952264e-07 0.000000000000000000e+00
0.000000000000000000e+00 0.000000000000000000e+00 0.000000000000000000e+00 0.000000000000000000e+00 0.000000000000000000e+00 0.000000000000000000e+00 -1.860245184201036992e-11 2.964358976796097973e-10 2.950644822655333026e-10 4.086229617689855388e-10 -2.181768497521338759e-10 1.522846733753787230e-11 -1.383845600408013431e-10 6.279325724708119808e-11 5.332879784306476980e-11 -9.458814353630180112e-12 1.252858267332204418e-11 -3.190208046869915896e-08 7.055389753111357330e-07 0.000000000000000000e+00
0.000000000000000000e+00 0.000000000000000000e+00 0.000000000000000000e+00 0.000000000000000000e+00 0.000000000000000000e+00 0.000000000000000000e+00 1.013429756722789536e-16 6.527719776316335400e-17 5.412474219906646495e-17 2.547571612238170439e-17 2.582074697983522404e-17 1.530789390381475516e-17 1.057211476627764354e-17 4.828764370329505417e-18 1.979796034694460141e-18 9.894129655375448893e-19 1.391447764074884158e-18 3.021300300145965253e-16 1.985839599454125917e-16 0.000000000000000000e+00
0.000000000000000000e+00 0.000000000000000000e+00 0.000000000000000000e+00 0.000000000000000000e+00 0.000000000000000000e+00 0.000000000000000000e+00 8.844489088245993749e-17 1.374747890261838208e-16 7.078458475004889337e-17 3.892459209696508857e-17 4.500399558623209593e-17 2.496961300774758921e-17 1.176538788777396084e-17 5.385420597212721283e-18 2.087227263907755020e-18 1.286242355166344199e-18 6.900845680304335533e-15 3.137547833499486638e-16 2.127765263013682680e-16 0.000000000000000000e+00
0.000000000000000000e+00 0.000000000000000000e+00 0.000000000000000000e+00 0.000000000000000000e+00 0.000000000000000000e+00 0.000000000000000000e+00 1.676321477525718218e-16 3.931226647371988332e-17 5.418264573822342268e-17 2.676457720968547531e-17 2.567807520994795015e-17 1.588547846001166970e-17 9.038259186431308869e-18 4.031044736700397245e-18 1.756929336952346812e-18 1.297168669168295145e-18 1.627424170478940692e-15 2.810511680603190147e-16 2.115775312785532438e-16 0.000000000000000000e+00
0.000000000000000000e+00 0.000000000000000000e+00 0.000000000000000000e+00 0.000000000000000000e+00 0.000000000000000000e+00 0.000000000000000000e+00 4.492367583373156223e-17 5.953209663654911118e-17 3.436440759772691821e-17 1.847962572821534342e-17 2.132760705334880036e-17 1.419577842635036671e-17 9.831924002781982579e-18 4.867981836770267502e-18 2.005896297023291506e-18 9.935980975058401189e-19 1.607614389899145556e-18 1.696638081890205792e-14 -4.646024356644690359e-10 0.000000000000000000e+00
0.000000000000000000e+00 0.000000000000000000e+00 0.000000000000000000e+00 0.000000000000000000e+00 0.000000000000000000e+00 0.000000000000000000e+00 -1.533003437978770155e-12 6.713851996982836356e-13 -3.029280847223129721e-13 -1.041253877707998380e-13 5.676570246187906802e-14 -4.876446360984054412e-14 -7.547132484103710021e-15 5.386478595835880340e-15 9.995603694872184694e-16 1.931851176463040229e-16 -1.950802325442306068e-16 1.633257268607495765e-15 2.939876538651456373e-16 0.000000000000000000e+00
0.000000000000000000e+00 0.000000000000000000e+00 0.000000000000000000e+00 0.000000000000000000e+00 0.000000000000000000e+00 0.000000000000000000e+00 -1.385617617953520133e-12 1.363392384976601808e-12 -3.376667340870457233e-13 -3.117818792867870692e-13 8.195536755337959491e-14 -8.327629820374538875e-14 -4.265558943783341431e-15 5.519128742996176983e-15 1.081622348241800997e-15 2.407124072306366213e-16 -6.579775995875632380e-16 1.745606871204363165e-15 3.245478318022852808e-16 0.000000000000000000e+00
0.000000000000000000e+00 0.000000000000000000e+00 0.000000000000000000e+00 0.000000000000000000e+00 0.000000000000000000e+00 0.000000000000000000e+00 -1.684246465219339699e-12 6.409515528436093753e-14 -2.888920990970894418e-13 7.616731289245428020e-14 5.061027635386816440e-14 -1.692183207044689475e-14 -1.103244294251138930e-14 4.956754219158896743e-15 5.973816208324786619e-16 1.516237644400513677e-16 6.092914117301296475e-15 1.694466590636207764e-15 3.290288525639020755e-16 0.000000000000000000e+00
0.000000000000000000e+00 0.000000000000000000e+00 0.000000000000000000e+00 0.000000000000000000e+00 0.000000000000000000e+00 0.000000000000000000e+00 -1.028018240463587083e-12 8.958785689972576311e-13 -2.578780441802143842e-13 -1.832214888919495618e-13 5.810582266771978877e-14 -6.207616871567386878e-14 -4.558875043203449497e-15 5.309895042458734948e-15 1.128492057241081401e-15 2.071267307905317346e-16 -2.704172364839255280e-16 -1.285704793379909941e-15 1.142047856772588053e-12 0.000000000000000000e+00
0.000000000000000000e+00 0.000000000000000000e+00 0.000000000000000000e+00 0.000000000000000000e+00 0.000000000000000000e+00 0.000000000000000000e+00 -5.404801675832159761e-12 1.969533259725673237e-12 -1.111739233134765182e-12 -4.995504071560357480e-15 3.805233531363230900e-13 -2.173445394504978973e-13 4.769279420577560262e-14 2.441421403988544362e-14 7.070423418741271842e-15 5.964835086424905458e-15 1.547463266656402707e-15 5.353301447223358877e-15 -3.377275112021078223e-15 0.000000000000000000e+00
0.000000000000000000e+00 0.000000000000000000e+00 0.000000000000000000e+00 0.000000000000000000e+00 0.000000000000000000e+00 0.000000000000000000e+00 -2.181914437961941675e-12 4.301185566656357643e-12 -1.322889350884209282e-12 -6.260707554264975840e-13 3.648705145209373220e-13 -3.582829688151885989e-13 6.182927811734158676e-14 2.368812035721178885e-14 6.339522279880449411e-15 6.796964337688751062e-15 -3.844815568723455536e-14 5.364334730524954664e-15 -4.129696035133752112e-15 0.000000000000000000e+00
0.000000000000000000e+00 0.000000000000000000e+00 0.000000000000000000e+00 0.000000000000000000e+00 0.000000000000000000e+00 0.000000000000000000e+00 -8.362213728486121893e-12 -7.363679680587020898e-14 -9.685438684344657783e-13 5.642102804090988490e-13 4.942801717282915499e-13 -1.128040436892360976e-13 2.446158746751790953e-14 2.601260438978800221e-14 7.574174992368145114e-15 7.330597225207977800e-15 5.874867067928326784e-14 5.742128755168672969e-15 -3.107219655080557780e-15 0.000000000000000000e+00
0.000000000000000000e+00 0.000000000000000000e+00 0.000000000000000000e+00 0.000000000000000000e+00 0.000000000000000000e+00 0.000000000000000000e+00 -2.209855411331516724e-12 2.814034037431586533e-12 -1.001090695497315773e-12 -3.005011930655385518e-13 2.827702869109318693e-13 -2.500184620325880239e-13 6.011665232300713495e-14 2.446773403202259653e-14 6.512842005011204954e-15 6.143242910529961763e-15 9.298255104487050535e-16 -1.172191170560638579e-13 1.464757489319117261e-12 0.000000000000000000e+00
0.000000000000000000e+00 0.000000000000000000e+00 0.000000000000000000e+00 0.000000000000000000e+00 0.000000000000000000e+00 0.000000000000000000e+00 3.790923610031514814e-14 -2.300143449706059412e-14 -3.724213030840044835e-16 2.832861233283924589e-14 8.028105539060741404e-15 8.561597344938147595e-15 4.024193822565075623e-15 1.661733956684161198e-15 -1.124239350763519164e-15 2.286340606777386728e-15 2.615483000766601523e-15 -1.167902742279076244e-12 -8.245841064696565332e-12 0.000000000000000000e+00
0.000000000000000000e+00 0.000000000000000000e+00 0.000000000000000000e+00 0.000000000000000000e+00 0.000000000000000000e+00 0.000000000000000000e+00 -7.772049446939602605e-14 -1.090979356219922457e-13 2.451737866148977434e-14 4.351131913427502316e-14 -9.082619237943396427e-15 1.908511578860167892e-14 5.140821124613419085e-15 4.580217932925350726e-15 -8.027870405632147527e-16 -1.291744602362203081e-15 -2.280887006654648428e-09 -1.149303049829847276e-12 -8.258288112559459326e-12 0.000000000000000000e+00
0.000000000000000000e+00 0.000000000000000000e+00 0.000000000000000000e+00 0.000000000000000000e+00 0.000000000000000000e+00 0.000000000000000000e+00 8.182580659096967030e-14 -2.863890064604149507e-14 2.823605613879959179e-14 -1.107687896618189787e-14 9.466557314830978891e-15 1.933980961146586514e-14 1.103650269102363348e-14 9.243656898341213043e-15 -3.538954832642915036e-16 -3.239338930795287846e-15 -3.812023958462360159e-10 -1.172878977042967244e-12 -8.251942099757360296e-12 0.000000000000000000e+00
0.000000000000000000e+00 0.000000000000000000e+00 0.000000000000000000e+00 0.000000000000000000e+00 0.000000000000000000e+00 0.000000000000000000e+00 3.790923610031514814e-14 -2.300143449706059412e-14 -3.724213030840044835e-16 2.832861233283924589e-14 8.028105539060741404e-15 8.561597344938147595e-15 4.024193822565075623e-15 1.661733956684161198e-15 -1.124239350763519164e-15 2.286340606777386728e-15 2.615483000766601523e-15 -1.167902742279076244e-12 -8.245841064696565332e-12 0.000000000000000000e+00
0.000000000000000000e+00 0.000000000000000000e+00 0.000000000000000000e+00 0.000000000000000000e+00 0.000000000000000000e+00 0.000000000000000000e+00 2.901156416280430293e-09 7.026291451571646253e-10 1.258974962461977791e-09 1.068390081971491533e-09 4.557414761575029631e-10 8.031276507787495726e-10 5.575264274924479398e-10 3.684642970405740157e-10 1.489360718688476307e-10 2.582210146863047669e-11 2.824187565031464352e-10 8.020254053847683660e-08 9.905280786641734421e-08 0.000000000000000000e+00
0.000000000000000000e+00 0.000000000000000000e+00 0.000000000000000000e+00 0.000000000000000000e+00 0.000000000000000000e+00 0.000000000000000000e+00 1.936110696369893545e-09 -1.446412599896811053e-09 2.693771233735094552e-10 1.013502262319447940e-09 5.717034395948672238e-10 1.574459788802517981e-10 1.097739007856070596e-10 1.098817390279516625e-10 5.544199459770015270e-11 3.871215715369315553e-11 -1.143724535203417517e-07 8.112162814838032394e-08 1.023222981345546284e-07 0.000000000000000000e+00
0.000000000000000000e+00 0.000000000000000000e+00 0.000000000000000000e+00 0.000000000000000000e+00 0.000000000000000000e+00 0.000000000000000000e+00 7.544346110572905860e-09 3.521603365615645628e-09 4.478318458133144414e-09 4.433377631637857149e-09 3.108638981208555683e-09 4.726051978167888375e-09 2.944168595141579639e-09 1.740419988133342488e-09 8.251227619354273033e-10 2.510138259272911532e-10 2.568405886358055875e-06 8.378653484966638407e-08 1.025887021502233816e-07 0.000000000000000000e+00
0.000000000000000000e+00 0.000000000000000000e+00 0.000000000000000000e+00 0.000000000000000000e+00 0.000000000000000000e+00 0.000000000000000000e+00 7.236687300024184410e-10 -3.013683702785616967e-10 4.267492230577498959e-10 4.963906869910120819e-10 4.592570910607892254e-11 1.528592689779580542e-10 9.622112626181217210e-11 1.403980305623886873e-10 6.999877616033431327e-11 1.951433165442155528e-11 6.867963027322666977e-11 4.084842420016594625e-06 9.427530688542631765e+00 0.000000000000000000e+00
0.000000000000000000e+00 0.000000000000000000e+00 0.000000000000000000e+00 0.000000000000000000e+00 0.000000000000000000e+00 0.000000000000000000e+00 -1.097156982141125658e-08 -9.514482865806947621e-09 -5.879464850931176424e-09 -4.615352991171868917e-09 -2.864512774158429052e-09 -1.858222202493194019e-09 -9.627353071056662102e-10 -4.812760096217708652e-10 -1.679453570472686423e-10 -2.394133823998186580e-11 9.348576506532991996e-11 7.441983748522669628e-10 2.272323661512277275e-10 0.000000000000000000e+00
0.000000000000000000e+00 0.000000000000000000e+00 0.000000000000000000e+00 0.000000000000000000e+00 0.000000000000000000e+00 0.000000000000000000e+00 -7.735139260579997374e-09 5.123250717724326839e-09 4.038928132634444078e-09 1.929678040455033973e-09 1.662746798605164712e-09 6.450883851416974803e-12 -5.255305615812547637e-11 1.500952916600276828e-10 -2.535253322035876012e-11 -3.394450343961949863e-11 -5.101210208335164793e-11 7.031481311415868350e-10 2.282685656036797417e-10 0.000000000000000000e+00
0.000000000000000000e+00 0.000000000000000000e+00 0.000000000000000000e+00 0.000000000000000000e+00 0.000000000000000000e+00 0.000000000000000000e+00 -1.389932784152414533e-08 -2.267470983259221285e-08 -1.531992446473977695e-08 -1.131038475955276918e-08 -7.741340710016830361e-09 -4.291932333745931165e-09 -1.910503901001623876e-09 -1.276804683228787581e-09 -4.263411584908392635e-10 -1.563174162838382294e-10 -3.298194959049237292e-10 7.396581680859588876e-10 2.280068572830313863e-10 0.000000000000000000e+00
0.000000000000000000e+00 0.000000000000000000e+00 0.000000000000000000e+00 0.000000000000000000e+00 0.000000000000000000e+00 0.000000000000000000e+00 -5.838979544029472682e-09 6.690160594961670775e-09 8.877632832304898527e-10 7.662365459733994143e-10 5.187612649742537196e-10 -3.439630543071030931e-10 -2.870588034833227716e-10 -3.451783172431790753e-11 -5.438449017597084057e-11 -1.239362336467814848e-11 2.151078079271606100e-11 2.528749613050515333e-10 -1.578735452658959161e-07 0.000000000000000000e+00
0.000000000000000000e+00 0.000000000000000000e+00 0.000000000000000000e+00 0.000000000000000000e+00 0.000000000000000000e+00 0.000000000000000000e+00 -2.812724502736287296e-08 -3.741502416077831040e-08 -4.527495481385467199e-08 -1.218101112856304476e-08 -9.233507509018318766e-09 -6.094728565474626538e-09 -3.459788661298654877e-09 -8.059438634537957025e-10 -3.302227411864539259e-10 -4.914796879531586033e-11 3.112261611710972639e-10 2.722278180251980712e-09 6.465741724527937309e-10 0.000000000000000000e+00
0.000000000000000000e+00 0.000000000000000000e+00 0.000000000000000000e+00 0.000000000000000000e+00 0.000000000000000000e+00 0.000000000000000000e+00 -1.744251415000805928e-08 5.073438340598198755e-08 4.726004973799377068e-09 8.201448534251255375e-09 6.317594148366089551e-09 -1.334200103480095698e-09 4.201014562609832276e-10 7.496400725635389179e-10 7.365666175538477241e-11 -6.532687026846553737e-11 9.835284267989909931e-10 2.602781496754369555e-09 6.210731317438047732e-10 0.000000000000000000e+00
0.000000000000000000e+00 0.000000000000000000e+00 0.000000000000000000e+00 0.000000000000000000e+00 0.000000000000000000e+00 0.000000000000000000e+00 -3.780357870811322098e-08 -1.177198336420051294e-07 -9.223334726855604851e-08 -3.232997680880116684e-08 -2.617097038651714499e-08 -1.256988627876657763e-08 -7.558701663692800521e-09 -2.673160231080313484e-09 -1.050127666046786531e-09 -3.989597128750218180e-10 -6.162257514607104896e-09 2.902724118125406726e-09 6.294613097356751173e-10 0.000000000000000000e+00
0.000000000000000000e+00 0.000000000000000000e+00 0.000000000000000000e+00 0.000000000000000000e+00 0.000000000000000000e+00 0.000000000000000000e+00 -2.387501340164452242e-08 4.469468937373515054e-08 -5.355516145456333025e-09 3.771654549929023459e-09 1.914365727404216332e-09 -2.850335612704102628e-09 -1.842190088026021886e-10 2.797624858455899615e-10 1.796885149643722948e-11 -2.647936946423615131e-11 7.866422553546296736e-12 -9.485388422581031452e-09 -8.708236099294034452e-06 0.000000000000000000e+00
0.000000000000000000e+00 0.000000000000000000e+00 0.000000000000000000e+00 0.000000000000000000e+00 0.000000000000000000e+00 0.000000000000000000e+00 -9.879303133236667657e-11 -4.328427836747850094e-09 -1.171532850679465041e-09 -1.003714316556843487e-10 -5.796940452771630129e-10 -1.262646919905566020e-10 3.681656413314554503e-10 3.426403074893034741e-11 -3.565620496691439384e-11 -6.993040603345736158e-11 -3.559419320684851955e-10 -1.884594485245105719e-08 4.704053728621481265e-07 0.000000000000000000e+00
0.000000000000000000e+00 0.000000000000000000e+00 0.000000000000000000e+00 0.000000000000000000e+00 0.000000000000000000e+00 0.000000000000000000e+00 4.497521787288829420e-09 7.941288818090279746e-10 7.449947121154644766e-09 -9.683423950420756858e-11 5.124215612749724544e-10 -2.719873601730475125e-10 1.013332410302479723e-09 3.921430696877478272e-10 1.326789997893613736e-11 2.756190239195586089e-12 3.515385444388488160e-05 -2.259227573311598552e-08 4.660748752310351112e-07 0.000000000000000000e+00
0.000000000000000000e+00 0.000000000000000000e+00 0.000000000000000000e+00 0.000000000000000000e+00 0.000000000000000000e+00 0.000000000000000000e+00 3.080561790270209581e-09 -4.697276010909258380e-09 -4.135820538206909647e-09 9.238955526640130340e-10 1.580055711322317629e-10 3.277475902288813898e-10 1.189145376109468557e-09 4.288836519507008089e-11 -6.180217285128363065e-11 5.603318786116297305e-11 -1.308014893652019223e-04 -1.919251014494787900e-08 4.655856979924331773e-07 0.000000000000000000e+00
0.000000000000000000e+00 0.000000000000000000e+00 0.000000000000000000e+00 0.000000000000000000e+00 0.000000000000000000e+00 0.000000000000000000e+00 -9.879303133236667657e-11 -4.328427836747850094e-09 -1.171532850679465041e-09 -1.003714316556843487e-10 -5.796940452771630129e-10 -1.262646919905566020e-10 3.681656413314554503e-10 3.426403074893034741e-11 -3.565620496691439384e-11 -6.993040603345736158e-11 -3.559419320684851955e-10 -1.884594485245105719e-08 4.704053728621481265e-07 0.000000000000000000e+00
