0.000000000000000000e+00 0.000000000000000000e+00 0.000000000000000000e+00 0.000000000000000000e+00 0.000000000000000000e+00 0.000000000000000000e+00 8.087169023933777725e-13 6.024841160004208753e-13 1.949123623732814990e-13 3.573136121152015107e-13 2.676244126145919771e-13 3.085446318540425472e-13 2.132868842275649631e-13 8.266461691271829001e-14 1.702445772747149585e-14 3.987193812505112199e-13 7.772029666385715825e-12 1.122471569025593456e-11 0.000000000000000000e+00 0.000000000000000000e+00
0.000000000000000000e+00 0.000000000000000000e+00 0.000000000000000000e+00 0.000000000000000000e+00 0.000000000000000000e+00 0.000000000000000000e+00 1.415253189607858073e-13 -6.726673410891278207e-14 1.788212777352080193e-14 -2.291250076231739382e-14 4.029613456579705900e-14 3.702559486865464556e-14 1.779134530808274449e-14 1.063142211779049913e-14 7.200246934162555480e-15 3.213570381381283816e-10 6.667123545795967627e-12 1.149415069021468504e-11 0.000000000000000000e+00 0.000000000000000000e+00
0.000000000000000000e+00 0.000000000000000000e+00 0.000000000000000000e+00 0.000000000000000000e+00 0.000000000000000000e+00 0.000000000000000000e+00 4.306140205177244877e-12 2.423060746942897981e-12 8.449167293236558217e-13 1.963610051832286623e-12 2.859285649344278358e-12 5.700955494565103693e-12 2.596551857758607335e-12 1.778728251555769247e-12 8.275280313233188614e-13 7.591737770475371940e-11 7.683598086741846360e-12 1.166454572691181591e-11 0.000000000000000000e+00 0.000000000000000000e+00
0.000000000000000000e+00 0.000000000000000000e+00 0.000000000000000000e+00 0.000000000000000000e+00 0.000000000000000000e+00 0.000000000000000000e+00 7.651342288425089633e-14 7.497097739589894779e-15 1.724842437055563609e-14 -1.410076545014623962e-14 1.023477394670751993e-14 -1.606259223812855387e-15 6.992234134014611430e-15 5.945879458825578191e-15 5.043837088542543253e-15 1.732168415207160269e-14 1.397354438589726401e-11 -1.648595604188597035e-04 0.000000000000000000e+00 0.000000000000000000e+00
0.000000000000000000e+00 0.000000000000000000e+00 0.000000000000000000e+00 0.000000000000000000e+00 0.000000000000000000e+00 0.000000000000000000e+00 2.007238183009835726e-10 1.522313395247431451e-10 3.145628092967864165e-11 -1.084353551207440901e-11 -7.348479874592831385e-12 6.909948454449040573e-12 -1.300530586802124165e-12 4.006008927039120165e-13 3.413693964700162860e-14 4.103158348049551750e-13 1.865473112295682255e-12 1.692655268918298816e-12 0.000000000000000000e+00 0.000000000000000000e+00
0.000000000000000000e+00 0.000000000000000000e+00 0.000000000000000000e+00 0.000000000000000000e+00 0.000000000000000000e+00 0.000000000000000000e+00 8.391329531265352402e-12 -5.491195664093252801e-11 -1.643002352685787504e-11 6.543827640335612143e-12 -9.808650319411808503e-12 1.150716834929472390e-12 -7.384414982763343170e-13 9.971141300980448389e-14 1.796437898932756939e-13 -1.130671922486130797e-11 1.759714106040137987e-12 1.671838678658940458e-12 0.000000000000000000e+00 0.000000000000000000e+00
0.000000000000000000e+00 0.000000000000000000e+00 0.000000000000000000e+00 0.000000000000000000e+00 0.000000000000000000e+00 0.000000000000000000e+00 3.764165558359636543e-10 3.449578516571718846e-10 7.703784241347194955e-11 -2.953643152461497616e-11 6.058572708127317348e-12 1.233084429530075670e-11 -4.352457347688955818e-12 1.848759573529241415e-12 -1.199796828864117466e-12 -2.767729763703271754e-12 1.987114184150122079e-12 1.683882085962608378e-12 0.000000000000000000e+00 0.000000000000000000e+00
0.000000000000000000e+00 0.000000000000000000e+00 0.000000000000000000e+00 0.000000000000000000e+00 0.000000000000000000e+00 0.000000000000000000e+00 3.078948640185641165e-11 2.067197748747498212e-11 -6.976722674188964467e-12 4.587323820994567789e-12 -1.280205576806146893e-11 2.417627851175783159e-12 -6.397311823114798156e-14 -2.320031380897590414e-13 9.032771870489119227e-14 5.798454723618184182e-14 6.790346627250613358e-13 -5.800709333289124301e-10 0.000000000000000000e+00 0.000000000000000000e+00
0.000000000000000000e+00 0.000000000000000000e+00 0.000000000000000000e+00 0.000000000000000000e+00 0.000000000000000000e+00 0.000000000000000000e+00 -4.675056288631016087e-10 6.715179479680726406e-10 1.512498446795182830e-10 4.722793750902038819e-11 -6.561499322230873187e-11 -2.399872760853615828e-11 -1.297696819045708178e-12 -6.136583305967854045e-12 -2.868924545270982547e-13 9.254849108107775337e-12 9.777791392275844472e-12 -1.849875463620546513e-11 0.000000000000000000e+00 0.000000000000000000e+00
0.000000000000000000e+00 0.000000000000000000e+00 0.000000000000000000e+00 0.000000000000000000e+00 0.000000000000000000e+00 0.000000000000000000e+00 4.012335311766026695e-10 -2.373412656873009375e-10 -1.862370992139648255e-10 -5.838214101099642076e-11 3.648909352424557330e-12 3.875252947824416598e-11 1.979003848104003636e-12 5.094434683208637886e-12 1.467989758489687584e-12 -3.424415391334603690e-10 8.948296476117072009e-12 -1.694322366089075997e-11 0.000000000000000000e+00 0.000000000000000000e+00
0.000000000000000000e+00 0.000000000000000000e+00 0.000000000000000000e+00 0.000000000000000000e+00 0.000000000000000000e+00 0.000000000000000000e+00 -1.276684659653196522e-09 1.519672773844699628e-09 4.736748035951817747e-10 1.543804784552087023e-10 -1.553549455082835809e-10 -1.656940488828716160e-10 -1.830909415451251083e-11 -3.615030946312375857e-11 -1.016404325059736479e-11 -2.252667749759628752e-11 1.136240996190528443e-11 -1.704580540199295983e-11 0.000000000000000000e+00 0.000000000000000000e+00
0.000000000000000000e+00 0.000000000000000000e+00 0.000000000000000000e+00 0.000000000000000000e+00 0.000000000000000000e+00 0.000000000000000000e+00 1.829260976024434960e-10 1.060922696319458546e-10 -6.017844685958139390e-11 -3.212649235666178560e-11 -2.382421841518772138e-11 1.550792619955406076e-11 2.274770385363522816e-14 2.420342613865699080e-12 9.638525384124586002e-13 -1.324572029392863446e-12 8.977144578903025538e-12 -1.149886409347332886e-08 0.000000000000000000e+00 0.000000000000000000e+00
0.000000000000000000e+00 0.000000000000000000e+00 0.000000000000000000e+00 0.000000000000000000e+00 0.000000000000000000e+00 0.000000000000000000e+00 -1.739115408679815038e-11 -5.669928998615753880e-11 3.304400917904566424e-11 -1.988536820447048498e-11 -9.492276909284141351e-12 1.063947740340398305e-12 -6.219791688461014498e-12 3.514853060385041611e-12 -4.391970014494373576e-12 -8.417919544911856435e-12 -3.722923575410063497e-11 1.015064387014783918e-08 0.000000000000000000e+00 0.000000000000000000e+00
0.000000000000000000e+00 0.000000000000000000e+00 0.000000000000000000e+00 0.000000000000000000e+00 0.000000000000000000e+00 0.000000000000000000e+00 -6.195973568195771524e-11 -2.283327070140934454e-10 3.918898072277071079e-11 -6.449371966162636780e-11 -5.378896335553114366e-11 8.589737946123390734e-12 3.486003642860919148e-12 8.264493506548286521e-12 -4.428030059643894081e-12 1.353136682351673349e-06 -3.371806269684089764e-11 9.695472985926569445e-09 0.000000000000000000e+00 0.000000000000000000e+00
0.000000000000000000e+00 0.000000000000000000e+00 0.000000000000000000e+00 0.000000000000000000e+00 0.000000000000000000e+00 0.000000000000000000e+00 5.556527428322471017e-11 3.886570016368755628e-11 4.684732113268197040e-11 -3.251897527422303036e-11 -1.081392453055289025e-10 -2.652128059197691533e-11 -4.102071561762730650e-11 -1.798993566786566729e-11 -1.338799213441973592e-11 5.236312772004498154e-08 -2.708963231853144487e-11 9.594714421826527797e-09 0.000000000000000000e+00 0.000000000000000000e+00
0.000000000000000000e+00 0.000000000000000000e+00 0.000000000000000000e+00 0.000000000000000000e+00 0.000000000000000000e+00 0.000000000000000000e+00 -1.739115408679815038e-11 -5.669928998615753880e-11 3.304400917904566424e-11 -1.988536820447048498e-11 -9.492276909284141351e-12 1.063947740340398305e-12 -6.219791688461014498e-12 3.514853060385041611e-12 -4.391970014494373576e-12 -8.417919544911856435e-12 -3.722923575410063497e-11 1.015064387014783918e-08 0.000000000000000000e+00 0.000000000000000000e+00
0.000000000000000000e+00 0.000000000000000000e+00 0.000000000000000000e+00 0.000000000000000000e+00 0.000000000000000000e+00 0.000000000000000000e+00 1.298884839507072028e-10 6.437838187859772397e-11 1.862744273334695758e-11 6.961114776835823105e-12 9.585684901242746385e-12 4.600626280847941786e-12 3.610039234839436364e-12 2.141990341494082822e-12 1.290768284825788878e-12 5.989866415208103852e-12 1.671248562231751893e-10 7.898338657839063514e-10 0.000000000000000000e+00 0.000000000000000000e+00
0.000000000000000000e+00 0.000000000000000000e+00 0.000000000000000000e+00 0.000000000000000000e+00 0.000000000000000000e+00 0.000000000000000000e+00 2.822298385318971423e-11 7.238156527174386756e-12 -1.273027173794295828e-11 -7.901409071847788992e-12 4.220549341609708181e-12 3.262434201204730265e-12 4.867270239410095598e-12 2.587468433636721194e-12 1.406238468778508649e-12 3.399534788707952790e-07 1.506518946645705648e-10 7.955419873405257175e-10 0.000000000000000000e+00 0.000000000000000000e+00
0.000000000000000000e+00 0.000000000000000000e+00 0.000000000000000000e+00 0.000000000000000000e+00 0.000000000000000000e+00 0.000000000000000000e+00 8.041444440289434451e-10 2.084471455624684584e-10 8.818742246646792328e-11 5.421621067613116833e-11 7.394591913791562022e-11 1.062833919907420269e-10 3.139182986759914869e-11 2.380650002260982729e-11 1.078199744600421524e-11 5.576778331495250609e-09 1.746403474271803706e-10 8.059739937124933465e-10 0.000000000000000000e+00 0.000000000000000000e+00
0.000000000000000000e+00 0.000000000000000000e+00 0.000000000000000000e+00 0.000000000000000000e+00 0.000000000000000000e+00 0.000000000000000000e+00 -1.666906448347725975e-11 5.485483397556826450e-12 -5.073052300552722441e-12 -4.413607371811457756e-13 2.517338588500118156e-12 1.317644461078197877e-12 3.611015362849534139e-12 2.295684640425975338e-12 1.074411306687359036e-12 3.181749220059692675e-12 1.636431193156970408e-09 5.958723215690478470e-03 0.000000000000000000e+00 0.000000000000000000e+00
0.000000000000000000e+00 0.000000000000000000e+00 0.000000000000000000e+00 0.000000000000000000e+00 0.000000000000000000e+00 0.000000000000000000e+00 3.868089195589310621e-09 1.765183800603854534e-09 2.421069476535993136e-11 -2.415866077738210610e-11 -1.086193068442085347e-10 -5.184539749006151841e-11 4.316412532207211374e-12 -1.285621168099193597e-11 8.634346434798447933e-13 9.754984851406931302e-12 2.704777178040198072e-11 -4.238295399263279741e-12 0.000000000000000000e+00 0.000000000000000000e+00
0.000000000000000000e+00 0.000000000000000000e+00 0.000000000000000000e+00 0.000000000000000000e+00 0.000000000000000000e+00 0.000000000000000000e+00 -1.864594219487131322e-09 -1.990235210899373946e-10 1.397866447134885318e-10 6.259345200774663971e-11 1.692112885169529572e-10 1.088531391512874892e-11 2.839427711123391283e-11 -3.561458249124547514e-12 2.654829329729608435e-13 4.246054238962800713e-10 2.210933841066919957e-11 -3.775563886878552233e-12 0.000000000000000000e+00 0.000000000000000000e+00
0.000000000000000000e+00 0.000000000000000000e+00 0.000000000000000000e+00 0.000000000000000000e+00 0.000000000000000000e+00 0.000000000000000000e+00 9.161490799964112993e-09 3.608794348373301810e-09 -7.364410743194527887e-11 -1.011955893367264769e-10 -5.384587998802843727e-10 -1.165597579485583730e-10 -2.054872317228907379e-11 -4.381690883872772008e-11 -2.172877678286893482e-11 -5.864791613544262912e-11 2.445411882646531707e-11 -3.982272990055212876e-12 0.000000000000000000e+00 0.000000000000000000e+00
0.000000000000000000e+00 0.000000000000000000e+00 0.000000000000000000e+00 0.000000000000000000e+00 0.000000000000000000e+00 0.000000000000000000e+00 -9.723145975815461357e-10 5.736535972428269272e-11 4.618247554073609896e-11 8.444914812526194000e-11 1.245893839993594386e-10 -1.560729769595115995e-11 2.372482302307839280e-11 -8.556831881947835573e-12 -2.762902059606962010e-13 1.556447665536160340e-12 3.808298715620793218e-12 1.055704472274610285e-08 0.000000000000000000e+00 0.000000000000000000e+00
0.000000000000000000e+00 0.000000000000000000e+00 0.000000000000000000e+00 0.000000000000000000e+00 0.000000000000000000e+00 0.000000000000000000e+00 -5.204482186251545687e-09 4.473471253071321869e-09 2.374542375189458568e-09 -2.456986435092609955e-10 -2.707394438285486742e-10 -3.831003080765137905e-10 -9.513139928044521963e-11 -5.802639321789289663e-11 -8.280261770292147906e-12 5.950007234287869818e-11 2.047275794905827318e-10 -5.236327349141522630e-10 0.000000000000000000e+00 0.000000000000000000e+00
0.000000000000000000e+00 0.000000000000000000e+00 0.000000000000000000e+00 0.000000000000000000e+00 0.000000000000000000e+00 0.000000000000000000e+00 2.773653576858185284e-09 -4.159095201451469496e-09 1.684304856446062135e-09 1.303105084138010785e-09 3.674975786728317687e-10 1.120279221639656691e-10 8.834955782051738202e-11 3.753098910517702385e-11 -2.602926514583471289e-11 4.531570628387068541e-09 1.890765412557948202e-10 -5.073061053333242130e-10 0.000000000000000000e+00 0.000000000000000000e+00
0.000000000000000000e+00 0.000000000000000000e+00 0.000000000000000000e+00 0.000000000000000000e+00 0.000000000000000000e+00 0.000000000000000000e+00 -1.266254399910261908e-08 1.265033284566255621e-08 3.160856931407714118e-09 -1.838937329268160801e-09 -1.473240788634774769e-09 -1.059970456559689650e-09 -4.879021072744657631e-10 -3.503007123784050597e-10 -1.267236207580459931e-10 2.135487085786042363e-10 1.922846521450760065e-10 -5.094161285978276474e-10 0.000000000000000000e+00 0.000000000000000000e+00
0.000000000000000000e+00 0.000000000000000000e+00 0.000000000000000000e+00 0.000000000000000000e+00 0.000000000000000000e+00 0.000000000000000000e+00 1.828739119295376166e-09 -2.413838103905555001e-09 9.096399891884724684e-10 7.965045871901069208e-10 4.735375844591915861e-10 -1.057353165911070385e-10 4.912976556195773388e-11 1.532248722783810079e-11 -1.194350644055222520e-11 3.342771195294727710e-11 -5.558691216181459894e-10 -2.899537948902040700e-07 0.000000000000000000e+00 0.000000000000000000e+00
0.000000000000000000e+00 0.000000000000000000e+00 0.000000000000000000e+00 0.000000000000000000e+00 0.000000000000000000e+00 0.000000000000000000e+00 -9.812066934927869960e-10 1.662594320795028470e-10 -2.158961335396477293e-10 3.069819653492034717e-10 -4.896913323813435466e-11 -1.747446103746648872e-10 -4.748131337933915048e-11 6.118999153924666572e-11 -1.359460589339795127e-11 -2.895898802660172141e-11 5.968747412300959968e-10 3.937455695084509644e-07 0.000000000000000000e+00 0.000000000000000000e+00
0.000000000000000000e+00 0.000000000000000000e+00 0.000000000000000000e+00 0.000000000000000000e+00 0.000000000000000000e+00 0.000000000000000000e+00 -2.986013006412826716e-09 -8.624959199291746159e-10 -3.048359332729282969e-10 8.658560503786774202e-10 -4.685144782531903497e-10 -8.277165988591892709e-10 7.114562225294297858e-11 4.814488105290315164e-11 5.156413863840049521e-11 2.032729954705363260e-04 6.051899896290011332e-10 3.935849696585553914e-07 0.000000000000000000e+00 0.000000000000000000e+00
0.000000000000000000e+00 0.000000000000000000e+00 0.000000000000000000e+00 0.000000000000000000e+00 0.000000000000000000e+00 0.000000000000000000e+00 3.971656784508111426e-10 9.176316524871264163e-10 -6.550065847076845382e-11 2.694346452843660636e-10 -1.009432317709547113e-09 -3.152528263500095724e-10 7.573099253932021867e-10 9.197119655481619546e-11 7.442823275059527700e-11 2.457605522213468717e-06 1.124277618712779287e-09 3.935017323701103111e-07 0.000000000000000000e+00 0.000000000000000000e+00
0.000000000000000000e+00 0.000000000000000000e+00 0.000000000000000000e+00 0.000000000000000000e+00 0.000000000000000000e+00 0.000000000000000000e+00 -9.812066934927869960e-10 1.662594320795028470e-10 -2.158961335396477293e-10 3.069819653492034717e-10 -4.896913323813435466e-11 -1.747446103746648872e-10 -4.748131337933915048e-11 6.118999153924666572e-11 -1.359460589339795127e-11 -2.895898802660172141e-11 5.968747412300959968e-10 3.937455695084509644e-07 0.000000000000000000e+00 0.000000000000000000e+00
0.000000000000000000e+00 0.000000000000000000e+00 0.000000000000000000e+00 0.000000000000000000e+00 0.000000000000000000e+00 0.000000000000000000e+00 1.118371569865458737e-10 2.065323223796147279e-11 3.207327200841842455e-11 2.795873220541362046e-11 3.679643374320965769e-11 5.064547433743025466e-11 3.436123544424639551e-11 1.825465484762832005e-11 1.748774983913527103e-11 4.060566510381335209e-11 7.091762876128155251e-10 4.344906881208840713e-10 0.000000000000000000e+00 0.000000000000000000e+00
0.000000000000000000e+00 0.000000000000000000e+00 0.000000000000000000e+00 0.000000000000000000e+00 0.000000000000000000e+00 0.000000000000000000e+00 9.330378867989684526e-12 7.995879847200322770e-12 7.740588512399391520e-12 1.449226389633974489e-11 2.070891324684822852e-11 2.918621827542931343e-11 1.762646600250028611e-11 1.566982310045567367e-11 4.004619390828959380e-11 4.032322961629559024e-06 6.328829580507872914e-10 4.374336449603269825e-10 0.000000000000000000e+00 0.000000000000000000e+00
0.000000000000000000e+00 0.000000000000000000e+00 0.000000000000000000e+00 0.000000000000000000e+00 0.000000000000000000e+00 0.000000000000000000e+00 3.448397073622609968e-10 6.847770776955725311e-11 1.418519912561859515e-10 1.209059835640246944e-10 3.221673845381830672e-10 5.831843967177713205e-10 2.844154523375461160e-10 1.939402876455438432e-10 6.873504839986702861e-11 6.082953867872496058e-08 6.514808462444960737e-10 4.421645726075329637e-10 0.000000000000000000e+00 0.000000000000000000e+00
0.000000000000000000e+00 0.000000000000000000e+00 0.000000000000000000e+00 0.000000000000000000e+00 0.000000000000000000e+00 0.000000000000000000e+00 4.442643060529182304e-12 2.839878566808060624e-12 2.448089961774205458e-12 6.123112815454082249e-12 7.437782249840736961e-12 1.559746076530665017e-11 1.504550854672047055e-11 1.265611246322181615e-11 1.521653517782988277e-11 3.301399949822807189e-11 1.123831020854403778e-09 9.208419601094107454e-03 0.000000000000000000e+00 0.000000000000000000e+00
0.000000000000000000e+00 0.000000000000000000e+00 0.000000000000000000e+00 0.000000000000000000e+00 0.000000000000000000e+00 0.000000000000000000e+00 4.099700081704663073e-09 1.979719930388967427e-10 5.976664134433291358e-11 -2.461769614639744656e-10 -2.505159159479417751e-10 -8.532672623687495692e-11 -6.108353219326308000e-11 -4.469927029571778957e-11 5.404216820302988938e-12 2.841575796624993982e-11 5.244416029341694402e-11 9.764840528827203662e-12 0.000000000000000000e+00 0.000000000000000000e+00
0.000000000000000000e+00 0.000000000000000000e+00 0.000000000000000000e+00 0.000000000000000000e+00 0.000000000000000000e+00 0.000000000000000000e+00 8.827756032144600177e-10 -1.817492908439688212e-10 1.055447618281931528e-10 2.364118822311675663e-10 4.356172492311708723e-11 2.591831277364880495e-12 -1.715398511866384105e-11 -1.490229675137389950e-11 2.411173374172431690e-12 2.084739105131476247e-09 4.556996831286878662e-11 9.212419834650540045e-12 0.000000000000000000e+00 0.000000000000000000e+00
0.000000000000000000e+00 0.000000000000000000e+00 0.000000000000000000e+00 0.000000000000000000e+00 0.000000000000000000e+00 0.000000000000000000e+00 7.100668684195458371e-09 5.699151445403871386e-10 3.104159484766225025e-11 -7.629984759798434964e-10 -7.396486501169762721e-10 -3.146103449917645367e-10 -1.485940556209957852e-10 -1.455610802646889192e-10 -4.509927506337214810e-11 2.039165509032681014e-11 4.969727839299256483e-11 9.147662337741029804e-12 0.000000000000000000e+00 0.000000000000000000e+00
0.000000000000000000e+00 0.000000000000000000e+00 0.000000000000000000e+00 0.000000000000000000e+00 0.000000000000000000e+00 0.000000000000000000e+00 7.389977309680882988e-10 -2.523452407819026119e-10 1.271668573778956020e-10 1.324947288988864329e-10 -5.878726653176743863e-11 -2.845470094615794685e-11 -2.620506873335746618e-11 -1.888691878333521607e-11 4.972326534561862642e-12 3.927201863971368853e-12 1.916754772902982578e-11 -3.445461472386181504e-09 0.000000000000000000e+00 0.000000000000000000e+00
0.000000000000000000e+00 0.000000000000000000e+00 0.000000000000000000e+00 0.000000000000000000e+00 0.000000000000000000e+00 0.000000000000000000e+00 -4.455486429937742154e-09 7.689920025763479704e-10 -1.165515481895844456e-09 -3.570459705448672921e-10 7.771875710023794435e-11 2.407723119007872169e-11 7.136592967274613805e-11 -1.173682726043889385e-10 3.678046144980041784e-11 -4.309360234349882266e-11 -2.644711335654194760e-11 -4.803174329149707056e-11 0.000000000000000000e+00 0.000000000000000000e+00
0.000000000000000000e+00 0.000000000000000000e+00 0.000000000000000000e+00 0.000000000000000000e+00 0.000000000000000000e+00 0.000000000000000000e+00 1.299447097688040322e-09 -2.272871907670460312e-09 -7.614936495460809415e-11 6.917583134852199593e-10 2.343211942355784820e-10 2.024797073044549660e-10 1.158014767373524581e-10 -3.866674875641316309e-11 3.665144427647848036e-11 1.497449405284108592e-08 -1.129373319268389001e-11 -5.025990382887692578e-11 0.000000000000000000e+00 0.000000000000000000e+00
0.000000000000000000e+00 0.000000000000000000e+00 0.000000000000000000e+00 0.000000000000000000e+00 0.000000000000000000e+00 0.000000000000000000e+00 -9.803656439447657072e-09 3.663799281435924541e-09 -2.336160814407962369e-09 -1.322748497443088096e-09 -1.027721269441683372e-10 -3.794356709626115130e-10 -1.280430559833712895e-12 -3.665246544694281024e-10 7.053522157084511835e-11 4.437386841933293252e-10 -1.802940596878989158e-11 -4.630913417623845880e-11 0.000000000000000000e+00 0.000000000000000000e+00
0.000000000000000000e+00 0.000000000000000000e+00 0.000000000000000000e+00 0.000000000000000000e+00 0.000000000000000000e+00 0.000000000000000000e+00 6.877139130234456327e-11 -1.422078413490960952e-09 -3.694841273806039568e-10 4.884497526564243903e-10 1.598095490729229568e-10 1.924588812605609306e-10 1.057929057576117315e-10 -4.433690358438817590e-11 2.204013787028161499e-11 1.987907224471645746e-11 1.243154979888553593e-10 -3.578283769512664697e-09 0.000000000000000000e+00 0.000000000000000000e+00
0.000000000000000000e+00 0.000000000000000000e+00 0.000000000000000000e+00 0.000000000000000000e+00 0.000000000000000000e+00 0.000000000000000000e+00 7.208074028517873774e-10 3.297169492525097448e-10 1.126904225375372193e-10 1.257239570683314352e-10 -2.889479619935454735e-12 1.220855471327504005e-10 7.063749375961926748e-12 6.597110174728294158e-11 -2.883024041207849976e-11 -1.116714431476184323e-10 -2.963372665284431901e-10 3.620340444847044780e-08 0.000000000000000000e+00 0.000000000000000000e+00
0.000000000000000000e+00 0.000000000000000000e+00 0.000000000000000000e+00 0.000000000000000000e+00 0.000000000000000000e+00 0.000000000000000000e+00 3.377740562126603573e-10 1.002410456964106983e-09 -7.656588785388863594e-10 -1.358051360826717690e-10 5.465436908715154428e-11 1.091877542225642099e-10 -5.994501852783138403e-11 7.960969740843908731e-11 -7.452949713301273683e-11 -1.037783064062483773e-04 -4.177843965891894365e-10 3.581967310491200278e-08 0.000000000000000000e+00 0.000000000000000000e+00
0.000000000000000000e+00 0.000000000000000000e+00 0.000000000000000000e+00 0.000000000000000000e+00 0.000000000000000000e+00 0.000000000000000000e+00 1.195331634447501451e-09 3.622747107266848095e-10 2.271123723379856662e-10 3.604650599233650622e-13 1.578949793742771732e-10 7.097140974878784188e-10 4.162959274168990618e-11 2.490158608145576792e-10 1.359111724182514209e-10 3.340079536832013670e-06 -2.578865410177603570e-10 3.484460296525368397e-08 0.000000000000000000e+00 0.000000000000000000e+00
0.000000000000000000e+00 0.000000000000000000e+00 0.000000000000000000e+00 0.000000000000000000e+00 0.000000000000000000e+00 0.000000000000000000e+00 7.208074028517873774e-10 3.297169492525097448e-10 1.126904225375372193e-10 1.257239570683314352e-10 -2.889479619935454735e-12 1.220855471327504005e-10 7.063749375961926748e-12 6.597110174728294158e-11 -2.883024041207849976e-11 -1.116714431476184323e-10 -2.963372665284431901e-10 3.620340444847044780e-08 0.000000000000000000e+00 0.000000000000000000e+00
0.000000000000000000e+00 0.000000000000000000e+00 0.000000000000000000e+00 0.000000000000000000e+00 0.000000000000000000e+00 0.000000000000000000e+00 1.654395540634003636e-11 8.993176488899119307e-12 1.274769840031111622e-12 3.054837484103618317e-12 3.245399740431972513e-12 2.452242310406328505e-12 1.911696602487919448e-12 1.136573988940671506e-12 4.353593663809643323e-13 7.464996135451171356e-13 1.871049027094090713e-11 2.995514930957744009e-11 0.000000000000000000e+00 0.000000000000000000e+00
0.000000000000000000e+00 0.000000000000000000e+00 0.000000000000000000e+00 0.000000000000000000e+00 0.000000000000000000e+00 0.000000000000000000e+00 5.420540986243404414e-12 1.232706219633151683e-11 3.832243957346422952e-12 2.595683723001644562e-12 5.779292154946378640e-12 3.854252464050983306e-12 1.686780488806714022e-12 1.248580631814892543e-12 5.123022752046458656e-13 2.440167534145268050e-08 1.824100492443675214e-11 2.724615590705836160e-11 0.000000000000000000e+00 0.000000000000000000e+00
0.000000000000000000e+00 0.000000000000000000e+00 0.000000000000000000e+00 0.000000000000000000e+00 0.000000000000000000e+00 0.000000000000000000e+00 7.825492405386570444e-11 1.896562031308808977e-11 1.060345316751840484e-11 6.830297275648508115e-12 1.189353241306444605e-11 1.353962753697917947e-11 4.816799907070004154e-12 2.730809822234742132e-12 1.307851321364663471e-12 -1.048106943999434008e-11 1.769965766440186271e-11 2.587682515529834036e-11 0.000000000000000000e+00 0.000000000000000000e+00
0.000000000000000000e+00 0.000000000000000000e+00 0.000000000000000000e+00 0.000000000000000000e+00 0.000000000000000000e+00 0.000000000000000000e+00 2.520530647723037473e-12 4.436082689318397999e-12 6.770662579749586686e-13 1.198027686638330816e-12 1.936399636795623297e-12 2.039889600427667196e-12 1.578866146712576557e-12 1.129660757200438892e-12 4.129812797318808903e-13 5.653550717034739307e-13 2.416851906434177834e-10 1.482671645616876616e-02 0.000000000000000000e+00 0.000000000000000000e+00
0.000000000000000000e+00 0.000000000000000000e+00 0.000000000000000000e+00 0.000000000000000000e+00 0.000000000000000000e+00 0.000000000000000000e+00 1.261452160296991266e-09 3.701211171031199564e-10 1.690070258267643612e-10 -1.717040242096314346e-10 -1.912885776639303070e-11 1.610108749461824881e-11 1.423298202791650047e-11 5.891843746722073679e-12 1.519917538021543881e-12 4.609734895580233824e-12 1.371019684484860600e-11 5.946283220396310374e-12 0.000000000000000000e+00 0.000000000000000000e+00
0.000000000000000000e+00 0.000000000000000000e+00 0.000000000000000000e+00 0.000000000000000000e+00 0.000000000000000000e+00 0.000000000000000000e+00 -4.279132087727421658e-10 -5.789596871785515529e-10 -4.845751717699017604e-11 -1.825486725030215471e-10 -5.559694465168952230e-11 3.213212276667827041e-11 1.730765877670609827e-11 6.800011692319761696e-12 1.275304882016144558e-12 -1.504785460818271434e-10 1.329092760599078856e-11 6.286986042626244836e-12 0.000000000000000000e+00 0.000000000000000000e+00
0.000000000000000000e+00 0.000000000000000000e+00 0.000000000000000000e+00 0.000000000000000000e+00 0.000000000000000000e+00 0.000000000000000000e+00 2.832285661611627472e-09 1.249727145327263447e-09 3.834068986950719362e-10 -1.687566037221465151e-10 -2.115287271483683498e-11 -1.221805107869038173e-11 1.267980184020800919e-11 2.555877107634602962e-12 3.949398930504933525e-13 5.695829071436131757e-12 1.230951363555564230e-11 6.194025034099623652e-12 0.000000000000000000e+00 0.000000000000000000e+00
0.000000000000000000e+00 0.000000000000000000e+00 0.000000000000000000e+00 0.000000000000000000e+00 0.000000000000000000e+00 0.000000000000000000e+00 -2.730724679178359656e-10 -2.333990685122066705e-10 -3.188605042195084068e-11 -1.443265503441753703e-10 -1.166778015997222277e-11 2.710544466245254125e-11 1.577710673350457885e-11 7.402997568057284977e-12 1.450452796047563159e-12 2.890720816755876250e-12 3.031495958466768074e-11 -1.721384475142179200e-09 0.000000000000000000e+00 0.000000000000000000e+00
0.000000000000000000e+00 0.000000000000000000e+00 0.000000000000000000e+00 0.000000000000000000e+00 0.000000000000000000e+00 0.000000000000000000e+00 -2.944301317922568921e-09 1.426938100769826755e-12 -9.316416592947590470e-11 -9.362652086314560195e-10 -2.555130192098994032e-10 9.608620580549146627e-12 -8.094572937692353410e-12 -1.174598885630870242e-11 -7.540479296666424363e-12 1.911174816162973145e-11 1.000145455039142179e-11 8.365087364036812665e-12 0.000000000000000000e+00 0.000000000000000000e+00
0.000000000000000000e+00 0.000000000000000000e+00 0.000000000000000000e+00 0.000000000000000000e+00 0.000000000000000000e+00 0.000000000000000000e+00 1.263498277003299507e-10 -5.311051531781623551e-09 -1.497522742144512701e-09 -1.264970772837848381e-09 -4.896991439559259006e-10 5.423691901384930740e-11 -3.697852159969708140e-11 -2.116478565975510842e-11 -5.099552668736227262e-12 -9.067988516884261326e-10 -3.568253881880738835e-13 5.567432166357342997e-12 0.000000000000000000e+00 0.000000000000000000e+00
0.000000000000000000e+00 0.000000000000000000e+00 0.000000000000000000e+00 0.000000000000000000e+00 0.000000000000000000e+00 0.000000000000000000e+00 -5.824936345946927105e-09 4.859490597891540527e-09 1.173446527485772706e-09 -7.234400359067950784e-10 -1.376271079721738301e-10 -7.515208279850133675e-11 4.505758498869657613e-11 1.936336206562386049e-11 -1.247006594260210623e-11 -6.852095588843385554e-11 5.781266397114642163e-12 3.030111989268717568e-12 0.000000000000000000e+00 0.000000000000000000e+00
0.000000000000000000e+00 0.000000000000000000e+00 0.000000000000000000e+00 0.000000000000000000e+00 0.000000000000000000e+00 0.000000000000000000e+00 -2.911250591246419574e-11 -2.692505041561302239e-09 -6.937747068329974385e-10 -8.415136187382402195e-10 -2.236205843546293894e-10 2.266763676973833753e-11 -1.335719639877952572e-11 -2.485492939230625646e-11 -6.574708428152143241e-12 4.662109097317238500e-12 -9.313918547664794098e-11 -7.182596073994268876e-08 0.000000000000000000e+00 0.000000000000000000e+00
0.000000000000000000e+00 0.000000000000000000e+00 0.000000000000000000e+00 0.000000000000000000e+00 0.000000000000000000e+00 0.000000000000000000e+00 1.918126721847663761e-10 -1.298282832686901347e-10 -2.781694781335268839e-11 7.546376052882318582e-11 -7.138077535745972161e-11 3.598301528793086012e-11 6.688544927069613272e-12 -1.079601774031236378e-12 5.259688413182224147e-12 -6.332646109826414389e-12 1.927083641630639867e-10 4.954208187482488957e-08 0.000000000000000000e+00 0.000000000000000000e+00
0.000000000000000000e+00 0.000000000000000000e+00 0.000000000000000000e+00 0.000000000000000000e+00 0.000000000000000000e+00 0.000000000000000000e+00 2.881045737649575946e-10 -2.092784502561120719e-10 8.999935211000964495e-11 9.866824007458200205e-11 -2.289868651386119174e-10 8.265282473522368894e-11 6.358442984675238372e-11 1.057039317607770847e-11 -9.574809399882585316e-12 -3.548200710324020006e-05 2.960319050990469867e-10 4.877350348376921695e-08 0.000000000000000000e+00 0.000000000000000000e+00
0.000000000000000000e+00 0.000000000000000000e+00 0.000000000000000000e+00 0.000000000000000000e+00 0.000000000000000000e+00 0.000000000000000000e+00 4.275213296107500191e-10 -4.397893363404317827e-11 8.738896736570134353e-11 3.356281620966268002e-11 -2.795359308742822036e-10 3.837824096325907999e-11 8.807608362203401925e-11 -8.235227340057271189e-11 4.124266396010567134e-11 -6.448867012060989154e-08 3.151965188568975163e-10 4.866784605947531835e-08 0.000000000000000000e+00 0.000000000000000000e+00
0.000000000000000000e+00 0.000000000000000000e+00 0.000000000000000000e+00 0.000000000000000000e+00 0.000000000000000000e+00 0.000000000000000000e+00 1.918126721847663761e-10 -1.298282832686901347e-10 -2.781694781335268839e-11 7.546376052882318582e-11 -7.138077535745972161e-11 3.598301528793086012e-11 6.688544927069613272e-12 -1.079601774031236378e-12 5.259688413182224147e-12 -6.332646109826414389e-12 1.927083641630639867e-10 4.954208187482488957e-08 0.000000000000000000e+00 0.000000000000000000e+00
0.000000000000000000e+00 0.000000000000000000e+00 0.000000000000000000e+00 0.000000000000000000e+00 0.000000000000000000e+00 0.000000000000000000e+00 5.981918448667560700e-04 2.910462413826639025e-04 1.311184752677085712e-04 9.586684476179319818e-05 9.216493424405411449e-05 7.785237142189559904e-05 6.832541027310724293e-05 1.035714654338011615e-04 1.588551520964265004e-04 4.303092530149528233e-04 9.721157193287355324e-04 4.694018949985877612e-03 0.000000000000000000e+00 0.000000000000000000e+00
0.000000000000000000e+00 0.000000000000000000e+00 0.000000000000000000e+00 0.000000000000000000e+00 0.000000000000000000e+00 0.000000000000000000e+00 4.054347094285716823e-05 2.778147968131570547e-05 2.421016129093260262e-05 2.227365479703315214e-05 3.253498591050342145e-05 3.863248388833402983e-05 3.947695661871987970e-05 1.597885328093358857e-04 6.132468118612347235e-04 8.991409556392831348e+01 1.249265577265422150e-03 4.750525096295690405e-03 0.000000000000000000e+00 0.000000000000000000e+00
0.000000000000000000e+00 0.000000000000000000e+00 0.000000000000000000e+00 0.000000000000000000e+00 0.000000000000000000e+00 0.000000000000000000e+00 1.926643359605465650e-03 8.746662983620982290e-04 4.886455093948353489e-04 5.389160353510688214e-04 9.145597002258292613e-04 1.497129464771759962e-03 6.517792747879078228e-04 6.697812962434048509e-04 1.270737649522012428e-03 2.689920349699296942e+00 1.211440646936627792e-03 4.798109287000088680e-03 0.000000000000000000e+00 0.000000000000000000e+00
0.000000000000000000e+00 0.000000000000000000e+00 0.000000000000000000e+00 0.000000000000000000e+00 0.000000000000000000e+00 0.000000000000000000e+00 9.518235245794138405e-05 5.809677455405791652e-05 2.482840753362222899e-05 1.304976033490083423e-05 1.793511066801226734e-05 2.144334886128816935e-05 3.160058916000814248e-05 8.258836187357064898e-05 1.552233851459361273e-04 5.275907111032136212e-04 5.383179755288239159e-03 -9.462100139959006810e+02 0.000000000000000000e+00 0.000000000000000000e+00
0.000000000000000000e+00 0.000000000000000000e+00 0.000000000000000000e+00 0.000000000000000000e+00 0.000000000000000000e+00 0.000000000000000000e+00 -1.162125670362639291e-05 -2.824133485230617862e-06 -5.374145694361289497e-07 -2.355115536161883231e-07 -4.426250617557884448e-08 -1.951839819842729244e-07 1.139263189557853596e-08 -1.659149521394675870e-09 -3.242333518115468113e-08 6.759157376591889696e-09 -1.671460895147019868e-09 -7.491150697828656622e-09 0.000000000000000000e+00 0.000000000000000000e+00
0.000000000000000000e+00 0.000000000000000000e+00 0.000000000000000000e+00 0.000000000000000000e+00 0.000000000000000000e+00 0.000000000000000000e+00 -2.117985944992704118e-06 -1.221812063313068591e-06 -6.879209630864042504e-08 1.081123701984112618e-07 -2.057046762484537065e-07 1.592754839011596830e-07 3.051307455788739190e-08 1.863389010544632309e-09 -3.511442667960028481e-08 1.849396232148393522e-06 -9.773848871469558989e-10 -7.926847944608078546e-09 0.000000000000000000e+00 0.000000000000000000e+00
0.000000000000000000e+00 0.000000000000000000e+00 0.000000000000000000e+00 0.000000000000000000e+00 0.000000000000000000e+00 0.000000000000000000e+00 -2.048155598728951525e-05 -4.363311539695479950e-06 -1.061849517058930932e-06 -6.582142791976436238e-07 1.946880150815459042e-07 -1.152060192384492358e-06 4.345548215628539642e-08 4.672348125700309597e-08 -6.462736468634208579e-08 -5.843422228203195566e-07 -1.803496599286734337e-09 -8.215345548594985335e-09 0.000000000000000000e+00 0.000000000000000000e+00
0.000000000000000000e+00 0.000000000000000000e+00 0.000000000000000000e+00 0.000000000000000000e+00 0.000000000000000000e+00 0.000000000000000000e+00 -4.539422050919607840e-06 -1.512812072980434182e-06 -1.383706169370481961e-07 -1.012095138340599540e-08 -1.242767019603385816e-07 2.042823582703558280e-08 3.966346583528828308e-09 -1.162504054745950539e-08 -2.858780033225959903e-08 1.102207837921189858e-08 3.160337770424047172e-09 4.488611614592292541e-06 0.000000000000000000e+00 0.000000000000000000e+00
0.000000000000000000e+00 0.000000000000000000e+00 0.000000000000000000e+00 0.000000000000000000e+00 0.000000000000000000e+00 0.000000000000000000e+00 -3.666556564076349175e-06 -2.079849809829633923e-05 -1.434476099052326521e-06 -8.667058259279133234e-07 4.957040670653203299e-07 -7.211298833341875834e-07 1.926407620070291240e-07 -6.993169257035122476e-08 -1.073527806733003516e-09 5.098664539189714520e-08 -2.300946475611901516e-08 -4.799787447966547071e-08 0.000000000000000000e+00 0.000000000000000000e+00
0.000000000000000000e+00 0.000000000000000000e+00 0.000000000000000000e+00 0.000000000000000000e+00 0.000000000000000000e+00 0.000000000000000000e+00 4.111623475396222716e-07 -6.580259182590151439e-06 -9.060780901107276717e-07 2.692807474923417616e-07 -6.623196265050946774e-07 4.806430074673236382e-08 1.940728633443005490e-07 3.239836531065324982e-10 1.361549925524942480e-07 -6.063516219004370814e-06 -5.076572434152531632e-08 -5.500283477443094716e-08 0.000000000000000000e+00 0.000000000000000000e+00
0.000000000000000000e+00 0.000000000000000000e+00 0.000000000000000000e+00 0.000000000000000000e+00 0.000000000000000000e+00 0.000000000000000000e+00 -7.497748015034102837e-06 -3.441582122472516012e-05 -2.185483175326380147e-06 -2.375616407828122595e-06 2.413304538041590576e-06 -2.861181372252285801e-06 4.668690125410673491e-07 -7.328356897141762218e-08 1.631678812190176144e-07 3.480775234333442924e-06 -3.609597190938541993e-08 -5.740959857299709620e-08 0.000000000000000000e+00 0.000000000000000000e+00
0.000000000000000000e+00 0.000000000000000000e+00 0.000000000000000000e+00 0.000000000000000000e+00 0.000000000000000000e+00 0.000000000000000000e+00 -3.392326928065438976e-07 -9.344996053694072638e-06 -6.627848507887766951e-07 -1.161621229396683059e-07 -7.404871993436850601e-08 -2.126587430198916616e-07 1.557620780068148636e-07 -7.394921556119121869e-08 4.622261499798831932e-09 9.603252201878636711e-08 -1.922828465380095987e-07 4.699721895242363985e-05 0.000000000000000000e+00 0.000000000000000000e+00
0.000000000000000000e+00 0.000000000000000000e+00 0.000000000000000000e+00 0.000000000000000000e+00 0.000000000000000000e+00 0.000000000000000000e+00 3.313444220867647888e-08 1.311875035315129033e-07 9.766141053563188052e-08 2.485230198814715706e-08 5.169910717565893960e-08 2.488399450783056110e-08 9.725382977743722410e-10 -1.129236923405704351e-07 -9.025829353906863290e-08 -2.371869117874603654e-07 -1.924758203865850927e-06 1.057324931053606854e-04 0.000000000000000000e+00 0.000000000000000000e+00
0.000000000000000000e+00 0.000000000000000000e+00 0.000000000000000000e+00 0.000000000000000000e+00 0.000000000000000000e+00 0.000000000000000000e+00 3.414365399179485679e-07 5.423361195434045920e-07 4.136721331560720999e-07 -3.611493601236924685e-07 -3.484192799636235096e-07 -3.926647796107462989e-08 -1.263767393333890183e-07 -1.244725445600935409e-07 -6.219426990904849491e-08 -3.433486984488295229e-02 -1.774592659282006565e-06 1.048491147098484707e-04 0.000000000000000000e+00 0.000000000000000000e+00
0.000000000000000000e+00 0.000000000000000000e+00 0.000000000000000000e+00 0.000000000000000000e+00 0.000000000000000000e+00 0.000000000000000000e+00 -9.431845950490156508e-08 -1.690330581177859607e-08 1.983622381583382010e-07 1.292964392495488760e-07 9.362900796370270599e-08 5.668629549893161690e-07 -7.962254902791714998e-08 1.345075476446326514e-07 6.233198332811046410e-08 4.739438678060934121e-03 -1.824514975355635112e-06 1.019275505991875286e-04 0.000000000000000000e+00 0.000000000000000000e+00
0.000000000000000000e+00 0.000000000000000000e+00 0.000000000000000000e+00 0.000000000000000000e+00 0.000000000000000000e+00 0.000000000000000000e+00 3.313444220867647888e-08 1.311875035315129033e-07 9.766141053563188052e-08 2.485230198814715706e-08 5.169910717565893960e-08 2.488399450783056110e-08 9.725382977743722410e-10 -1.129236923405704351e-07 -9.025829353906863290e-08 -2.371869117874603654e-07 -1.924758203865850927e-06 1.057324931053606854e-04 0.000000000000000000e+00 0.000000000000000000e+00
0.000000000000000000e+00 0.000000000000000000e+00 0.000000000000000000e+00 0.000000000000000000e+00 0.000000000000000000e+00 0.000000000000000000e+00 1.104301403361558154e-03 5.766104820442960509e-04 1.848867889970876532e-04 4.151626827053815600e-05 3.148598153124971779e-05 4.906907991856101386e-05 2.573990953305713787e-05 2.002257356190309686e-05 2.862516265978694711e-05 6.276206103692778370e-05 3.884736805362990993e-04 2.133924735538620179e-03 0.000000000000000000e+00 0.000000000000000000e+00
0.000000000000000000e+00 0.000000000000000000e+00 0.000000000000000000e+00 0.000000000000000000e+00 0.000000000000000000e+00 0.000000000000000000e+00 1.696638582622812504e-04 1.030004185384655733e-04 4.587032255578312178e-05 3.779171203439723434e-05 7.287779676814459926e-05 9.068547547243790096e-05 4.684707415145925182e-05 4.251969395460081187e-05 1.495540790499921499e-04 2.447044020080386062e+01 4.663056669375857536e-04 2.238870806069330650e-03 0.000000000000000000e+00 0.000000000000000000e+00
0.000000000000000000e+00 0.000000000000000000e+00 0.000000000000000000e+00 0.000000000000000000e+00 0.000000000000000000e+00 0.000000000000000000e+00 3.629519894019016257e-03 1.847953294327063642e-03 5.817788188551199129e-04 1.859622495602770856e-04 1.184543586230340752e-04 1.133188792942320454e-04 7.085095170729055860e-05 7.022278452524979690e-05 2.292116902864629435e-04 8.620712128727412438e-01 4.267180486255464362e-04 2.255204446771602589e-03 0.000000000000000000e+00 0.000000000000000000e+00
0.000000000000000000e+00 0.000000000000000000e+00 0.000000000000000000e+00 0.000000000000000000e+00 0.000000000000000000e+00 0.000000000000000000e+00 1.493934435879207333e-04 9.115106486958909275e-05 3.550419199590726838e-05 1.786741174414824396e-05 2.901387661366052807e-05 6.575384950986342010e-05 3.498938921809160790e-05 2.077593261717685503e-05 2.929016207526541197e-05 8.927720087314436380e-05 4.870576300437357009e-03 -3.659234776841946768e+03 0.000000000000000000e+00 0.000000000000000000e+00
0.000000000000000000e+00 0.000000000000000000e+00 0.000000000000000000e+00 0.000000000000000000e+00 0.000000000000000000e+00 0.000000000000000000e+00 -1.495989598877462769e-05 -3.356422883429027969e-06 -4.219465825731514931e-07 -1.543776468736663836e-07 -2.495382749615895630e-08 2.244677918915793412e-07 1.558930049734438594e-08 -1.713572434430910925e-08 -2.092988626894348037e-09 -8.847892909054990481e-09 -3.493416014929084410e-10 -7.505628101904657885e-09 0.000000000000000000e+00 0.000000000000000000e+00
0.000000000000000000e+00 0.000000000000000000e+00 0.000000000000000000e+00 0.000000000000000000e+00 0.000000000000000000e+00 0.000000000000000000e+00 -2.814181522479359006e-06 -1.656650167932597805e-06 -3.603159317512261588e-07 1.990580152169363176e-07 6.480104407364697681e-09 2.581907716635545486e-07 3.281171935020051385e-08 -2.969674688106707478e-08 -2.161534240261061455e-09 1.665199899330524868e-06 -1.748486382161693875e-09 -7.466198959605615219e-09 0.000000000000000000e+00 0.000000000000000000e+00
0.000000000000000000e+00 0.000000000000000000e+00 0.000000000000000000e+00 0.000000000000000000e+00 0.000000000000000000e+00 0.000000000000000000e+00 -2.634543568963658631e-05 -5.028759287378276703e-06 -5.703588783310735076e-07 -5.380671517899722965e-07 -2.416573402751732515e-08 1.657760680511008328e-07 -5.093488239652696777e-08 -1.656941573221615981e-08 4.773801611075389114e-09 1.182295630529629025e-07 5.622315775622145055e-10 -7.444990049822175987e-09 0.000000000000000000e+00 0.000000000000000000e+00
0.000000000000000000e+00 0.000000000000000000e+00 0.000000000000000000e+00 0.000000000000000000e+00 0.000000000000000000e+00 0.000000000000000000e+00 -4.985609352761232115e-06 -1.621937910743165075e-06 -2.472826770847206567e-07 8.156488837455960395e-08 -4.742996876723411715e-08 2.621132788787028625e-07 4.010239750980753974e-08 -1.723435674698573837e-08 -2.437137674324173800e-09 -9.973581857443036060e-09 -2.167853594767023446e-08 -1.820292096670792797e-06 0.000000000000000000e+00 0.000000000000000000e+00
0.000000000000000000e+00 0.000000000000000000e+00 0.000000000000000000e+00 0.000000000000000000e+00 0.000000000000000000e+00 0.000000000000000000e+00 -6.095009124836165243e-06 -2.801965103461430772e-05 -1.771508487866236537e-06 -4.647910680616324246e-07 -1.745166724680779521e-07 7.370875512682068962e-07 -1.714514111005471136e-09 -4.131724020708077768e-08 4.738222033464332440e-09 5.392845343385421498e-09 6.179723308728156763e-09 4.682480574999536699e-09 0.000000000000000000e+00 0.000000000000000000e+00
0.000000000000000000e+00 0.000000000000000000e+00 0.000000000000000000e+00 0.000000000000000000e+00 0.000000000000000000e+00 0.000000000000000000e+00 9.629416363223898164e-07 -8.973144684517784885e-06 -3.710738135644278093e-06 7.712838685106844860e-07 -1.477590916318133954e-07 6.826387509050020776e-07 4.852649335909506738e-08 -1.130257722223373632e-07 4.692474526298788110e-08 1.471594389366635476e-05 -1.528820615868625970e-08 2.651272678789604841e-09 0.000000000000000000e+00 0.000000000000000000e+00
0.000000000000000000e+00 0.000000000000000000e+00 0.000000000000000000e+00 0.000000000000000000e+00 0.000000000000000000e+00 0.000000000000000000e+00 -1.280441247336220272e-05 -4.659103557865270333e-05 -3.551491619575998912e-07 -1.412220495196824541e-06 -5.908221736261546938e-07 8.149085179214053018e-07 4.476568889980758329e-09 -3.963798435429579190e-08 8.247712722190597152e-08 -2.677819587144437345e-06 -1.217523774883856598e-08 5.366497817131587274e-10 0.000000000000000000e+00 0.000000000000000000e+00
0.000000000000000000e+00 0.000000000000000000e+00 0.000000000000000000e+00 0.000000000000000000e+00 0.000000000000000000e+00 0.000000000000000000e+00 -7.840917569677346055e-07 -1.117560922613543506e-05 -2.012669246093930713e-06 -9.618773543787094810e-08 -1.372618577497103564e-07 7.645787870113002419e-07 3.993735232862643171e-08 -4.208500054063079850e-08 2.236927435886513758e-09 -1.653732719072248736e-08 -1.022830502216070722e-07 2.591759364238882651e-05 0.000000000000000000e+00 0.000000000000000000e+00
0.000000000000000000e+00 0.000000000000000000e+00 0.000000000000000000e+00 0.000000000000000000e+00 0.000000000000000000e+00 0.000000000000000000e+00 1.375855007057207844e-07 1.029162308968470016e-07 6.031531443243543471e-08 -4.171080721260109094e-08 -8.762599746658204633e-09 1.833971330104700589e-08 3.164440458548314760e-08 -3.994857292075486031e-09 -7.369959283021586958e-08 -6.721742216133707315e-08 -6.483419180265919807e-07 8.904670597227262599e-05 0.000000000000000000e+00 0.000000000000000000e+00
0.000000000000000000e+00 0.000000000000000000e+00 0.000000000000000000e+00 0.000000000000000000e+00 0.000000000000000000e+00 0.000000000000000000e+00 7.975203128112127485e-07 2.731229663906562133e-07 1.304184320302778038e-07 -1.022433972357229647e-07 -3.262048124636646521e-07 -4.316612427109606455e-07 -2.069177381624133824e-07 -1.192037881852835191e-07 -4.435954301635911995e-07 -6.075756908439191584e-01 -8.052198358419940445e-07 8.626547048034640156e-05 0.000000000000000000e+00 0.000000000000000000e+00
0.000000000000000000e+00 0.000000000000000000e+00 0.000000000000000000e+00 0.000000000000000000e+00 0.000000000000000000e+00 0.000000000000000000e+00 3.750137101408672229e-08 3.046808230101951733e-07 8.965001658157028434e-08 -3.005955514561613216e-07 -2.553965208767847146e-07 -3.612165601567293814e-07 2.951510192126377579e-07 -1.179373616789792201e-07 -7.625404427887954744e-07 5.136911584782514160e-03 -8.663222844485374212e-07 8.516788840716178061e-05 0.000000000000000000e+00 0.000000000000000000e+00
0.000000000000000000e+00 0.000000000000000000e+00 0.000000000000000000e+00 0.000000000000000000e+00 0.000000000000000000e+00 0.000000000000000000e+00 1.375855007057207844e-07 1.029162308968470016e-07 6.031531443243543471e-08 -4.171080721260109094e-08 -8.762599746658204633e-09 1.833971330104700589e-08 3.164440458548314760e-08 -3.994857292075486031e-09 -7.369959283021586958e-08 -6.721742216133707315e-08 -6.483419180265919807e-07 8.904670597227262599e-05 0.000000000000000000e+00 0.000000000000000000e+00
0.000000000000000000e+00 0.000000000000000000e+00 0.000000000000000000e+00 0.000000000000000000e+00 0.000000000000000000e+00 0.000000000000000000e+00 8.562578320836795150e-15 3.818302194720150943e-15 1.663980973837488515e-15 2.752426634717888602e-15 2.265586300923290767e-15 2.037127910101926758e-15 1.276180751296043666e-15 1.557617393938119395e-15 1.064792841514395778e-15 3.679803617653914748e-15 2.349474388159605546e-14 5.220437377852919647e-14 0.000000000000000000e+00 0.000000000000000000e+00
0.000000000000000000e+00 0.000000000000000000e+00 0.000000000000000000e+00 0.000000000000000000e+00 0.000000000000000000e+00 0.000000000000000000e+00 7.097289350587159939e-16 9.268875837178870515e-16 1.116528790135612331e-15 9.629334276956826906e-16 1.253578905190987711e-15 1.269689274975515593e-15 1.228275290103128548e-15 2.682648359223940943e-15 7.170569919442594922e-15 3.226607415382316313e-09 2.454732215760087469e-14 5.450650842758585071e-14 0.000000000000000000e+00 0.000000000000000000e+00
0.000000000000000000e+00 0.000000000000000000e+00 0.000000000000000000e+00 0.000000000000000000e+00 0.000000000000000000e+00 0.000000000000000000e+00 3.022339780568308334e-14 1.594723516441654511e-14 1.000685454964839805e-14 1.536097721725792372e-14 2.057894093357049066e-14 3.116996529295534391e-14 9.110506503720823824e-15 6.294347491495639918e-15 1.108633572773859471e-14 4.291919041240868181e-11 2.521938648864091928e-14 5.472168322898981706e-14 0.000000000000000000e+00 0.000000000000000000e+00
0.000000000000000000e+00 0.000000000000000000e+00 0.000000000000000000e+00 0.000000000000000000e+00 0.000000000000000000e+00 0.000000000000000000e+00 8.866835991239919406e-16 3.323077084598806135e-16 2.339176252632710330e-16 4.228053849853384817e-16 5.318798740542900778e-16 6.833431320135667754e-16 9.576188265722989666e-16 1.599681232067284715e-15 1.089597662050553226e-15 4.608578717581797254e-15 1.808905313684692156e-13 -1.028521370568778926e-08 0.000000000000000000e+00 0.000000000000000000e+00
0.000000000000000000e+00 0.000000000000000000e+00 0.000000000000000000e+00 0.000000000000000000e+00 0.000000000000000000e+00 0.000000000000000000e+00 -3.535652545846106610e-11 -6.658821695504773664e-12 6.739624749886465653e-13 8.566792791899725499e-13 -1.004111059510650659e-13 -9.769878717442637291e-14 -1.741843260223481766e-13 -1.028323295098873073e-13 -2.350602417610586243e-14 -1.672538730833010521e-14 -1.330748413855207962e-14 1.365822560063027884e-14 0.000000000000000000e+00 0.000000000000000000e+00
0.000000000000000000e+00 0.000000000000000000e+00 0.000000000000000000e+00 0.000000000000000000e+00 0.000000000000000000e+00 0.000000000000000000e+00 1.270094153641217215e-12 -5.396361899777450374e-13 -2.907465894531917296e-12 2.147905421810635176e-12 -4.070440739937162611e-14 -3.191581883897629439e-13 -9.950223285849222566e-14 -8.545015776685806770e-14 -1.220123985940444846e-13 -1.584108398624573051e-11 -1.522958449908725405e-14 1.193848566282395525e-14 0.000000000000000000e+00 0.000000000000000000e+00
0.000000000000000000e+00 0.000000000000000000e+00 0.000000000000000000e+00 0.000000000000000000e+00 0.000000000000000000e+00 0.000000000000000000e+00 -6.939591013172791004e-11 -1.246404205617711364e-11 4.191241565827747114e-12 -3.474503699207144761e-13 2.319526018322903523e-13 1.988587126675748436e-13 -4.714374999983064904e-13 -4.522414265035303655e-14 -1.922630310837133351e-13 2.561231515183723730e-12 -1.387529626763219095e-14 1.219269737987284507e-14 0.000000000000000000e+00 0.000000000000000000e+00
0.000000000000000000e+00 0.000000000000000000e+00 0.000000000000000000e+00 0.000000000000000000e+00 0.000000000000000000e+00 0.000000000000000000e+00 -7.832547512886825238e-12 -1.541060250792850034e-12 -1.231934669848305872e-12 1.270326782685083501e-12 -4.933585762539107443e-14 -1.457701088885592917e-13 -1.013306347512824700e-13 -1.025870174951521582e-13 -2.541845101873849635e-14 2.632600938180628450e-15 6.931108418413286180e-14 4.872491498649237919e-12 0.000000000000000000e+00 0.000000000000000000e+00
0.000000000000000000e+00 0.000000000000000000e+00 0.000000000000000000e+00 0.000000000000000000e+00 0.000000000000000000e+00 0.000000000000000000e+00 1.079461031650538378e-11 -3.436309586715025885e-11 -5.552503741828556331e-12 2.203208111377045672e-11 6.693095574954985800e-13 -1.155793947054842739e-12 -4.131384204710158474e-13 3.654157123996719085e-13 7.753830766375831830e-14 -2.789120943559132995e-13 7.619827956783831780e-14 -3.356056911234642369e-14 0.000000000000000000e+00 0.000000000000000000e+00
0.000000000000000000e+00 0.000000000000000000e+00 0.000000000000000000e+00 0.000000000000000000e+00 0.000000000000000000e+00 0.000000000000000000e+00 7.150322034334230086e-12 1.059169970276173435e-11 -1.742760371929312294e-11 1.088204788604511901e-11 2.281271294200807953e-12 4.164322797397960779e-13 -5.876850741255706101e-13 5.307352063386954083e-13 -4.425974902966708079e-13 -9.738244420800753444e-11 5.171408310012666090e-14 -7.129393109470966588e-14 0.000000000000000000e+00 0.000000000000000000e+00
0.000000000000000000e+00 0.000000000000000000e+00 0.000000000000000000e+00 0.000000000000000000e+00 0.000000000000000000e+00 0.000000000000000000e+00 1.413397761779795345e-11 -7.665461878628435559e-11 5.514919483631761556e-12 3.847889568181975749e-11 1.382837393898100976e-12 -6.559633881834563459e-12 2.910001123869372353e-14 1.373645117775618516e-12 -7.089798149013226524e-13 2.535946440514545235e-11 2.123414005707626764e-14 -5.611641570645186933e-14 0.000000000000000000e+00 0.000000000000000000e+00
0.000000000000000000e+00 0.000000000000000000e+00 0.000000000000000000e+00 0.000000000000000000e+00 0.000000000000000000e+00 0.000000000000000000e+00 6.494938056754215534e-12 -1.862054965658346593e-12 -1.076107210132640866e-11 1.178207422952091334e-11 1.340185933303429868e-12 6.817132642393979774e-14 -5.710678438199077441e-13 1.954186643426553052e-13 9.964915783255467741e-14 -3.463018198302770676e-13 7.221956921678823087e-13 2.207451269068637265e-10 0.000000000000000000e+00 0.000000000000000000e+00
0.000000000000000000e+00 0.000000000000000000e+00 0.000000000000000000e+00 0.000000000000000000e+00 0.000000000000000000e+00 0.000000000000000000e+00 1.126099670002450633e-12 1.633622107491226781e-12 1.129719022958817939e-12 4.612673466436389314e-13 1.357545675633921589e-13 3.995616652449680821e-13 -2.028110658440947307e-14 -8.925769461954326040e-14 1.548441188657361985e-13 2.042762633574653005e-13 -2.856016909831424484e-12 1.920293584450544336e-10 0.000000000000000000e+00 0.000000000000000000e+00
0.000000000000000000e+00 0.000000000000000000e+00 0.000000000000000000e+00 0.000000000000000000e+00 0.000000000000000000e+00 0.000000000000000000e+00 -9.792346986640382285e-13 -1.884920966762817843e-13 1.510184735730305686e-13 4.565035999315098913e-13 7.890886416247015349e-13 1.060739598252734591e-12 1.476842327326513252e-13 1.690964471460019433e-13 -7.179998957817713757e-14 6.020543781287378051e-07 -3.702430772654911510e-12 1.929122659661802412e-10 0.000000000000000000e+00 0.000000000000000000e+00
0.000000000000000000e+00 0.000000000000000000e+00 0.000000000000000000e+00 0.000000000000000000e+00 0.000000000000000000e+00 0.000000000000000000e+00 4.606709538769167289e-12 4.122731236027439635e-12 2.732157824999090726e-12 1.545581527131731514e-12 1.500102285959170069e-12 1.312676937563090763e-12 1.004508618393587002e-14 5.469181376669025619e-13 4.360908165151510787e-14 2.047019048488881328e-08 -3.837042446546665716e-12 1.942549067526914761e-10 0.000000000000000000e+00 0.000000000000000000e+00
0.000000000000000000e+00 0.000000000000000000e+00 0.000000000000000000e+00 0.000000000000000000e+00 0.000000000000000000e+00 0.000000000000000000e+00 1.126099670002450633e-12 1.633622107491226781e-12 1.129719022958817939e-12 4.612673466436389314e-13 1.357545675633921589e-13 3.995616652449680821e-13 -2.028110658440947307e-14 -8.925769461954326040e-14 1.548441188657361985e-13 2.042762633574653005e-13 -2.856016909831424484e-12 1.920293584450544336e-10 0.000000000000000000e+00 0.000000000000000000e+00
0.000000000000000000e+00 0.000000000000000000e+00 0.000000000000000000e+00 0.000000000000000000e+00 0.000000000000000000e+00 0.000000000000000000e+00 4.796633304088810871e-10 1.515471167830274938e-10 5.349145220910263705e-11 4.824743990115441475e-11 4.658842049552080426e-11 4.708381766036919271e-11 3.133487082914469814e-11 1.853029487475448183e-11 1.831239932816632199e-11 4.884891834072648026e-11 7.942314950062371459e-10 8.024105701857088499e-10 0.000000000000000000e+00 0.000000000000000000e+00
0.000000000000000000e+00 0.000000000000000000e+00 0.000000000000000000e+00 0.000000000000000000e+00 0.000000000000000000e+00 0.000000000000000000e+00 9.393523107990737339e-11 3.777169779930670010e-11 9.165254775821349028e-12 3.306123239877379587e-12 3.103439353758449059e-11 4.170294988654109498e-11 1.521036046807473455e-11 1.669928234784940033e-11 3.743505009758761596e-11 2.818753796059198409e-06 6.538203178855612295e-10 8.463717413479869066e-10 0.000000000000000000e+00 0.000000000000000000e+00
0.000000000000000000e+00 0.000000000000000000e+00 0.000000000000000000e+00 0.000000000000000000e+00 0.000000000000000000e+00 0.000000000000000000e+00 1.711542797541643134e-09 4.667397575920130778e-10 1.910129576889533190e-10 2.122558002570492749e-10 4.282447957322558677e-10 5.185159411642357148e-10 2.848902405872939641e-10 1.860203248288970388e-10 8.597034479758911115e-11 5.836242050799483971e-08 6.806713898944911238e-10 8.425657353344213070e-10 0.000000000000000000e+00 0.000000000000000000e+00
0.000000000000000000e+00 0.000000000000000000e+00 0.000000000000000000e+00 0.000000000000000000e+00 0.000000000000000000e+00 0.000000000000000000e+00 -5.435841665098609846e-13 1.311858556939568738e-11 4.688510549524293697e-12 6.340485496829190534e-12 1.257446659088645833e-11 2.040952929488159395e-11 1.257904094662711353e-11 1.467095689171243801e-11 1.638894427761970350e-11 3.635428626922800725e-11 3.748663150749045473e-09 -1.007359041244820785e-01 0.000000000000000000e+00 0.000000000000000000e+00
0.000000000000000000e+00 0.000000000000000000e+00 0.000000000000000000e+00 0.000000000000000000e+00 0.000000000000000000e+00 0.000000000000000000e+00 7.916893632730843513e-09 2.226887485761233860e-09 -1.137355838739325272e-10 -2.571485312381985970e-10 -6.122125238039072922e-12 -8.025951133011282673e-11 -3.490883140153372493e-11 -5.072997762785483105e-11 1.207628586699896716e-11 2.982807851350320753e-11 6.582792854355981910e-11 2.342804238517945119e-11 0.000000000000000000e+00 0.000000000000000000e+00
0.000000000000000000e+00 0.000000000000000000e+00 0.000000000000000000e+00 0.000000000000000000e+00 0.000000000000000000e+00 0.000000000000000000e+00 5.617890244808617372e-10 8.034110255940571130e-11 -5.238950555082962989e-10 -2.465830631142126082e-11 4.212648906393177301e-10 1.182671413053680112e-10 2.846201788794921231e-11 -1.069454382275869190e-11 6.847252343382910199e-12 1.816385974910141643e-09 5.802871110403483967e-11 2.392770699956562630e-11 0.000000000000000000e+00 0.000000000000000000e+00
0.000000000000000000e+00 0.000000000000000000e+00 0.000000000000000000e+00 0.000000000000000000e+00 0.000000000000000000e+00 0.000000000000000000e+00 1.475129638505717684e-08 4.253141088909473777e-09 3.293365097799627049e-10 -5.151513999628371079e-10 -5.326108839168024353e-10 -5.487437410607474893e-10 -1.341622251988331167e-10 -1.724537350908690220e-10 -4.919583326108960886e-11 2.766002428207316967e-11 6.135942422137572258e-11 2.379708775396137628e-11 0.000000000000000000e+00 0.000000000000000000e+00
0.000000000000000000e+00 0.000000000000000000e+00 0.000000000000000000e+00 0.000000000000000000e+00 0.000000000000000000e+00 0.000000000000000000e+00 2.095072779579458028e-10 6.580354944745514041e-11 -1.777597330337775160e-10 1.744860794964888559e-11 2.061980714483023727e-10 2.881988396327727275e-11 1.522610631115406842e-11 -2.452897115249681610e-11 8.629046422168594516e-12 7.996983587447019011e-12 5.471219939179573906e-11 -1.286238335030177847e-09 0.000000000000000000e+00 0.000000000000000000e+00
0.000000000000000000e+00 0.000000000000000000e+00 0.000000000000000000e+00 0.000000000000000000e+00 0.000000000000000000e+00 0.000000000000000000e+00 -1.325221941099371898e-08 5.521650406982135574e-09 3.681302611954390635e-10 -2.153305367429761792e-09 2.602540471825457553e-10 -2.791902328339792349e-10 -1.948861083452935064e-10 -1.660971255946310503e-10 6.429848860850293868e-11 7.941506933262294595e-11 2.081294581246256613e-10 9.672630743767850601e-12 0.000000000000000000e+00 0.000000000000000000e+00
0.000000000000000000e+00 0.000000000000000000e+00 0.000000000000000000e+00 0.000000000000000000e+00 0.000000000000000000e+00 0.000000000000000000e+00 -2.284252759250206825e-09 -5.444416325923032410e-09 -2.398002767602782945e-09 1.729661278219208733e-10 1.085270429696403797e-09 7.871997859550650148e-10 3.697085040670998811e-11 9.122602331660728552e-12 7.567877338703912690e-11 2.036579221990134197e-08 1.978007818298987375e-10 5.427992431170764506e-12 0.000000000000000000e+00 0.000000000000000000e+00
0.000000000000000000e+00 0.000000000000000000e+00 0.000000000000000000e+00 0.000000000000000000e+00 0.000000000000000000e+00 0.000000000000000000e+00 -2.353901311953890514e-08 1.593741708656877853e-08 2.934371900889471300e-09 -4.333435110925851898e-09 -5.247549285173017190e-10 -1.654565080173938100e-09 -6.887767360932872078e-10 -5.797337935460064998e-10 -3.352751380966542992e-11 5.844536734038090273e-10 2.004052490236637761e-10 5.986879320025067655e-12 0.000000000000000000e+00 0.000000000000000000e+00
0.000000000000000000e+00 0.000000000000000000e+00 0.000000000000000000e+00 0.000000000000000000e+00 0.000000000000000000e+00 0.000000000000000000e+00 -2.317522311940972512e-09 -4.402451131631005471e-09 -1.472008320030465609e-09 1.185430396259288765e-10 8.036390738427756081e-10 2.441444297705536766e-10 3.304673776007113855e-12 -5.312891211814815891e-11 4.644228912691536812e-11 3.826190907598920942e-12 -3.674568357703614781e-10 -4.385589542665348467e-07 0.000000000000000000e+00 0.000000000000000000e+00
0.000000000000000000e+00 0.000000000000000000e+00 0.000000000000000000e+00 0.000000000000000000e+00 0.000000000000000000e+00 0.000000000000000000e+00 -1.476214081140689448e-10 8.841148839429678220e-10 -2.735533357654234834e-10 2.577583076506734357e-10 2.143421203226956058e-10 2.892859351562165769e-11 2.039514624174286390e-10 1.803760372624789955e-10 1.206485885307504402e-11 -9.857764269943229232e-11 6.025026660835173904e-10 6.245962122347607315e-07 0.000000000000000000e+00 0.000000000000000000e+00
0.000000000000000000e+00 0.000000000000000000e+00 0.000000000000000000e+00 0.000000000000000000e+00 0.000000000000000000e+00 0.000000000000000000e+00 -3.534604680636121266e-09 -9.294425334572416413e-10 5.721126193590921114e-12 6.471716021615398242e-10 4.441244434550194141e-10 -1.938237577524377356e-10 2.790448643060191544e-10 2.549590606980802769e-10 8.966997511234143211e-11 1.458440284573796360e-04 6.744490453690859918e-10 6.243120793737855622e-07 0.000000000000000000e+00 0.000000000000000000e+00
0.000000000000000000e+00 0.000000000000000000e+00 0.000000000000000000e+00 0.000000000000000000e+00 0.000000000000000000e+00 0.000000000000000000e+00 1.356964220672242257e-09 3.060638884770930307e-09 9.422223818793857153e-10 -2.263586112126361213e-10 -6.756908971408581204e-10 7.148967114344887685e-10 1.241698669000347301e-09 5.002848748977722183e-10 5.035505392596418256e-10 3.546150229197679501e-06 1.351097982555595094e-09 6.227324346893504651e-07 0.000000000000000000e+00 0.000000000000000000e+00
0.000000000000000000e+00 0.000000000000000000e+00 0.000000000000000000e+00 0.000000000000000000e+00 0.000000000000000000e+00 0.000000000000000000e+00 -1.476214081140689448e-10 8.841148839429678220e-10 -2.735533357654234834e-10 2.577583076506734357e-10 2.143421203226956058e-10 2.892859351562165769e-11 2.039514624174286390e-10 1.803760372624789955e-10 1.206485885307504402e-11 -9.857764269943229232e-11 6.025026660835173904e-10 6.245962122347607315e-07 0.000000000000000000e+00 0.000000000000000000e+00
