0.000000000000000000e+00 0.000000000000000000e+00 0.000000000000000000e+00 0.000000000000000000e+00 0.000000000000000000e+00 0.000000000000000000e+00 2.135007474827168249e-11 1.921449374591414318e-11 3.080533355890430606e-11 3.641140377853723138e-11 2.857036857202449719e-11 2.705619648592275899e-11 2.094830989689934212e-11 1.204830192448761429e-11 3.670200874126795301e-12 2.946121474151615326e-13 7.638672343353259605e-12 3.327975313266120491e-09 1.173680731494508333e-09 0.000000000000000000e+00
0.000000000000000000e+00 0.000000000000000000e+00 0.000000000000000000e+00 0.000000000000000000e+00 0.000000000000000000e+00 0.000000000000000000e+00 -2.903503764534018192e-12 1.248756705721362865e-12 -1.691905186572832574e-12 1.306700035198740821e-12 2.301308382298538759e-12 1.897705321636590457e-12 1.859913767028040441e-12 7.920798413286001142e-13 1.454453576434252191e-13 6.975034179658703529e-14 7.004934274894114101e-11 3.231049063610497660e-09 1.166058610154926602e-09 0.000000000000000000e+00
0.000000000000000000e+00 0.000000000000000000e+00 0.000000000000000000e+00 0.000000000000000000e+00 0.000000000000000000e+00 0.000000000000000000e+00 6.885652329224922860e-11 9.611480440870683778e-11 1.178608755678627880e-10 1.495369044032074619e-10 1.604376279561018784e-10 1.796087283238618407e-10 1.194109410999754769e-10 7.305979762065036081e-11 2.740994763381900245e-11 6.327788163335457861e-12 1.294898516813284135e-08 3.373351514536141065e-09 1.165628084899057791e-09 0.000000000000000000e+00
0.000000000000000000e+00 0.000000000000000000e+00 0.000000000000000000e+00 0.000000000000000000e+00 0.000000000000000000e+00 0.000000000000000000e+00 -1.314134806517941817e-12 2.091966567040313659e-12 -3.121883146361118811e-13 2.398374089261811446e-13 5.085025867504737780e-13 3.944550739510076566e-13 5.686103727380541696e-13 1.277986567845551235e-13 6.413094946450838724e-14 2.767482946706028793e-14 6.257629941898822328e-14 1.534624895995518123e-08 5.591132754085259560e-02 0.000000000000000000e+00
0.000000000000000000e+00 0.000000000000000000e+00 0.000000000000000000e+00 0.000000000000000000e+00 0.000000000000000000e+00 0.000000000000000000e+00 -1.261756924330687682e-09 -8.292103226075547672e-11 -1.476246854087039822e-10 -2.905704895855827940e-10 -3.400918571243044546e-10 -1.239888781064448727e-10 -2.499218146935296305e-11 -1.755745346417573388e-11 -1.147223980672969537e-12 -3.341253613757640163e-13 1.390963380528944373e-12 2.077553237716421648e-11 -9.712089537805859124e-12 0.000000000000000000e+00
0.000000000000000000e+00 0.000000000000000000e+00 0.000000000000000000e+00 0.000000000000000000e+00 0.000000000000000000e+00 0.000000000000000000e+00 -2.127131305630264475e-10 4.672661742625491498e-10 -3.176596209278307397e-10 -3.018485874504017453e-10 6.914746922741169391e-11 -2.546618087677349153e-11 1.173361079572920650e-11 6.244420425489467978e-12 3.542514667393672482e-13 -1.504441409355353658e-13 -4.229882444354383617e-12 1.977252105513965730e-11 -9.688565350387647133e-12 0.000000000000000000e+00
0.000000000000000000e+00 0.000000000000000000e+00 0.000000000000000000e+00 0.000000000000000000e+00 0.000000000000000000e+00 0.000000000000000000e+00 -2.224375878688931938e-09 -5.847611213625254740e-10 -3.014623593489053382e-12 -2.910463174768101752e-10 -7.968775810629365134e-10 -2.624924300238628263e-10 -7.033891697960698768e-11 -4.700449684865260891e-11 -4.132094003445006012e-12 -3.112905191126546365e-12 -1.317635268864461605e-11 2.061515582585619009e-11 -9.649309961085176009e-12 0.000000000000000000e+00
0.000000000000000000e+00 0.000000000000000000e+00 0.000000000000000000e+00 0.000000000000000000e+00 0.000000000000000000e+00 0.000000000000000000e+00 -1.007976684350380670e-10 3.014379027671365402e-10 -1.904550064734325391e-10 -2.056102932962639219e-10 1.611484845344047566e-11 -1.657138046217402529e-11 8.553047338424218299e-12 8.858531879106176553e-13 4.013903543360530730e-13 1.403943226223087874e-14 -4.313668464700596543e-15 4.492133647104856801e-12 3.536894250573387089e-08 0.000000000000000000e+00
0.000000000000000000e+00 0.000000000000000000e+00 0.000000000000000000e+00 0.000000000000000000e+00 0.000000000000000000e+00 0.000000000000000000e+00 -8.239956468388802238e-09 1.974315962185923675e-09 -3.086490415333156242e-10 -4.902151474501048095e-10 -1.490280331636355539e-09 -2.593318679778497480e-10 -2.238560168813603389e-10 -1.181600497063172512e-10 -4.594230379548890955e-11 -7.380080302823389538e-12 4.351894922793949498e-11 4.646467784393704570e-10 -6.212260847591624017e-11 0.000000000000000000e+00
0.000000000000000000e+00 0.000000000000000000e+00 0.000000000000000000e+00 0.000000000000000000e+00 0.000000000000000000e+00 0.000000000000000000e+00 -2.079359055217557364e-09 7.717043456531437269e-10 -7.876378838241295370e-10 -7.794181776585510651e-10 -5.290475104620479894e-11 1.491337287119108872e-10 -1.229210593872775887e-11 2.785801297636585499e-11 4.249039253375315547e-12 -3.485761673111075758e-12 -4.152914866194041256e-11 4.333502533620158719e-10 -5.786397211961408393e-11 0.000000000000000000e+00
0.000000000000000000e+00 0.000000000000000000e+00 0.000000000000000000e+00 0.000000000000000000e+00 0.000000000000000000e+00 0.000000000000000000e+00 -1.392405581957969339e-08 3.070463887437626820e-09 1.109771274445612312e-10 -1.962279283079978027e-10 -3.188386019982355040e-09 -7.730640222569351445e-10 -4.559723215673087100e-10 -2.929371944121240713e-10 -1.224847000470915204e-10 -4.187879221843549303e-11 1.922746366225989039e-10 4.595846972271143746e-10 -5.785050446167691255e-11 0.000000000000000000e+00
0.000000000000000000e+00 0.000000000000000000e+00 0.000000000000000000e+00 0.000000000000000000e+00 0.000000000000000000e+00 0.000000000000000000e+00 -7.624022207799260984e-10 5.376106364657489528e-10 -6.689663193083363482e-10 -6.089662297161174815e-10 -7.905257333505302908e-11 9.108270691356980018e-11 -3.233702141926207780e-11 5.063641528986733572e-12 -3.019601227079800730e-12 -3.066799440488929798e-12 -2.427291290498716913e-12 1.588946216141697710e-10 2.982108678934413960e-07 0.000000000000000000e+00
0.000000000000000000e+00 0.000000000000000000e+00 0.000000000000000000e+00 0.000000000000000000e+00 0.000000000000000000e+00 0.000000000000000000e+00 1.206479265324754146e-10 -6.025789140441586314e-11 1.169386973735968503e-11 6.145789434599526449e-11 1.175034420655178238e-11 -2.609323635803679263e-11 1.373836760287184869e-11 -4.382498532124254496e-12 4.803324570373258534e-12 -5.511128859661043350e-12 -1.497705316490021408e-11 -4.799185578188586548e-09 -2.163462088052608662e-07 0.000000000000000000e+00
0.000000000000000000e+00 0.000000000000000000e+00 0.000000000000000000e+00 0.000000000000000000e+00 0.000000000000000000e+00 0.000000000000000000e+00 1.133383662866623428e-10 -3.872978514237817173e-10 2.844767489190224174e-10 -1.223430493223277892e-10 -5.163727380437000035e-11 3.695681909324106513e-11 -5.906072809860481714e-12 -2.811952279804577421e-11 1.675489765857707079e-12 -7.675259204090432056e-12 -1.105120296378487726e-06 -4.723662093404193782e-09 -2.166897032245216185e-07 0.000000000000000000e+00
0.000000000000000000e+00 0.000000000000000000e+00 0.000000000000000000e+00 0.000000000000000000e+00 0.000000000000000000e+00 0.000000000000000000e+00 8.799675584705853886e-11 5.873324446562938785e-11 7.249777752689756916e-11 1.178087147044898227e-10 1.501805987345817380e-10 -9.766802519314732022e-11 1.909002783100771055e-11 4.128888005722733398e-11 8.872537556162014397e-12 -2.470521865667680687e-11 4.514250221013191560e-06 -4.985536289455175368e-09 -2.165419705726036738e-07 0.000000000000000000e+00
0.000000000000000000e+00 0.000000000000000000e+00 0.000000000000000000e+00 0.000000000000000000e+00 0.000000000000000000e+00 0.000000000000000000e+00 1.206479265324754146e-10 -6.025789140441586314e-11 1.169386973735968503e-11 6.145789434599526449e-11 1.175034420655178238e-11 -2.609323635803679263e-11 1.373836760287184869e-11 -4.382498532124254496e-12 4.803324570373258534e-12 -5.511128859661043350e-12 -1.497705316490021408e-11 -4.799185578188586548e-09 -2.163462088052608662e-07 0.000000000000000000e+00
0.000000000000000000e+00 0.000000000000000000e+00 0.000000000000000000e+00 0.000000000000000000e+00 0.000000000000000000e+00 0.000000000000000000e+00 2.902298438584752574e-09 2.555626130113446498e-10 5.092698554939090427e-10 7.673998339150309755e-10 3.117444271026365225e-10 3.159978545448011682e-10 2.131046695802594384e-10 1.150550592645021538e-10 3.395584226222824384e-11 4.960525385254240009e-12 6.579763346656036002e-11 5.931055182472819408e-08 -1.428634577026407663e-07 0.000000000000000000e+00
0.000000000000000000e+00 0.000000000000000000e+00 0.000000000000000000e+00 0.000000000000000000e+00 0.000000000000000000e+00 0.000000000000000000e+00 4.707672964753970443e-10 4.673803487489418505e-10 8.896697197104213178e-10 5.800669572707721075e-10 5.089867393978719388e-11 4.519775441140354329e-11 4.100356857610405663e-11 7.760590401505108583e-11 7.255680439440498557e-12 3.574144916443968044e-12 -2.704849772545485669e-07 5.873715637622986862e-08 -1.437739780692217034e-07 0.000000000000000000e+00
0.000000000000000000e+00 0.000000000000000000e+00 0.000000000000000000e+00 0.000000000000000000e+00 0.000000000000000000e+00 0.000000000000000000e+00 6.685367990952201501e-09 1.580699741469727079e-09 1.391865553662811071e-09 3.020296918296612538e-09 2.155501613089835765e-09 2.359155858263225233e-09 1.190087131902441798e-09 5.825176109890498017e-10 2.410314256573410802e-10 5.133561188573510624e-11 -3.555535381473082943e-08 6.162040317625439882e-08 -1.436033537366776590e-07 0.000000000000000000e+00
0.000000000000000000e+00 0.000000000000000000e+00 0.000000000000000000e+00 0.000000000000000000e+00 0.000000000000000000e+00 0.000000000000000000e+00 -3.140731883664028441e-10 7.692032718763751358e-11 2.651522416821713579e-10 2.453172922279155038e-10 4.750692168970272851e-11 4.597366083486332736e-11 3.790818128201350858e-11 7.776814778730402192e-11 1.587785508266756154e-11 4.590984339195484756e-12 7.398277711285114572e-12 1.330564482631511479e-06 -2.904244748059888082e+00 0.000000000000000000e+00
0.000000000000000000e+00 0.000000000000000000e+00 0.000000000000000000e+00 0.000000000000000000e+00 0.000000000000000000e+00 0.000000000000000000e+00 -2.158817482557810929e-08 1.533722904943981643e-09 1.889632207781311697e-09 -4.380425608668016729e-09 -1.901258775952312908e-09 -1.502529146159432178e-09 -4.044586147717119547e-10 -1.986676432386810403e-10 -6.914239209469018647e-11 -9.319296396401283724e-12 3.867188490136380091e-11 3.629598710825568024e-10 -5.908343147008492072e-11 0.000000000000000000e+00
0.000000000000000000e+00 0.000000000000000000e+00 0.000000000000000000e+00 0.000000000000000000e+00 0.000000000000000000e+00 0.000000000000000000e+00 -5.965050283349755364e-09 1.067290680765178372e-08 3.645625899758520636e-09 2.342557344473056467e-09 4.715146825559592667e-10 -5.501113174021569433e-10 1.518519942283011497e-10 1.037668640087992564e-10 6.011255958620352146e-12 -9.303645817109855188e-12 9.094277388337873624e-11 3.255093296248373093e-10 -5.896001077172081670e-11 0.000000000000000000e+00
0.000000000000000000e+00 0.000000000000000000e+00 0.000000000000000000e+00 0.000000000000000000e+00 0.000000000000000000e+00 0.000000000000000000e+00 -3.571864587103844307e-08 -6.771215877093859283e-09 4.380852423989604953e-10 -1.113763283091183937e-08 -4.693708207295844840e-09 -2.731557965846149061e-09 -1.105629960897749525e-09 -5.616230806705107846e-10 -1.805882622611441361e-10 -5.509362747233437325e-11 7.522709984681093392e-11 3.470723834039826640e-10 -5.859866000243467551e-11 0.000000000000000000e+00
0.000000000000000000e+00 0.000000000000000000e+00 0.000000000000000000e+00 0.000000000000000000e+00 0.000000000000000000e+00 0.000000000000000000e+00 -2.824157880781339878e-09 6.873664486727115942e-09 2.716194491279163524e-09 8.595228214376471371e-10 3.829603539725352505e-10 -5.405917142003183661e-10 6.345174871059030551e-11 7.750215527447052193e-11 -1.082955675450497980e-11 -6.245404335783048208e-12 3.035043672381865583e-12 -6.301266513517245232e-10 1.871837911265488664e-07 0.000000000000000000e+00
0.000000000000000000e+00 0.000000000000000000e+00 0.000000000000000000e+00 0.000000000000000000e+00 0.000000000000000000e+00 0.000000000000000000e+00 -1.330625421321140694e-07 -2.102040031346768573e-09 3.157041140472373689e-09 -1.834603329292570324e-08 -8.278956317783092952e-09 -4.461969061019045568e-09 -1.207339563074503772e-09 -8.627518807563978816e-10 -3.445396057306178531e-10 -8.566609970448463128e-11 2.603474131488876091e-10 3.830529088421489878e-09 -3.412997388727133912e-09 0.000000000000000000e+00
0.000000000000000000e+00 0.000000000000000000e+00 0.000000000000000000e+00 0.000000000000000000e+00 0.000000000000000000e+00 0.000000000000000000e+00 -3.680849613801696496e-08 3.573937438450615953e-08 9.657825597315268046e-09 -1.051933876577756753e-09 7.446378188251807632e-09 6.953940096555499376e-11 1.459052829886963944e-09 2.132099885806514502e-10 4.232478061005073160e-11 -6.037056339780522118e-11 1.517464787361142975e-09 3.537440812220732439e-09 -3.425169838370659936e-09 0.000000000000000000e+00
0.000000000000000000e+00 0.000000000000000000e+00 0.000000000000000000e+00 0.000000000000000000e+00 0.000000000000000000e+00 0.000000000000000000e+00 -2.202360359929802268e-07 -3.607761090636012943e-08 -2.543051018950247642e-09 -3.572615712912105944e-08 -2.513424886433532392e-08 -9.322909813300675015e-09 -4.283347518950813019e-09 -2.008520976193467260e-09 -9.419500766457553024e-10 -3.643393966805467117e-10 -4.759832342243085699e-10 3.713907122194157002e-09 -3.430669479123980848e-09 0.000000000000000000e+00
0.000000000000000000e+00 0.000000000000000000e+00 0.000000000000000000e+00 0.000000000000000000e+00 0.000000000000000000e+00 0.000000000000000000e+00 -2.233829857753934361e-08 2.761335766416058715e-08 7.322947736939102197e-09 -1.414196581913013367e-09 4.091195800746916384e-09 -8.036547637213362889e-10 1.006595764230993421e-09 1.457695939200544569e-10 -1.591765100096082794e-11 -5.055878204982613450e-11 -2.959783046098355577e-11 -5.554392185834759242e-09 6.394531486209067647e-06 0.000000000000000000e+00
0.000000000000000000e+00 0.000000000000000000e+00 0.000000000000000000e+00 0.000000000000000000e+00 0.000000000000000000e+00 0.000000000000000000e+00 8.158134483674209861e-10 3.758392532972331551e-10 1.853062799280754331e-09 7.717016382737571915e-10 1.697372527332930962e-10 7.419827469736765495e-11 -1.938927960886693936e-10 -1.398822098967810770e-10 -1.488082032201920452e-10 -2.082109575578309409e-11 -2.401130944076833588e-10 -6.500481246241828653e-08 -1.441856962406188363e-06 0.000000000000000000e+00
0.000000000000000000e+00 0.000000000000000000e+00 0.000000000000000000e+00 0.000000000000000000e+00 0.000000000000000000e+00 0.000000000000000000e+00 -1.273496656048975989e-08 1.050948406014927413e-08 6.653925797943460151e-09 2.849540031169592280e-11 8.749179122842891534e-10 -1.530816356696940026e-09 2.269447925145137799e-10 -1.233870795990527044e-10 -1.849104065255810741e-10 1.183358126010737207e-11 -2.860862105561946296e-05 -6.690694700159142716e-08 -1.447484168857999979e-06 0.000000000000000000e+00
0.000000000000000000e+00 0.000000000000000000e+00 0.000000000000000000e+00 0.000000000000000000e+00 0.000000000000000000e+00 0.000000000000000000e+00 7.949132406775576781e-09 9.653378139167277691e-10 5.197031421428970959e-10 -3.528740703553319109e-09 -7.321426409877393842e-11 1.616864740305092085e-09 -6.938278324385662095e-10 -1.668079907292477336e-10 1.186225067620570308e-10 1.435975262454151533e-11 8.482767541271428880e-05 -7.050719454775804834e-08 -1.444242255244418710e-06 0.000000000000000000e+00
0.000000000000000000e+00 0.000000000000000000e+00 0.000000000000000000e+00 0.000000000000000000e+00 0.000000000000000000e+00 0.000000000000000000e+00 8.158134483674209861e-10 3.758392532972331551e-10 1.853062799280754331e-09 7.717016382737571915e-10 1.697372527332930962e-10 7.419827469736765495e-11 -1.938927960886693936e-10 -1.398822098967810770e-10 -1.488082032201920452e-10 -2.082109575578309409e-11 -2.401130944076833588e-10 -6.500481246241828653e-08 -1.441856962406188363e-06 0.000000000000000000e+00
0.000000000000000000e+00 0.000000000000000000e+00 0.000000000000000000e+00 0.000000000000000000e+00 0.000000000000000000e+00 0.000000000000000000e+00 1.522315235556742538e-09 1.303955076431551436e-09 4.438997368440170365e-10 4.591880737748531270e-10 6.042419785532046581e-10 6.419945967508852095e-10 5.202722400185360360e-10 3.557770595293257729e-10 1.747147948667383007e-10 3.686722586482868331e-11 3.408147605583423043e-10 4.308528196727343508e-08 2.095059296432182688e-08 0.000000000000000000e+00
0.000000000000000000e+00 0.000000000000000000e+00 0.000000000000000000e+00 0.000000000000000000e+00 0.000000000000000000e+00 0.000000000000000000e+00 -4.732197398283617035e-11 7.914401923518468735e-11 9.782341608194840738e-11 1.898631206917631803e-10 1.245753882631203864e-10 1.359316545124859275e-10 1.021985500349956818e-10 6.392655890945901060e-11 5.044725922493727767e-11 7.075423048605122486e-11 5.055502203210215972e-07 4.185759719741895890e-08 2.110087584969167251e-08 0.000000000000000000e+00
0.000000000000000000e+00 0.000000000000000000e+00 0.000000000000000000e+00 0.000000000000000000e+00 0.000000000000000000e+00 0.000000000000000000e+00 5.532106572207080890e-09 4.381157595714310509e-09 1.813475961289319412e-09 1.922003389351539396e-09 3.234197408684450816e-09 3.916657043848456605e-09 2.465210328161567547e-09 1.751090210352344927e-09 8.435021628775472548e-10 3.371069439279055548e-10 2.989632792087035263e-07 4.304143821385552553e-08 2.111568531842470953e-08 0.000000000000000000e+00
0.000000000000000000e+00 0.000000000000000000e+00 0.000000000000000000e+00 0.000000000000000000e+00 0.000000000000000000e+00 0.000000000000000000e+00 7.322778663224948177e-11 1.218361910708843066e-10 5.490597237157523953e-11 9.697302511796997579e-11 8.615272541576139419e-11 9.805320260154351312e-11 1.149272839196733374e-10 8.940201342012497007e-11 6.565262647521250051e-11 2.595540123088368132e-11 1.029516953754954531e-10 1.295365899896231570e-07 -9.262252632066281244e-01 0.000000000000000000e+00
0.000000000000000000e+00 0.000000000000000000e+00 0.000000000000000000e+00 0.000000000000000000e+00 0.000000000000000000e+00 0.000000000000000000e+00 -1.516013503418760776e-08 -9.313274919949470880e-09 -1.771119921775900978e-09 -3.626671524901503385e-09 -1.060054147630525578e-09 -1.048946391652638858e-09 -6.767929621415410851e-10 -3.284986804805092343e-10 -1.535876073885130380e-10 -2.384479469869248646e-11 8.045279157310355015e-11 5.330181956220350740e-10 5.774169706596146586e-11 0.000000000000000000e+00
0.000000000000000000e+00 0.000000000000000000e+00 0.000000000000000000e+00 0.000000000000000000e+00 0.000000000000000000e+00 0.000000000000000000e+00 1.277383710755500006e-09 -1.643701878179595833e-09 -1.108874707924353993e-10 2.218014630089294894e-10 -3.812314014964173090e-10 1.354798277160338955e-10 1.211230475896821683e-10 1.543907630332287213e-11 -3.343029735110122289e-11 -3.689855029802284113e-11 2.545442966911108290e-10 5.034358485174975322e-10 5.733474456414757164e-11 0.000000000000000000e+00
0.000000000000000000e+00 0.000000000000000000e+00 0.000000000000000000e+00 0.000000000000000000e+00 0.000000000000000000e+00 0.000000000000000000e+00 -3.006138162350518036e-08 -1.628203927251028761e-08 -3.382915844095808187e-09 -7.605148661230468563e-09 -1.917194625725938565e-09 -2.667239662907827008e-09 -1.603929387270788328e-09 -7.627450085349431725e-10 -3.647008290600723103e-10 -1.357051061849752866e-10 2.953607921627052697e-11 5.299604158421433648e-10 5.739370030476032937e-11 0.000000000000000000e+00
0.000000000000000000e+00 0.000000000000000000e+00 0.000000000000000000e+00 0.000000000000000000e+00 0.000000000000000000e+00 0.000000000000000000e+00 -1.440215786453934904e-09 -2.225230627369847608e-09 -4.820976278742319655e-10 -4.670314876315381037e-10 -2.959904202284387350e-10 -2.167490312854807000e-10 -9.431345110746244907e-11 -7.364432342398784852e-11 -5.146044348280916091e-11 -1.520702805755894786e-11 2.494572032664980430e-11 -3.800448355288171921e-11 -4.875612353679270376e-08 0.000000000000000000e+00
0.000000000000000000e+00 0.000000000000000000e+00 0.000000000000000000e+00 0.000000000000000000e+00 0.000000000000000000e+00 0.000000000000000000e+00 -5.614803748726799428e-08 -3.505375494950201533e-08 -7.121902825455717845e-09 -1.321263887724698572e-08 -7.976522766746779518e-09 -4.717762353358406202e-09 -1.294523252078055330e-09 -2.051165780137684605e-10 -1.786410329954753268e-11 -3.816290853993229527e-11 -5.567515572744248621e-11 9.164303536790987126e-11 8.184783796390552637e-10 0.000000000000000000e+00
0.000000000000000000e+00 0.000000000000000000e+00 0.000000000000000000e+00 0.000000000000000000e+00 0.000000000000000000e+00 0.000000000000000000e+00 1.877593660611251581e-08 -6.060085363929801829e-09 -5.152410290367911991e-10 1.207445192466171250e-09 -1.289169764066992684e-09 -1.228613111323176011e-11 2.310686356250472461e-10 -5.320606912851630721e-11 -2.130617216994336406e-11 -5.965584154911473829e-11 9.901321918059627595e-10 8.519815766732349009e-11 8.085599158774751391e-10 0.000000000000000000e+00
0.000000000000000000e+00 0.000000000000000000e+00 0.000000000000000000e+00 0.000000000000000000e+00 0.000000000000000000e+00 0.000000000000000000e+00 -1.238986156150917910e-07 -6.154179233602412041e-08 -1.356098320876826114e-08 -2.826593207972999499e-08 -1.642106605717365502e-08 -1.085845498866929632e-08 -2.992049286887203305e-09 -3.631639581505227151e-10 1.346539657200599958e-11 -8.063380061317825412e-11 -8.357028887684091781e-11 1.280667668547944194e-10 8.052982018006706008e-10 0.000000000000000000e+00
0.000000000000000000e+00 0.000000000000000000e+00 0.000000000000000000e+00 0.000000000000000000e+00 0.000000000000000000e+00 0.000000000000000000e+00 4.243483288558504489e-09 -9.484628829191163474e-09 -1.425548730928266046e-09 -1.670231620592171477e-09 -1.922516648237007071e-09 -1.092254987920227153e-09 -1.726820415770786258e-10 -5.093594531237134816e-11 -1.329917494186074371e-11 -4.237377696912152938e-11 -8.759848096426264909e-12 -2.048444685124552405e-09 -2.298092518971156237e-08 0.000000000000000000e+00
0.000000000000000000e+00 0.000000000000000000e+00 0.000000000000000000e+00 0.000000000000000000e+00 0.000000000000000000e+00 0.000000000000000000e+00 2.296241232614905968e-10 8.174338926370788812e-10 2.451345731279251177e-10 3.527651816479827287e-10 -2.658841755858332496e-10 -3.439545009946867143e-11 -1.968084089801510993e-10 -1.970941308508593886e-10 -6.474178920360800641e-11 -5.891705149779368567e-11 -2.720926640480149142e-10 -3.941001499588298478e-08 -1.346038317740701392e-06 0.000000000000000000e+00
0.000000000000000000e+00 0.000000000000000000e+00 0.000000000000000000e+00 0.000000000000000000e+00 0.000000000000000000e+00 0.000000000000000000e+00 3.376702133208465274e-10 -1.507496580808337522e-09 -3.991312327968039162e-12 6.759937333110240072e-10 -2.874373355463870816e-10 -3.488347853788143297e-10 -2.090593579139139735e-10 -4.447752096744261589e-10 -1.408851205586432685e-10 8.917478910888430693e-12 -1.371456739088062334e-05 -3.681394131165959789e-08 -1.338745644143807952e-06 0.000000000000000000e+00
0.000000000000000000e+00 0.000000000000000000e+00 0.000000000000000000e+00 0.000000000000000000e+00 0.000000000000000000e+00 0.000000000000000000e+00 9.020783672373027072e-10 -6.601231885408609835e-10 -1.100202712207352337e-10 1.585736165418848201e-09 -8.799037205518592927e-10 -8.654612083471588647e-10 -2.216701887667719233e-10 -3.900486744962671217e-10 -2.629827398294213452e-11 2.568406158492699940e-11 -9.081106539414589035e-06 -3.707940699832458676e-08 -1.339843623432532318e-06 0.000000000000000000e+00
0.000000000000000000e+00 0.000000000000000000e+00 0.000000000000000000e+00 0.000000000000000000e+00 0.000000000000000000e+00 0.000000000000000000e+00 2.296241232614905968e-10 8.174338926370788812e-10 2.451345731279251177e-10 3.527651816479827287e-10 -2.658841755858332496e-10 -3.439545009946867143e-11 -1.968084089801510993e-10 -1.970941308508593886e-10 -6.474178920360800641e-11 -5.891705149779368567e-11 -2.720926640480149142e-10 -3.941001499588298478e-08 -1.346038317740701392e-06 0.000000000000000000e+00
0.000000000000000000e+00 0.000000000000000000e+00 0.000000000000000000e+00 0.000000000000000000e+00 0.000000000000000000e+00 0.000000000000000000e+00 7.320897859496661580e-11 2.723837920671316121e-11 2.535120962603359889e-11 2.193006084706895340e-11 9.429345793674059124e-12 5.433363286810172630e-12 2.956557012322320522e-12 2.265401381011735037e-12 5.829285937922245987e-13 2.568363060198899378e-13 1.249596787548552443e-12 6.575220271513415159e-10 4.063663605518678886e-09 0.000000000000000000e+00
0.000000000000000000e+00 0.000000000000000000e+00 0.000000000000000000e+00 0.000000000000000000e+00 0.000000000000000000e+00 0.000000000000000000e+00 -1.026843425024859012e-11 -1.477346328143582162e-11 9.604451976461498758e-12 -1.005234799056744797e-11 -3.327460050528641586e-12 1.183648391867007136e-13 5.920381562999530611e-13 1.367404110406864253e-12 3.549640531565222772e-13 2.613442359914590420e-13 5.769885280994954225e-09 6.246682377837317713e-10 4.051601725442132670e-09 0.000000000000000000e+00
0.000000000000000000e+00 0.000000000000000000e+00 0.000000000000000000e+00 0.000000000000000000e+00 0.000000000000000000e+00 0.000000000000000000e+00 2.194396610661292628e-10 9.042956472335576987e-11 8.430468061294004166e-11 8.901400090657075189e-11 4.195207841075563461e-11 2.485172946662729810e-11 1.480071823543547812e-11 8.584441010174682511e-12 2.626696429770827253e-12 1.035989041600750877e-12 -6.839159192577784816e-09 6.166060562481211500e-10 4.049746366602706938e-09 0.000000000000000000e+00
0.000000000000000000e+00 0.000000000000000000e+00 0.000000000000000000e+00 0.000000000000000000e+00 0.000000000000000000e+00 0.000000000000000000e+00 1.864731219665896509e-12 -1.720570280482114029e-12 5.711410060631843112e-12 -2.894598662761602978e-12 -1.485207250972693635e-12 9.540967312965629126e-14 6.262007661131014224e-13 1.397360633454897760e-12 3.183746021050088748e-13 2.509090610096451555e-13 5.654431416373290765e-13 2.194032843916934662e-08 -1.902560770698702441e-02 0.000000000000000000e+00
0.000000000000000000e+00 0.000000000000000000e+00 0.000000000000000000e+00 0.000000000000000000e+00 0.000000000000000000e+00 0.000000000000000000e+00 -3.855422017347577343e-09 -5.653688727597564002e-10 -2.182579758554283701e-10 -8.308736781451269897e-10 -2.440593444156824184e-10 -1.762959704247976355e-10 -9.309011730828669379e-11 -2.997630055122694283e-11 -7.921653823818168187e-12 -3.312637205344526128e-12 6.135734017155576094e-12 4.613509161549344061e-11 8.377632060875173825e-12 0.000000000000000000e+00
0.000000000000000000e+00 0.000000000000000000e+00 0.000000000000000000e+00 0.000000000000000000e+00 0.000000000000000000e+00 0.000000000000000000e+00 -1.401328105976624950e-09 5.486848434138684423e-10 -1.204894960192949527e-10 1.384412623249534386e-10 -9.443904253960783320e-12 -1.032047386133152345e-10 -1.254777192248796099e-11 3.748625005756947139e-12 1.257646809041585299e-12 -3.549106998829743295e-12 -1.300798625698817979e-11 4.334316591540400076e-11 8.712903967644808579e-12 0.000000000000000000e+00
0.000000000000000000e+00 0.000000000000000000e+00 0.000000000000000000e+00 0.000000000000000000e+00 0.000000000000000000e+00 0.000000000000000000e+00 -6.094889649748887533e-09 -1.576596991983072819e-09 -3.265984110554292522e-10 -1.797319618558481359e-09 -5.948034118061730055e-10 -3.080375480487634441e-10 -1.866032901974566264e-10 -7.385123570999293129e-11 -2.489941549795011191e-11 -1.019960041338888727e-11 1.315572512702159038e-11 4.500861524907189871e-11 8.684085957181150001e-12 0.000000000000000000e+00
0.000000000000000000e+00 0.000000000000000000e+00 0.000000000000000000e+00 0.000000000000000000e+00 0.000000000000000000e+00 0.000000000000000000e+00 -7.288146133698542513e-10 1.998125376423640524e-10 -4.024722642058564798e-11 -5.225215550329274833e-11 1.842955770556654542e-11 -1.088206081929800551e-10 -3.478856512053445403e-11 -4.049706301079608027e-12 2.360295578126252102e-13 -2.586905563255500034e-12 1.825764358862310265e-12 -2.589974090754674494e-11 7.191269160692131905e-09 0.000000000000000000e+00
0.000000000000000000e+00 0.000000000000000000e+00 0.000000000000000000e+00 0.000000000000000000e+00 0.000000000000000000e+00 0.000000000000000000e+00 -2.181529472651268722e-08 -4.440598078740654200e-09 -2.109546433530115314e-10 -2.343687260904116676e-09 -1.000188280754298170e-09 -4.241021525116392452e-10 -9.546522452864103863e-11 -1.071513446933475716e-10 -1.785341712540417712e-11 -9.612523873948763438e-12 2.304780131206260478e-12 1.811648659592552307e-10 1.480251923518588851e-11 0.000000000000000000e+00
0.000000000000000000e+00 0.000000000000000000e+00 0.000000000000000000e+00 0.000000000000000000e+00 0.000000000000000000e+00 0.000000000000000000e+00 -9.252018477284922243e-09 1.441333832670501039e-09 4.842224482218782493e-10 -1.133913270488539440e-09 2.439922480439080985e-10 -6.327992594898381547e-10 1.575769833022055418e-11 2.905831810376688623e-11 7.679416778657941064e-12 -9.625989564506608912e-12 -1.452137330777032384e-10 1.772502346000614520e-10 9.836166484308416577e-12 0.000000000000000000e+00
0.000000000000000000e+00 0.000000000000000000e+00 0.000000000000000000e+00 0.000000000000000000e+00 0.000000000000000000e+00 0.000000000000000000e+00 -3.329510277634480603e-08 -9.833845697500904755e-09 -8.677547502334968445e-10 -3.593127086075906089e-09 -2.706112628889785692e-09 -5.247514240965623427e-10 -2.592423942610294054e-10 -2.641444729985359119e-10 -5.090882351809346232e-11 -1.458576644652824091e-11 -6.659973532462416560e-11 1.760771984885179279e-10 8.420433293371848386e-12 0.000000000000000000e+00
0.000000000000000000e+00 0.000000000000000000e+00 0.000000000000000000e+00 0.000000000000000000e+00 0.000000000000000000e+00 0.000000000000000000e+00 -6.030816541525460799e-09 9.715459451126792152e-10 -6.266572967300484643e-11 -1.258184897850041992e-09 2.985646517149197221e-11 -5.336185006671092747e-10 -8.821755593169310976e-12 -2.826147193272931886e-12 1.527632373972243621e-11 -9.237402193065138935e-12 -2.920288663357360290e-13 -6.002044036571933370e-11 6.021291553875225608e-07 0.000000000000000000e+00
0.000000000000000000e+00 0.000000000000000000e+00 0.000000000000000000e+00 0.000000000000000000e+00 0.000000000000000000e+00 0.000000000000000000e+00 -5.844349078170702300e-10 -1.131744422677673216e-10 -1.897269131210738789e-10 -1.307673572479168578e-10 -1.639789624930250104e-11 7.343441906723044548e-11 -3.678086539548601394e-11 -1.440888984380524835e-11 -1.330129481801628587e-11 1.551480478352163004e-12 -3.267152363671501508e-11 -3.876211982058128584e-10 -5.199468108273779342e-07 0.000000000000000000e+00
0.000000000000000000e+00 0.000000000000000000e+00 0.000000000000000000e+00 0.000000000000000000e+00 0.000000000000000000e+00 0.000000000000000000e+00 -1.343929029824695356e-09 2.826693349841173071e-10 -4.472260104278794122e-10 9.425794856031964625e-11 -1.144547854712437666e-10 1.278554555570842272e-10 -6.498669742051158459e-11 -7.402567704897406258e-11 -3.236138899910816917e-11 1.532897632721283080e-11 -2.887241121400061254e-05 -1.061795696834851566e-09 -5.182345652927473897e-07 0.000000000000000000e+00
0.000000000000000000e+00 0.000000000000000000e+00 0.000000000000000000e+00 0.000000000000000000e+00 0.000000000000000000e+00 0.000000000000000000e+00 2.728224479764182818e-10 -2.607281782743044220e-10 -2.099151580822107867e-10 3.719163169814304869e-11 -1.819601506462292252e-11 1.823505707685448051e-10 -5.699136600183630405e-11 6.876069253369162144e-11 1.387211598709926509e-11 1.815188602323377455e-11 -5.004540637848512746e-06 -1.427757656379809058e-09 -5.185468089506359387e-07 0.000000000000000000e+00
0.000000000000000000e+00 0.000000000000000000e+00 0.000000000000000000e+00 0.000000000000000000e+00 0.000000000000000000e+00 0.000000000000000000e+00 -5.844349078170702300e-10 -1.131744422677673216e-10 -1.897269131210738789e-10 -1.307673572479168578e-10 -1.639789624930250104e-11 7.343441906723044548e-11 -3.678086539548601394e-11 -1.440888984380524835e-11 -1.330129481801628587e-11 1.551480478352163004e-12 -3.267152363671501508e-11 -3.876211982058128584e-10 -5.199468108273779342e-07 0.000000000000000000e+00
0.000000000000000000e+00 0.000000000000000000e+00 0.000000000000000000e+00 0.000000000000000000e+00 0.000000000000000000e+00 0.000000000000000000e+00 1.660896131279813043e-07 4.083962537299297333e-08 5.381352484846122526e-08 3.313037349683666065e-08 2.970128241963747264e-08 1.970174356457772502e-08 1.151228069670465564e-08 4.529361158262562088e-09 1.746341261634240075e-09 1.292074894545284605e-09 4.318693243026356554e-09 1.252464827004728211e-06 5.337629322381382303e-06 0.000000000000000000e+00
0.000000000000000000e+00 0.000000000000000000e+00 0.000000000000000000e+00 0.000000000000000000e+00 0.000000000000000000e+00 0.000000000000000000e+00 2.129480148523083279e-07 6.176326966125182619e-08 5.076016115426031781e-08 3.359758958128404837e-08 3.099352947742655876e-08 1.839748435205490253e-08 9.001753910159469779e-09 3.895976817897033419e-09 1.564722959366462062e-09 2.532425889454432411e-09 7.902483955138684692e-05 1.283744920796972439e-06 5.454811732243664753e-06 0.000000000000000000e+00
0.000000000000000000e+00 0.000000000000000000e+00 0.000000000000000000e+00 0.000000000000000000e+00 0.000000000000000000e+00 0.000000000000000000e+00 4.455542329095682930e-07 7.564624708576315515e-08 1.037092388203517756e-07 7.169622435732541567e-08 7.175001422491764978e-08 6.521818691910750530e-08 2.934807489414707004e-08 1.058591093058540286e-08 3.306288574915525137e-09 3.419269216727311772e-09 3.295610198169327335e-05 1.195619792683964965e-06 5.451607006488181334e-06 0.000000000000000000e+00
0.000000000000000000e+00 0.000000000000000000e+00 0.000000000000000000e+00 0.000000000000000000e+00 0.000000000000000000e+00 0.000000000000000000e+00 1.021417326758119566e-07 3.434605768711975446e-08 2.336523260139680942e-08 1.586035628071727891e-08 1.525334085838584253e-08 1.033780044452327827e-08 7.174779458164271552e-09 3.525783712819001317e-09 1.500194562197563715e-09 1.290670584996127420e-09 3.939870017180370885e-09 5.396723066699369821e-05 -3.467500869154096677e+01 0.000000000000000000e+00
0.000000000000000000e+00 0.000000000000000000e+00 0.000000000000000000e+00 0.000000000000000000e+00 0.000000000000000000e+00 0.000000000000000000e+00 -2.375074269608655005e-08 2.949283898584844825e-08 1.661366840526216497e-08 3.805165619322432716e-09 -7.202306986987627154e-10 -2.246200210676117025e-09 8.527430029732673340e-10 -7.395664704320660860e-11 5.207499202575063853e-12 -1.753794148801116323e-12 1.313532683752495287e-11 -1.274643428937667560e-11 1.694804361065003945e-11 0.000000000000000000e+00
0.000000000000000000e+00 0.000000000000000000e+00 0.000000000000000000e+00 0.000000000000000000e+00 0.000000000000000000e+00 0.000000000000000000e+00 -6.980870996187398179e-08 2.908295597977103570e-08 1.303907999125622366e-08 1.519204847064744821e-08 5.305666121035846021e-11 -2.298211523656299004e-09 7.681654762449104930e-10 -1.010464177117164053e-10 -7.085960487266706500e-12 6.740419841049525487e-13 -1.905474892889210466e-09 -7.215948891199063577e-12 2.228404293476447586e-11 0.000000000000000000e+00
0.000000000000000000e+00 0.000000000000000000e+00 0.000000000000000000e+00 0.000000000000000000e+00 0.000000000000000000e+00 0.000000000000000000e+00 1.717202208316847788e-08 3.047541160734704345e-08 2.104570169705848406e-08 -6.502471424027120853e-09 -1.395067693565589399e-09 -2.789020891750866304e-09 9.506802214808526643e-10 -3.857985263261224484e-11 1.885433372719761353e-11 8.928069533969277378e-12 1.277830016164964868e-09 -8.408175740420243808e-12 1.932391811239310512e-11 0.000000000000000000e+00
0.000000000000000000e+00 0.000000000000000000e+00 0.000000000000000000e+00 0.000000000000000000e+00 0.000000000000000000e+00 0.000000000000000000e+00 -5.300218507597490788e-08 1.936732372089478371e-08 6.881525527300058139e-09 1.027454539595637228e-08 2.940263411156794436e-10 -1.807345686117948741e-09 7.582085990088238818e-10 -9.194504545191751864e-11 -4.553714549101976893e-12 -3.275641714557802155e-12 8.676104118285043224e-12 3.200221360307270608e-10 4.947051946694179707e-09 0.000000000000000000e+00
0.000000000000000000e+00 0.000000000000000000e+00 0.000000000000000000e+00 0.000000000000000000e+00 0.000000000000000000e+00 0.000000000000000000e+00 2.357963500329769001e-07 7.203004874508613219e-08 6.043245262853117005e-08 4.214480538466577084e-08 -9.559333114517767593e-09 -8.018012963868555866e-09 2.181983150674095659e-09 -1.807317560617497676e-10 -3.735806041530630810e-10 -2.569153250214021472e-10 1.160074537249251318e-10 2.247830378038352467e-09 6.657909313681246891e-12 0.000000000000000000e+00
0.000000000000000000e+00 0.000000000000000000e+00 0.000000000000000000e+00 0.000000000000000000e+00 0.000000000000000000e+00 0.000000000000000000e+00 -2.457706201346908735e-07 5.536994857123403881e-08 4.861414761785371594e-08 7.578099751613752575e-08 -1.672022091051926522e-08 -6.308409938393605610e-09 4.222601481912103935e-09 -8.452443091700093907e-10 -1.941459694873141120e-10 -3.556991619092679976e-10 1.279327321961825272e-08 2.179647298741976558e-09 3.647866783959792397e-11 0.000000000000000000e+00
0.000000000000000000e+00 0.000000000000000000e+00 0.000000000000000000e+00 0.000000000000000000e+00 0.000000000000000000e+00 0.000000000000000000e+00 6.685161794453885217e-07 8.819425748078059396e-08 7.505603420765441328e-08 1.480916462965737798e-08 -2.467638248271416098e-09 -1.231906218286519446e-08 -3.703008540640185502e-10 7.870336300827833668e-10 -6.870201805866563914e-10 -3.266181715695039931e-10 9.867564376793935485e-09 2.159613380381872389e-09 -2.309121455877275074e-11 0.000000000000000000e+00
0.000000000000000000e+00 0.000000000000000000e+00 0.000000000000000000e+00 0.000000000000000000e+00 0.000000000000000000e+00 0.000000000000000000e+00 -2.018507104630378718e-07 2.764077102459608543e-08 3.160050539106098077e-08 5.181957865655265581e-08 -1.071272429246528245e-08 -4.464740365166649910e-09 3.620270076876811984e-09 -7.237956723900263671e-10 -1.832214773889097777e-10 -2.728387074829546948e-10 7.244959454382356462e-11 1.680724269571106769e-08 -9.571673937288456528e-08 0.000000000000000000e+00
0.000000000000000000e+00 0.000000000000000000e+00 0.000000000000000000e+00 0.000000000000000000e+00 0.000000000000000000e+00 0.000000000000000000e+00 -9.754407796969752605e-10 8.238515226015862195e-11 4.403703253155494484e-10 -7.308776001781947870e-10 -8.301192019676120177e-10 -1.528100340874911394e-11 3.188260157953837568e-11 1.710715897078179751e-10 -1.150593952365694363e-10 4.168517815903533628e-11 1.074031458463247885e-10 4.301763908625392340e-08 4.833713373851681150e-07 0.000000000000000000e+00
0.000000000000000000e+00 0.000000000000000000e+00 0.000000000000000000e+00 0.000000000000000000e+00 0.000000000000000000e+00 0.000000000000000000e+00 5.278033533843580360e-09 1.462001693106185828e-09 -1.227337874737998663e-11 -1.449503800759073436e-09 -5.079392549167832480e-10 -5.621816921573205357e-10 3.456919956280220090e-10 2.270504133051658818e-10 -1.740090326232638788e-10 4.335086975083309223e-10 -2.307513403216804369e-04 4.357794031900484583e-08 4.814195223239781831e-07 0.000000000000000000e+00
0.000000000000000000e+00 0.000000000000000000e+00 0.000000000000000000e+00 0.000000000000000000e+00 0.000000000000000000e+00 0.000000000000000000e+00 -1.856595607420383768e-09 6.585713834024060075e-10 1.017841981117727186e-09 -5.166516612138767142e-10 -2.112065100247297862e-09 6.004026255884316007e-10 6.502969561222097768e-10 4.822110283369785765e-10 -1.170056703456430668e-10 4.821050653541533896e-10 -1.702079879200650480e-05 3.632342204665043479e-08 4.839449426804665765e-07 0.000000000000000000e+00
0.000000000000000000e+00 0.000000000000000000e+00 0.000000000000000000e+00 0.000000000000000000e+00 0.000000000000000000e+00 0.000000000000000000e+00 -9.754407796969752605e-10 8.238515226015862195e-11 4.403703253155494484e-10 -7.308776001781947870e-10 -8.301192019676120177e-10 -1.528100340874911394e-11 3.188260157953837568e-11 1.710715897078179751e-10 -1.150593952365694363e-10 4.168517815903533628e-11 1.074031458463247885e-10 4.301763908625392340e-08 4.833713373851681150e-07 0.000000000000000000e+00
0.000000000000000000e+00 0.000000000000000000e+00 0.000000000000000000e+00 0.000000000000000000e+00 0.000000000000000000e+00 0.000000000000000000e+00 1.382195746545241484e-10 3.927686410048061926e-11 4.286315412403241713e-11 2.123270996518952675e-11 1.315946342743213002e-11 5.434348024944976569e-12 2.202064407409146538e-12 1.284399564105020194e-12 1.249887394670549986e-12 6.590732523953676274e-13 2.465500686053565585e-12 1.346101458873003457e-09 3.149826981655514995e-09 0.000000000000000000e+00
0.000000000000000000e+00 0.000000000000000000e+00 0.000000000000000000e+00 0.000000000000000000e+00 0.000000000000000000e+00 0.000000000000000000e+00 8.833848763735494148e-11 3.735724664188150609e-11 2.457923518299557569e-11 1.729275701879565449e-11 1.446983103526530306e-11 8.010884615908647855e-12 2.645003870764655079e-12 1.347136331530044819e-12 1.157839411371517139e-12 2.036007784560804192e-12 2.024954150221445491e-07 1.372501662638083202e-09 3.233850498043767181e-09 0.000000000000000000e+00
0.000000000000000000e+00 0.000000000000000000e+00 0.000000000000000000e+00 0.000000000000000000e+00 0.000000000000000000e+00 0.000000000000000000e+00 6.008202437196838042e-10 1.681315640959172951e-10 1.687302348062449697e-10 9.719597456774515883e-11 6.706082016222306281e-11 2.997160399383458621e-11 7.070904062941581983e-12 3.914238109916332266e-12 2.586112443723571994e-12 2.652257399014765653e-12 2.093879352771578668e-08 1.320842239540365317e-09 3.228176826094702955e-09 0.000000000000000000e+00
0.000000000000000000e+00 0.000000000000000000e+00 0.000000000000000000e+00 0.000000000000000000e+00 0.000000000000000000e+00 0.000000000000000000e+00 3.147563260939466173e-11 1.207816551643837881e-11 8.775736796517880314e-12 6.044085135783428944e-12 5.308353768693317579e-12 3.810152860378227519e-12 2.322665661145176867e-12 1.322662197289618927e-12 1.154100049108327500e-12 6.345997558815921150e-13 2.269790930689464064e-12 7.340575912286164090e-08 -1.113336833793299955e-03 0.000000000000000000e+00
0.000000000000000000e+00 0.000000000000000000e+00 0.000000000000000000e+00 0.000000000000000000e+00 0.000000000000000000e+00 0.000000000000000000e+00 -7.647913874983890973e-10 -1.140780811501712026e-09 5.997476454629234365e-10 -1.160433768262287518e-10 6.835979159557128104e-11 -2.950011525863777074e-11 -7.710871209835512441e-12 2.690063356729439284e-12 -2.205414736534485445e-13 -3.758191471449724056e-13 -5.544793145913491288e-14 -3.428748526332279554e-14 -2.268135003637686695e-12 0.000000000000000000e+00
0.000000000000000000e+00 0.000000000000000000e+00 0.000000000000000000e+00 0.000000000000000000e+00 0.000000000000000000e+00 0.000000000000000000e+00 -7.654878160372935838e-10 9.393699373375934414e-10 4.669253460720561672e-10 1.065689394581476193e-10 6.291070923227245298e-11 -2.476954830451300032e-11 -1.878944841213782491e-12 4.844260009229791740e-12 2.074290254860774331e-13 -3.133588358609463873e-13 -5.068232850358137189e-11 1.144595834389067128e-13 -2.219839262534470105e-12 0.000000000000000000e+00
0.000000000000000000e+00 0.000000000000000000e+00 0.000000000000000000e+00 0.000000000000000000e+00 0.000000000000000000e+00 0.000000000000000000e+00 -7.733082742034461203e-10 -3.025678577268802357e-09 7.622938961470269970e-10 -3.414657414444252747e-10 9.844114261360315825e-11 -4.514433742660477966e-11 -1.408944513103833802e-11 -1.350001208156337679e-12 -1.705352901143059458e-12 -4.749023169575416699e-13 -2.104472740996473894e-11 3.305088503898633037e-13 -2.289145525164499119e-12 0.000000000000000000e+00
0.000000000000000000e+00 0.000000000000000000e+00 0.000000000000000000e+00 0.000000000000000000e+00 0.000000000000000000e+00 0.000000000000000000e+00 -3.173894767806606568e-10 3.241807386067208605e-10 3.156460033111935051e-10 6.566725714928237498e-11 4.233182937574368486e-11 -2.080949125719014058e-11 -2.745079306598766544e-12 5.410378151056353220e-12 4.524063250661537865e-13 -3.886872966355672477e-13 -1.667202083034809013e-14 -7.980356927267482578e-12 1.508773285585966272e-09 0.000000000000000000e+00
0.000000000000000000e+00 0.000000000000000000e+00 0.000000000000000000e+00 0.000000000000000000e+00 0.000000000000000000e+00 0.000000000000000000e+00 9.769694699263082419e-09 -3.683513803613072599e-09 1.834803574434866705e-09 9.761272865587856979e-10 9.401004912435878838e-11 -1.607057949075223861e-10 1.209754825700502151e-11 1.411842612940287463e-11 -6.796622713742948855e-12 -9.793181906578555664e-13 1.912533621749189283e-12 2.559805747160171408e-11 -2.436380965107261492e-11 0.000000000000000000e+00
0.000000000000000000e+00 0.000000000000000000e+00 0.000000000000000000e+00 0.000000000000000000e+00 0.000000000000000000e+00 0.000000000000000000e+00 9.462301159955719870e-10 2.090067570833049181e-09 2.141885503689280742e-10 9.942462224642965116e-11 -1.089929630291021666e-10 -1.444572621004543329e-10 2.027048809645822154e-11 3.182528653987584691e-12 -1.741949523566594138e-12 -5.684289274309770479e-12 1.233376639254637330e-09 2.636783887245540403e-11 -2.491431575231544613e-11 0.000000000000000000e+00
0.000000000000000000e+00 0.000000000000000000e+00 0.000000000000000000e+00 0.000000000000000000e+00 0.000000000000000000e+00 0.000000000000000000e+00 1.775016027250675969e-08 -8.924251766047690394e-09 3.421414464035544642e-09 1.934423347030521543e-09 3.941791137768236416e-10 -2.103979627369389993e-10 3.540074189668114575e-12 2.786051240583559743e-11 -1.208459152310392955e-11 -6.531175515641769574e-12 -1.519313567221169067e-10 2.797371171228039298e-11 -2.572460064111142817e-11 0.000000000000000000e+00
0.000000000000000000e+00 0.000000000000000000e+00 0.000000000000000000e+00 0.000000000000000000e+00 0.000000000000000000e+00 0.000000000000000000e+00 3.384124159782874619e-09 4.528009505854029270e-10 3.536348746031840903e-10 1.689260649775906708e-10 -9.125801269015172653e-11 -1.024302998082385644e-10 2.539099854302406795e-11 5.610581351655428403e-12 -7.466809318562433543e-13 -1.802495719912144530e-12 1.278140334579808926e-12 1.362014545630110793e-10 -6.208566912939660396e-09 0.000000000000000000e+00
0.000000000000000000e+00 0.000000000000000000e+00 0.000000000000000000e+00 0.000000000000000000e+00 0.000000000000000000e+00 0.000000000000000000e+00 -1.723756899519619611e-11 2.389559059416994088e-12 -1.807396165363090163e-12 1.535076738516127661e-12 -9.527566256547261190e-13 -1.149119086280481053e-11 -1.581754897576942135e-11 -2.430486851522911276e-12 2.247590480825471556e-12 -3.016818379769418736e-12 -8.261015480465675148e-13 -1.252233158755825586e-09 -7.248689897550079961e-08 0.000000000000000000e+00
0.000000000000000000e+00 0.000000000000000000e+00 0.000000000000000000e+00 0.000000000000000000e+00 0.000000000000000000e+00 0.000000000000000000e+00 1.897500273831939327e-11 7.797542941866328190e-12 1.696829872892734366e-11 -1.851840753216585134e-11 4.505035192157724707e-11 -1.609461740939810224e-11 -1.006507808853174289e-11 -4.014818849554808602e-12 3.497475561900724731e-13 1.045493983124937233e-12 -2.438519095758493811e-06 -1.735815953785676922e-09 -7.280789748690031580e-08 0.000000000000000000e+00
0.000000000000000000e+00 0.000000000000000000e+00 0.000000000000000000e+00 0.000000000000000000e+00 0.000000000000000000e+00 0.000000000000000000e+00 7.647085026653485576e-11 2.453240114682097993e-11 -2.684357532047028741e-11 6.939360244113362478e-12 -6.696092158949329030e-11 -8.458411801680707505e-11 -1.658470507877010052e-11 -2.087511541248336490e-11 8.477814624995875856e-12 1.131795418608107086e-12 1.746649739415998255e-06 -1.751534260881224874e-09 -7.286598165535023438e-08 0.000000000000000000e+00
0.000000000000000000e+00 0.000000000000000000e+00 0.000000000000000000e+00 0.000000000000000000e+00 0.000000000000000000e+00 0.000000000000000000e+00 -1.723756899519619611e-11 2.389559059416994088e-12 -1.807396165363090163e-12 1.535076738516127661e-12 -9.527566256547261190e-13 -1.149119086280481053e-11 -1.581754897576942135e-11 -2.430486851522911276e-12 2.247590480825471556e-12 -3.016818379769418736e-12 -8.261015480465675148e-13 -1.252233158755825586e-09 -7.248689897550079961e-08 0.000000000000000000e+00
0.000000000000000000e+00 0.000000000000000000e+00 0.000000000000000000e+00 0.000000000000000000e+00 0.000000000000000000e+00 0.000000000000000000e+00 6.813327436171673574e-18 4.874513866095336283e-18 2.667718759337260971e-18 1.153182741774990017e-18 1.167791040491484951e-18 8.346224323495682657e-19 5.511293764406485679e-19 2.759253529273109981e-19 1.136711092851135189e-19 6.425208445313467766e-20 1.238866652703502818e-19 4.160889829044586333e-17 1.011073000407666288e-16 0.000000000000000000e+00
0.000000000000000000e+00 0.000000000000000000e+00 0.000000000000000000e+00 0.000000000000000000e+00 0.000000000000000000e+00 0.000000000000000000e+00 1.897980791717577453e-17 9.429355616054752179e-18 3.883548126170291315e-18 2.959325669223430767e-18 2.727422233273496173e-18 1.274601131356334153e-18 6.441217249127353160e-19 2.936552499043432118e-19 1.169491105849915678e-19 1.004339702874907254e-19 2.842403670393001756e-15 4.298262084593867164e-17 1.067529803041509081e-16 0.000000000000000000e+00
0.000000000000000000e+00 0.000000000000000000e+00 0.000000000000000000e+00 0.000000000000000000e+00 0.000000000000000000e+00 0.000000000000000000e+00 1.123082678205757001e-17 1.234161632138613031e-17 3.825055906648564434e-18 2.276023379574846684e-18 1.911832231820410932e-18 1.610050652184848255e-18 6.966210585143248008e-19 3.343534408313823613e-19 1.271603712071409015e-19 1.159744150172192550e-19 -1.314524072639471758e-15 3.923338904651848386e-17 1.066252261786364779e-16 0.000000000000000000e+00
0.000000000000000000e+00 0.000000000000000000e+00 0.000000000000000000e+00 0.000000000000000000e+00 0.000000000000000000e+00 0.000000000000000000e+00 8.040558299220567268e-18 3.725750793351175057e-18 1.748203330104981559e-18 1.262742787590284051e-18 1.145449860555623064e-18 7.079851193600460349e-19 5.137360972410813653e-19 2.669514565147694384e-19 1.108145317642531017e-19 6.373794706957475541e-20 1.289406884045327070e-19 1.747715842315685299e-15 -1.775266502122552827e-09 0.000000000000000000e+00
0.000000000000000000e+00 0.000000000000000000e+00 0.000000000000000000e+00 0.000000000000000000e+00 0.000000000000000000e+00 0.000000000000000000e+00 -2.405159470050487014e-14 2.281418303918291165e-13 8.466955534418598789e-14 2.303469740726915192e-14 3.120098666582164477e-15 -1.961123683401173727e-14 4.959730124060793063e-15 -1.658765564394288677e-15 1.960859561459303491e-16 -1.289780195898494430e-17 1.987185280114565285e-17 -7.188666894064563104e-16 3.917712782736881721e-16 0.000000000000000000e+00
0.000000000000000000e+00 0.000000000000000000e+00 0.000000000000000000e+00 0.000000000000000000e+00 0.000000000000000000e+00 0.000000000000000000e+00 -6.865009734640792957e-13 -3.437649888595118705e-13 1.528987717349892382e-13 -3.687701067705808361e-14 3.856170485397053508e-14 -2.783723282094920557e-14 8.872962002641235047e-15 -2.501126064643643915e-15 2.224552273207745901e-16 1.310754315495664978e-17 1.229294486704978055e-14 -6.506721382945333969e-16 3.990196225698948435e-16 0.000000000000000000e+00
0.000000000000000000e+00 0.000000000000000000e+00 0.000000000000000000e+00 0.000000000000000000e+00 0.000000000000000000e+00 0.000000000000000000e+00 5.712494697316354991e-13 7.445166621375814312e-13 2.880732837002225115e-14 8.432632123281346940e-14 -3.143949800020312079e-14 -1.503219106563160545e-14 8.360519074510764232e-16 -6.890867856335429773e-16 6.097303176099870714e-17 7.630902294033322588e-17 -6.607885672081244791e-15 -6.376342376926278973e-16 3.921964254718139561e-16 0.000000000000000000e+00
0.000000000000000000e+00 0.000000000000000000e+00 0.000000000000000000e+00 0.000000000000000000e+00 0.000000000000000000e+00 0.000000000000000000e+00 -4.499508961340121515e-13 -1.695872646102495436e-13 8.488160195730029930e-14 -1.216503818946615938e-14 2.222512111536805324e-14 -2.051357890194305447e-14 6.702645836635151005e-15 -2.373628832414277729e-15 3.039004718418296628e-16 -2.878720025619192861e-17 5.474102675180411930e-17 -1.509128806996695056e-15 -8.301716434236541510e-13 0.000000000000000000e+00
0.000000000000000000e+00 0.000000000000000000e+00 0.000000000000000000e+00 0.000000000000000000e+00 0.000000000000000000e+00 0.000000000000000000e+00 2.729610229424218165e-12 -7.669134200675668083e-13 4.124039944869903325e-13 8.047546348913291812e-14 -3.682511025685188894e-14 -2.774777228192138002e-14 2.729462954023746846e-14 -4.928615504354749868e-16 8.294623041461335559e-16 5.242097183954541020e-16 6.341519341133272517e-16 -5.765672492711696557e-16 8.203777439678385184e-15 0.000000000000000000e+00
0.000000000000000000e+00 0.000000000000000000e+00 0.000000000000000000e+00 0.000000000000000000e+00 0.000000000000000000e+00 0.000000000000000000e+00 -1.029720917241603744e-12 -1.469739453576037539e-12 7.869827039477454123e-13 -7.159967128525757640e-14 -1.896330253068816345e-14 -4.194173181722372367e-15 3.758398134111318563e-14 3.023880621162630725e-15 6.543609068922355078e-16 7.102180151166387982e-16 3.017772557057843585e-13 -8.356139776451486884e-16 7.806062137654725293e-15 0.000000000000000000e+00
0.000000000000000000e+00 0.000000000000000000e+00 0.000000000000000000e+00 0.000000000000000000e+00 0.000000000000000000e+00 0.000000000000000000e+00 6.139179191885862700e-12 -1.536874770811050167e-13 1.009858314223302479e-13 2.666356364321013158e-13 -6.025670592641078864e-14 -6.675688577074143610e-14 1.790699699812614990e-14 -2.502071529548289341e-15 3.973865255157919391e-16 1.274317506237434651e-15 -1.300854948084321227e-13 -2.128161022826354189e-15 7.654734559136205602e-15 0.000000000000000000e+00
0.000000000000000000e+00 0.000000000000000000e+00 0.000000000000000000e+00 0.000000000000000000e+00 0.000000000000000000e+00 0.000000000000000000e+00 -5.595159612712836984e-13 -9.867512785115155314e-13 4.669563372576366537e-13 -2.899274747956079743e-15 -1.140599512166244749e-14 -6.365297857487482655e-15 2.973975937936926194e-14 5.733001860536460454e-16 9.351604059412267467e-16 4.687884963997776138e-16 3.329761531011047045e-16 1.313729298053828294e-13 1.143980713920885807e-12 0.000000000000000000e+00
0.000000000000000000e+00 0.000000000000000000e+00 0.000000000000000000e+00 0.000000000000000000e+00 0.000000000000000000e+00 0.000000000000000000e+00 8.964927120118581610e-15 3.562287432119300122e-14 1.892232025413912806e-14 -1.173155948144399624e-15 -7.260207703481157301e-15 -2.988629280160768612e-15 3.935562096296282484e-16 4.542297178568458046e-16 9.393151669699726203e-17 -4.202393510860623479e-16 -4.629509195495128853e-16 6.432609505403255741e-15 -2.390845514260458175e-11 0.000000000000000000e+00
0.000000000000000000e+00 0.000000000000000000e+00 0.000000000000000000e+00 0.000000000000000000e+00 0.000000000000000000e+00 0.000000000000000000e+00 7.134711572630654731e-15 2.231831927948743554e-14 6.754763931975926387e-15 -5.291335759641796096e-15 -7.470741011969475856e-15 -3.512833708995888587e-15 4.055760556221190757e-15 -2.416704125839975987e-15 1.942623075542470840e-16 -7.724746547243541098e-16 -4.767656947885132351e-10 1.136078469859097555e-13 -2.372740603319674221e-11 0.000000000000000000e+00
0.000000000000000000e+00 0.000000000000000000e+00 0.000000000000000000e+00 0.000000000000000000e+00 0.000000000000000000e+00 0.000000000000000000e+00 -7.369521240991597036e-15 -6.014721853498466085e-15 4.629197284765770216e-14 -1.158235303978262819e-14 -3.047117655794974862e-14 -5.498827614453268799e-15 -9.939515694795302650e-15 1.848969066106761020e-16 1.229114402406392152e-15 -3.735377382151638674e-15 1.870565297660910487e-09 9.189789432571428640e-14 -2.375991706937248221e-11 0.000000000000000000e+00
0.000000000000000000e+00 0.000000000000000000e+00 0.000000000000000000e+00 0.000000000000000000e+00 0.000000000000000000e+00 0.000000000000000000e+00 8.964927120118581610e-15 3.562287432119300122e-14 1.892232025413912806e-14 -1.173155948144399624e-15 -7.260207703481157301e-15 -2.988629280160768612e-15 3.935562096296282484e-16 4.542297178568458046e-16 9.393151669699726203e-17 -4.202393510860623479e-16 -4.629509195495128853e-16 6.432609505403255741e-15 -2.390845514260458175e-11 0.000000000000000000e+00
0.000000000000000000e+00 0.000000000000000000e+00 0.000000000000000000e+00 0.000000000000000000e+00 0.000000000000000000e+00 0.000000000000000000e+00 6.668230683402930845e-09 1.106304649304435847e-10 1.905189215947280240e-09 1.351324648430265014e-09 6.033644148053269658e-10 1.015292550255984174e-09 6.615847090016907078e-10 3.857737012957140577e-10 1.788810950321720775e-10 3.539978327471522400e-11 3.635984022356451563e-10 9.633618899089176924e-08 1.664934718626917760e-07 0.000000000000000000e+00
0.000000000000000000e+00 0.000000000000000000e+00 0.000000000000000000e+00 0.000000000000000000e+00 0.000000000000000000e+00 0.000000000000000000e+00 1.099441739072496417e-09 2.087750741048362029e-09 -2.628298765343745131e-10 2.870865143523622210e-10 1.129808362874245817e-10 3.206126871810610976e-10 1.467145082224947773e-10 9.336850540289787837e-11 5.312840069848098548e-11 6.827443254716189341e-11 1.201465970206560277e-07 9.397958273040785692e-08 1.755806812757254999e-07 0.000000000000000000e+00
0.000000000000000000e+00 0.000000000000000000e+00 0.000000000000000000e+00 0.000000000000000000e+00 0.000000000000000000e+00 0.000000000000000000e+00 1.914976722241344932e-08 2.471363667546355703e-09 6.082339756156409408e-09 5.407404311213206499e-09 4.497550894929853430e-09 5.445209323385981458e-09 3.156115799975370243e-09 1.997403865996200806e-09 9.492383526228199571e-10 3.334074146162110493e-10 1.446012582955085246e-06 9.775721594477510207e-08 1.759741823481672117e-07 0.000000000000000000e+00
0.000000000000000000e+00 0.000000000000000000e+00 0.000000000000000000e+00 0.000000000000000000e+00 0.000000000000000000e+00 0.000000000000000000e+00 8.874405713456187952e-10 1.165977398130088058e-09 -4.033448977484916991e-10 -1.132179024269128659e-10 1.116490383606494004e-10 1.548373959789648757e-10 2.070672279400670080e-10 1.279461933621774909e-10 6.253120533607839744e-11 2.560243915742207355e-11 1.153213190402720259e-10 1.128828597976697145e-06 -1.014275291752947794e+01 0.000000000000000000e+00
0.000000000000000000e+00 0.000000000000000000e+00 0.000000000000000000e+00 0.000000000000000000e+00 0.000000000000000000e+00 0.000000000000000000e+00 -3.462051691727226835e-08 -2.464840612751610588e-10 3.967526074698988808e-10 -9.920700207236765302e-09 -1.678243364160504306e-09 -2.331992200447080995e-09 -1.011472011961007917e-09 -3.857598036610200772e-10 -1.631230071303256259e-10 -2.783359938675499594e-11 9.479812441522317479e-11 6.698376677487808101e-10 4.098930344404165872e-11 0.000000000000000000e+00
0.000000000000000000e+00 0.000000000000000000e+00 0.000000000000000000e+00 0.000000000000000000e+00 0.000000000000000000e+00 0.000000000000000000e+00 -5.151144251630515230e-10 1.936881594603584907e-08 1.847943042498030057e-09 -1.474364411404313484e-09 -8.725588604841932191e-11 -5.603033703616450571e-10 1.311917021042517714e-10 1.935277038505763062e-10 -1.887449461259222066e-11 -3.836050267635024704e-11 1.952572140769484899e-10 6.085923700545635992e-10 4.035573601276548820e-11 0.000000000000000000e+00
0.000000000000000000e+00 0.000000000000000000e+00 0.000000000000000000e+00 0.000000000000000000e+00 0.000000000000000000e+00 0.000000000000000000e+00 -6.563677146193087082e-08 -1.790160881680885082e-08 -9.892168542057148846e-10 -1.872515501330165687e-08 -3.708963323253831039e-09 -5.015694632283866168e-09 -2.461001118300317245e-09 -1.122592744610107874e-09 -4.128439951550028985e-10 -1.463816520846063465e-10 -2.516514297181922474e-10 6.429913598776222771e-10 4.036448141724891830e-11 0.000000000000000000e+00
0.000000000000000000e+00 0.000000000000000000e+00 0.000000000000000000e+00 0.000000000000000000e+00 0.000000000000000000e+00 0.000000000000000000e+00 -3.890155283305952637e-10 1.007596648167823359e-08 6.024152048120105042e-10 -1.582258544005146470e-09 3.052861188206826256e-11 -5.983786115346351725e-10 -1.402556207282614117e-10 1.105184510945291544e-10 -3.937917268617522829e-11 -2.028210253851420667e-11 2.409530646899006941e-11 -5.882354549786248736e-10 -3.607991380166166536e-08 0.000000000000000000e+00
0.000000000000000000e+00 0.000000000000000000e+00 0.000000000000000000e+00 0.000000000000000000e+00 0.000000000000000000e+00 0.000000000000000000e+00 -1.672677952430079393e-07 8.557136351456693191e-11 5.632893744643072402e-09 -2.994861390072915645e-08 -1.096932520866996778e-08 -6.954611271391276336e-09 -1.971864941364139464e-09 -7.698365430673782316e-10 -3.261353524678972755e-10 -1.275354972996740537e-10 2.384765892200154659e-10 4.190637850210980329e-09 -2.889364496901127301e-09 0.000000000000000000e+00
0.000000000000000000e+00 0.000000000000000000e+00 0.000000000000000000e+00 0.000000000000000000e+00 0.000000000000000000e+00 0.000000000000000000e+00 -1.471242685027738929e-08 7.971769453014426454e-08 1.451312379575954337e-08 -1.052300835090008121e-08 1.086230793817647271e-09 -7.179123174535171953e-10 1.290502378173286279e-09 2.296235175413903172e-10 5.963524135921330066e-11 -1.161877811703865853e-10 9.308988453610481142e-11 3.927671452150925182e-09 -2.884448542298698538e-09 0.000000000000000000e+00
0.000000000000000000e+00 0.000000000000000000e+00 0.000000000000000000e+00 0.000000000000000000e+00 0.000000000000000000e+00 0.000000000000000000e+00 -3.062091249473095638e-07 -7.124626762541904925e-08 -2.703052582553267499e-09 -5.053557018759634929e-08 -2.609820241082682956e-08 -1.594374035792645109e-08 -5.662335760035150052e-09 -1.771241704219510447e-09 -9.451711572946956240e-10 -3.534118184636219381e-10 7.345386182764323815e-10 4.308886028168318024e-09 -2.897088130522164084e-09 0.000000000000000000e+00
0.000000000000000000e+00 0.000000000000000000e+00 0.000000000000000000e+00 0.000000000000000000e+00 0.000000000000000000e+00 0.000000000000000000e+00 -9.838422897556602068e-09 4.426332519916298765e-08 4.528497263775308999e-09 -7.674321147986603077e-09 -2.658442769931419911e-10 -2.090815069629226406e-09 1.032830865159112318e-10 2.609103700577868642e-10 6.239529265438330186e-11 -1.260637612456406357e-10 -2.373070256099067055e-12 -1.410602483908582781e-08 4.463428097692189473e-06 0.000000000000000000e+00
0.000000000000000000e+00 0.000000000000000000e+00 0.000000000000000000e+00 0.000000000000000000e+00 0.000000000000000000e+00 0.000000000000000000e+00 1.056996895226825634e-09 3.047579557495824061e-09 7.231642417955284681e-10 -3.254332124212141202e-10 -1.873808705500670179e-10 -3.037904137720749173e-10 -3.936422240451414060e-10 -5.386079567775742273e-11 -2.200748574971277948e-10 -9.526189665907212631e-11 -4.341576712048211217e-10 -7.741315282369660910e-08 -3.360580620248585177e-06 0.000000000000000000e+00
0.000000000000000000e+00 0.000000000000000000e+00 0.000000000000000000e+00 0.000000000000000000e+00 0.000000000000000000e+00 0.000000000000000000e+00 -1.570436647126469072e-08 3.347104534960734760e-09 7.478466310431128631e-09 -1.076311822073683706e-09 1.338131923311605001e-10 -2.349207569668950871e-10 1.164066980478682526e-10 -1.502385566980265798e-10 -3.145318892575984635e-10 -4.446123340734682626e-11 -1.199055282293830027e-04 -8.043275971208755140e-08 -3.361624917789002929e-06 0.000000000000000000e+00
0.000000000000000000e+00 0.000000000000000000e+00 0.000000000000000000e+00 0.000000000000000000e+00 0.000000000000000000e+00 0.000000000000000000e+00 7.659987701503600760e-09 -1.830678090467397682e-09 -2.431189600145922554e-09 -6.521589539196089255e-09 -5.394026836321256315e-10 -2.114286471404696545e-09 -2.075737675711814759e-09 -3.808129024213023529e-10 1.426342650381374491e-10 -9.518260665125700935e-11 5.752750176198806491e-05 -8.621506313040237492e-08 -3.362637350392707307e-06 0.000000000000000000e+00
0.000000000000000000e+00 0.000000000000000000e+00 0.000000000000000000e+00 0.000000000000000000e+00 0.000000000000000000e+00 0.000000000000000000e+00 1.056996895226825634e-09 3.047579557495824061e-09 7.231642417955284681e-10 -3.254332124212141202e-10 -1.873808705500670179e-10 -3.037904137720749173e-10 -3.936422240451414060e-10 -5.386079567775742273e-11 -2.200748574971277948e-10 -9.526189665907212631e-11 -4.341576712048211217e-10 -7.741315282369660910e-08 -3.360580620248585177e-06 0.000000000000000000e+00
