0.000000000000000000e+00 0.000000000000000000e+00 0.000000000000000000e+00 0.000000000000000000e+00 0.000000000000000000e+00 0.000000000000000000e+00 1.401588105474114648e-10 2.075693996851363135e-10 1.852023389829267374e-10 1.312014507425729284e-10 1.702841207108384406e-10 2.102526724382396832e-10 1.906666983933586505e-10 1.419874304776954032e-10 7.287403928038527772e-11 1.537667185915933135e-11 2.731660713148652683e-12 7.908684589416077702e-10 3.680846380192872452e-07 0.000000000000000000e+00
0.000000000000000000e+00 0.000000000000000000e+00 0.000000000000000000e+00 0.000000000000000000e+00 0.000000000000000000e+00 0.000000000000000000e+00 1.805544511280785233e-12 6.441854924325865246e-12 6.759230891946147668e-12 9.736151231071163767e-13 1.972933890261484292e-12 2.674832629193213718e-12 2.465948492785175148e-12 2.646837701106777700e-12 2.220182448408330561e-12 4.425661961449135763e-13 1.592444346374880836e-09 1.064096019314972164e-09 3.690504645371250604e-07 0.000000000000000000e+00
0.000000000000000000e+00 0.000000000000000000e+00 0.000000000000000000e+00 0.000000000000000000e+00 0.000000000000000000e+00 0.000000000000000000e+00 5.594084927859286168e-10 7.960086845481878067e-10 7.178864494684238513e-10 5.476635744284155612e-10 7.885874331352980284e-10 1.032911585434277299e-09 7.249756446325977532e-10 4.750599131242238716e-10 1.917274462703674525e-10 3.824731621308834198e-11 4.005228754660110999e-07 1.833827619527451166e-09 3.760364730778414163e-07 0.000000000000000000e+00
0.000000000000000000e+00 0.000000000000000000e+00 0.000000000000000000e+00 0.000000000000000000e+00 0.000000000000000000e+00 0.000000000000000000e+00 2.184148582224853281e-12 3.249383713347370763e-12 2.073132939612375484e-12 -9.481824697609311481e-13 1.933011704721707114e-12 2.416919098108465788e-13 1.525506973034328362e-12 7.605044739492499961e-13 5.326806596069201433e-13 1.718796487167000328e-13 2.291184472780740954e-14 1.368406097912375457e-14 5.075088230526489497e+00 0.000000000000000000e+00
0.000000000000000000e+00 0.000000000000000000e+00 0.000000000000000000e+00 0.000000000000000000e+00 0.000000000000000000e+00 0.000000000000000000e+00 -2.667787801824510487e-10 3.494923710663700821e-10 2.879073202454157974e-10 -1.137002210553853228e-10 -7.570959525354212321e-11 3.379339116642295850e-12 -5.364122576455529624e-11 -6.161195513058933487e-11 -2.512951643159007291e-11 -3.714909457909879525e-12 5.944680854687018968e-13 5.825688485143361147e-12 2.710441451404803261e-10 0.000000000000000000e+00
0.000000000000000000e+00 0.000000000000000000e+00 0.000000000000000000e+00 0.000000000000000000e+00 0.000000000000000000e+00 0.000000000000000000e+00 1.330894327648115121e-11 -3.733017844024546864e-10 -1.672664913100146062e-10 5.226162586974654824e-11 4.660488095362055760e-11 -1.520210291675181829e-11 3.514828429536012848e-11 -5.549048551502539291e-12 4.000513112866252861e-12 1.218294053175388213e-12 2.281092843431274701e-12 6.069486430839347215e-12 2.726545115825345112e-10 0.000000000000000000e+00
0.000000000000000000e+00 0.000000000000000000e+00 0.000000000000000000e+00 0.000000000000000000e+00 0.000000000000000000e+00 0.000000000000000000e+00 -5.233715544058475630e-10 9.972558382869918813e-10 6.966360555849471696e-10 -2.440783180463291167e-10 -2.152892375202839967e-10 3.782126851796217247e-11 -1.425358178638460026e-10 -9.967324981645577469e-11 -4.098699488821827834e-11 -6.803782057983014964e-12 1.020236272768650705e-11 8.938822440495373940e-12 2.751451547217869024e-10 0.000000000000000000e+00
0.000000000000000000e+00 0.000000000000000000e+00 0.000000000000000000e+00 0.000000000000000000e+00 0.000000000000000000e+00 0.000000000000000000e+00 -1.306162324476846036e-10 -1.428206852573172307e-10 -9.937199821612248526e-11 5.861257776001008272e-11 1.232926183414480535e-10 -3.154781459691247291e-11 3.238020717827504372e-11 -1.327515632794196443e-11 -6.686734953413988432e-15 1.099622432295291443e-12 -5.407399444598569717e-14 -1.665107610647778824e-12 -3.154072339198365918e-08 0.000000000000000000e+00
0.000000000000000000e+00 0.000000000000000000e+00 0.000000000000000000e+00 0.000000000000000000e+00 0.000000000000000000e+00 0.000000000000000000e+00 -4.626095183753365545e-09 1.916962998707338481e-09 -2.949779783230892173e-09 -9.425296859344955036e-10 -2.715129900209444902e-09 -1.112759480348238024e-09 -6.927300747772844827e-10 -4.085105395840091072e-10 -1.983620229620250802e-10 -6.216012627758209384e-11 -4.573337944729680101e-15 1.726373479232716878e-10 1.969267216176830546e-09 0.000000000000000000e+00
0.000000000000000000e+00 0.000000000000000000e+00 0.000000000000000000e+00 0.000000000000000000e+00 0.000000000000000000e+00 0.000000000000000000e+00 -1.167394374169545600e-09 5.201955349171873156e-10 -1.775436437305412869e-10 -8.653533004917274489e-11 2.026241292260489381e-10 9.130031482914972674e-11 1.260958859816201238e-10 3.056433501171093608e-11 2.162254944801667158e-11 1.247624932239152379e-11 4.095849962618537788e-11 1.757184652411274922e-10 1.967384217141627416e-09 0.000000000000000000e+00
0.000000000000000000e+00 0.000000000000000000e+00 0.000000000000000000e+00 0.000000000000000000e+00 0.000000000000000000e+00 0.000000000000000000e+00 -7.822243923095918818e-09 3.217288558930593150e-09 -5.592906348989000777e-09 -1.721652870853057624e-09 -6.025229543030350433e-09 -2.475488424927136569e-09 -1.439930168350138991e-09 -7.386504572661965201e-10 -3.125037820794241560e-10 -1.014425773512300085e-10 -6.148094281370137059e-10 2.513113672360203780e-10 1.996722676973457036e-09 0.000000000000000000e+00
0.000000000000000000e+00 0.000000000000000000e+00 0.000000000000000000e+00 0.000000000000000000e+00 0.000000000000000000e+00 0.000000000000000000e+00 -1.543737136779103621e-09 2.238974455655748844e-10 -2.185844242398473557e-10 3.055986191105882779e-10 6.149990534550692637e-10 1.549004439930019815e-11 1.235463212831070802e-10 -5.043415614834608856e-11 -1.074562417116456544e-11 3.649401709608472189e-12 -1.572294901195092373e-12 4.391806541602974231e-12 2.478142234134340416e-06 0.000000000000000000e+00
0.000000000000000000e+00 0.000000000000000000e+00 0.000000000000000000e+00 0.000000000000000000e+00 0.000000000000000000e+00 0.000000000000000000e+00 -1.604458219275526310e-10 1.885779891747256247e-10 2.457672910211837998e-11 -7.758344771899301204e-11 -5.837712993081946727e-11 -1.561484495071779745e-11 -2.237316244546123187e-11 -1.434420121680072092e-11 -4.753892436793567406e-12 2.778742590995988195e-12 -9.158870317719652552e-12 -1.187897390860333710e-10 -6.564325049917132234e-06 0.000000000000000000e+00
0.000000000000000000e+00 0.000000000000000000e+00 0.000000000000000000e+00 0.000000000000000000e+00 0.000000000000000000e+00 0.000000000000000000e+00 -1.547852209717025552e-10 1.329272488288824473e-10 2.053492028978958035e-10 -1.222906006040559245e-11 -3.827500061122999012e-11 -1.884876036563339849e-11 1.722936019525181256e-11 6.069010829809641750e-13 1.358268558692756318e-11 8.371925703540833242e-12 -3.349518601950564408e-06 -1.066361066928896825e-10 -6.565646045667812137e-06 0.000000000000000000e+00
0.000000000000000000e+00 0.000000000000000000e+00 0.000000000000000000e+00 0.000000000000000000e+00 0.000000000000000000e+00 0.000000000000000000e+00 2.800525364915288055e-13 -1.670359410253155801e-10 1.989083385953458216e-10 -1.286206507314463648e-10 -7.440967528131757795e-11 -8.715648393724430029e-11 -7.420654252580335557e-11 -7.283260557610312740e-11 -5.618042600129372226e-12 1.010924640462120030e-11 1.240409863030764477e-05 -1.505242662589326651e-10 -6.565188236376082146e-06 0.000000000000000000e+00
0.000000000000000000e+00 0.000000000000000000e+00 0.000000000000000000e+00 0.000000000000000000e+00 0.000000000000000000e+00 0.000000000000000000e+00 -1.604458219275526310e-10 1.885779891747256247e-10 2.457672910211837998e-11 -7.758344771899301204e-11 -5.837712993081946727e-11 -1.561484495071779745e-11 -2.237316244546123187e-11 -1.434420121680072092e-11 -4.753892436793567406e-12 2.778742590995988195e-12 -9.158870317719652552e-12 -1.187897390860333710e-10 -6.564325049917132234e-06 0.000000000000000000e+00
0.000000000000000000e+00 0.000000000000000000e+00 0.000000000000000000e+00 0.000000000000000000e+00 0.000000000000000000e+00 0.000000000000000000e+00 4.719931552665110518e-09 1.129504178656802497e-09 5.003665542683972719e-09 2.154304673026482030e-09 1.844913117279428436e-09 1.534415670067447176e-09 1.837127063315199251e-09 1.215825804404661730e-09 6.457180560604395894e-10 1.241462588085783326e-10 2.448129760482882367e-11 6.238719276556227740e-09 -2.724822026277731735e-05 0.000000000000000000e+00
0.000000000000000000e+00 0.000000000000000000e+00 0.000000000000000000e+00 0.000000000000000000e+00 0.000000000000000000e+00 0.000000000000000000e+00 -2.031210470646126373e-10 -1.693459371826895744e-10 2.121215247365884675e-09 1.113170137702586909e-09 -1.377214833969522147e-10 -1.376890628669849634e-11 3.239682051165595045e-10 2.086409204794890754e-10 4.504108455932734146e-11 1.276949583488807229e-11 3.490041477006689066e-07 8.906612437408317233e-09 -2.732784226364051022e-05 0.000000000000000000e+00
0.000000000000000000e+00 0.000000000000000000e+00 0.000000000000000000e+00 0.000000000000000000e+00 0.000000000000000000e+00 0.000000000000000000e+00 2.192719503337033967e-08 5.397889956558427470e-09 1.590572274246215827e-08 1.011250733020566745e-08 9.601506076285175480e-09 8.138398477649084654e-09 6.824022072937595144e-09 3.874194117929981332e-09 1.572082271866857093e-09 2.920085362175819920e-10 -9.093177014556517033e-07 1.443633597125721966e-08 -2.725027445255349609e-05 0.000000000000000000e+00
0.000000000000000000e+00 0.000000000000000000e+00 0.000000000000000000e+00 0.000000000000000000e+00 0.000000000000000000e+00 0.000000000000000000e+00 -8.860261565712546211e-10 -3.410982040129054270e-10 7.704064304389726012e-10 2.752985873085656271e-10 -2.432653062066490993e-10 -1.411617887900654112e-10 1.882676420732587684e-10 1.661631236447046189e-10 7.593518890155390710e-11 3.511646392231161519e-11 5.852839634696538817e-12 1.032026176161386626e-09 -4.407152274087073238e+03 0.000000000000000000e+00
0.000000000000000000e+00 0.000000000000000000e+00 0.000000000000000000e+00 0.000000000000000000e+00 0.000000000000000000e+00 0.000000000000000000e+00 -1.150620856196895943e-08 -2.203141360285473433e-09 -1.312477138601601543e-08 -4.729461448428988357e-09 -6.284782387093795197e-09 -2.670037221585814875e-09 -1.915653334837929846e-09 -9.788712339472958029e-10 -3.234611273884598594e-10 -1.035011251602325114e-10 1.086369454246294547e-11 1.951234588629472689e-10 1.820988573091844559e-09 0.000000000000000000e+00
0.000000000000000000e+00 0.000000000000000000e+00 0.000000000000000000e+00 0.000000000000000000e+00 0.000000000000000000e+00 0.000000000000000000e+00 5.088509155329022564e-09 5.997309854213588761e-09 1.262172386239427237e-10 2.805682253949926875e-09 8.809118512539768121e-11 7.087640905783871855e-10 2.502800844278832738e-10 -5.794613737989208327e-11 7.136477965375039587e-11 2.145928464585118363e-11 -9.847876079305264007e-11 2.056816317921468500e-10 1.855043375122011495e-09 0.000000000000000000e+00
0.000000000000000000e+00 0.000000000000000000e+00 0.000000000000000000e+00 0.000000000000000000e+00 0.000000000000000000e+00 0.000000000000000000e+00 -2.652349876027327682e-08 -9.728962444631527753e-09 -2.547121981859020680e-08 -1.188149427020815492e-08 -1.339302687010949093e-08 -6.484026515045281810e-09 -3.814167028716041234e-09 -1.585878779250471227e-09 -5.324718838938159616e-10 -1.755747381809606248e-10 1.357775742172915101e-10 2.857566329906605804e-10 1.916753021237425216e-09 0.000000000000000000e+00
0.000000000000000000e+00 0.000000000000000000e+00 0.000000000000000000e+00 0.000000000000000000e+00 0.000000000000000000e+00 0.000000000000000000e+00 3.556428584513173289e-09 7.254138807655440728e-10 4.077240359123216081e-09 1.106191667650584215e-09 -6.910039109514841841e-10 1.834573119292839981e-10 -5.930939739583455856e-11 -1.825559357899186076e-10 7.778057696342122881e-12 8.665807605093509253e-12 -9.929879841412075178e-13 1.252946431471011823e-11 2.220237609082631336e-06 0.000000000000000000e+00
0.000000000000000000e+00 0.000000000000000000e+00 0.000000000000000000e+00 0.000000000000000000e+00 0.000000000000000000e+00 0.000000000000000000e+00 -6.554135612424603397e-08 -3.282980803792889312e-08 -3.760349644302287005e-08 -4.489764968164415937e-08 -2.257209270962834593e-08 -1.317132403143328514e-08 -7.695057967403277762e-09 -3.824343673200533079e-09 -1.718117539933209570e-09 -6.367882253742984859e-10 5.976594465845385124e-11 1.476121308026965076e-09 2.984376079109182293e-08 0.000000000000000000e+00
0.000000000000000000e+00 0.000000000000000000e+00 0.000000000000000000e+00 0.000000000000000000e+00 0.000000000000000000e+00 0.000000000000000000e+00 9.391979937510955850e-09 4.241277442841050072e-09 -4.317990444110893869e-09 7.401848414990151284e-11 3.244271918841367576e-09 -2.980226407008414346e-10 3.116233969730636084e-10 3.822095261430142178e-10 1.573960515493939457e-10 8.883603454120358090e-12 -1.730708723062096894e-09 1.442945872121010073e-09 3.002826896750314986e-08 0.000000000000000000e+00
0.000000000000000000e+00 0.000000000000000000e+00 0.000000000000000000e+00 0.000000000000000000e+00 0.000000000000000000e+00 0.000000000000000000e+00 -1.337112822498312454e-07 -6.680634817217690456e-08 -6.881315293401858977e-08 -8.897967568300331533e-08 -5.100351110219374847e-08 -2.804143045727585271e-08 -1.456320364471605529e-08 -6.872684442219565693e-09 -2.577358710072578194e-09 -9.254858829630348068e-10 -3.972639878676548995e-09 2.123729761298971587e-09 3.033685293015330424e-08 0.000000000000000000e+00
0.000000000000000000e+00 0.000000000000000000e+00 0.000000000000000000e+00 0.000000000000000000e+00 0.000000000000000000e+00 0.000000000000000000e+00 3.831149489895627542e-09 -5.827063059389404141e-09 8.118352116771043946e-09 -3.901201219632341159e-09 -6.455993709905978039e-10 3.808810947324195308e-10 -8.011593892711115270e-10 -6.533669437353922454e-10 -2.544891856284863036e-10 -1.544451115683155730e-10 -1.304017302399100635e-12 6.609474177864780608e-12 -1.018117834484682483e-05 0.000000000000000000e+00
0.000000000000000000e+00 0.000000000000000000e+00 0.000000000000000000e+00 0.000000000000000000e+00 0.000000000000000000e+00 0.000000000000000000e+00 1.998767382729891265e-09 -1.934833675702233285e-09 -2.382770923097104417e-09 -3.648599054554205302e-10 -4.108518540404949169e-10 -2.315366831063099638e-11 -5.211196305016513975e-10 -1.017662409073255108e-10 -9.112486475940489154e-11 -1.011261275110116944e-10 -5.199762649298310244e-11 -3.249699116288063672e-09 -4.804230330905436425e-05 0.000000000000000000e+00
0.000000000000000000e+00 0.000000000000000000e+00 0.000000000000000000e+00 0.000000000000000000e+00 0.000000000000000000e+00 0.000000000000000000e+00 -2.268980989821855303e-09 -2.198809672846140467e-09 -2.308641306112875896e-09 -3.278240055647513655e-09 4.067672081819282673e-10 -3.574835442707082906e-11 -1.335460780804175291e-09 -2.014266585564759270e-10 -1.356513687593835271e-12 -1.442461232395563560e-11 -7.091744605141063520e-07 -4.325786276807506541e-09 -4.801087587760147489e-05 0.000000000000000000e+00
0.000000000000000000e+00 0.000000000000000000e+00 0.000000000000000000e+00 0.000000000000000000e+00 0.000000000000000000e+00 0.000000000000000000e+00 5.651564995858059154e-10 3.117713662295334123e-09 -6.933322802438486532e-09 1.282446570619269463e-09 -7.793977883364547909e-10 4.258672983636367426e-10 -4.880008372085333246e-10 -1.817862345257151913e-10 4.682793506691147181e-11 -6.137555911733470967e-12 -2.539701393260708723e-04 -4.161726308980425203e-09 -4.802707918792153253e-05 0.000000000000000000e+00
0.000000000000000000e+00 0.000000000000000000e+00 0.000000000000000000e+00 0.000000000000000000e+00 0.000000000000000000e+00 0.000000000000000000e+00 1.998767382729891265e-09 -1.934833675702233285e-09 -2.382770923097104417e-09 -3.648599054554205302e-10 -4.108518540404949169e-10 -2.315366831063099638e-11 -5.211196305016513975e-10 -1.017662409073255108e-10 -9.112486475940489154e-11 -1.011261275110116944e-10 -5.199762649298310244e-11 -3.249699116288063672e-09 -4.804230330905436425e-05 0.000000000000000000e+00
0.000000000000000000e+00 0.000000000000000000e+00 0.000000000000000000e+00 0.000000000000000000e+00 0.000000000000000000e+00 0.000000000000000000e+00 1.128607214626608185e-09 1.267799740108054795e-09 2.295588355386333199e-09 3.229501065679730449e-09 2.570560057502848149e-09 3.006596654012389390e-09 2.626275522731048102e-09 2.108727117861828288e-09 1.245218988946988550e-09 3.533619623897198288e-10 7.621064478267439029e-11 1.109382469388663597e-08 1.156424461681610123e-06 0.000000000000000000e+00
0.000000000000000000e+00 0.000000000000000000e+00 0.000000000000000000e+00 0.000000000000000000e+00 0.000000000000000000e+00 0.000000000000000000e+00 8.065233317634515817e-11 7.287075858624301179e-11 2.266595823680175144e-10 2.061178505812519528e-10 2.874124107852118734e-10 2.571758595126151005e-10 1.721091006965806698e-10 9.549802997967624339e-11 5.222547760759131795e-11 3.858851909936478419e-11 6.835253862768580906e-07 1.634557338777990126e-08 1.185289299021488954e-06 0.000000000000000000e+00
0.000000000000000000e+00 0.000000000000000000e+00 0.000000000000000000e+00 0.000000000000000000e+00 0.000000000000000000e+00 0.000000000000000000e+00 4.159118035854958206e-09 3.927115240095088416e-09 8.332322716207801800e-09 1.207653661811080260e-08 1.149535520685093029e-08 1.373674983302407638e-08 9.758711472209835583e-09 6.892674461356735391e-09 3.321590423868759824e-09 8.888801636929133355e-10 1.049440295455498210e-05 2.361831434885350806e-08 1.208897171905200804e-06 0.000000000000000000e+00
0.000000000000000000e+00 0.000000000000000000e+00 0.000000000000000000e+00 0.000000000000000000e+00 0.000000000000000000e+00 0.000000000000000000e+00 5.465571656267121075e-11 3.036633096846429484e-10 4.764337839467031406e-10 5.395488738831067359e-10 4.019261621847421266e-10 5.051959782668339535e-10 4.080609011229631970e-10 3.307218413141785440e-10 2.178986136269589465e-10 9.004577381839003296e-11 2.172413547639496960e-11 1.341162324675943998e-09 8.812196995380583076e+01 0.000000000000000000e+00
0.000000000000000000e+00 0.000000000000000000e+00 0.000000000000000000e+00 0.000000000000000000e+00 0.000000000000000000e+00 0.000000000000000000e+00 -4.563638801299934392e-09 -6.140160053259781106e-09 -1.141103857446986810e-09 -3.255781193361437665e-09 -3.645187341924086256e-09 -1.261653870648257677e-09 -9.905420656252757207e-10 -7.226648981759673585e-10 -4.782287351915051970e-10 -1.619749047622110534e-10 1.447898848960202206e-11 2.567839333728163311e-10 1.893249129523684902e-09 0.000000000000000000e+00
0.000000000000000000e+00 0.000000000000000000e+00 0.000000000000000000e+00 0.000000000000000000e+00 0.000000000000000000e+00 0.000000000000000000e+00 -5.116065559620298834e-10 -3.143424509870364170e-09 -7.967938257392332966e-10 1.310432452148269474e-09 -1.321916331681531740e-09 1.237545315230174874e-11 -6.627182458989413499e-11 -1.208840402937568928e-11 -2.450967611282086651e-12 -2.556286292208788890e-11 2.820177514846487460e-11 2.749273312071560024e-10 1.933240613997910997e-09 0.000000000000000000e+00
0.000000000000000000e+00 0.000000000000000000e+00 0.000000000000000000e+00 0.000000000000000000e+00 0.000000000000000000e+00 0.000000000000000000e+00 -8.206590976710270559e-09 -8.916209447487913686e-09 -1.494287553876643215e-09 -7.736072873117593590e-09 -6.594177533518721304e-09 -2.825478298390336641e-09 -1.811721296866682053e-09 -1.275571141753156454e-09 -7.794927246648752234e-10 -2.586667198506392185e-10 -1.992391603650208277e-10 3.607907727609898351e-10 1.969418134306366946e-09 0.000000000000000000e+00
0.000000000000000000e+00 0.000000000000000000e+00 0.000000000000000000e+00 0.000000000000000000e+00 0.000000000000000000e+00 0.000000000000000000e+00 -4.680349647325844779e-10 -4.025743238386044227e-09 -9.001171024771956454e-11 9.965592143044314099e-11 -1.707892032077254551e-09 -2.571957014293925782e-10 -2.362231468821859840e-10 -2.281267686293157403e-10 -1.458870267949504008e-10 -6.009926019380773628e-11 1.902021021142942221e-12 7.278314708621742985e-11 -2.952687476537645701e-07 0.000000000000000000e+00
0.000000000000000000e+00 0.000000000000000000e+00 0.000000000000000000e+00 0.000000000000000000e+00 0.000000000000000000e+00 0.000000000000000000e+00 -1.734397596853532530e-08 -2.890471301196744157e-08 -2.050570254109500243e-08 -1.408724826561290294e-08 -1.587102399391040024e-08 -6.524527853867026915e-09 9.141378987251699314e-11 -1.607769277708926031e-09 -7.540484045378594133e-11 8.049604571441974367e-11 3.372674013375926169e-11 2.467694274553896329e-10 -3.382666497248035020e-09 0.000000000000000000e+00
0.000000000000000000e+00 0.000000000000000000e+00 0.000000000000000000e+00 0.000000000000000000e+00 0.000000000000000000e+00 0.000000000000000000e+00 6.984168853416094972e-10 -4.885450100464106174e-09 -8.200092419108605343e-09 3.881622081986423208e-09 -2.352028503473441957e-09 -8.667293885819406354e-10 -5.422667053416116696e-10 5.367992443154253322e-11 4.058834561922262438e-11 -3.041926450623286362e-12 8.533673858880134960e-10 2.750624010216272715e-10 -3.394330607890162763e-09 0.000000000000000000e+00
0.000000000000000000e+00 0.000000000000000000e+00 0.000000000000000000e+00 0.000000000000000000e+00 0.000000000000000000e+00 0.000000000000000000e+00 -3.357409331919448627e-08 -5.082104546398696012e-08 -3.239440022837945239e-08 -3.120845404437665472e-08 -3.142889705868222419e-08 -1.355848548774518088e-08 9.594763069176849298e-10 -2.815103548478358894e-09 -1.675909372724490255e-10 1.231053819642144463e-10 1.345185562814883109e-08 3.119281047672377480e-10 -3.350564446053557931e-09 0.000000000000000000e+00
0.000000000000000000e+00 0.000000000000000000e+00 0.000000000000000000e+00 0.000000000000000000e+00 0.000000000000000000e+00 0.000000000000000000e+00 1.552626013781432858e-09 -9.868900569567707932e-09 -7.317500666280215002e-09 -1.135554791597683956e-09 -5.792116115869112273e-09 -1.602842797062347962e-09 3.106335467245461192e-10 -3.764051491963060959e-10 3.161052548984008711e-11 3.158348503662850536e-11 2.825409984399513652e-11 1.502777442732918279e-10 -1.190401327748524618e-06 0.000000000000000000e+00
0.000000000000000000e+00 0.000000000000000000e+00 0.000000000000000000e+00 0.000000000000000000e+00 0.000000000000000000e+00 0.000000000000000000e+00 -6.610997933157861770e-10 -7.563666348641578640e-10 -6.280176392537480513e-10 -5.526325536634414536e-10 -3.233452809638711127e-10 -2.412123784984366025e-10 -2.491749375891296427e-10 -3.080741583155213611e-10 -1.546948997505588742e-10 -6.604945679807546467e-11 -1.257836577567686872e-10 -3.077802661164948774e-09 -7.093572600425697444e-06 0.000000000000000000e+00
0.000000000000000000e+00 0.000000000000000000e+00 0.000000000000000000e+00 0.000000000000000000e+00 0.000000000000000000e+00 0.000000000000000000e+00 -2.862468999428086945e-09 -1.541199379042594215e-09 -1.003698935268392470e-09 -5.076501040995123171e-10 -3.714899388202269489e-10 -4.947037547231195246e-10 -1.658039857332315632e-10 -2.966101381170754598e-10 -7.657305889558304156e-11 -1.932026818877627122e-11 1.835054123699072359e-05 -3.821005930118020152e-09 -7.101403369992517779e-06 0.000000000000000000e+00
0.000000000000000000e+00 0.000000000000000000e+00 0.000000000000000000e+00 0.000000000000000000e+00 0.000000000000000000e+00 0.000000000000000000e+00 -4.822117582865792710e-11 -1.213926250237599006e-10 -2.306003215470910355e-10 -1.515957865500470644e-09 -4.092872527044291095e-10 -5.158591913084258406e-10 -6.573969770992656858e-10 -6.277208228630109758e-10 -3.607123983014910891e-10 2.587173232525501174e-11 -1.223393050968486458e-04 -4.109712926929107579e-09 -7.098038803401834862e-06 0.000000000000000000e+00
0.000000000000000000e+00 0.000000000000000000e+00 0.000000000000000000e+00 0.000000000000000000e+00 0.000000000000000000e+00 0.000000000000000000e+00 -6.610997933157861770e-10 -7.563666348641578640e-10 -6.280176392537480513e-10 -5.526325536634414536e-10 -3.233452809638711127e-10 -2.412123784984366025e-10 -2.491749375891296427e-10 -3.080741583155213611e-10 -1.546948997505588742e-10 -6.604945679807546467e-11 -1.257836577567686872e-10 -3.077802661164948774e-09 -7.093572600425697444e-06 0.000000000000000000e+00
0.000000000000000000e+00 0.000000000000000000e+00 0.000000000000000000e+00 0.000000000000000000e+00 0.000000000000000000e+00 0.000000000000000000e+00 1.498632667466535443e-10 1.285561245967232907e-10 8.165234294041615042e-11 5.224577000752819159e-11 4.316296521492301868e-11 2.867866795549127711e-11 2.340016142608098606e-11 1.420288630678676385e-11 6.939657129736667917e-12 1.871993408569837853e-12 4.146099611459610406e-13 4.128469373005738185e-11 2.711570325797779929e-07 0.000000000000000000e+00
0.000000000000000000e+00 0.000000000000000000e+00 0.000000000000000000e+00 0.000000000000000000e+00 0.000000000000000000e+00 0.000000000000000000e+00 7.918043415903075572e-11 3.204432003909407371e-11 9.599795428492687231e-11 3.388555687530325890e-11 3.163434515621994022e-11 3.048256871970501324e-11 1.793442828915462514e-11 9.097487170183224529e-12 2.758969237846797360e-12 6.029177803697531574e-13 2.849848789683920044e-09 6.989488676058279589e-11 2.724004214344439092e-07 0.000000000000000000e+00
0.000000000000000000e+00 0.000000000000000000e+00 0.000000000000000000e+00 0.000000000000000000e+00 0.000000000000000000e+00 0.000000000000000000e+00 3.530886806463181722e-10 3.503526625725915670e-10 2.099711493325437289e-10 1.913016100174851376e-10 1.365006611063900130e-10 7.266601232379703766e-11 4.694897114448257514e-11 2.275401937779575744e-11 9.246781702718972236e-12 2.186516629955533156e-12 -6.545319034555779608e-08 8.249991553479574581e-11 2.716346914260074131e-07 0.000000000000000000e+00
0.000000000000000000e+00 0.000000000000000000e+00 0.000000000000000000e+00 0.000000000000000000e+00 0.000000000000000000e+00 0.000000000000000000e+00 4.913563035148609189e-11 3.459018293861652542e-11 2.426018972343407045e-11 1.280075432013323968e-11 1.205131953413574268e-11 1.259499982764561950e-11 1.107380445053176492e-11 8.810838476210058582e-12 4.634428467021221801e-12 1.357620594551990140e-12 3.237344227641417142e-13 2.618257916825342488e-11 6.817472162196935415e+00 0.000000000000000000e+00
0.000000000000000000e+00 0.000000000000000000e+00 0.000000000000000000e+00 0.000000000000000000e+00 0.000000000000000000e+00 0.000000000000000000e+00 -1.524436876071062819e-09 -7.179057431636325947e-10 -9.525389896033982768e-10 -3.657318317836310692e-10 -3.335437759010891298e-10 -2.968061371102091181e-10 -1.505447930909397443e-10 -7.139387497701787827e-11 -3.280764148036419901e-11 -9.690313371107866482e-12 1.035281523302032340e-12 2.053158566515072903e-11 6.456752380593428589e-11 0.000000000000000000e+00
0.000000000000000000e+00 0.000000000000000000e+00 0.000000000000000000e+00 0.000000000000000000e+00 0.000000000000000000e+00 0.000000000000000000e+00 -7.825332295907079324e-10 -1.545601241533152651e-10 -9.359699805172711290e-10 1.612864664400970327e-10 2.133506665226976798e-10 -4.783597738263009007e-11 1.484219251607154377e-11 5.384003570614189966e-12 -2.222439869419680753e-12 -3.457363805677388460e-13 -1.838938556158211157e-11 2.291784798721237438e-11 6.903864655488827280e-11 0.000000000000000000e+00
0.000000000000000000e+00 0.000000000000000000e+00 0.000000000000000000e+00 0.000000000000000000e+00 0.000000000000000000e+00 0.000000000000000000e+00 -2.203601144971364407e-09 -1.229865105206984396e-09 -9.954405342880121795e-10 -9.152293910682695616e-10 -9.175182682859124038e-10 -6.034508296272052029e-10 -3.061844599063499057e-10 -1.367806234752037809e-10 -4.978325446097935375e-11 -1.517117771151172947e-11 -3.159336582357170255e-11 2.761971497690950292e-11 7.064960949036626080e-11 0.000000000000000000e+00
0.000000000000000000e+00 0.000000000000000000e+00 0.000000000000000000e+00 0.000000000000000000e+00 0.000000000000000000e+00 0.000000000000000000e+00 -9.508974360830725989e-10 -4.687113141820973482e-10 -5.399806452227176659e-10 4.551646329144155680e-12 3.042449192305730579e-11 -9.051600815888381546e-11 -1.901383287179053359e-11 -2.475916059297280710e-11 -1.117151904775029966e-11 -2.599607189436345055e-12 4.623732541950742807e-13 9.640029055817589448e-12 4.251686766871407113e-07 0.000000000000000000e+00
0.000000000000000000e+00 0.000000000000000000e+00 0.000000000000000000e+00 0.000000000000000000e+00 0.000000000000000000e+00 0.000000000000000000e+00 -9.171097615717762945e-09 -8.776817586364310952e-09 -6.066313189664562810e-09 -1.528942949589584211e-09 -2.037174651231818489e-09 -1.030399380016977270e-09 -5.165808017454830644e-10 -1.265078426501155644e-10 -6.909761630074785816e-11 -2.681325786243700055e-11 -5.100111207613905977e-12 3.601883962433771289e-11 -9.483152950721993413e-10 0.000000000000000000e+00
0.000000000000000000e+00 0.000000000000000000e+00 0.000000000000000000e+00 0.000000000000000000e+00 0.000000000000000000e+00 0.000000000000000000e+00 -6.786167883339230953e-09 -6.041763889021426919e-09 -2.729269590785576798e-09 3.276240476986998670e-09 7.684401012582182429e-10 6.239345418204675654e-11 -9.121541858402234195e-11 4.881347524793028931e-11 8.027840385046728991e-12 -1.184122090863351510e-11 -1.912092652118957947e-10 4.692797266160477282e-11 -9.340304997573656790e-10 0.000000000000000000e+00
0.000000000000000000e+00 0.000000000000000000e+00 0.000000000000000000e+00 0.000000000000000000e+00 0.000000000000000000e+00 0.000000000000000000e+00 -1.136727761592016717e-08 -1.135596532107009322e-08 -9.269934965016643029e-09 -6.097186102814224483e-09 -5.065404528666487679e-09 -2.305518784212876003e-09 -8.444876637271209146e-10 -2.858108989982782252e-10 -9.987095578295142224e-11 -3.555855908461642110e-11 8.216730992786803829e-10 5.097238626697211657e-11 -9.349889137715926601e-10 0.000000000000000000e+00
0.000000000000000000e+00 0.000000000000000000e+00 0.000000000000000000e+00 0.000000000000000000e+00 0.000000000000000000e+00 0.000000000000000000e+00 -6.985711584555852599e-09 -7.881984213084849789e-09 -2.952526023217048082e-09 1.212074220302549905e-09 -4.964387570688313726e-10 -1.274363444850885003e-10 -9.210984039068963374e-11 -3.499538803398835583e-11 -9.785145573863659859e-12 -9.002128486021572244e-12 -4.452889717940178933e-12 2.334595052521158678e-11 3.400660875024581277e-06 0.000000000000000000e+00
0.000000000000000000e+00 0.000000000000000000e+00 0.000000000000000000e+00 0.000000000000000000e+00 0.000000000000000000e+00 0.000000000000000000e+00 6.258065185349596756e-10 1.402106000595241337e-10 -3.170835800448529678e-10 -2.153888103433164699e-10 3.221775564290248959e-12 2.342729085925753250e-11 -4.302665418685765087e-11 -8.709436578873043943e-12 -1.808594383283545802e-11 -9.348493054141410222e-12 -9.137972681880997666e-12 -3.864680874471714078e-10 -1.848874271452094458e-06 0.000000000000000000e+00
0.000000000000000000e+00 0.000000000000000000e+00 0.000000000000000000e+00 0.000000000000000000e+00 0.000000000000000000e+00 0.000000000000000000e+00 -1.765712060070190174e-10 2.749329708306743613e-10 -3.226829759788805568e-10 -6.946894602031211068e-11 -5.730702265844316723e-11 6.061083794005649122e-12 8.406171458052377994e-11 -4.578185824648579503e-11 -4.664083346586535774e-12 -1.115904657981023604e-11 3.927095698055718163e-06 -4.374068902397711667e-10 -1.851769387489356574e-06 0.000000000000000000e+00
0.000000000000000000e+00 0.000000000000000000e+00 0.000000000000000000e+00 0.000000000000000000e+00 0.000000000000000000e+00 0.000000000000000000e+00 1.230336720899637686e-09 1.157353765927748260e-09 -2.576566121966537130e-10 -6.021684492629503539e-10 8.245168266911761478e-11 -8.917245075684707980e-11 -9.302117899439474739e-11 -7.356848362733443014e-11 -3.645823218649989854e-11 -9.273882042717198998e-12 3.732872391933574416e-05 -4.312842918625433184e-10 -1.851119320044203622e-06 0.000000000000000000e+00
0.000000000000000000e+00 0.000000000000000000e+00 0.000000000000000000e+00 0.000000000000000000e+00 0.000000000000000000e+00 0.000000000000000000e+00 6.258065185349596756e-10 1.402106000595241337e-10 -3.170835800448529678e-10 -2.153888103433164699e-10 3.221775564290248959e-12 2.342729085925753250e-11 -4.302665418685765087e-11 -8.709436578873043943e-12 -1.808594383283545802e-11 -9.348493054141410222e-12 -9.137972681880997666e-12 -3.864680874471714078e-10 -1.848874271452094458e-06 0.000000000000000000e+00
0.000000000000000000e+00 0.000000000000000000e+00 0.000000000000000000e+00 0.000000000000000000e+00 0.000000000000000000e+00 0.000000000000000000e+00 1.295109953688288081e-02 1.075974721044277785e-02 8.997694974331459788e-03 6.867441877597539948e-03 4.702484118174009471e-03 3.267862310086852747e-03 6.409835222388894204e-04 7.130481377658780045e-04 3.769988699105770828e-04 3.647900386079903082e-05 1.878142175121850631e-04 7.196828377461283533e-04 2.470803035515560797e+00 0.000000000000000000e+00
0.000000000000000000e+00 0.000000000000000000e+00 0.000000000000000000e+00 0.000000000000000000e+00 0.000000000000000000e+00 0.000000000000000000e+00 9.752454172189521132e-04 8.477614939828228982e-04 7.083489702817662029e-04 7.195955752798583209e-04 7.637655252542033214e-04 1.058277504236487246e-03 1.433901291373873826e-03 1.147514516933246511e-03 1.158370999169950971e-04 6.339534950622876662e-05 1.808662066767222854e+00 2.219535247956588766e-03 2.611044936447457943e+00 0.000000000000000000e+00
0.000000000000000000e+00 0.000000000000000000e+00 0.000000000000000000e+00 0.000000000000000000e+00 0.000000000000000000e+00 0.000000000000000000e+00 4.259038638511716823e-02 3.644395997446143315e-02 3.122021921460072652e-02 2.717810297125959618e-02 2.367434353297947700e-02 2.129617653624571103e-02 4.791127264917460424e-03 3.595988468288792992e-04 2.651021278601950037e-04 9.475799422093183404e-05 5.038044051660022227e+00 2.327996461096317523e-03 2.494671119176864238e+00 0.000000000000000000e+00
0.000000000000000000e+00 0.000000000000000000e+00 0.000000000000000000e+00 0.000000000000000000e+00 0.000000000000000000e+00 0.000000000000000000e+00 2.100321788728618053e-03 1.685580833549365706e-03 1.397576299213878267e-03 9.573480710105304733e-04 5.289825524554588737e-04 2.450155124902305488e-04 5.106443427093626097e-04 9.686568740685957447e-04 2.265231926918003002e-04 3.131032379082371244e-05 1.876476991410709790e-04 2.502378855824456422e-03 -2.591452285067621619e+06 0.000000000000000000e+00
0.000000000000000000e+00 0.000000000000000000e+00 0.000000000000000000e+00 0.000000000000000000e+00 0.000000000000000000e+00 0.000000000000000000e+00 -7.181783002955932971e-06 -4.080879201094718200e-06 -3.289029765663447508e-06 -4.544358709056400634e-06 2.305474057290179945e-06 7.424354137231912311e-07 1.775797586109183259e-08 6.450839447110270274e-08 -2.621888427652110042e-09 -1.415018248115018339e-09 1.591856376038017995e-09 -2.289121629971572153e-10 -1.812558464668160989e-08 0.000000000000000000e+00
0.000000000000000000e+00 0.000000000000000000e+00 0.000000000000000000e+00 0.000000000000000000e+00 0.000000000000000000e+00 0.000000000000000000e+00 6.418594962482933914e-07 5.300656383562333938e-06 3.170203588019749041e-06 1.292206737320056982e-06 1.101950602178162955e-06 2.358303897578687499e-07 -5.814979374518862870e-08 7.548239278519035023e-08 6.131465226336447851e-09 -2.178303738465063729e-09 1.448118489668584808e-07 1.775086884364512082e-09 -1.845051287229100076e-08 0.000000000000000000e+00
0.000000000000000000e+00 0.000000000000000000e+00 0.000000000000000000e+00 0.000000000000000000e+00 0.000000000000000000e+00 0.000000000000000000e+00 -1.421700406719254756e-05 -1.247499788058662276e-05 -9.213763468470159004e-06 -1.019525959486312763e-05 3.774268325380777513e-06 1.370525469299953854e-06 1.224957372062554470e-07 3.405700562995604343e-10 -1.525438951349446873e-09 -3.872730505943805842e-09 -2.787720546207648644e-07 1.284648540396752646e-09 -1.817386221056717300e-08 0.000000000000000000e+00
0.000000000000000000e+00 0.000000000000000000e+00 0.000000000000000000e+00 0.000000000000000000e+00 0.000000000000000000e+00 0.000000000000000000e+00 -2.328872915459962986e-06 4.067423672726876573e-07 -8.073222141191241891e-08 -1.120851545391378377e-06 1.163717813122002710e-06 3.046641655298728394e-07 -5.501814085872394251e-09 7.934870716446096318e-08 9.722375029517708282e-10 -1.081484589101953839e-09 1.604418884716494830e-09 3.339115426216575714e-10 -2.174603076089158055e-05 0.000000000000000000e+00
0.000000000000000000e+00 0.000000000000000000e+00 0.000000000000000000e+00 0.000000000000000000e+00 0.000000000000000000e+00 0.000000000000000000e+00 -2.934995138828635521e-05 -8.200633194954911717e-06 2.704485333502112146e-05 -1.010492330685655536e-05 3.284282988954302217e-06 3.455909763523499999e-06 7.232834850815923988e-07 -3.804944300986916902e-07 2.387777008129949740e-07 1.496621611910383095e-11 2.368903924038255433e-08 1.911544158998701302e-08 -3.077403620220227684e-07 0.000000000000000000e+00
0.000000000000000000e+00 0.000000000000000000e+00 0.000000000000000000e+00 0.000000000000000000e+00 0.000000000000000000e+00 0.000000000000000000e+00 8.378268580582304504e-06 1.628290118939375932e-06 9.231305409312931727e-06 5.218897644462085745e-06 4.392631632432437065e-06 2.302955951185647334e-07 -1.148974628344493386e-06 -5.772189139164992350e-07 1.453774852916621414e-07 1.658625854693641389e-09 -3.943268725048025027e-06 4.668302233764599622e-08 -3.070760940925019136e-07 0.000000000000000000e+00
0.000000000000000000e+00 0.000000000000000000e+00 0.000000000000000000e+00 0.000000000000000000e+00 0.000000000000000000e+00 0.000000000000000000e+00 -6.325222909871757338e-05 -1.705944254785121301e-05 4.430751276157202735e-05 -2.463131747720026543e-05 2.581999953675283201e-06 7.340389552158608888e-06 2.838673551207426839e-06 3.347404575946244960e-08 1.223985809936659126e-07 7.484081451285800683e-10 -7.829930218010335832e-06 3.434049399418330606e-08 -2.915454054900994517e-07 0.000000000000000000e+00
0.000000000000000000e+00 0.000000000000000000e+00 0.000000000000000000e+00 0.000000000000000000e+00 0.000000000000000000e+00 0.000000000000000000e+00 -7.356548022834000206e-06 -2.466967673127113596e-06 1.256908309236807874e-05 -1.697057963462433720e-06 2.793501787975080021e-06 9.386029691140084880e-07 -5.200705948783600985e-07 -4.721142774309694243e-07 2.086698866709658054e-07 5.290556410668141607e-10 2.404464518126872396e-08 4.195773994930018193e-08 -4.404170309532176044e-04 0.000000000000000000e+00
0.000000000000000000e+00 0.000000000000000000e+00 0.000000000000000000e+00 0.000000000000000000e+00 0.000000000000000000e+00 0.000000000000000000e+00 1.402761270959092485e-08 -1.171588370021448940e-08 1.976172435299157729e-09 -1.639429786676675009e-08 2.555071860114649674e-08 4.931945897936363921e-09 1.289733173406997741e-08 -1.896603005852835756e-08 -7.030246520854063241e-08 -1.039194700249851492e-08 9.048888233455425352e-09 -7.119964116918999751e-08 -2.891892026631831905e-04 0.000000000000000000e+00
0.000000000000000000e+00 0.000000000000000000e+00 0.000000000000000000e+00 0.000000000000000000e+00 0.000000000000000000e+00 0.000000000000000000e+00 -1.031089782566507580e-07 -1.366956092626538854e-07 -6.479836909584120635e-08 5.297206424900909811e-08 -1.033024405298580609e-07 -1.124156586993706555e-07 -1.510095513450674711e-07 -5.674612590182383016e-08 -8.692873312536727657e-08 -4.232710690300749811e-08 -2.971001766002708770e-03 -1.737386575979738061e-07 -2.922307829220777945e-04 0.000000000000000000e+00
0.000000000000000000e+00 0.000000000000000000e+00 0.000000000000000000e+00 0.000000000000000000e+00 0.000000000000000000e+00 0.000000000000000000e+00 4.807375280034223257e-08 -6.168949673534224645e-08 -5.053387372151998592e-08 -1.137195113169750167e-07 -1.625335086879069887e-07 4.343493817248150260e-08 1.381747740083312628e-07 -1.267945647396910971e-08 -6.541044391717020715e-08 -1.161124368372124814e-07 -2.482086280515207518e-03 -2.044064010665928133e-07 -2.930129184712422508e-04 0.000000000000000000e+00
0.000000000000000000e+00 0.000000000000000000e+00 0.000000000000000000e+00 0.000000000000000000e+00 0.000000000000000000e+00 0.000000000000000000e+00 1.402761270959092485e-08 -1.171588370021448940e-08 1.976172435299157729e-09 -1.639429786676675009e-08 2.555071860114649674e-08 4.931945897936363921e-09 1.289733173406997741e-08 -1.896603005852835756e-08 -7.030246520854063241e-08 -1.039194700249851492e-08 9.048888233455425352e-09 -7.119964116918999751e-08 -2.891892026631831905e-04 0.000000000000000000e+00
0.000000000000000000e+00 0.000000000000000000e+00 0.000000000000000000e+00 0.000000000000000000e+00 0.000000000000000000e+00 0.000000000000000000e+00 3.332495996330979656e-07 1.105250351886550823e-07 2.816466753565134474e-08 1.965363713413565306e-08 5.697414925066559908e-09 2.870906539878116858e-09 2.635173588232177075e-09 2.239019272381811404e-09 1.141445499571340154e-09 2.944851449893601481e-10 5.118109829307128380e-10 3.708383527423177065e-09 5.589274255522164278e-05 0.000000000000000000e+00
0.000000000000000000e+00 0.000000000000000000e+00 0.000000000000000000e+00 0.000000000000000000e+00 0.000000000000000000e+00 0.000000000000000000e+00 1.960899677488742797e-08 7.909527890321389025e-09 6.111728805487900799e-09 4.093439442552639943e-09 2.742017191309241313e-09 3.108825964371568991e-09 2.660784642899177448e-09 1.654269692984547867e-09 5.358509820660299779e-10 4.163711110011124617e-10 2.991721578117294381e-06 7.430164976990846973e-09 5.656286323041834446e-05 0.000000000000000000e+00
0.000000000000000000e+00 0.000000000000000000e+00 0.000000000000000000e+00 0.000000000000000000e+00 0.000000000000000000e+00 0.000000000000000000e+00 1.250044491773925137e-06 4.642865658867973496e-07 1.159861529016344638e-07 7.631508275339600772e-08 2.159958156224152825e-08 8.824078916427071245e-09 4.592990512427812605e-09 2.368038243816307813e-09 7.477307841462347784e-10 4.816794681627443354e-10 1.579995109139307671e-05 7.295162439029862701e-09 5.609530877479765223e-05 0.000000000000000000e+00
0.000000000000000000e+00 0.000000000000000000e+00 0.000000000000000000e+00 0.000000000000000000e+00 0.000000000000000000e+00 0.000000000000000000e+00 4.669875667457163451e-08 1.174830325508971206e-08 4.405197161307203667e-09 4.015781831636765901e-09 1.764799248703188954e-09 1.347681414197409233e-09 1.561776845319442744e-09 1.610669421185635281e-09 9.380539602160497977e-10 2.735135444140421001e-10 5.108945234929630291e-10 7.774455113973628410e-09 -1.587550319084240300e+02 0.000000000000000000e+00
0.000000000000000000e+00 0.000000000000000000e+00 0.000000000000000000e+00 0.000000000000000000e+00 0.000000000000000000e+00 0.000000000000000000e+00 -4.369338654070982323e-09 -2.597766653475834174e-08 -1.544639644844991858e-09 -2.523363033653332423e-09 1.375424850220734891e-09 1.524084558953892203e-09 -2.479650867002649192e-11 6.988505300553846483e-12 -6.529873230640025355e-12 -5.970048000409568755e-13 -5.744844763233260785e-12 1.390119773078932813e-12 4.462721043440139480e-10 0.000000000000000000e+00
0.000000000000000000e+00 0.000000000000000000e+00 0.000000000000000000e+00 0.000000000000000000e+00 0.000000000000000000e+00 0.000000000000000000e+00 1.993855357403297652e-09 1.670315118679001426e-08 6.160245198856357271e-09 3.316448096821138984e-09 1.299174032168573849e-09 8.854802227091556529e-10 -2.314446525145067042e-10 5.059844409208548599e-11 -2.218622544587213152e-12 5.056130062691362883e-12 -1.229948363185138112e-10 1.176355340844252021e-12 4.518653451487476572e-10 0.000000000000000000e+00
0.000000000000000000e+00 0.000000000000000000e+00 0.000000000000000000e+00 0.000000000000000000e+00 0.000000000000000000e+00 0.000000000000000000e+00 -1.032713647134844147e-08 -6.444812048778132093e-08 -8.508855399203045086e-09 -8.031735451869426132e-09 1.422160124823856869e-09 2.488856343043315199e-09 2.178062333098151592e-10 -7.566884497254058379e-11 1.010738681814519384e-11 4.254311139769796651e-12 5.497971176698390344e-10 1.011722755621029745e-12 4.507080450152046809e-10 0.000000000000000000e+00
0.000000000000000000e+00 0.000000000000000000e+00 0.000000000000000000e+00 0.000000000000000000e+00 0.000000000000000000e+00 0.000000000000000000e+00 -2.476352708735313542e-09 -4.964293987878640123e-09 2.071175167681520346e-09 5.093323134045228538e-11 1.080760330515463307e-09 8.697825916379419253e-10 -1.142791951108406890e-10 4.466503452160270597e-11 -1.189930327719934710e-11 -2.079334432859273136e-12 -5.637561073290978895e-12 2.687879640215473853e-12 -7.729878221619992093e-07 0.000000000000000000e+00
0.000000000000000000e+00 0.000000000000000000e+00 0.000000000000000000e+00 0.000000000000000000e+00 0.000000000000000000e+00 0.000000000000000000e+00 -2.477127404234696081e-08 1.396804621688289650e-07 5.215513950054586902e-08 1.617858769127921157e-08 1.452268523548829588e-08 4.420270261710267880e-09 -1.452007952545090403e-09 -4.679451231214313863e-11 1.550982513222921764e-11 -1.314461521752440394e-11 1.436422851332996954e-11 5.792125329702193178e-11 8.736129666577096930e-09 0.000000000000000000e+00
0.000000000000000000e+00 0.000000000000000000e+00 0.000000000000000000e+00 0.000000000000000000e+00 0.000000000000000000e+00 0.000000000000000000e+00 4.495208689371874184e-08 3.021226178430688846e-08 1.535018302179109774e-08 9.649104069104351827e-09 8.943176947140068099e-09 3.252487762226887828e-09 -2.749544473741326596e-10 -3.001443942489437570e-12 1.979894890906789914e-11 4.468762797494759150e-11 3.419197172155700038e-09 6.171658599426103523e-11 8.661409851103147638e-09 0.000000000000000000e+00
0.000000000000000000e+00 0.000000000000000000e+00 0.000000000000000000e+00 0.000000000000000000e+00 0.000000000000000000e+00 0.000000000000000000e+00 -8.821925660372667011e-08 2.404288916945856417e-07 8.812038852472951471e-08 2.355015910613148146e-08 2.134977940688414953e-08 6.190415526456454161e-09 -2.354472545608164385e-09 -2.780170516841226955e-10 -1.270622400558752741e-10 1.667693587739465260e-11 -2.456116546717873608e-09 1.180263158563841504e-10 8.634069923915142000e-09 0.000000000000000000e+00
0.000000000000000000e+00 0.000000000000000000e+00 0.000000000000000000e+00 0.000000000000000000e+00 0.000000000000000000e+00 0.000000000000000000e+00 4.810353157653157136e-10 5.978660354602409993e-08 2.758530388694065557e-08 1.045077366030666404e-08 8.602951209717893533e-09 2.930281481851349236e-09 -4.525855669054441226e-10 1.337541451216192397e-10 -5.835028658460394072e-13 -1.692295139712665476e-11 1.399496614510997387e-11 -7.405423353867005708e-11 -1.664619843808597005e-05 0.000000000000000000e+00
0.000000000000000000e+00 0.000000000000000000e+00 0.000000000000000000e+00 0.000000000000000000e+00 0.000000000000000000e+00 0.000000000000000000e+00 5.194939339454169786e-10 -6.182552055996236757e-10 -3.293562927199761366e-10 -1.049900430254392900e-09 -5.565463761021731766e-10 8.541634093340622384e-11 -2.010409788024381092e-10 -1.661492958502060925e-10 7.896847628197286745e-11 4.697675628274786286e-11 1.990047478590393103e-11 4.116873752006713725e-10 -1.254635446657159356e-05 0.000000000000000000e+00
0.000000000000000000e+00 0.000000000000000000e+00 0.000000000000000000e+00 0.000000000000000000e+00 0.000000000000000000e+00 0.000000000000000000e+00 4.972286169548357421e-09 -9.891454533440015366e-10 7.540630191716521226e-10 1.176129166110460663e-09 1.336525639816422515e-09 1.119972762944142907e-09 2.336457990752738757e-10 -2.766229141400761469e-10 2.265982830333243109e-10 -8.439809490150335825e-11 4.189156496187296144e-05 2.704250521146975652e-10 -1.254416988199185823e-05 0.000000000000000000e+00
0.000000000000000000e+00 0.000000000000000000e+00 0.000000000000000000e+00 0.000000000000000000e+00 0.000000000000000000e+00 0.000000000000000000e+00 -3.523415883407607414e-09 -5.786434308443508730e-10 2.158393052198807181e-10 -1.926221156695009262e-10 -1.102901198036395604e-09 1.427719610313619974e-09 -1.788757988189926082e-10 -4.343809910685261367e-10 5.180094094277923039e-11 -1.166365054741035983e-11 1.553268141485506968e-04 2.235896302489047273e-10 -1.254674697850914434e-05 0.000000000000000000e+00
0.000000000000000000e+00 0.000000000000000000e+00 0.000000000000000000e+00 0.000000000000000000e+00 0.000000000000000000e+00 0.000000000000000000e+00 5.194939339454169786e-10 -6.182552055996236757e-10 -3.293562927199761366e-10 -1.049900430254392900e-09 -5.565463761021731766e-10 8.541634093340622384e-11 -2.010409788024381092e-10 -1.661492958502060925e-10 7.896847628197286745e-11 4.697675628274786286e-11 1.990047478590393103e-11 4.116873752006713725e-10 -1.254635446657159356e-05 0.000000000000000000e+00
0.000000000000000000e+00 0.000000000000000000e+00 0.000000000000000000e+00 0.000000000000000000e+00 0.000000000000000000e+00 0.000000000000000000e+00 8.076561405048371550e-16 1.008016482619360375e-15 8.406543343020953206e-16 5.865046364295217845e-16 5.077004052772434615e-16 3.418273838329128336e-16 2.513542009598207354e-16 1.313706945251276022e-16 5.687136486238155199e-17 1.749208676063361336e-17 9.647001570150789908e-18 1.382271402482965111e-16 3.427283962036951501e-13 0.000000000000000000e+00
0.000000000000000000e+00 0.000000000000000000e+00 0.000000000000000000e+00 0.000000000000000000e+00 0.000000000000000000e+00 0.000000000000000000e+00 4.389112635059027070e-16 8.146124158838164837e-16 1.035120497783226560e-15 7.313867057628033899e-16 7.404856957391384249e-16 4.663407341504245794e-16 2.753327111507745945e-16 1.199202209457594415e-16 3.742020059583340927e-17 1.411074218210916654e-17 2.473623438620044990e-14 2.694694135192925259e-16 3.498263367300282779e-13 0.000000000000000000e+00
0.000000000000000000e+00 0.000000000000000000e+00 0.000000000000000000e+00 0.000000000000000000e+00 0.000000000000000000e+00 0.000000000000000000e+00 2.146804585317837245e-15 2.385948198937222899e-15 1.243504564153598947e-15 7.969817301558205090e-16 6.298934555592663259e-16 4.009273497252568775e-16 2.040990539228368370e-16 8.765343712433783194e-17 3.087006942430212683e-17 1.345700347182722940e-17 1.194047121160671987e-13 2.035714685304628248e-16 3.428293702460006709e-13 0.000000000000000000e+00
0.000000000000000000e+00 0.000000000000000000e+00 0.000000000000000000e+00 0.000000000000000000e+00 0.000000000000000000e+00 0.000000000000000000e+00 2.450984433446538454e-16 4.104808385841037478e-16 4.615682231957525880e-16 3.318462745890144519e-16 3.223625081613731124e-16 2.327170273520377043e-16 1.886627453215463281e-16 1.080103051099054554e-16 5.217354426724372219e-17 1.747378791673860945e-17 9.744173788787216264e-18 1.821628163069386949e-16 1.016897379595550852e-08 0.000000000000000000e+00
0.000000000000000000e+00 0.000000000000000000e+00 0.000000000000000000e+00 0.000000000000000000e+00 0.000000000000000000e+00 0.000000000000000000e+00 1.580030961567264632e-12 6.168999441719137047e-13 -3.058956759163341294e-13 -1.584886242806728322e-12 3.619570118726360085e-13 3.190912301829967465e-13 -7.904934354316381473e-14 4.857531093073591087e-15 -8.721833899634207619e-15 -3.016327592439070738e-16 3.521032977607541661e-16 -3.632512089019266381e-16 -1.965721121532798269e-14 0.000000000000000000e+00
0.000000000000000000e+00 0.000000000000000000e+00 0.000000000000000000e+00 0.000000000000000000e+00 0.000000000000000000e+00 0.000000000000000000e+00 1.958813214933593279e-12 2.558713015664016160e-12 3.923852467654130483e-14 -1.439651918754969270e-12 5.112074517691764002e-13 4.545985047359012202e-13 -8.088205031948543713e-14 6.984234953066931248e-17 -5.509604746641421703e-15 1.523044330704343337e-15 -1.362833617922012185e-14 -4.615030167580585239e-16 -1.973175183332989870e-14 0.000000000000000000e+00
0.000000000000000000e+00 0.000000000000000000e+00 0.000000000000000000e+00 0.000000000000000000e+00 0.000000000000000000e+00 0.000000000000000000e+00 1.264499218712829851e-12 -1.098537870318099640e-12 -6.517650609233552165e-13 -1.892031855130226488e-12 2.879269302128015031e-13 2.302948766125871483e-13 -7.509825311041126525e-14 1.203872902658966602e-14 -5.176383019565677799e-15 1.532626629427457804e-15 9.764961273887838757e-14 -3.858459411826011929e-16 -1.928009253353396277e-14 0.000000000000000000e+00
0.000000000000000000e+00 0.000000000000000000e+00 0.000000000000000000e+00 0.000000000000000000e+00 0.000000000000000000e+00 0.000000000000000000e+00 1.266345913237939027e-12 1.181212262470547509e-12 -6.859227784412476552e-14 -1.123610416905546909e-12 3.076044485858921479e-13 2.894478133243370206e-13 -6.948854597068879291e-14 -2.916497299492382457e-16 -7.760066736974122533e-15 -2.859051612185219146e-16 3.262091472415403101e-16 -4.592221646432119191e-16 1.566815349790983701e-11 0.000000000000000000e+00
0.000000000000000000e+00 0.000000000000000000e+00 0.000000000000000000e+00 0.000000000000000000e+00 0.000000000000000000e+00 0.000000000000000000e+00 5.209874261550001980e-12 -7.526305306139680423e-12 -1.190805700510685350e-11 1.059789476676547246e-12 1.841461747766148583e-12 1.203830220464065910e-12 -4.776326335172122523e-13 -2.557489386431803565e-13 3.726295669520045484e-14 -7.988047950687069921e-15 -1.040386891553390479e-15 -2.005238211845837396e-14 -3.304996688648904756e-13 0.000000000000000000e+00
0.000000000000000000e+00 0.000000000000000000e+00 0.000000000000000000e+00 0.000000000000000000e+00 0.000000000000000000e+00 0.000000000000000000e+00 9.087767312970102962e-12 -1.301922040976994307e-11 -8.365552839389798774e-12 9.788474153440005631e-13 1.759652158108251868e-12 1.340368075365109538e-12 -4.943799648490971538e-13 -2.508839705492877782e-13 2.416265779688864982e-14 -1.483078060822704355e-16 -3.477347267577565044e-13 -3.135677632739100010e-14 -3.348813606781186074e-13 0.000000000000000000e+00
0.000000000000000000e+00 0.000000000000000000e+00 0.000000000000000000e+00 0.000000000000000000e+00 0.000000000000000000e+00 0.000000000000000000e+00 1.824220738376119673e-12 -2.788480149307150949e-12 -1.572789315751827099e-11 1.230063509832883463e-12 2.274552369417659751e-12 1.261681282593270698e-12 -4.490228209927493256e-13 -2.002242396802566240e-13 2.939389704113963932e-14 1.373041831414156420e-15 8.574909836403960413e-13 -2.533457461616071589e-14 -3.230139170615838079e-13 0.000000000000000000e+00
0.000000000000000000e+00 0.000000000000000000e+00 0.000000000000000000e+00 0.000000000000000000e+00 0.000000000000000000e+00 0.000000000000000000e+00 4.672975106481360911e-12 -7.360121285818408337e-12 -7.390456525876057786e-12 8.945033070536805501e-13 1.293580862959000139e-12 9.500820128735133221e-13 -4.199150649322498392e-13 -2.353676118564152857e-13 3.060951012856773769e-14 -8.518185997657515019e-15 -1.451956955998798472e-15 -2.397205069515436290e-14 -4.575023627596637303e-10 0.000000000000000000e+00
0.000000000000000000e+00 0.000000000000000000e+00 0.000000000000000000e+00 0.000000000000000000e+00 0.000000000000000000e+00 0.000000000000000000e+00 1.418106782378828060e-13 7.767696097257794355e-15 1.488388985497809469e-14 2.919979121521287106e-14 -3.398577143360555639e-14 6.074290281786380541e-15 -3.977519842583653593e-15 4.365915904429844964e-15 -5.360120397515541343e-17 1.228384677462332484e-15 6.017729747634854700e-16 -1.247202941810359589e-14 -4.976833855010556247e-10 0.000000000000000000e+00
0.000000000000000000e+00 0.000000000000000000e+00 0.000000000000000000e+00 0.000000000000000000e+00 0.000000000000000000e+00 0.000000000000000000e+00 1.831152024647605191e-13 1.380478255368214612e-14 5.978524107344078740e-14 5.791706645904024862e-14 -7.333105884468784721e-14 4.580852966059638728e-15 1.772084387692625587e-14 8.197555812217132026e-15 -8.436421291077945191e-16 6.863386715903725646e-15 2.212844363096424443e-09 4.118282133607482167e-15 -4.977238257459338915e-10 0.000000000000000000e+00
0.000000000000000000e+00 0.000000000000000000e+00 0.000000000000000000e+00 0.000000000000000000e+00 0.000000000000000000e+00 0.000000000000000000e+00 1.012145520694345330e-13 7.189571079466697602e-14 3.131314713915160784e-14 -1.055318719566626545e-13 -9.414390855636671500e-14 1.668035167746684877e-14 7.351628956525556903e-15 -8.539455413909273740e-15 4.717752646461727811e-15 7.059682662692375842e-15 1.475898478690618598e-08 2.014991956481785116e-14 -4.972242368375445191e-10 0.000000000000000000e+00
0.000000000000000000e+00 0.000000000000000000e+00 0.000000000000000000e+00 0.000000000000000000e+00 0.000000000000000000e+00 0.000000000000000000e+00 1.418106782378828060e-13 7.767696097257794355e-15 1.488388985497809469e-14 2.919979121521287106e-14 -3.398577143360555639e-14 6.074290281786380541e-15 -3.977519842583653593e-15 4.365915904429844964e-15 -5.360120397515541343e-17 1.228384677462332484e-15 6.017729747634854700e-16 -1.247202941810359589e-14 -4.976833855010556247e-10 0.000000000000000000e+00
0.000000000000000000e+00 0.000000000000000000e+00 0.000000000000000000e+00 0.000000000000000000e+00 0.000000000000000000e+00 0.000000000000000000e+00 4.305866757085985992e-09 2.832219512701301864e-09 6.694854126184944466e-09 5.488574434726382517e-09 3.733709779824627965e-09 3.960467396724737494e-09 3.784677497925226951e-09 2.775496826833874309e-09 1.544012029284507456e-09 3.881472771394594430e-10 8.609664375184919610e-11 1.381877869992418406e-08 -8.935294598819143452e-06 0.000000000000000000e+00
0.000000000000000000e+00 0.000000000000000000e+00 0.000000000000000000e+00 0.000000000000000000e+00 0.000000000000000000e+00 0.000000000000000000e+00 2.380179569527637159e-09 -3.051393373919205384e-09 3.051433860954450940e-09 1.919688143277757773e-09 -6.084527976145492176e-10 4.616648602965450504e-10 5.499284001430678033e-10 2.060498731099366458e-10 1.259938879558663646e-10 5.519575032992922333e-11 9.707419514850296001e-07 1.972277422114212912e-08 -8.906176303860331017e-06 0.000000000000000000e+00
0.000000000000000000e+00 0.000000000000000000e+00 0.000000000000000000e+00 0.000000000000000000e+00 0.000000000000000000e+00 0.000000000000000000e+00 1.305261402056483221e-08 1.318758380699079953e-08 1.750260901911686764e-08 2.081796938987799437e-08 1.951221435122973397e-08 1.833270225474274393e-08 1.386565680536129471e-08 8.936205402323011722e-09 3.960544815896914522e-09 9.619694678029705063e-10 8.726539844848444440e-06 2.967571704513828613e-08 -8.838629137923343509e-06 0.000000000000000000e+00
0.000000000000000000e+00 0.000000000000000000e+00 0.000000000000000000e+00 0.000000000000000000e+00 0.000000000000000000e+00 0.000000000000000000e+00 -5.918251325300489816e-10 -1.943908771026593449e-09 2.748760627954800528e-10 5.849204123327453309e-10 5.048557800179308674e-10 5.571625059260424058e-10 5.003671512502635621e-10 3.809882262126076910e-10 2.727685223675171654e-10 1.075495779450307543e-10 2.961581269825485565e-11 1.938711926361585209e-09 -2.201358785422604342e+04 0.000000000000000000e+00
0.000000000000000000e+00 0.000000000000000000e+00 0.000000000000000000e+00 0.000000000000000000e+00 0.000000000000000000e+00 0.000000000000000000e+00 -1.457330930923970359e-08 -4.375030589438637475e-09 -1.506305016988118930e-08 -7.370350199798080199e-09 -8.147819941292902566e-09 -3.069606045239041726e-09 -2.299202618498808397e-09 -1.359590209137170965e-09 -6.541453586015056629e-10 -2.198702828800772428e-10 1.978311317143366241e-11 3.328504996409619941e-10 1.766349435865317849e-09 0.000000000000000000e+00
0.000000000000000000e+00 0.000000000000000000e+00 0.000000000000000000e+00 0.000000000000000000e+00 0.000000000000000000e+00 0.000000000000000000e+00 -1.142566973010192203e-09 -9.366383814176343393e-10 2.410662176757572580e-09 1.376888758996406626e-09 -2.875672032772013447e-10 1.086484433041241648e-09 5.926372760013193913e-11 -5.683930870954620643e-11 2.870514133582481766e-11 -1.063589844319975531e-12 1.170441810739106399e-11 3.512607241187741549e-10 1.816508775448815988e-09 0.000000000000000000e+00
0.000000000000000000e+00 0.000000000000000000e+00 0.000000000000000000e+00 0.000000000000000000e+00 0.000000000000000000e+00 0.000000000000000000e+00 -2.675505842560546763e-08 -7.648197903577793001e-09 -3.102748409548848510e-08 -1.548132737227141687e-08 -1.674846662117945864e-08 -7.700655036182630119e-09 -4.452289061026778558e-09 -2.318759213348244685e-09 -1.047565814421889883e-09 -3.541078883782396584e-10 -4.336916247840772496e-10 4.740159276596525660e-10 1.887091395078337783e-09 0.000000000000000000e+00
0.000000000000000000e+00 0.000000000000000000e+00 0.000000000000000000e+00 0.000000000000000000e+00 0.000000000000000000e+00 0.000000000000000000e+00 -3.207495313353249512e-09 -4.857750678897689015e-09 3.346439979051252985e-09 -1.129488180292686852e-09 -1.968223633163524844e-09 1.052600550386239253e-10 -2.023865769303584170e-10 -3.250854484845246316e-10 -1.359778726970444142e-10 -3.994454432056482419e-11 1.887861196555737344e-12 5.902950429579101112e-11 -5.837653636134994585e-07 0.000000000000000000e+00
0.000000000000000000e+00 0.000000000000000000e+00 0.000000000000000000e+00 0.000000000000000000e+00 0.000000000000000000e+00 0.000000000000000000e+00 -7.877746146063682827e-08 -6.187410360206084635e-08 -5.494342686784922648e-08 -5.711989486621108070e-08 -3.389851578993487872e-08 -1.791227136714819674e-08 -5.996316582656842808e-09 -4.268300136669180700e-09 -1.581354991231494731e-09 -5.974790987154805440e-10 7.160688952483460161e-11 1.761660132531868183e-09 4.381149824871016920e-08 0.000000000000000000e+00
0.000000000000000000e+00 0.000000000000000000e+00 0.000000000000000000e+00 0.000000000000000000e+00 0.000000000000000000e+00 0.000000000000000000e+00 -1.596502545087740374e-08 -1.403239163760840541e-08 2.291809651630987397e-08 -8.419816259802300807e-09 3.425362315803614570e-09 4.689849224595850154e-10 -3.005573983214166442e-10 3.028702261904516391e-10 2.259430199968372837e-10 1.723217364656969589e-11 2.005065861331592195e-09 1.614444562433338411e-09 4.406272474514056834e-08 0.000000000000000000e+00
0.000000000000000000e+00 0.000000000000000000e+00 0.000000000000000000e+00 0.000000000000000000e+00 0.000000000000000000e+00 0.000000000000000000e+00 -1.359584021899399466e-07 -1.069596693132691566e-07 -1.272134476826965077e-07 -1.047059714901114732e-07 -7.539588650235536785e-08 -3.954041080728150611e-08 -1.060692676663867608e-08 -7.820542718476322229e-09 -2.578451603835397049e-09 -8.272816635286469375e-10 7.243329225376566332e-10 2.564707224133670865e-09 4.439577316088847514e-08 0.000000000000000000e+00
0.000000000000000000e+00 0.000000000000000000e+00 0.000000000000000000e+00 0.000000000000000000e+00 0.000000000000000000e+00 0.000000000000000000e+00 -3.373260711857115819e-08 -3.463463291703813644e-08 1.433493499286641899e-08 -1.315934807278832445e-08 -5.375065320883989688e-09 -2.317184000812144111e-10 1.371844267569463553e-10 -4.330408872036313809e-10 -6.644819914270427007e-11 -1.340910974109751286e-10 -4.494325992282938845e-12 -2.783700031600839788e-10 -6.899836641234845290e-05 0.000000000000000000e+00
0.000000000000000000e+00 0.000000000000000000e+00 0.000000000000000000e+00 0.000000000000000000e+00 0.000000000000000000e+00 0.000000000000000000e+00 5.129548987278628499e-09 -6.694652410482886348e-10 -2.660745196189061519e-09 -3.376003148078419728e-10 7.091180124919715814e-11 -4.249858689809471458e-10 -4.451027890756777402e-10 -2.425156186324488000e-10 -2.597789313888365034e-10 -1.214748549692803857e-10 -1.537089261505640278e-10 -5.203580250103785537e-09 -4.749735590724421031e-05 0.000000000000000000e+00
0.000000000000000000e+00 0.000000000000000000e+00 0.000000000000000000e+00 0.000000000000000000e+00 0.000000000000000000e+00 0.000000000000000000e+00 3.456806364665100231e-09 -1.077503545132080999e-08 -1.953279057999089855e-09 -7.629909469143485017e-11 -3.280507201804402186e-10 -2.272435321181178553e-10 -8.842827916528393067e-10 -6.473554120074626575e-10 -1.180667622690973540e-10 -4.555257063816658964e-11 -1.920865058134080009e-06 -6.671424112834142476e-09 -4.743917912488396341e-05 0.000000000000000000e+00
0.000000000000000000e+00 0.000000000000000000e+00 0.000000000000000000e+00 0.000000000000000000e+00 0.000000000000000000e+00 0.000000000000000000e+00 4.226612600158118623e-10 3.262734062838371273e-09 -3.960832210747378344e-09 -1.729937480746640381e-09 3.860021115583496490e-10 -1.671861426458336267e-09 -6.036655376461121175e-10 -3.208231438941619716e-10 -2.711735293867878133e-10 -6.884490700020037199e-11 -4.928324295094603470e-04 -6.541147220029512069e-09 -4.746820997888082723e-05 0.000000000000000000e+00
0.000000000000000000e+00 0.000000000000000000e+00 0.000000000000000000e+00 0.000000000000000000e+00 0.000000000000000000e+00 0.000000000000000000e+00 5.129548987278628499e-09 -6.694652410482886348e-10 -2.660745196189061519e-09 -3.376003148078419728e-10 7.091180124919715814e-11 -4.249858689809471458e-10 -4.451027890756777402e-10 -2.425156186324488000e-10 -2.597789313888365034e-10 -1.214748549692803857e-10 -1.537089261505640278e-10 -5.203580250103785537e-09 -4.749735590724421031e-05 0.000000000000000000e+00
