0.000000000000000000e+00 0.000000000000000000e+00 0.000000000000000000e+00 0.000000000000000000e+00 0.000000000000000000e+00 0.000000000000000000e+00 7.357696258667927792e-12 5.031016086817625943e-12 3.888355018078378977e-12 3.855113417866543109e-12 3.629207659596903724e-12 4.595686812129436775e-12 3.389353498810100581e-12 1.539800382927498432e-12 3.482736041026244896e-13 5.602372479951825560e-13 1.002033381719448076e-11 5.165901222079595932e-10 0.000000000000000000e+00 0.000000000000000000e+00
0.000000000000000000e+00 0.000000000000000000e+00 0.000000000000000000e+00 0.000000000000000000e+00 0.000000000000000000e+00 0.000000000000000000e+00 -3.982046652174960416e-14 -1.665529270004129254e-13 -1.049118291737983227e-13 2.731125828957553057e-13 5.987558487266226885e-13 6.364634852272244226e-13 5.913071064353407390e-13 2.811221997700045869e-13 5.453308091881764548e-14 1.277876721556827915e-13 8.475337554797558203e-12 5.147032537133342207e-10 0.000000000000000000e+00 0.000000000000000000e+00
0.000000000000000000e+00 0.000000000000000000e+00 0.000000000000000000e+00 0.000000000000000000e+00 0.000000000000000000e+00 0.000000000000000000e+00 2.299371665468571440e-11 1.884554942043247696e-11 1.734911753118605131e-11 2.005351747810728147e-11 2.415212801913764667e-11 3.643631049244693482e-11 2.265018984293341739e-11 1.308929306121273613e-11 5.240920176777667629e-12 2.958276811144150779e-12 3.258512133973574169e-10 5.261521246560319793e-10 0.000000000000000000e+00 0.000000000000000000e+00
0.000000000000000000e+00 0.000000000000000000e+00 0.000000000000000000e+00 0.000000000000000000e+00 0.000000000000000000e+00 0.000000000000000000e+00 -1.254324544251377927e-13 4.824563030619972843e-13 -1.170899127088819958e-13 2.344623481937230327e-13 1.406337897471368485e-13 1.656421547816727465e-13 2.342242903801370081e-13 1.576959137544219109e-13 6.208521800206768005e-14 8.028016839271738223e-15 4.728617084237062920e-13 -6.991625225837190538e-05 0.000000000000000000e+00 0.000000000000000000e+00
0.000000000000000000e+00 0.000000000000000000e+00 0.000000000000000000e+00 0.000000000000000000e+00 0.000000000000000000e+00 0.000000000000000000e+00 -1.247101609930504267e-10 -1.507641084724998197e-11 -6.274388356734094555e-11 -1.404908237253819901e-10 2.300099308909564260e-11 -1.853710033027150343e-13 -1.744262423478105396e-11 -3.670657351594961859e-12 -1.530435831982771059e-12 3.403654842465051468e-13 1.797237165838726429e-12 2.680746926252761104e-12 0.000000000000000000e+00 0.000000000000000000e+00
0.000000000000000000e+00 0.000000000000000000e+00 0.000000000000000000e+00 0.000000000000000000e+00 0.000000000000000000e+00 0.000000000000000000e+00 -1.567421103153681755e-10 -4.306482900935505105e-11 4.402696731499453502e-11 1.160317478466828860e-12 3.180918606815212779e-11 7.031103355813799469e-12 8.074643381627909405e-12 -7.956918808391337662e-13 -6.277411548005820310e-14 -4.298926071499916803e-13 1.530717586522304611e-12 2.091706073988583017e-12 0.000000000000000000e+00 0.000000000000000000e+00
0.000000000000000000e+00 0.000000000000000000e+00 0.000000000000000000e+00 0.000000000000000000e+00 0.000000000000000000e+00 0.000000000000000000e+00 -1.009132396492024731e-10 1.376885150488971249e-11 -1.707049658723596466e-10 -3.256996287032417524e-10 5.575108980511912715e-11 -6.759756444456734990e-12 -5.011414019463818384e-11 -8.317991378827988076e-12 -4.986873884962109671e-12 -1.402703280348720834e-12 9.931522898030449167e-12 1.975128111654346771e-12 0.000000000000000000e+00 0.000000000000000000e+00
0.000000000000000000e+00 0.000000000000000000e+00 0.000000000000000000e+00 0.000000000000000000e+00 0.000000000000000000e+00 0.000000000000000000e+00 -7.026238558742051406e-11 -8.958588231442755708e-11 3.375648519868482982e-11 -5.145550508459675389e-12 1.010461218393632310e-11 5.545528404014347887e-12 3.644663774823250830e-13 -2.075812913578411159e-12 -3.839300642590483902e-13 -1.097347606073227601e-13 -1.694175465915551042e-13 -5.736457178050919813e-09 0.000000000000000000e+00 0.000000000000000000e+00
0.000000000000000000e+00 0.000000000000000000e+00 0.000000000000000000e+00 0.000000000000000000e+00 0.000000000000000000e+00 0.000000000000000000e+00 6.490154978454100868e-12 -1.347712789827126347e-10 2.168474476997507888e-10 -6.008934743601164992e-10 -1.342490759145185979e-10 1.153845251917149151e-10 -6.972632702876500598e-11 -3.745469535343086899e-11 -1.449472631069649329e-11 7.772297862473207799e-12 2.722717852584885358e-11 1.534653523010267863e-10 0.000000000000000000e+00 0.000000000000000000e+00
0.000000000000000000e+00 0.000000000000000000e+00 0.000000000000000000e+00 0.000000000000000000e+00 0.000000000000000000e+00 0.000000000000000000e+00 -7.708874509358037230e-10 -6.620279698215429608e-11 2.851663112162950695e-10 8.663781613668915689e-11 -8.245594496573226982e-12 1.314025412514894727e-10 1.656081783849967006e-11 1.919455379760739604e-12 -3.802780277249206510e-12 -7.621633419717340736e-12 2.489255194591404009e-11 1.539302482513040807e-10 0.000000000000000000e+00 0.000000000000000000e+00
0.000000000000000000e+00 0.000000000000000000e+00 0.000000000000000000e+00 0.000000000000000000e+00 0.000000000000000000e+00 0.000000000000000000e+00 7.029861875175252624e-10 -1.991375071963761013e-10 1.441778232984280793e-10 -1.403952216265328814e-09 -2.365615707788384425e-10 1.314897543542921611e-10 -1.998392601196291002e-10 -9.892539197363645207e-11 -5.472719370837267056e-11 -2.950021674082304404e-11 2.278739514526886622e-11 1.554161658809304154e-10 0.000000000000000000e+00 0.000000000000000000e+00
0.000000000000000000e+00 0.000000000000000000e+00 0.000000000000000000e+00 0.000000000000000000e+00 0.000000000000000000e+00 0.000000000000000000e+00 -1.984585285412363034e-10 -8.172232335308330462e-11 2.332779922290681532e-10 -1.023692616632292511e-10 -8.904990916477992069e-12 1.261685921438306339e-10 -1.518551692267388486e-11 -9.016728283804246196e-12 -3.585867014607158033e-12 -9.375029572410965523e-13 1.437993758404153366e-12 -4.903743734405935817e-08 0.000000000000000000e+00 0.000000000000000000e+00
0.000000000000000000e+00 0.000000000000000000e+00 0.000000000000000000e+00 0.000000000000000000e+00 0.000000000000000000e+00 0.000000000000000000e+00 -1.611469694515812987e-10 -6.329825257083692022e-12 5.950711887408369224e-11 -1.849788530393179763e-11 4.376595517026711476e-11 3.676359765635277622e-12 -5.960994293498831416e-12 -4.115270247121028812e-12 5.828080125896453771e-13 -9.701903195899214468e-13 2.641659178559059093e-12 -9.550698764983774989e-08 0.000000000000000000e+00 0.000000000000000000e+00
0.000000000000000000e+00 0.000000000000000000e+00 0.000000000000000000e+00 0.000000000000000000e+00 0.000000000000000000e+00 0.000000000000000000e+00 -1.311262989006842817e-10 -5.818113174979084801e-11 6.719143845447779787e-11 -2.571362671431315918e-11 3.670828425822941635e-12 -3.348871597931136068e-11 6.979701009706101773e-12 -1.438615038476237252e-11 5.539660199955661180e-13 5.358902139739899821e-11 1.230634312798681693e-08 -9.571364930252320694e-08 0.000000000000000000e+00 0.000000000000000000e+00
0.000000000000000000e+00 0.000000000000000000e+00 0.000000000000000000e+00 0.000000000000000000e+00 0.000000000000000000e+00 0.000000000000000000e+00 -5.339982191194127274e-10 3.722707344878557526e-11 9.159396486261570309e-11 -5.210746839937914097e-13 9.838501330385234422e-11 -1.322748295286617422e-10 3.133956927976688547e-12 1.547702065589079762e-11 1.147767074839427434e-11 6.348630253656533806e-11 8.676294292353158519e-08 -9.581700678024172482e-08 0.000000000000000000e+00 0.000000000000000000e+00
0.000000000000000000e+00 0.000000000000000000e+00 0.000000000000000000e+00 0.000000000000000000e+00 0.000000000000000000e+00 0.000000000000000000e+00 -1.611469694515812987e-10 -6.329825257083692022e-12 5.950711887408369224e-11 -1.849788530393179763e-11 4.376595517026711476e-11 3.676359765635277622e-12 -5.960994293498831416e-12 -4.115270247121028812e-12 5.828080125896453771e-13 -9.701903195899214468e-13 2.641659178559059093e-12 -9.550698764983774989e-08 0.000000000000000000e+00 0.000000000000000000e+00
0.000000000000000000e+00 0.000000000000000000e+00 0.000000000000000000e+00 0.000000000000000000e+00 0.000000000000000000e+00 0.000000000000000000e+00 1.445778718984198355e-10 5.099597356474064754e-10 1.876784769145991187e-10 3.923984239321260615e-11 8.520353973707945511e-11 7.367003903289135639e-11 3.354902013704236560e-11 1.426569995019106626e-11 3.504761855781173339e-12 4.745484262546312549e-12 8.235305129818647669e-11 3.911226674482783279e-08 0.000000000000000000e+00 0.000000000000000000e+00
0.000000000000000000e+00 0.000000000000000000e+00 0.000000000000000000e+00 0.000000000000000000e+00 0.000000000000000000e+00 0.000000000000000000e+00 -5.857334416106561276e-11 2.289969347191285279e-10 1.715691847772013285e-11 5.130206351564617179e-11 -4.622140877754621656e-11 5.245030967975345388e-11 1.826582696909361801e-11 1.383709978364409349e-11 4.403618066061946208e-12 5.221827399979802625e-12 -2.884827327102984109e-10 3.884433442870163301e-08 0.000000000000000000e+00 0.000000000000000000e+00
0.000000000000000000e+00 0.000000000000000000e+00 0.000000000000000000e+00 0.000000000000000000e+00 0.000000000000000000e+00 0.000000000000000000e+00 2.927843166315564620e-10 9.217532359859700120e-10 8.839041573859469720e-10 2.766021147288876957e-10 2.862663176188252391e-10 4.954775028891552041e-10 1.897931820067547177e-10 8.600324347566390874e-11 3.514991427660503984e-11 2.826450921129554530e-11 -8.190577405328129706e-09 3.868291893830500568e-08 0.000000000000000000e+00 0.000000000000000000e+00
0.000000000000000000e+00 0.000000000000000000e+00 0.000000000000000000e+00 0.000000000000000000e+00 0.000000000000000000e+00 0.000000000000000000e+00 9.374105780644336293e-13 1.563328943749681010e-10 1.418581966845830316e-11 2.700680405338173478e-11 7.079395055416328038e-12 1.497077616770948288e-11 5.190595171631160500e-12 1.112644366990709511e-11 4.906911808430062548e-12 1.418053560405963641e-12 6.410415813799983387e-11 -2.293986940778669492e-01 0.000000000000000000e+00 0.000000000000000000e+00
0.000000000000000000e+00 0.000000000000000000e+00 0.000000000000000000e+00 0.000000000000000000e+00 0.000000000000000000e+00 0.000000000000000000e+00 -9.807923046523906983e-10 -3.086111384179544855e-09 -1.179629072852335249e-09 -3.025692531128118455e-10 -8.251848561128337420e-10 -4.719417356001109532e-10 -8.678576237638598526e-11 -5.885363360425645128e-11 -1.729234672652567572e-11 8.022782228187460865e-12 3.466874722742688783e-11 1.790958082941609008e-10 0.000000000000000000e+00 0.000000000000000000e+00
0.000000000000000000e+00 0.000000000000000000e+00 0.000000000000000000e+00 0.000000000000000000e+00 0.000000000000000000e+00 0.000000000000000000e+00 -2.976192680113289192e-09 1.139987647245624254e-10 -1.747023729433781896e-10 1.690066000279634303e-09 1.881790976392765122e-10 -2.255682842535463618e-10 8.817451252585463663e-11 3.240409664850076474e-11 1.267699980677426155e-13 -9.690701875371069434e-12 1.370152710142194410e-11 1.772946170499722931e-10 0.000000000000000000e+00 0.000000000000000000e+00
0.000000000000000000e+00 0.000000000000000000e+00 0.000000000000000000e+00 0.000000000000000000e+00 0.000000000000000000e+00 0.000000000000000000e+00 8.040819059929745795e-10 -6.179568611283245200e-09 -2.433770235497706587e-09 -2.533960045524740115e-09 -2.029016178993001522e-09 -9.759456426655927721e-10 -2.857279849877287999e-10 -2.005235945961558817e-10 -6.659837770483284018e-11 -3.410377872329207881e-11 8.702259005005030727e-12 1.820365779724845101e-10 0.000000000000000000e+00 0.000000000000000000e+00
0.000000000000000000e+00 0.000000000000000000e+00 0.000000000000000000e+00 0.000000000000000000e+00 0.000000000000000000e+00 0.000000000000000000e+00 -2.199023011907284198e-09 1.802727359470305759e-10 -1.420671946560783054e-10 1.090215928889617406e-09 -8.054431910418757857e-11 -1.653287710715468909e-10 7.131422501210583824e-12 2.132441211610730801e-11 -1.816532995532897536e-13 3.543163684303513628e-13 1.167907774334840428e-11 1.517239031498658915e-08 0.000000000000000000e+00 0.000000000000000000e+00
0.000000000000000000e+00 0.000000000000000000e+00 0.000000000000000000e+00 0.000000000000000000e+00 0.000000000000000000e+00 0.000000000000000000e+00 -1.959786356070216521e-09 -1.008699013360694349e-08 -1.012573624211275869e-08 -2.608131981382158832e-10 -2.659584314560953130e-09 -2.317158681192576277e-09 -1.012084150586665404e-09 -2.992459609101893968e-10 -5.575409521149669914e-11 5.188508699823786830e-11 2.067843759028082958e-10 7.007452296036530326e-10 0.000000000000000000e+00 0.000000000000000000e+00
0.000000000000000000e+00 0.000000000000000000e+00 0.000000000000000000e+00 0.000000000000000000e+00 0.000000000000000000e+00 0.000000000000000000e+00 -5.486094571609149512e-09 -3.786134006215558856e-09 -8.797939295178872929e-11 3.263989035420550988e-09 1.147064739910748854e-09 2.774719856836596853e-10 8.621014281464720744e-11 9.745232801588916686e-11 4.024287313675629632e-11 -7.789245522280773222e-11 7.146859374139176790e-11 5.677434680955044197e-10 0.000000000000000000e+00 0.000000000000000000e+00
0.000000000000000000e+00 0.000000000000000000e+00 0.000000000000000000e+00 0.000000000000000000e+00 0.000000000000000000e+00 0.000000000000000000e+00 9.830336136022665352e-10 -1.639692400679679100e-08 -2.088515008228249730e-08 -4.501213673617508168e-09 -6.998112644812919494e-09 -6.164693236244916930e-09 -2.293904578003185010e-09 -9.068911345568909761e-10 -2.900272261207538619e-10 -2.229471540395978742e-10 -4.102202154916272824e-11 5.273692260728282021e-10 0.000000000000000000e+00 0.000000000000000000e+00
0.000000000000000000e+00 0.000000000000000000e+00 0.000000000000000000e+00 0.000000000000000000e+00 0.000000000000000000e+00 0.000000000000000000e+00 -3.256140858755871547e-09 9.944585908676738147e-10 1.031095503704214354e-09 1.642893183150055974e-09 -7.356849322427495051e-10 -1.537948555334893452e-10 -2.835476914162371913e-10 5.167364230702554226e-11 3.699342195505584990e-11 1.207023830014156249e-12 1.386430968689270764e-10 -5.047150015783534814e-08 0.000000000000000000e+00 0.000000000000000000e+00
0.000000000000000000e+00 0.000000000000000000e+00 0.000000000000000000e+00 0.000000000000000000e+00 0.000000000000000000e+00 0.000000000000000000e+00 2.197009902445803928e-09 -4.595909721536990808e-10 -8.630377555629897516e-10 5.006791454856305911e-10 2.188722464130810282e-10 -5.711234625475737999e-10 1.887402810708403807e-10 -2.529673732014529191e-11 -9.821081252571923261e-11 2.471474621448698367e-11 -3.670309814760681778e-10 -1.624170203697759761e-06 0.000000000000000000e+00 0.000000000000000000e+00
0.000000000000000000e+00 0.000000000000000000e+00 0.000000000000000000e+00 0.000000000000000000e+00 0.000000000000000000e+00 0.000000000000000000e+00 -7.044242770268658337e-10 -1.395622973413312801e-09 3.597364429601376348e-10 1.956441988997328359e-09 1.054658117040909896e-09 4.563553990145955775e-11 2.470958482373541897e-10 -1.189675782019881626e-10 -5.600745532941167032e-11 1.004576768884929456e-09 -6.318490076359464417e-08 -1.628064225341638095e-06 0.000000000000000000e+00 0.000000000000000000e+00
0.000000000000000000e+00 0.000000000000000000e+00 0.000000000000000000e+00 0.000000000000000000e+00 0.000000000000000000e+00 0.000000000000000000e+00 1.908303726796048646e-09 -7.596398742932699504e-10 -4.428785824614512306e-10 1.381761599506140383e-09 1.043050292353319336e-10 5.674502318654042927e-10 6.712828846479000376e-10 4.736721853585078247e-10 -8.012799935332347831e-11 1.301915011220791911e-09 1.767176461242652545e-06 -1.633909187710570341e-06 0.000000000000000000e+00 0.000000000000000000e+00
0.000000000000000000e+00 0.000000000000000000e+00 0.000000000000000000e+00 0.000000000000000000e+00 0.000000000000000000e+00 0.000000000000000000e+00 2.197009902445803928e-09 -4.595909721536990808e-10 -8.630377555629897516e-10 5.006791454856305911e-10 2.188722464130810282e-10 -5.711234625475737999e-10 1.887402810708403807e-10 -2.529673732014529191e-11 -9.821081252571923261e-11 2.471474621448698367e-11 -3.670309814760681778e-10 -1.624170203697759761e-06 0.000000000000000000e+00 0.000000000000000000e+00
0.000000000000000000e+00 0.000000000000000000e+00 0.000000000000000000e+00 0.000000000000000000e+00 0.000000000000000000e+00 0.000000000000000000e+00 8.661830397037227471e-11 1.729470114458977527e-10 1.237287729527360160e-10 1.188713083888258415e-10 1.476743968796826936e-10 1.463901557283792298e-10 1.266574489287231903e-10 8.963885360087954900e-11 3.851491039082280162e-11 5.076599098693376662e-11 3.887530995312477405e-10 4.009761708096238013e-09 0.000000000000000000e+00 0.000000000000000000e+00
0.000000000000000000e+00 0.000000000000000000e+00 0.000000000000000000e+00 0.000000000000000000e+00 0.000000000000000000e+00 0.000000000000000000e+00 1.074071122947501085e-11 1.953202942618773806e-11 2.824495212831307720e-11 2.316256361057431573e-11 4.568961014881828416e-11 3.649775188078069227e-11 2.901645385369310962e-11 4.467113843754602256e-11 6.819978664538029870e-11 2.153111970074873710e-10 7.571973567023308099e-09 4.009007023114515285e-09 0.000000000000000000e+00 0.000000000000000000e+00
0.000000000000000000e+00 0.000000000000000000e+00 0.000000000000000000e+00 0.000000000000000000e+00 0.000000000000000000e+00 0.000000000000000000e+00 3.305344091644706997e-10 5.938480728960295901e-10 5.816586231796560013e-10 5.751230973100239828e-10 9.147115473571485502e-10 1.099435629745499328e-09 7.064206139436761678e-10 5.149393115773453432e-10 2.712641685593210004e-10 3.928227512984469058e-10 9.214076166722039684e-08 4.101932617699488922e-09 0.000000000000000000e+00 0.000000000000000000e+00
0.000000000000000000e+00 0.000000000000000000e+00 0.000000000000000000e+00 0.000000000000000000e+00 0.000000000000000000e+00 0.000000000000000000e+00 3.223543655706582914e-11 2.998068211483036514e-11 3.996300367801716689e-11 2.987946536004515317e-11 3.905156315342553208e-11 4.829870393094767863e-11 5.365874293475432310e-11 4.874317867654040251e-11 2.882644265286110669e-11 3.410647631182084774e-11 2.066476639887236161e-10 -1.527023873511554330e-02 0.000000000000000000e+00 0.000000000000000000e+00
0.000000000000000000e+00 0.000000000000000000e+00 0.000000000000000000e+00 0.000000000000000000e+00 0.000000000000000000e+00 0.000000000000000000e+00 -1.245989547869758684e-09 -1.306722612691736141e-09 -1.619763427550332715e-09 -9.828086365650884397e-10 -8.321468409702931482e-10 -3.564238983961288434e-10 -6.721309126037358061e-11 -8.542095135607225111e-11 -3.729228270519278528e-11 1.911583793118831090e-11 7.858904538686338476e-11 1.128141016113814868e-10 0.000000000000000000e+00 0.000000000000000000e+00
0.000000000000000000e+00 0.000000000000000000e+00 0.000000000000000000e+00 0.000000000000000000e+00 0.000000000000000000e+00 0.000000000000000000e+00 -1.088060587973361390e-09 1.334820369060198894e-09 1.312570526560836369e-09 -1.401306132446181645e-10 3.014049421201726676e-11 5.840216082528195478e-11 7.096786455257819099e-11 6.703927425371034750e-12 -1.666284464497430543e-11 -3.284925340084225439e-11 5.406982129415433790e-11 1.072465278514242388e-10 0.000000000000000000e+00 0.000000000000000000e+00
0.000000000000000000e+00 0.000000000000000000e+00 0.000000000000000000e+00 0.000000000000000000e+00 0.000000000000000000e+00 0.000000000000000000e+00 -1.403529267353769880e-09 -3.825484376089676099e-09 -4.523027436262770710e-09 -1.895660558682665305e-09 -2.131052824642364811e-09 -1.036722282991247984e-09 -2.275437875245722425e-10 -2.548280020965911312e-10 -1.424561113114581891e-10 -8.701963807401118219e-11 9.880557226395803377e-11 1.103981842771801194e-10 0.000000000000000000e+00 0.000000000000000000e+00
0.000000000000000000e+00 0.000000000000000000e+00 0.000000000000000000e+00 0.000000000000000000e+00 0.000000000000000000e+00 0.000000000000000000e+00 -1.291200801466091293e-09 1.807956014866002129e-10 3.651891755698117433e-10 -2.758578573342080204e-10 -2.230518435541475814e-10 -3.719094404734923204e-11 3.332994866950782427e-11 -1.560097987396613809e-11 -1.247094937646054846e-11 6.696484905810693749e-13 2.332116261217966810e-11 7.505532647283312479e-09 0.000000000000000000e+00 0.000000000000000000e+00
0.000000000000000000e+00 0.000000000000000000e+00 0.000000000000000000e+00 0.000000000000000000e+00 0.000000000000000000e+00 0.000000000000000000e+00 -1.011384038326954669e-08 -7.535866836311580492e-09 -8.445091389493527269e-09 -3.858054456235579144e-09 -3.283824220111366345e-09 -1.151235359001813916e-09 -4.198448310424062653e-10 -3.954714651855199786e-12 5.026127721358135415e-12 -1.619402729813537281e-11 -9.273883478143957652e-13 2.830251622301419539e-10 0.000000000000000000e+00 0.000000000000000000e+00
0.000000000000000000e+00 0.000000000000000000e+00 0.000000000000000000e+00 0.000000000000000000e+00 0.000000000000000000e+00 0.000000000000000000e+00 -5.934722053536104255e-09 2.052968205829596767e-09 3.368701562664400535e-09 4.794229292134375441e-11 4.741928133611335440e-10 -1.119212208232439239e-10 5.488420460342256900e-11 8.151287180444876639e-11 3.214133537584460088e-11 4.600146240936882890e-11 5.476884518658223309e-11 2.626833727935127841e-10 0.000000000000000000e+00 0.000000000000000000e+00
0.000000000000000000e+00 0.000000000000000000e+00 0.000000000000000000e+00 0.000000000000000000e+00 0.000000000000000000e+00 0.000000000000000000e+00 -1.410436767631850051e-08 -1.672740262251154248e-08 -2.030566043340863141e-08 -7.993961517826094199e-09 -8.824546518642241238e-09 -3.282497486572185434e-09 -7.873618935792112354e-10 -1.270256034380029406e-10 -5.526279971024882816e-11 8.014967604560762043e-11 2.224947076417874478e-10 2.540421703894494357e-10 0.000000000000000000e+00 0.000000000000000000e+00
0.000000000000000000e+00 0.000000000000000000e+00 0.000000000000000000e+00 0.000000000000000000e+00 0.000000000000000000e+00 0.000000000000000000e+00 -9.489926724512996913e-09 -1.718552378898152493e-09 2.772385279648316866e-10 -1.205319462796804362e-09 -7.877558714254795057e-10 -2.432306374413665877e-10 -6.512229383783445580e-11 1.842072101291164198e-11 2.621617351537314417e-11 -1.089923653572176033e-11 -5.669919285064817970e-12 -8.537049419773006900e-08 0.000000000000000000e+00 0.000000000000000000e+00
0.000000000000000000e+00 0.000000000000000000e+00 0.000000000000000000e+00 0.000000000000000000e+00 0.000000000000000000e+00 0.000000000000000000e+00 -1.727222699759100135e-12 7.501725810021021403e-11 2.577411246506128775e-11 1.576035210585204829e-10 -1.244715606455549692e-10 -1.194052132668182739e-10 4.378715546710062387e-11 -2.564190008586908263e-11 4.839055658654955715e-11 -6.853246798547192757e-11 -4.571244345462212029e-10 -3.766563934234013078e-07 0.000000000000000000e+00 0.000000000000000000e+00
0.000000000000000000e+00 0.000000000000000000e+00 0.000000000000000000e+00 0.000000000000000000e+00 0.000000000000000000e+00 0.000000000000000000e+00 1.183860722722244971e-09 -9.587384602685821382e-10 -1.911211417923577186e-10 1.415105900458172263e-10 -1.251985567662987863e-10 3.444436719246306002e-11 7.084089035558847389e-11 -6.124265461915617255e-11 1.708057928015091173e-11 -2.148046665491078322e-11 -2.508121456350145980e-08 -3.751292849261036795e-07 0.000000000000000000e+00 0.000000000000000000e+00
0.000000000000000000e+00 0.000000000000000000e+00 0.000000000000000000e+00 0.000000000000000000e+00 0.000000000000000000e+00 0.000000000000000000e+00 4.031397078901214402e-10 4.523120068954499945e-10 3.365077974414873322e-10 2.691357344851336165e-10 -2.323729383708684028e-11 -2.318465377029551617e-10 4.101057849327377789e-11 -8.793428919160225044e-11 4.925317838154436365e-11 -1.596933658736085968e-10 6.797877983921487597e-07 -3.750137473873912672e-07 0.000000000000000000e+00 0.000000000000000000e+00
0.000000000000000000e+00 0.000000000000000000e+00 0.000000000000000000e+00 0.000000000000000000e+00 0.000000000000000000e+00 0.000000000000000000e+00 -1.727222699759100135e-12 7.501725810021021403e-11 2.577411246506128775e-11 1.576035210585204829e-10 -1.244715606455549692e-10 -1.194052132668182739e-10 4.378715546710062387e-11 -2.564190008586908263e-11 4.839055658654955715e-11 -6.853246798547192757e-11 -4.571244345462212029e-10 -3.766563934234013078e-07 0.000000000000000000e+00 0.000000000000000000e+00
0.000000000000000000e+00 0.000000000000000000e+00 0.000000000000000000e+00 0.000000000000000000e+00 0.000000000000000000e+00 0.000000000000000000e+00 5.720656771827739064e-12 1.258538689924534287e-12 4.402161810850356422e-12 3.979612919005930926e-12 3.007103852641794128e-12 2.973370167683988129e-12 4.897322971974881430e-13 7.074894414063333068e-13 4.313785252093115133e-13 2.239552569169346394e-13 2.957070385109773835e-12 2.404593337761170589e-10 0.000000000000000000e+00 0.000000000000000000e+00
0.000000000000000000e+00 0.000000000000000000e+00 0.000000000000000000e+00 0.000000000000000000e+00 0.000000000000000000e+00 0.000000000000000000e+00 1.315313196434971725e-11 1.432537041825067898e-12 3.870697951416832035e-12 -1.836650239570761835e-12 7.257358946937762717e-13 6.516282797351529418e-13 7.183734979398742702e-13 7.642129776045959932e-13 3.873705816080209010e-13 2.906420621992160869e-13 2.262786640759256133e-11 2.447713972647285798e-10 0.000000000000000000e+00 0.000000000000000000e+00
0.000000000000000000e+00 0.000000000000000000e+00 0.000000000000000000e+00 0.000000000000000000e+00 0.000000000000000000e+00 0.000000000000000000e+00 2.203775839743034796e-11 3.144629007563734603e-12 1.982511764078842794e-11 2.987681862423050789e-11 1.745518898160407054e-11 1.807728271328081674e-11 5.699263390694688280e-12 3.384717127303564414e-12 1.780532105361492600e-12 1.034477400099636454e-12 -1.750928193564789313e-11 2.491488881713244512e-10 0.000000000000000000e+00 0.000000000000000000e+00
0.000000000000000000e+00 0.000000000000000000e+00 0.000000000000000000e+00 0.000000000000000000e+00 0.000000000000000000e+00 0.000000000000000000e+00 6.875086487617444231e-12 6.098598194499895621e-13 -1.431115884785836348e-13 -8.144215978460271294e-13 1.257276987276531531e-12 1.094594926955552004e-12 1.608504743017092506e-13 7.424961836537676079e-13 4.857333477115649571e-13 1.373566159761980452e-13 3.885425035965206660e-12 9.983347820996964911e-03 0.000000000000000000e+00 0.000000000000000000e+00
0.000000000000000000e+00 0.000000000000000000e+00 0.000000000000000000e+00 0.000000000000000000e+00 0.000000000000000000e+00 0.000000000000000000e+00 -1.625104880390339425e-10 1.809660899282169575e-11 1.102846346889157114e-10 -1.653782895102966278e-10 -1.690672124038476798e-10 -1.051282612962920249e-10 -4.051763911116480902e-11 -3.608113759853332447e-12 -8.722655146511163354e-12 1.449369665054783188e-12 7.551338179314320598e-12 1.625492566804378547e-11 0.000000000000000000e+00 0.000000000000000000e+00
0.000000000000000000e+00 0.000000000000000000e+00 0.000000000000000000e+00 0.000000000000000000e+00 0.000000000000000000e+00 0.000000000000000000e+00 -2.171810134205279765e-10 8.137541177925600532e-11 3.317785314530431788e-10 3.880058887823477634e-11 -1.174462528333079015e-10 -6.231017879768549925e-11 -1.036497881307517795e-11 8.557140027769187476e-12 -6.380057343828190439e-12 -3.022648446337954463e-12 5.373310774336359513e-12 1.462225458857576297e-11 0.000000000000000000e+00 0.000000000000000000e+00
0.000000000000000000e+00 0.000000000000000000e+00 0.000000000000000000e+00 0.000000000000000000e+00 0.000000000000000000e+00 0.000000000000000000e+00 -1.340380708865604132e-10 -4.323590346767696879e-11 -1.008499345006275235e-10 -3.881078767570472316e-10 -3.146100509569515274e-10 -2.009002930834795134e-10 -7.684599786867047444e-11 -2.060997373068795300e-11 -1.789858580738530314e-11 -7.002852795288732029e-12 8.024096844752779691e-12 1.395626934594986310e-11 0.000000000000000000e+00 0.000000000000000000e+00
0.000000000000000000e+00 0.000000000000000000e+00 0.000000000000000000e+00 0.000000000000000000e+00 0.000000000000000000e+00 0.000000000000000000e+00 9.580008397717911255e-11 1.975666229217850759e-10 2.898676659327726921e-10 -3.625372480400263235e-11 -8.831020586317979588e-11 -5.740013872973796644e-11 -1.480910807574023193e-12 6.736808893550448146e-12 -6.038481841512273271e-12 -1.012230168674956297e-13 1.680385617201031972e-12 6.413898897805737172e-10 0.000000000000000000e+00 0.000000000000000000e+00
0.000000000000000000e+00 0.000000000000000000e+00 0.000000000000000000e+00 0.000000000000000000e+00 0.000000000000000000e+00 0.000000000000000000e+00 -4.949625443082703984e-10 6.897845783395435935e-10 -8.519432528016337052e-10 -3.169153954093552324e-10 -6.500959708350139058e-10 -2.417830137054437360e-10 -1.321359013449708675e-10 -3.229620666911874208e-11 -3.467648955828617308e-11 -1.113311241687749896e-11 2.445160392597854939e-11 -4.636117223454226762e-11 0.000000000000000000e+00 0.000000000000000000e+00
0.000000000000000000e+00 0.000000000000000000e+00 0.000000000000000000e+00 0.000000000000000000e+00 0.000000000000000000e+00 0.000000000000000000e+00 7.515943168887040001e-14 -1.138292565315504683e-10 4.154112647791435164e-10 -4.994996550360910228e-10 -2.192092970654796299e-10 -1.291917838391042631e-10 -1.185211777719034110e-10 -2.629025825157966546e-11 -2.608028871302102544e-11 -6.338252332801251133e-12 1.651052483992469839e-11 -4.835926245616283228e-11 0.000000000000000000e+00 0.000000000000000000e+00
0.000000000000000000e+00 0.000000000000000000e+00 0.000000000000000000e+00 0.000000000000000000e+00 0.000000000000000000e+00 0.000000000000000000e+00 -1.053461856187399252e-09 1.404685476277114382e-09 -2.121728192723038743e-09 -1.577222677755390509e-10 -1.277427035970759034e-09 -3.571470731766162562e-10 -1.582706589030759250e-10 -5.050832258444191821e-11 -5.572286902043968248e-11 -2.821012676164306636e-13 -6.831221889123479929e-11 -5.512684423569549481e-11 0.000000000000000000e+00 0.000000000000000000e+00
0.000000000000000000e+00 0.000000000000000000e+00 0.000000000000000000e+00 0.000000000000000000e+00 0.000000000000000000e+00 0.000000000000000000e+00 3.901840664181651821e-10 9.173073247637543061e-10 2.197307235947466707e-10 -3.348403445917383810e-10 -2.795043091827842620e-10 -1.459874637957325181e-10 -9.269396532929676305e-11 -1.661319414167089081e-11 -2.688178927086102883e-11 -5.640352014680654328e-12 7.843175155632847673e-12 5.863455680595290085e-08 0.000000000000000000e+00 0.000000000000000000e+00
0.000000000000000000e+00 0.000000000000000000e+00 0.000000000000000000e+00 0.000000000000000000e+00 0.000000000000000000e+00 0.000000000000000000e+00 -8.718274004180919015e-10 2.374494915518460574e-11 3.596562638782371563e-11 9.552470166475950163e-11 -2.294460492666126161e-11 -6.938614514302694335e-11 -1.811773144318799177e-11 -2.156648164127506626e-11 1.015863277483517163e-11 1.104170460925805252e-11 -8.176914364151504701e-11 -1.848555102455312871e-07 0.000000000000000000e+00 0.000000000000000000e+00
0.000000000000000000e+00 0.000000000000000000e+00 0.000000000000000000e+00 0.000000000000000000e+00 0.000000000000000000e+00 0.000000000000000000e+00 1.744390969992442506e-10 -5.314612856965941047e-10 3.283237221524565988e-10 9.947802756510274982e-12 1.598812938829040591e-10 -9.729800572571250713e-11 2.012761198204886284e-11 -1.085214978938658798e-11 -1.490452140745803407e-12 1.395509885783951096e-10 -4.930927531580078927e-08 -1.872114933723285617e-07 0.000000000000000000e+00 0.000000000000000000e+00
0.000000000000000000e+00 0.000000000000000000e+00 0.000000000000000000e+00 0.000000000000000000e+00 0.000000000000000000e+00 0.000000000000000000e+00 -6.558374239929394380e-10 2.004494241628025283e-10 1.396549491460413328e-10 5.651844790077985175e-11 -2.178154745521626028e-11 -4.151329212412192743e-10 1.308959401570482434e-10 -1.254245105839944213e-10 -6.793767037300104400e-11 2.918109163324637765e-10 5.119530705376841743e-07 -1.878606931696436679e-07 0.000000000000000000e+00 0.000000000000000000e+00
0.000000000000000000e+00 0.000000000000000000e+00 0.000000000000000000e+00 0.000000000000000000e+00 0.000000000000000000e+00 0.000000000000000000e+00 -8.718274004180919015e-10 2.374494915518460574e-11 3.596562638782371563e-11 9.552470166475950163e-11 -2.294460492666126161e-11 -6.938614514302694335e-11 -1.811773144318799177e-11 -2.156648164127506626e-11 1.015863277483517163e-11 1.104170460925805252e-11 -8.176914364151504701e-11 -1.848555102455312871e-07 0.000000000000000000e+00 0.000000000000000000e+00
0.000000000000000000e+00 0.000000000000000000e+00 0.000000000000000000e+00 0.000000000000000000e+00 0.000000000000000000e+00 0.000000000000000000e+00 2.821981620082310911e-08 2.134159229572531674e-08 1.407471262452709763e-08 7.081621376949431252e-09 7.207634457361839653e-09 4.403898388859532305e-09 3.345402481690160704e-09 1.690910015117021728e-09 8.850321930165545324e-10 7.776228799710733459e-10 1.473149976894656384e-09 7.465074624711314354e-08 0.000000000000000000e+00 0.000000000000000000e+00
0.000000000000000000e+00 0.000000000000000000e+00 0.000000000000000000e+00 0.000000000000000000e+00 0.000000000000000000e+00 0.000000000000000000e+00 4.604336194938494439e-08 3.293315822501363927e-08 2.477757738330841130e-08 1.223607437835728422e-08 1.358266001147516636e-08 7.090365857668101706e-09 3.804914550485893386e-09 1.904468802513336769e-09 1.006653572835573293e-09 1.991676136847820304e-09 1.039160139922654378e-07 7.576402021989006654e-08 0.000000000000000000e+00 0.000000000000000000e+00
0.000000000000000000e+00 0.000000000000000000e+00 0.000000000000000000e+00 0.000000000000000000e+00 0.000000000000000000e+00 0.000000000000000000e+00 2.003136339233442052e-08 1.463800799013009518e-08 9.157583326886931280e-09 5.630516585777010556e-09 7.147604955581157511e-09 5.499359869734864172e-09 2.928769929591673776e-09 1.616632570353466169e-09 9.428646349141490522e-10 2.940601211594783719e-09 -1.875917121906359841e-06 6.983948969469249137e-08 0.000000000000000000e+00 0.000000000000000000e+00
0.000000000000000000e+00 0.000000000000000000e+00 0.000000000000000000e+00 0.000000000000000000e+00 0.000000000000000000e+00 0.000000000000000000e+00 1.964466026857756991e-08 1.427791910203662907e-08 1.064474983641029028e-08 5.345593800168232733e-09 6.320876231338781638e-09 4.326639993082771468e-09 3.381606742499312391e-09 1.709201402297131726e-09 8.818407582292971671e-10 8.472050344475831679e-10 2.795865347489181707e-09 -1.907987341040404128e-04 0.000000000000000000e+00 0.000000000000000000e+00
0.000000000000000000e+00 0.000000000000000000e+00 0.000000000000000000e+00 0.000000000000000000e+00 0.000000000000000000e+00 0.000000000000000000e+00 2.291599559419813875e-08 3.186426862294839521e-09 -1.813646697228114893e-09 1.628542083427007214e-09 -1.883450197097857300e-09 6.626563710267773564e-10 -3.800633798571637864e-10 1.814994923491528179e-10 -2.909101367155201490e-11 7.680445492574708099e-12 -3.210344244674011289e-12 2.354541717465106452e-13 0.000000000000000000e+00 0.000000000000000000e+00
0.000000000000000000e+00 0.000000000000000000e+00 0.000000000000000000e+00 0.000000000000000000e+00 0.000000000000000000e+00 0.000000000000000000e+00 3.410401259501110786e-08 4.990460375310562755e-09 -3.756789806307967836e-09 2.036669349324827017e-09 -2.923942081055680879e-09 9.643733963019605468e-10 -4.084817787818535447e-10 1.873518854686843871e-10 -3.899943907310789659e-11 8.500918123941568101e-12 -3.741148638553279375e-11 -2.802552546067348569e-12 0.000000000000000000e+00 0.000000000000000000e+00
0.000000000000000000e+00 0.000000000000000000e+00 0.000000000000000000e+00 0.000000000000000000e+00 0.000000000000000000e+00 0.000000000000000000e+00 1.304972805987913342e-08 1.640820868398965738e-09 -9.640335280311712147e-11 1.265797143372318568e-09 -1.378158409249375651e-09 5.814454866869498056e-10 -3.683285097706642160e-10 1.690742546830020276e-10 -3.969569535679127634e-11 1.462072779039084678e-11 1.176750820838318008e-10 -4.425479789901819599e-12 0.000000000000000000e+00 0.000000000000000000e+00
0.000000000000000000e+00 0.000000000000000000e+00 0.000000000000000000e+00 0.000000000000000000e+00 0.000000000000000000e+00 0.000000000000000000e+00 2.313739830170968329e-08 3.404022299669402282e-09 -1.883538782209544416e-09 1.369604043223509314e-09 -1.856586623022579309e-09 7.024727293699422314e-10 -3.816026225307397935e-10 1.815623935783243555e-10 -2.855024899690908381e-11 8.131831138119079606e-12 -4.599339423882153997e-12 -5.758680847512701475e-09 0.000000000000000000e+00 0.000000000000000000e+00
0.000000000000000000e+00 0.000000000000000000e+00 0.000000000000000000e+00 0.000000000000000000e+00 0.000000000000000000e+00 0.000000000000000000e+00 1.769803896897189398e-07 -3.796092626817852686e-08 -2.703093162022181016e-08 1.522858680647057821e-08 8.365476376240142290e-09 1.913373296049371951e-09 -2.830553367822298383e-09 8.960304303692972754e-10 1.276259838364116807e-10 2.896242935295553677e-11 3.735016532072553439e-11 1.011733750019070169e-09 0.000000000000000000e+00 0.000000000000000000e+00
0.000000000000000000e+00 0.000000000000000000e+00 0.000000000000000000e+00 0.000000000000000000e+00 0.000000000000000000e+00 0.000000000000000000e+00 2.266844714948464496e-07 -4.965328071215360903e-08 -3.974338414258780307e-08 1.904529402600047758e-08 1.165376566288067145e-08 2.710760606973481261e-09 -3.085506880559125483e-09 8.521801724652069648e-10 1.241919029844017579e-10 2.900363381156113185e-10 -1.718921354943671723e-09 9.859451823291407645e-10 0.000000000000000000e+00 0.000000000000000000e+00
0.000000000000000000e+00 0.000000000000000000e+00 0.000000000000000000e+00 0.000000000000000000e+00 0.000000000000000000e+00 0.000000000000000000e+00 1.348352856819210837e-07 -2.840494363117020412e-08 -1.697498447088863052e-08 1.376844099158356256e-08 8.474044331226965983e-09 1.528963266756547425e-09 -2.420930704048311718e-09 8.855326823149398948e-10 1.187283753973685309e-10 3.762634055156479755e-10 -2.272210764064615013e-09 9.268784328903105541e-10 0.000000000000000000e+00 0.000000000000000000e+00
0.000000000000000000e+00 0.000000000000000000e+00 0.000000000000000000e+00 0.000000000000000000e+00 0.000000000000000000e+00 0.000000000000000000e+00 1.531871772197721353e-07 -3.027348926463278247e-08 -2.455108090564278486e-08 1.311784087564183480e-08 8.445530111563800423e-09 1.976008505026059439e-09 -2.876800511642009588e-09 8.742881502128786702e-10 1.250454806608261891e-10 2.454355489726889555e-11 5.092292696686626605e-11 -4.217535424113240552e-08 0.000000000000000000e+00 0.000000000000000000e+00
0.000000000000000000e+00 0.000000000000000000e+00 0.000000000000000000e+00 0.000000000000000000e+00 0.000000000000000000e+00 0.000000000000000000e+00 -9.326469088199968373e-10 -8.105082966321251425e-10 -2.711514349876132514e-10 -1.152159300813265950e-10 2.919411447590884132e-11 -7.042719193018004049e-11 -1.226068639158564508e-10 2.856402438862860535e-11 -1.854699941128707948e-11 -2.382085575146388301e-11 -1.021382377085764116e-10 -9.199815295780114956e-08 0.000000000000000000e+00 0.000000000000000000e+00
0.000000000000000000e+00 0.000000000000000000e+00 0.000000000000000000e+00 0.000000000000000000e+00 0.000000000000000000e+00 0.000000000000000000e+00 -1.504284079286306787e-09 -6.460947350116120535e-10 -5.478749092300443057e-10 -2.588635607585170011e-11 -2.350894121615688552e-10 -2.451261693852976949e-10 -1.979474018464660097e-10 -1.101717874525974137e-10 -6.996450777868298154e-11 -3.480932353150419332e-09 -2.731879991156220823e-07 -9.341924703309338560e-08 0.000000000000000000e+00 0.000000000000000000e+00
0.000000000000000000e+00 0.000000000000000000e+00 0.000000000000000000e+00 0.000000000000000000e+00 0.000000000000000000e+00 0.000000000000000000e+00 -4.741991789671602050e-10 -1.041581033701838871e-09 1.293009367769332737e-10 1.659879295820793975e-10 6.508144563625794089e-11 -1.143374360036593371e-09 -2.131696828979243390e-10 -3.738489227987670020e-10 -4.190301137104345188e-10 -6.220566325668596257e-09 -1.331573465244620951e-05 -9.629724167433935979e-08 0.000000000000000000e+00 0.000000000000000000e+00
0.000000000000000000e+00 0.000000000000000000e+00 0.000000000000000000e+00 0.000000000000000000e+00 0.000000000000000000e+00 0.000000000000000000e+00 -9.326469088199968373e-10 -8.105082966321251425e-10 -2.711514349876132514e-10 -1.152159300813265950e-10 2.919411447590884132e-11 -7.042719193018004049e-11 -1.226068639158564508e-10 2.856402438862860535e-11 -1.854699941128707948e-11 -2.382085575146388301e-11 -1.021382377085764116e-10 -9.199815295780114956e-08 0.000000000000000000e+00 0.000000000000000000e+00
0.000000000000000000e+00 0.000000000000000000e+00 0.000000000000000000e+00 0.000000000000000000e+00 0.000000000000000000e+00 0.000000000000000000e+00 2.282291300746612237e-11 1.127456774641551501e-11 7.021441371581288786e-12 4.976921157077979341e-12 3.579302135034469366e-12 1.727809460394686379e-12 7.910146652552636416e-13 5.484964317332120094e-13 4.802165677478550226e-13 3.727586537311864670e-13 1.443651019876579398e-12 9.774638712531004353e-11 0.000000000000000000e+00 0.000000000000000000e+00
0.000000000000000000e+00 0.000000000000000000e+00 0.000000000000000000e+00 0.000000000000000000e+00 0.000000000000000000e+00 0.000000000000000000e+00 1.842580619242465779e-11 1.074731619959362018e-11 8.813642768969344406e-12 5.348398451310822801e-12 4.750716807691805444e-12 2.339488659328518240e-12 1.259186472954874084e-12 7.246500807426942233e-13 4.690319037683118119e-13 2.998027936838887124e-12 1.964926292755543836e-10 9.789311792331256449e-11 0.000000000000000000e+00 0.000000000000000000e+00
0.000000000000000000e+00 0.000000000000000000e+00 0.000000000000000000e+00 0.000000000000000000e+00 0.000000000000000000e+00 0.000000000000000000e+00 3.154296656210460249e-11 2.176450840477039503e-11 1.457094012876547497e-11 1.227743704510413500e-11 9.108305145479652245e-12 4.918287889783902248e-12 1.145242875516881374e-12 8.710209247955355203e-13 7.637326838546111576e-13 4.372091828057914712e-12 3.131194571068095010e-09 9.495781823536501006e-11 0.000000000000000000e+00 0.000000000000000000e+00
0.000000000000000000e+00 0.000000000000000000e+00 0.000000000000000000e+00 0.000000000000000000e+00 0.000000000000000000e+00 0.000000000000000000e+00 8.587597516909384866e-12 4.536747313031210395e-12 3.549623291059390744e-12 2.350322532565587621e-12 2.279961478788668105e-12 1.503781894146314997e-12 1.058904265458958840e-12 6.217762229948761723e-13 4.837617197189550813e-13 3.850182927746738679e-13 2.414299339938291301e-12 -3.679542636228193557e-05 0.000000000000000000e+00 0.000000000000000000e+00
0.000000000000000000e+00 0.000000000000000000e+00 0.000000000000000000e+00 0.000000000000000000e+00 0.000000000000000000e+00 0.000000000000000000e+00 3.294928735513149108e-10 -1.239839405096860180e-10 -3.161766550596562935e-11 8.188981182156396752e-11 -1.232670945983352742e-10 1.972243167549755374e-12 -3.747280688118837884e-12 3.383020989135655172e-12 -4.888871670140175270e-13 1.310837879753565482e-13 -5.558034884562362077e-14 -9.412890138009745175e-13 0.000000000000000000e+00 0.000000000000000000e+00
0.000000000000000000e+00 0.000000000000000000e+00 0.000000000000000000e+00 0.000000000000000000e+00 0.000000000000000000e+00 0.000000000000000000e+00 6.038083518787786317e-10 1.408533124547544414e-10 1.963289653437096737e-10 4.942574263003229996e-11 -5.892183271245509427e-11 7.069382248534847454e-12 -2.552806242689010362e-12 4.060401358962424305e-12 -3.088790497380796501e-13 -7.074503205557921881e-13 -4.615567324115468833e-12 -9.447399472676302250e-13 0.000000000000000000e+00 0.000000000000000000e+00
0.000000000000000000e+00 0.000000000000000000e+00 0.000000000000000000e+00 0.000000000000000000e+00 0.000000000000000000e+00 0.000000000000000000e+00 8.106540461583312966e-11 -3.746557225448945019e-10 -2.482956879952795939e-10 1.242021193229948329e-10 -2.362852104344234509e-10 -5.820203277844889859e-12 -8.289076787976624276e-12 3.147836613743532874e-12 -2.567497791480229580e-13 -9.503513760496678329e-13 -3.226771995100070772e-12 -9.214732293934615330e-13 0.000000000000000000e+00 0.000000000000000000e+00
0.000000000000000000e+00 0.000000000000000000e+00 0.000000000000000000e+00 0.000000000000000000e+00 0.000000000000000000e+00 0.000000000000000000e+00 3.840265130596557626e-10 4.548289350988594638e-11 9.473346133300697189e-11 4.647255383169281417e-11 -6.223414610596177532e-11 3.229424121057090679e-12 -1.975208264679770587e-12 3.581522900008509225e-12 -5.039612480951019232e-13 1.118961837951715472e-13 -4.772962004717913389e-14 -1.114575001606715984e-09 0.000000000000000000e+00 0.000000000000000000e+00
0.000000000000000000e+00 0.000000000000000000e+00 0.000000000000000000e+00 0.000000000000000000e+00 0.000000000000000000e+00 0.000000000000000000e+00 3.190005534694159784e-09 -5.513510729117209135e-10 2.397292440245774153e-11 6.523391303939295622e-10 -2.067943358782648758e-10 -2.453035948554067510e-11 -3.606279185118630980e-11 7.915469917457715429e-12 -7.333556655991380844e-12 2.870942336443165513e-13 2.949341124434195006e-13 -1.074772307591660490e-11 0.000000000000000000e+00 0.000000000000000000e+00
0.000000000000000000e+00 0.000000000000000000e+00 0.000000000000000000e+00 0.000000000000000000e+00 0.000000000000000000e+00 0.000000000000000000e+00 4.212547013757974595e-09 -1.582155997089198998e-09 6.865470284758471119e-10 2.881112993590736313e-10 7.519657787770048848e-12 -3.632657245435488880e-11 -3.458881011129737590e-11 8.991570746025792828e-12 -3.930256168917418313e-12 -1.188137414781254820e-12 1.328861789364544220e-11 -1.055692002263384363e-11 0.000000000000000000e+00 0.000000000000000000e+00
0.000000000000000000e+00 0.000000000000000000e+00 0.000000000000000000e+00 0.000000000000000000e+00 0.000000000000000000e+00 0.000000000000000000e+00 2.300045963822865998e-09 3.908144633468347791e-10 -5.762648513366845050e-10 1.141557901861563235e-09 -5.231355614953305680e-10 -2.396071216165626369e-11 -4.634454151506109740e-11 3.851378080709025895e-12 -2.699136072136635857e-12 -1.085102815844227905e-12 -3.482866035816457774e-11 -1.028524254845522018e-11 0.000000000000000000e+00 0.000000000000000000e+00
0.000000000000000000e+00 0.000000000000000000e+00 0.000000000000000000e+00 0.000000000000000000e+00 0.000000000000000000e+00 0.000000000000000000e+00 2.755050955919760454e-09 -9.087438944118341434e-10 3.178872982044587859e-10 3.000552100279967645e-10 -4.189614614550034301e-11 -2.191753050660760244e-11 -2.883815452686671485e-11 9.574424856451641114e-12 -7.362070694419591546e-12 -2.558606339889137974e-13 4.906863564088787767e-12 -1.463797196673658880e-08 0.000000000000000000e+00 0.000000000000000000e+00
0.000000000000000000e+00 0.000000000000000000e+00 0.000000000000000000e+00 0.000000000000000000e+00 0.000000000000000000e+00 0.000000000000000000e+00 -1.066232540901545284e-11 5.655298287663337643e-12 -8.077771140912120907e-12 2.206747698805876835e-13 9.233519036487411245e-13 -5.125413830506284313e-12 -1.382153199536990248e-12 -5.942626233578215893e-12 7.820297680918181004e-13 1.583155275479197270e-12 -1.050596746308878868e-11 3.656832788278907526e-09 0.000000000000000000e+00 0.000000000000000000e+00
0.000000000000000000e+00 0.000000000000000000e+00 0.000000000000000000e+00 0.000000000000000000e+00 0.000000000000000000e+00 0.000000000000000000e+00 -3.615938589651569426e-11 2.351796568638548453e-11 2.038201407734544986e-11 9.101369337053077347e-12 2.209139271977955006e-11 1.561805087237765346e-12 5.246804081458966252e-13 -6.627583389702778997e-12 7.872912209907168330e-13 8.202310898970741071e-12 -2.271256837720702269e-08 3.737957783744943818e-09 0.000000000000000000e+00 0.000000000000000000e+00
0.000000000000000000e+00 0.000000000000000000e+00 0.000000000000000000e+00 0.000000000000000000e+00 0.000000000000000000e+00 0.000000000000000000e+00 2.791936732872076955e-11 -1.729859787508089266e-11 -7.553711803820767808e-12 3.560005809441173882e-11 2.293675499100503571e-11 1.639604780051438935e-11 -6.767765430517039154e-12 -9.963969893084913407e-12 -4.696398357382243572e-12 7.517271340864189496e-12 -2.891436858293809730e-07 3.733274358339145259e-09 0.000000000000000000e+00 0.000000000000000000e+00
0.000000000000000000e+00 0.000000000000000000e+00 0.000000000000000000e+00 0.000000000000000000e+00 0.000000000000000000e+00 0.000000000000000000e+00 -1.066232540901545284e-11 5.655298287663337643e-12 -8.077771140912120907e-12 2.206747698805876835e-13 9.233519036487411245e-13 -5.125413830506284313e-12 -1.382153199536990248e-12 -5.942626233578215893e-12 7.820297680918181004e-13 1.583155275479197270e-12 -1.050596746308878868e-11 3.656832788278907526e-09 0.000000000000000000e+00 0.000000000000000000e+00
0.000000000000000000e+00 0.000000000000000000e+00 0.000000000000000000e+00 0.000000000000000000e+00 0.000000000000000000e+00 0.000000000000000000e+00 1.453458947008286035e-16 1.149414939131811314e-16 9.206004004125196863e-17 5.624216376791231472e-17 5.788863214282929895e-17 4.238041187950709285e-17 3.063368310739582985e-17 1.564376418938245281e-17 8.009272032303102966e-18 7.933383265805505191e-18 1.312865513938689222e-17 6.175215650476899335e-16 0.000000000000000000e+00 0.000000000000000000e+00
0.000000000000000000e+00 0.000000000000000000e+00 0.000000000000000000e+00 0.000000000000000000e+00 0.000000000000000000e+00 0.000000000000000000e+00 1.817399088506796426e-16 1.903516135744609527e-16 1.707173165939313307e-16 1.018443275580434033e-16 1.074285659268124155e-16 6.428258636940597682e-17 3.378491865779166898e-17 1.760161433282097646e-17 9.298965556496617456e-18 2.521303997953164365e-17 6.462594429671792796e-16 6.335232096692203688e-16 0.000000000000000000e+00 0.000000000000000000e+00
0.000000000000000000e+00 0.000000000000000000e+00 0.000000000000000000e+00 0.000000000000000000e+00 0.000000000000000000e+00 0.000000000000000000e+00 2.003530257378299510e-16 1.233349816866767297e-16 9.579963720472336276e-17 6.202386552582486475e-17 6.252761164745436705e-17 5.092141124274474955e-17 2.491632030413623155e-17 1.433969417513819033e-17 8.566857251337482764e-18 3.921888695384467166e-17 4.379305504299190428e-14 5.773673540439733901e-16 0.000000000000000000e+00 0.000000000000000000e+00
0.000000000000000000e+00 0.000000000000000000e+00 0.000000000000000000e+00 0.000000000000000000e+00 0.000000000000000000e+00 0.000000000000000000e+00 8.344479838495310477e-17 8.083571258335337874e-17 6.994868399261654835e-17 4.286668570599990455e-17 4.942326686924002206e-17 4.030344381696444150e-17 3.074538523594633628e-17 1.586276481727485295e-17 8.036882244995770488e-18 8.697153330648102576e-18 2.551637557981034245e-17 4.434301472500193224e-11 0.000000000000000000e+00 0.000000000000000000e+00
0.000000000000000000e+00 0.000000000000000000e+00 0.000000000000000000e+00 0.000000000000000000e+00 0.000000000000000000e+00 0.000000000000000000e+00 1.484466438274243879e-12 -6.023994102289616959e-13 4.397083280910511078e-13 2.674827571653370057e-13 -3.736567002403332866e-13 2.857005766293642810e-14 -2.864350680176748829e-14 2.075354327149176535e-14 -1.967140130176507064e-15 -1.336126494264329984e-16 1.140335411311011200e-17 -1.320838944692290234e-16 0.000000000000000000e+00 0.000000000000000000e+00
0.000000000000000000e+00 0.000000000000000000e+00 0.000000000000000000e+00 0.000000000000000000e+00 0.000000000000000000e+00 0.000000000000000000e+00 2.519218650077465658e-12 7.262562349881290745e-14 1.330373126140014526e-12 2.215774267026339123e-13 -3.917517495134660581e-13 3.843188329184982856e-14 -3.189177676494770947e-14 2.229043628747545031e-14 -2.041472307145489851e-15 -1.397662629252063064e-15 1.374164376025715830e-15 -1.208516933255392370e-16 0.000000000000000000e+00 0.000000000000000000e+00
0.000000000000000000e+00 0.000000000000000000e+00 0.000000000000000000e+00 0.000000000000000000e+00 0.000000000000000000e+00 0.000000000000000000e+00 5.616849974326610386e-13 -1.252797325001493958e-12 -3.417787428894460682e-13 3.440289112429572183e-13 -4.982668944089639439e-13 4.283051874690290238e-14 -2.379979210481041676e-14 1.925136558600886424e-14 -2.209220986301694502e-15 -1.451425176751438725e-15 7.844088183346162143e-15 -2.956233928558098343e-16 0.000000000000000000e+00 0.000000000000000000e+00
0.000000000000000000e+00 0.000000000000000000e+00 0.000000000000000000e+00 0.000000000000000000e+00 0.000000000000000000e+00 0.000000000000000000e+00 1.521837185793249826e-12 -1.281788321525905118e-13 7.043145372852252085e-13 1.805614980161178651e-13 -2.871586396053711863e-13 2.263433384381121701e-14 -2.957748298572516809e-14 2.143383876013250324e-14 -1.888243266296129919e-15 -1.695924637706738117e-16 -1.425378532642748405e-17 6.240200729895824230e-14 0.000000000000000000e+00 0.000000000000000000e+00
0.000000000000000000e+00 0.000000000000000000e+00 0.000000000000000000e+00 0.000000000000000000e+00 0.000000000000000000e+00 0.000000000000000000e+00 8.163036276226099561e-12 -3.016975353714631928e-12 9.320304307645991321e-13 1.951905125491664689e-12 -2.182375331571097355e-13 9.524858078419842298e-14 -2.174184634437838393e-13 6.245516183086861931e-14 -1.043487511929283566e-14 6.244995154747838634e-15 7.879619694427672036e-15 2.914719155291075468e-14 0.000000000000000000e+00 0.000000000000000000e+00
0.000000000000000000e+00 0.000000000000000000e+00 0.000000000000000000e+00 0.000000000000000000e+00 0.000000000000000000e+00 0.000000000000000000e+00 1.373920715102613406e-11 -7.192187908902073598e-12 3.296026522338086800e-12 1.385568386409615808e-12 -2.006180020021221758e-13 1.495410892871685295e-13 -2.340850760938259984e-13 6.218581499055051973e-14 -1.023735737957351659e-14 1.954022264725404830e-14 -3.274286603749088217e-14 2.760496583354202110e-14 0.000000000000000000e+00 0.000000000000000000e+00
0.000000000000000000e+00 0.000000000000000000e+00 0.000000000000000000e+00 0.000000000000000000e+00 0.000000000000000000e+00 0.000000000000000000e+00 3.182258607445414538e-12 7.304844975627131390e-13 -1.098094479176444987e-12 2.861720475730313562e-12 -3.288948402409450423e-13 8.240490756344173171e-14 -1.929724284285325958e-13 6.522792415533103989e-14 -1.123036425227714221e-14 3.012037389452812715e-14 3.006717947158722003e-13 2.634343553407340593e-14 0.000000000000000000e+00 0.000000000000000000e+00
0.000000000000000000e+00 0.000000000000000000e+00 0.000000000000000000e+00 0.000000000000000000e+00 0.000000000000000000e+00 0.000000000000000000e+00 8.373528753486912675e-12 -3.932250595830575801e-12 1.709375986187816130e-12 1.182358852617544351e-12 -1.288567575567316446e-13 1.037353798463534671e-13 -2.177506327942579441e-13 6.092954413122822851e-14 -1.012429657163559726e-14 6.991584716385764977e-15 1.412828397599765440e-14 -6.601687537236280146e-12 0.000000000000000000e+00 0.000000000000000000e+00
0.000000000000000000e+00 0.000000000000000000e+00 0.000000000000000000e+00 0.000000000000000000e+00 0.000000000000000000e+00 0.000000000000000000e+00 -6.501119490675950762e-15 -2.831868598575867770e-14 -1.737841117411941399e-14 2.960369875102903695e-16 1.196059376504095280e-14 2.359184610056583974e-15 -9.829426158453270918e-15 -2.215423527785321613e-14 -6.860425441280122620e-15 -5.312344108399184194e-15 -1.931202555347512001e-14 -6.726081881511938805e-12 0.000000000000000000e+00 0.000000000000000000e+00
0.000000000000000000e+00 0.000000000000000000e+00 0.000000000000000000e+00 0.000000000000000000e+00 0.000000000000000000e+00 0.000000000000000000e+00 -1.773856756518353349e-14 -9.466671830198454964e-14 -1.235171988952143782e-14 5.351410898907622253e-14 6.973980306639842752e-14 -4.439666941620185145e-14 -3.096013961915437098e-14 -1.227320961113456241e-14 -1.195123901940832424e-14 -5.992147909075896835e-14 2.264980049451114466e-11 -6.674301516905265069e-12 0.000000000000000000e+00 0.000000000000000000e+00
0.000000000000000000e+00 0.000000000000000000e+00 0.000000000000000000e+00 0.000000000000000000e+00 0.000000000000000000e+00 0.000000000000000000e+00 1.083528737021219794e-14 -3.253823305571704580e-14 -2.427316363144975626e-14 -4.372673700884046202e-14 4.902612927954461573e-14 6.368294379255346059e-15 -3.441637834316324275e-14 -3.605411983592499527e-14 -2.086680868465606591e-14 -4.423796732671845948e-14 -8.437570730290519269e-10 -6.588685406773851950e-12 0.000000000000000000e+00 0.000000000000000000e+00
0.000000000000000000e+00 0.000000000000000000e+00 0.000000000000000000e+00 0.000000000000000000e+00 0.000000000000000000e+00 0.000000000000000000e+00 -6.501119490675950762e-15 -2.831868598575867770e-14 -1.737841117411941399e-14 2.960369875102903695e-16 1.196059376504095280e-14 2.359184610056583974e-15 -9.829426158453270918e-15 -2.215423527785321613e-14 -6.860425441280122620e-15 -5.312344108399184194e-15 -1.931202555347512001e-14 -6.726081881511938805e-12 0.000000000000000000e+00 0.000000000000000000e+00
0.000000000000000000e+00 0.000000000000000000e+00 0.000000000000000000e+00 0.000000000000000000e+00 0.000000000000000000e+00 0.000000000000000000e+00 1.533806397717138664e-10 8.735691150113212081e-10 2.408555583428139580e-10 1.654138940534385425e-10 2.193547788671863524e-10 2.181956086171550908e-10 1.835484968452676015e-10 1.050717657868265125e-10 4.673311091216834288e-11 6.031465177475315515e-11 4.581238796037042641e-10 8.696058443793396041e-08 0.000000000000000000e+00 0.000000000000000000e+00
0.000000000000000000e+00 0.000000000000000000e+00 0.000000000000000000e+00 0.000000000000000000e+00 0.000000000000000000e+00 0.000000000000000000e+00 3.969491962508327863e-10 -4.594111773436757803e-12 1.023638931744011973e-10 -1.613784242615894427e-11 2.125271451460121526e-13 1.703304042940902846e-10 5.800020718417179245e-11 6.872626097160527882e-11 6.512660998228734255e-11 1.716754979014463876e-10 5.498839428648346090e-09 8.669720687351032850e-08 0.000000000000000000e+00 0.000000000000000000e+00
0.000000000000000000e+00 0.000000000000000000e+00 0.000000000000000000e+00 0.000000000000000000e+00 0.000000000000000000e+00 0.000000000000000000e+00 6.850021095316394833e-10 2.228811782274618004e-09 1.570968240289750638e-09 8.810474550911589306e-10 1.375099682979700359e-09 1.607426680096906067e-09 9.127351806673749303e-10 5.480798553065530408e-10 2.659548112648868213e-10 3.073325984466348540e-10 1.391791561062141482e-08 8.649594643041751417e-08 0.000000000000000000e+00 0.000000000000000000e+00
0.000000000000000000e+00 0.000000000000000000e+00 0.000000000000000000e+00 0.000000000000000000e+00 0.000000000000000000e+00 0.000000000000000000e+00 2.762279173810093600e-10 1.940518913363249720e-10 -8.902760862688533219e-11 -2.678058471639709956e-12 1.098291653153354406e-11 5.724714433878183838e-11 8.620278500891775221e-11 6.905526644759705771e-11 3.846359589806924439e-11 4.423824445515497026e-11 3.544869180462841932e-10 -3.886010353925217764e-01 0.000000000000000000e+00 0.000000000000000000e+00
0.000000000000000000e+00 0.000000000000000000e+00 0.000000000000000000e+00 0.000000000000000000e+00 0.000000000000000000e+00 0.000000000000000000e+00 -3.550092088327057915e-09 -3.103805414535688430e-09 -2.641923559985727050e-09 -1.225698212110420540e-09 -5.966759597726906081e-10 -8.566681127505581960e-10 -1.162141195666509908e-10 -9.116595362105030928e-11 -5.687435970432462246e-11 1.965891916655181087e-11 8.844683638455762195e-11 2.528524024458953685e-10 0.000000000000000000e+00 0.000000000000000000e+00
0.000000000000000000e+00 0.000000000000000000e+00 0.000000000000000000e+00 0.000000000000000000e+00 0.000000000000000000e+00 0.000000000000000000e+00 -3.952997584183616776e-09 1.015942679014479730e-10 6.673648757835153632e-10 1.640779666491198454e-09 9.312285922141295701e-10 -3.493107070208321119e-10 9.792716077350485627e-11 7.816687212142856666e-11 -3.037877921859342626e-11 -3.073832438404437498e-11 6.204991685128520968e-11 2.453531920048614621e-10 0.000000000000000000e+00 0.000000000000000000e+00
0.000000000000000000e+00 0.000000000000000000e+00 0.000000000000000000e+00 0.000000000000000000e+00 0.000000000000000000e+00 0.000000000000000000e+00 -3.190024423924374735e-09 -6.251092416812275251e-09 -6.129485266240525656e-09 -4.191720114944475783e-09 -2.207769917270244600e-09 -1.770000749265663711e-09 -3.937168457712038720e-10 -4.172860442033097033e-10 -1.601367818931470502e-10 -8.966450487549675494e-11 1.331398283179647340e-10 2.497805210468515351e-10 0.000000000000000000e+00 0.000000000000000000e+00
0.000000000000000000e+00 0.000000000000000000e+00 0.000000000000000000e+00 0.000000000000000000e+00 0.000000000000000000e+00 0.000000000000000000e+00 -3.747396963549826788e-09 1.753362048105588494e-10 4.033695802222844351e-10 4.724378693226475398e-10 1.608900068833085038e-10 -2.608243742565094725e-10 3.901022856513168668e-11 7.262710150834057465e-11 -3.209991618339915177e-11 1.620212823960022565e-12 2.579060814530346825e-11 -2.391676877953744500e-08 0.000000000000000000e+00 0.000000000000000000e+00
0.000000000000000000e+00 0.000000000000000000e+00 0.000000000000000000e+00 0.000000000000000000e+00 0.000000000000000000e+00 0.000000000000000000e+00 -1.883043723517387125e-08 -1.860914093652773170e-08 -1.490208405012418746e-08 -2.922181492608343408e-09 -2.121467394676048974e-09 -1.712689662850862825e-09 -1.292774414498630315e-09 -2.411921271562200021e-10 -1.269011918269083847e-10 4.296965399332056367e-11 2.661451276464193063e-10 2.366100288497849703e-09 0.000000000000000000e+00 0.000000000000000000e+00
0.000000000000000000e+00 0.000000000000000000e+00 0.000000000000000000e+00 0.000000000000000000e+00 0.000000000000000000e+00 0.000000000000000000e+00 -9.788274936545429719e-09 -1.161724357376411627e-08 5.078137307141598618e-09 2.938335189212458178e-09 3.734209648027412843e-09 1.305050437842061612e-09 -1.411701266379535321e-10 3.097011089844953406e-10 -4.221115457798806126e-11 2.299061044124299244e-11 9.044005003009079155e-11 2.064332021188139430e-09 0.000000000000000000e+00 0.000000000000000000e+00
0.000000000000000000e+00 0.000000000000000000e+00 0.000000000000000000e+00 0.000000000000000000e+00 0.000000000000000000e+00 0.000000000000000000e+00 -2.752598080693300267e-08 -2.645359410310506181e-08 -3.531937225369095983e-08 -9.251082534939019924e-09 -7.801609725418609041e-09 -6.102340438884241029e-09 -2.708539349914737568e-09 -1.062921418879987115e-09 -4.241964698034238206e-10 -8.630097387427363463e-11 2.119196528524740860e-11 2.022352493433639418e-09 0.000000000000000000e+00 0.000000000000000000e+00
0.000000000000000000e+00 0.000000000000000000e+00 0.000000000000000000e+00 0.000000000000000000e+00 0.000000000000000000e+00 0.000000000000000000e+00 -1.528123381998716322e-08 -3.205353047781043794e-09 2.757288442311296670e-09 -3.902948378538322662e-11 -3.511841057331826064e-10 1.079138762124836241e-09 -3.580623462988512040e-10 1.912063201450430701e-10 -3.587464191182277838e-11 8.825761544823443379e-12 1.110642482082399262e-10 1.575624797573643383e-06 0.000000000000000000e+00 0.000000000000000000e+00
0.000000000000000000e+00 0.000000000000000000e+00 0.000000000000000000e+00 0.000000000000000000e+00 0.000000000000000000e+00 0.000000000000000000e+00 2.831480229402447846e-09 -9.654350734473408476e-10 4.647695220378186039e-10 9.457978341936177622e-10 4.700695083464849807e-10 -5.459248385951097939e-10 9.466772967602767171e-11 -1.899299968113113670e-10 -8.116302251533167700e-12 -4.583291216097834196e-11 -5.823881574559087959e-10 -1.605628047494217806e-06 0.000000000000000000e+00 0.000000000000000000e+00
0.000000000000000000e+00 0.000000000000000000e+00 0.000000000000000000e+00 0.000000000000000000e+00 0.000000000000000000e+00 0.000000000000000000e+00 -3.288968360171901988e-09 -2.010504490744542353e-09 7.308629505105688647e-10 1.054608698875936345e-09 2.021432142129596895e-09 -1.262454408944883275e-09 1.119100699360790426e-10 -2.210534068395720013e-10 -5.765274849094086276e-12 1.001016109168880522e-09 1.138428135812937563e-07 -1.611285976795288855e-06 0.000000000000000000e+00 0.000000000000000000e+00
0.000000000000000000e+00 0.000000000000000000e+00 0.000000000000000000e+00 0.000000000000000000e+00 0.000000000000000000e+00 0.000000000000000000e+00 4.377190809571934393e-09 -2.966622336711080584e-09 8.083686025810629767e-10 1.871413893809673795e-09 -8.192535578182927053e-10 1.041157239026149573e-09 1.437157392531925599e-09 4.957249170095369626e-10 -1.162791937846800250e-10 1.656641648496298647e-09 6.565506361369109814e-07 -1.611020489729272295e-06 0.000000000000000000e+00 0.000000000000000000e+00
0.000000000000000000e+00 0.000000000000000000e+00 0.000000000000000000e+00 0.000000000000000000e+00 0.000000000000000000e+00 0.000000000000000000e+00 2.831480229402447846e-09 -9.654350734473408476e-10 4.647695220378186039e-10 9.457978341936177622e-10 4.700695083464849807e-10 -5.459248385951097939e-10 9.466772967602767171e-11 -1.899299968113113670e-10 -8.116302251533167700e-12 -4.583291216097834196e-11 -5.823881574559087959e-10 -1.605628047494217806e-06 0.000000000000000000e+00 0.000000000000000000e+00
