0.000000000000000000e+00 0.000000000000000000e+00 0.000000000000000000e+00 0.000000000000000000e+00 0.000000000000000000e+00 0.000000000000000000e+00 1.400950399128854649e-12 1.998306168693659432e-12 2.499195373625315739e-12 4.043802720446528402e-12 4.203917047991305011e-12 4.080325291670317036e-12 3.027908507164461007e-12 1.486694919923252919e-12 2.974172275841265441e-13 5.236688900936097586e-13 9.417984974233609758e-12 1.465579766436572332e-10 0.000000000000000000e+00 0.000000000000000000e+00
0.000000000000000000e+00 0.000000000000000000e+00 0.000000000000000000e+00 0.000000000000000000e+00 0.000000000000000000e+00 0.000000000000000000e+00 -8.218212953615543917e-13 -7.870726461819149480e-13 9.616584867187651701e-14 -4.061732368111897058e-13 2.647041968607024298e-13 6.409247737309146941e-13 2.894421082861208608e-13 1.989705633930971037e-13 2.858503830621407335e-14 1.061271036983503582e-13 8.711755157202788332e-12 1.407886719365633589e-10 0.000000000000000000e+00 0.000000000000000000e+00
0.000000000000000000e+00 0.000000000000000000e+00 0.000000000000000000e+00 0.000000000000000000e+00 0.000000000000000000e+00 0.000000000000000000e+00 8.195928394346923375e-12 9.756362857242754135e-12 9.913485830741340687e-12 2.010033961908807084e-11 2.668560667756434868e-11 3.419965818469418465e-11 2.061583269532149933e-11 1.234082027443817036e-11 4.859912132850236488e-12 2.714137034453198445e-12 4.553562968157391013e-10 1.488889633135012888e-10 0.000000000000000000e+00 0.000000000000000000e+00
0.000000000000000000e+00 0.000000000000000000e+00 0.000000000000000000e+00 0.000000000000000000e+00 0.000000000000000000e+00 0.000000000000000000e+00 -3.608166308767644304e-13 -1.832476610833152858e-13 2.469978044121675034e-13 -1.159091744867978278e-13 -1.266916738278435675e-14 2.283356986729920249e-13 5.994512287826797107e-15 9.613896695932011953e-14 2.253857329951341711e-14 8.041747989022360475e-15 3.357284088985482231e-13 1.343634096074097263e-03 0.000000000000000000e+00 0.000000000000000000e+00
0.000000000000000000e+00 0.000000000000000000e+00 0.000000000000000000e+00 0.000000000000000000e+00 0.000000000000000000e+00 0.000000000000000000e+00 2.146588977670777355e-10 1.818738063539471730e-10 -6.097657582275387736e-11 -7.075677089613586791e-11 -1.683050023639023700e-11 -2.632592889706812946e-11 -1.009005236934466749e-11 -2.146769090817722915e-12 -1.929035037220485241e-12 6.299437676508410432e-13 1.914039746466065963e-12 3.936873005995473824e-12 0.000000000000000000e+00 0.000000000000000000e+00
0.000000000000000000e+00 0.000000000000000000e+00 0.000000000000000000e+00 0.000000000000000000e+00 0.000000000000000000e+00 0.000000000000000000e+00 -1.673371385402287916e-10 8.536613820024983295e-12 -2.433014801316551946e-11 1.860732544879082011e-11 -1.299766827135619600e-11 3.719656153321631521e-12 6.973633815110911414e-12 3.546358811094965842e-12 -9.299886265339872330e-13 -5.377834009861081407e-13 5.583682567565488431e-13 4.269482609225561109e-12 0.000000000000000000e+00 0.000000000000000000e+00
0.000000000000000000e+00 0.000000000000000000e+00 0.000000000000000000e+00 0.000000000000000000e+00 0.000000000000000000e+00 0.000000000000000000e+00 5.602827351331614334e-10 3.613104339170751396e-10 -9.484593095039802178e-11 -1.549481056100371749e-10 -1.493631444203220773e-11 -7.428901367171598596e-11 -3.323398027437696728e-11 -1.171084038108872344e-11 -4.328049655800803289e-12 -2.348712168817915886e-12 -9.163281475777982098e-13 4.614329905135508153e-12 0.000000000000000000e+00 0.000000000000000000e+00
0.000000000000000000e+00 0.000000000000000000e+00 0.000000000000000000e+00 0.000000000000000000e+00 0.000000000000000000e+00 0.000000000000000000e+00 -4.782096053969227918e-12 -4.758049517964188345e-11 1.561915929739330454e-12 -1.902831829340686936e-11 -9.169820465467318256e-12 -2.079468889033978969e-14 2.704656314474320381e-12 3.063519227679566183e-12 -1.176324352304123175e-12 -1.080658465958899562e-13 -2.313878830539499275e-13 2.441459349512478114e-09 0.000000000000000000e+00 0.000000000000000000e+00
0.000000000000000000e+00 0.000000000000000000e+00 0.000000000000000000e+00 0.000000000000000000e+00 0.000000000000000000e+00 0.000000000000000000e+00 3.041600855395099206e-10 7.097478469327199815e-10 4.601030461800181860e-10 8.706983948925832689e-11 -4.839899961682080289e-10 -1.441606535807725604e-10 -6.432197556139896444e-11 -1.416741650929654500e-12 -1.025348657802519560e-11 7.610950797061563310e-12 2.201574001747127113e-11 9.012249046829823306e-11 0.000000000000000000e+00 0.000000000000000000e+00
0.000000000000000000e+00 0.000000000000000000e+00 0.000000000000000000e+00 0.000000000000000000e+00 0.000000000000000000e+00 0.000000000000000000e+00 -8.082124979224467779e-10 -2.455173271862458257e-11 1.111574477011567900e-11 2.653082761176851048e-10 -7.226214855383747725e-11 2.482737666693806034e-11 2.831555018960562152e-11 1.429203686916207788e-11 -2.534302947640196593e-12 -8.261822591923065506e-12 4.996571029661633059e-12 8.713610541695283699e-11 0.000000000000000000e+00 0.000000000000000000e+00
0.000000000000000000e+00 0.000000000000000000e+00 0.000000000000000000e+00 0.000000000000000000e+00 0.000000000000000000e+00 0.000000000000000000e+00 1.283832948490414418e-09 1.463034866939375531e-09 8.984542748417779805e-10 -3.716529163636783773e-11 -1.092901283276826712e-09 -3.821123406486068128e-10 -1.806219184103707137e-10 -3.213429718713345973e-11 -3.488949224116377668e-11 -3.362503493253076879e-11 7.156569623521284130e-11 8.914377799539308069e-11 0.000000000000000000e+00 0.000000000000000000e+00
0.000000000000000000e+00 0.000000000000000000e+00 0.000000000000000000e+00 0.000000000000000000e+00 0.000000000000000000e+00 0.000000000000000000e+00 -1.755302872045523866e-10 -2.209261753624398632e-10 4.849617693496932584e-11 8.004486332058731231e-11 -1.296017225637468478e-10 -1.172408839322303754e-11 4.866164884689840400e-12 1.226986725027357477e-11 -4.845404436594840721e-12 -2.310719199048949914e-12 -7.399404931621914999e-12 1.380768653345503395e-07 0.000000000000000000e+00 0.000000000000000000e+00
0.000000000000000000e+00 0.000000000000000000e+00 0.000000000000000000e+00 0.000000000000000000e+00 0.000000000000000000e+00 0.000000000000000000e+00 4.456268562863035447e-11 1.006710274176694616e-10 2.686090370524258317e-11 3.457283069531122183e-12 -2.489724057752230004e-12 2.902595688564592622e-11 4.536345689559012171e-12 4.278419081566062394e-13 2.481105916798092037e-12 -5.007481313564934793e-12 1.185073076558955146e-11 2.225031334867940666e-07 0.000000000000000000e+00 0.000000000000000000e+00
0.000000000000000000e+00 0.000000000000000000e+00 0.000000000000000000e+00 0.000000000000000000e+00 0.000000000000000000e+00 0.000000000000000000e+00 2.615206802390146882e-10 1.198084454352620231e-10 -1.477030350722941172e-11 -1.494505361676799961e-11 -3.350009714711668767e-11 -3.675780759319444127e-11 1.477000298077023138e-11 7.806188482191903468e-12 4.914549469207767115e-12 7.093120848844408386e-11 3.344637869816165690e-09 2.230425572397396545e-07 0.000000000000000000e+00 0.000000000000000000e+00
0.000000000000000000e+00 0.000000000000000000e+00 0.000000000000000000e+00 0.000000000000000000e+00 0.000000000000000000e+00 0.000000000000000000e+00 -2.431204683860123842e-10 5.054384040599832068e-11 2.196136122852721520e-11 -4.464622481217393445e-11 -4.635161023261427021e-11 6.041096025054505855e-11 -3.314815708762511543e-11 -1.263490016904197952e-11 7.270552242419721754e-12 7.306871133848726826e-11 -4.218142900120526841e-08 2.234285671002584454e-07 0.000000000000000000e+00 0.000000000000000000e+00
0.000000000000000000e+00 0.000000000000000000e+00 0.000000000000000000e+00 0.000000000000000000e+00 0.000000000000000000e+00 0.000000000000000000e+00 4.456268562863035447e-11 1.006710274176694616e-10 2.686090370524258317e-11 3.457283069531122183e-12 -2.489724057752230004e-12 2.902595688564592622e-11 4.536345689559012171e-12 4.278419081566062394e-13 2.481105916798092037e-12 -5.007481313564934793e-12 1.185073076558955146e-11 2.225031334867940666e-07 0.000000000000000000e+00 0.000000000000000000e+00
0.000000000000000000e+00 0.000000000000000000e+00 0.000000000000000000e+00 0.000000000000000000e+00 0.000000000000000000e+00 0.000000000000000000e+00 -2.143132697816706615e-11 2.310836702129184648e-10 1.897927382499088554e-10 1.218201943902193985e-10 3.344123094340896451e-11 6.962165324679182257e-11 2.896553238228256418e-11 2.078035309130443686e-11 4.126602017533488293e-12 5.473559384024765450e-12 8.334424897929030254e-11 -7.078650846034461832e-10 0.000000000000000000e+00 0.000000000000000000e+00
0.000000000000000000e+00 0.000000000000000000e+00 0.000000000000000000e+00 0.000000000000000000e+00 0.000000000000000000e+00 0.000000000000000000e+00 -2.192898847686376128e-10 1.602392007973960981e-10 4.832809336502542788e-11 7.619994387842872176e-11 -3.314888665926984983e-11 6.432338842636813505e-11 2.786144740090219223e-11 1.616513232887952992e-11 3.145324351782406863e-12 7.466240058059143493e-12 4.537376673431470422e-10 -2.808938171304177142e-10 0.000000000000000000e+00 0.000000000000000000e+00
0.000000000000000000e+00 0.000000000000000000e+00 0.000000000000000000e+00 0.000000000000000000e+00 0.000000000000000000e+00 0.000000000000000000e+00 2.371061600864546711e-10 6.508267692375179390e-10 6.499018332133149045e-10 5.570453785013381030e-10 2.578724999434918084e-10 3.890709146576974876e-10 1.697128165563419294e-10 1.211020506524696318e-10 3.645256629458690334e-11 3.052663701020668574e-11 1.996534207997593463e-08 1.746971068091863306e-10 0.000000000000000000e+00 0.000000000000000000e+00
0.000000000000000000e+00 0.000000000000000000e+00 0.000000000000000000e+00 0.000000000000000000e+00 0.000000000000000000e+00 0.000000000000000000e+00 1.132173919039321916e-10 4.055994114124999300e-11 5.885182476424261294e-11 1.384415465484555293e-11 3.244672453926468149e-11 3.763158304958184528e-11 2.393979832645300341e-11 1.806894692548073482e-11 3.328721721261706828e-12 8.204837666649492037e-13 6.230018507556313400e-11 -1.293914770979941897e+00 0.000000000000000000e+00 0.000000000000000000e+00
0.000000000000000000e+00 0.000000000000000000e+00 0.000000000000000000e+00 0.000000000000000000e+00 0.000000000000000000e+00 0.000000000000000000e+00 -5.208968938361627233e-10 -1.431844721588848650e-10 -4.160896030904008289e-10 -2.662072133820466698e-10 -8.566536883495307958e-10 -4.245155297963082632e-10 -1.248171481886958436e-10 -7.427084496196296132e-11 -1.588629987126425222e-11 1.297442568902792458e-11 3.353842830566052813e-11 1.699050412114962966e-11 0.000000000000000000e+00 0.000000000000000000e+00
0.000000000000000000e+00 0.000000000000000000e+00 0.000000000000000000e+00 0.000000000000000000e+00 0.000000000000000000e+00 0.000000000000000000e+00 5.213449015110132977e-10 2.054102595968134929e-09 5.652515608119761107e-10 1.509592969343369297e-09 2.354601534177581703e-10 -2.032787757214385398e-10 4.573377432060062718e-11 -4.208256810094540867e-12 -2.811319909714629766e-12 -1.057034878170964221e-11 1.949840449028729732e-11 1.131909830390643873e-11 0.000000000000000000e+00 0.000000000000000000e+00
0.000000000000000000e+00 0.000000000000000000e+00 0.000000000000000000e+00 0.000000000000000000e+00 0.000000000000000000e+00 0.000000000000000000e+00 -1.376045928614496343e-09 -2.217873664709865577e-09 -1.561380717495282569e-09 -2.215087631675011415e-09 -2.535360506865781451e-09 -1.198271799413849265e-09 -2.719548321403477598e-10 -1.556540707909618735e-10 -5.919488925291461086e-11 -4.306109646728943424e-11 -1.541286818473758360e-11 1.569785818325052246e-11 0.000000000000000000e+00 0.000000000000000000e+00
0.000000000000000000e+00 0.000000000000000000e+00 0.000000000000000000e+00 0.000000000000000000e+00 0.000000000000000000e+00 0.000000000000000000e+00 -1.196788356973859502e-09 9.474123079225126179e-10 8.215716086108218400e-10 1.051447242433092455e-09 1.896924763753457149e-10 -1.275608831148374547e-10 -2.888203837030094149e-11 -3.317190401775593665e-11 -1.394397249633827402e-12 -5.979619049729708615e-13 5.932167067763839030e-12 -5.723623212588524084e-08 0.000000000000000000e+00 0.000000000000000000e+00
0.000000000000000000e+00 0.000000000000000000e+00 0.000000000000000000e+00 0.000000000000000000e+00 0.000000000000000000e+00 0.000000000000000000e+00 -7.557768535869843112e-09 -1.459568983085948610e-09 -1.241514927504714791e-09 -2.462237106413909536e-09 -3.723716528955880611e-09 -1.723019468603630647e-09 -3.453288592782660705e-10 -4.493500829692691875e-10 -5.041229363590708595e-11 1.130023544376838926e-10 2.590716460160470942e-10 2.338638706326449793e-10 0.000000000000000000e+00 0.000000000000000000e+00
0.000000000000000000e+00 0.000000000000000000e+00 0.000000000000000000e+00 0.000000000000000000e+00 0.000000000000000000e+00 0.000000000000000000e+00 3.794453695546352672e-09 1.166572206293771022e-08 -4.294785299508061591e-09 3.211188045049148828e-09 1.705805970781572111e-09 1.186777456534081198e-10 7.491681743361297037e-10 2.836869455076171339e-10 -3.606670852170133646e-11 4.550551747478674362e-12 -4.533896263277197578e-11 1.118734125669528512e-10 0.000000000000000000e+00 0.000000000000000000e+00
0.000000000000000000e+00 0.000000000000000000e+00 0.000000000000000000e+00 0.000000000000000000e+00 0.000000000000000000e+00 0.000000000000000000e+00 -1.761699785218990939e-08 -1.387853561896711142e-08 1.213925338245068179e-09 -9.210048317118687994e-09 -1.020686670315748459e-08 -5.723496760055375168e-09 -1.644280381770118400e-09 -1.410552348744900016e-09 -3.076450280272559286e-10 -2.052854450307198306e-10 -5.999577811123454417e-10 1.582414145156150892e-10 0.000000000000000000e+00 0.000000000000000000e+00
0.000000000000000000e+00 0.000000000000000000e+00 0.000000000000000000e+00 0.000000000000000000e+00 0.000000000000000000e+00 0.000000000000000000e+00 -6.925324327785846241e-09 6.499408470874668229e-09 -8.772784386579585718e-10 3.038409429025058667e-09 -3.378256019327764718e-10 6.681607491949906483e-11 4.936933817617499897e-10 1.017409633109392950e-10 6.113494347367948976e-12 7.749349545159927166e-12 2.792846143731960833e-11 -1.240485393705484295e-06 0.000000000000000000e+00 0.000000000000000000e+00
0.000000000000000000e+00 0.000000000000000000e+00 0.000000000000000000e+00 0.000000000000000000e+00 0.000000000000000000e+00 0.000000000000000000e+00 2.237165407218962857e-10 -1.829194185113128424e-09 7.546149474697301610e-10 1.541310217022838395e-10 -1.697671870161986363e-10 -2.687876976909253720e-10 -1.385579787175872918e-10 2.732620931555221704e-11 1.180261008130511230e-11 4.038942216759086794e-11 -4.977360763545105998e-10 3.818884462420533376e-07 0.000000000000000000e+00 0.000000000000000000e+00
0.000000000000000000e+00 0.000000000000000000e+00 0.000000000000000000e+00 0.000000000000000000e+00 0.000000000000000000e+00 0.000000000000000000e+00 1.200175497972542422e-10 -3.853066365359456352e-09 1.904656382764908191e-09 1.053502462926618495e-09 -7.478336074265631985e-10 -4.171136391022282098e-10 -3.029388906299440567e-10 5.299777316505438348e-11 -6.080329981101667363e-11 1.278444750263789186e-10 -1.236219048837244187e-07 3.852532693046039387e-07 0.000000000000000000e+00 0.000000000000000000e+00
0.000000000000000000e+00 0.000000000000000000e+00 0.000000000000000000e+00 0.000000000000000000e+00 0.000000000000000000e+00 0.000000000000000000e+00 1.351465739683619891e-09 -1.704269030990772919e-09 -9.301440518922640604e-11 -7.985884686478278479e-10 3.649482416354337647e-10 1.120590483952538031e-09 -1.037764391815571960e-09 -8.967709985999112562e-11 -8.971799871907135953e-11 -9.547868185540511104e-11 -2.043126971982397364e-06 3.914065578093264153e-07 0.000000000000000000e+00 0.000000000000000000e+00
0.000000000000000000e+00 0.000000000000000000e+00 0.000000000000000000e+00 0.000000000000000000e+00 0.000000000000000000e+00 0.000000000000000000e+00 2.237165407218962857e-10 -1.829194185113128424e-09 7.546149474697301610e-10 1.541310217022838395e-10 -1.697671870161986363e-10 -2.687876976909253720e-10 -1.385579787175872918e-10 2.732620931555221704e-11 1.180261008130511230e-11 4.038942216759086794e-11 -4.977360763545105998e-10 3.818884462420533376e-07 0.000000000000000000e+00 0.000000000000000000e+00
0.000000000000000000e+00 0.000000000000000000e+00 0.000000000000000000e+00 0.000000000000000000e+00 0.000000000000000000e+00 0.000000000000000000e+00 4.496924164890505287e-11 1.675499629561741524e-10 5.979585376642475881e-11 9.557072914363403270e-11 7.771059340637113482e-11 8.724127614442794562e-11 7.611634604184824516e-11 4.501598502004225571e-11 1.655281086652704533e-11 1.549041939764795010e-11 2.741336008289355004e-10 5.686674105404804981e-09 0.000000000000000000e+00 0.000000000000000000e+00
0.000000000000000000e+00 0.000000000000000000e+00 0.000000000000000000e+00 0.000000000000000000e+00 0.000000000000000000e+00 0.000000000000000000e+00 1.675356030668190736e-11 1.757903538211269540e-11 1.203866149988410503e-11 -9.624908331560928707e-13 1.556233105336596814e-11 1.618086657564422783e-11 1.023353245536542800e-11 4.764361058297675217e-12 7.240034047530685849e-12 3.211954858971086757e-11 1.060267592136675265e-09 5.598160590738041948e-09 0.000000000000000000e+00 0.000000000000000000e+00
0.000000000000000000e+00 0.000000000000000000e+00 0.000000000000000000e+00 0.000000000000000000e+00 0.000000000000000000e+00 0.000000000000000000e+00 3.144224103284390611e-10 6.385717937164814539e-10 2.099713694447320359e-10 4.293738145893752636e-10 4.728473274398304809e-10 6.994977079954218233e-10 4.686547641634664137e-10 3.059016751308398256e-10 1.541322992329812656e-10 1.505954049872870409e-10 2.291797032102669222e-08 5.663689703732046004e-09 0.000000000000000000e+00 0.000000000000000000e+00
0.000000000000000000e+00 0.000000000000000000e+00 0.000000000000000000e+00 0.000000000000000000e+00 0.000000000000000000e+00 0.000000000000000000e+00 9.226888845552226237e-12 1.350570988843978476e-11 1.032936695643007183e-11 4.396435351652514141e-12 1.052229275103567856e-11 1.088376397169933725e-11 1.133415201594824302e-11 7.816768163068848404e-12 5.860396332973831928e-12 2.611855490747106340e-12 6.151061260545993574e-11 -2.702913702416754466e-02 0.000000000000000000e+00 0.000000000000000000e+00
0.000000000000000000e+00 0.000000000000000000e+00 0.000000000000000000e+00 0.000000000000000000e+00 0.000000000000000000e+00 0.000000000000000000e+00 -1.892910868469745210e-10 -3.062263173043535778e-09 -4.285585960743005244e-10 -9.383610585404133610e-10 -7.196457828102622866e-10 -2.537889847988403627e-10 -1.597963074705958467e-10 -9.382334810705592432e-11 -4.196758885931324656e-11 1.918793541909651871e-11 7.899756879415791163e-11 1.220621867506062784e-10 0.000000000000000000e+00 0.000000000000000000e+00
0.000000000000000000e+00 0.000000000000000000e+00 0.000000000000000000e+00 0.000000000000000000e+00 0.000000000000000000e+00 0.000000000000000000e+00 -1.983534116159878604e-10 -3.574462411515334253e-10 -4.243447076346947679e-10 1.496556976000993404e-10 -9.402829756314921695e-11 2.646263030549757288e-11 -6.512413133646180378e-12 1.523590839369435709e-12 -1.997373513497075118e-11 -2.991946987220307321e-11 4.526821903340695099e-11 1.160621108173906854e-10 0.000000000000000000e+00 0.000000000000000000e+00
0.000000000000000000e+00 0.000000000000000000e+00 0.000000000000000000e+00 0.000000000000000000e+00 0.000000000000000000e+00 0.000000000000000000e+00 -1.978036703234303759e-10 -5.621843525984377999e-09 -5.223438729074281327e-10 -2.169077062008003119e-09 -1.704518836086233836e-09 -7.028189158982790447e-10 -3.578732414453112135e-10 -2.382693831931528841e-10 -1.379354708826581425e-10 -8.793811191421111265e-11 3.495945172246663722e-11 1.184594313136532770e-10 0.000000000000000000e+00 0.000000000000000000e+00
0.000000000000000000e+00 0.000000000000000000e+00 0.000000000000000000e+00 0.000000000000000000e+00 0.000000000000000000e+00 0.000000000000000000e+00 7.795332236764303851e-11 -9.008966846533970330e-10 -1.039310809232045717e-10 -1.172521870061952836e-10 -1.788601330694823791e-10 -5.231936682270202645e-11 -6.346540492512791994e-11 -2.438258239745509995e-11 -1.764574183703377038e-11 -2.469103901607935494e-15 1.851563257866360980e-11 -1.910479844640797476e-09 0.000000000000000000e+00 0.000000000000000000e+00
0.000000000000000000e+00 0.000000000000000000e+00 0.000000000000000000e+00 0.000000000000000000e+00 0.000000000000000000e+00 0.000000000000000000e+00 -4.739924309057835776e-09 -9.869677295711445459e-09 -1.426645447565415580e-09 -5.733154552205678345e-09 -2.564822484949985399e-09 -1.165215047646575110e-09 -8.056572913012819846e-11 -8.657146165462308670e-11 -4.059651660790323216e-11 1.842328953513807511e-11 -7.936578321092612707e-11 3.167368436841641895e-10 0.000000000000000000e+00 0.000000000000000000e+00
0.000000000000000000e+00 0.000000000000000000e+00 0.000000000000000000e+00 0.000000000000000000e+00 0.000000000000000000e+00 0.000000000000000000e+00 9.502997476536763836e-10 -2.342208668171506493e-09 -2.861323001870424032e-09 -6.143951089807902359e-10 -4.805106287942390275e-10 3.126628952469746307e-10 1.352052515569356103e-10 -3.755365115379667327e-11 -1.917719316975121712e-11 -8.744039598424102329e-12 4.003309547300232706e-11 3.107557284928914241e-10 0.000000000000000000e+00 0.000000000000000000e+00
0.000000000000000000e+00 0.000000000000000000e+00 0.000000000000000000e+00 0.000000000000000000e+00 0.000000000000000000e+00 0.000000000000000000e+00 -1.015625548465983840e-08 -1.699729283017209506e-08 -4.897338688324456253e-10 -1.177665386687097379e-08 -5.688504505974592119e-09 -3.395512422348229707e-09 -4.047073091935213422e-10 -9.383265117799975465e-11 -6.006165805159214461e-11 -4.466420335327250641e-12 -8.956935984118155457e-10 2.931193855589267334e-10 0.000000000000000000e+00 0.000000000000000000e+00
0.000000000000000000e+00 0.000000000000000000e+00 0.000000000000000000e+00 0.000000000000000000e+00 0.000000000000000000e+00 0.000000000000000000e+00 3.570385738803095047e-10 -3.233381255963774356e-09 -1.005344939679177428e-09 -1.301463497457323570e-09 -6.898437425355722218e-10 -1.464244864000075498e-10 5.682664879884624795e-11 -3.700314579186177214e-11 -2.433191152045952720e-11 1.449327084139552892e-12 2.442700110754409141e-11 7.430009138800432233e-08 0.000000000000000000e+00 0.000000000000000000e+00
0.000000000000000000e+00 0.000000000000000000e+00 0.000000000000000000e+00 0.000000000000000000e+00 0.000000000000000000e+00 0.000000000000000000e+00 4.315021148693259576e-10 -1.234487313038671508e-09 1.717550213669120890e-10 -6.783947367841683999e-11 -6.675354361307235445e-11 -8.008658304464446595e-11 -1.086982398149725299e-11 -1.928641830220684594e-12 -9.572194588479121384e-12 -3.812048690592619968e-11 -3.943185702902833487e-10 1.925397901393507451e-07 0.000000000000000000e+00 0.000000000000000000e+00
0.000000000000000000e+00 0.000000000000000000e+00 0.000000000000000000e+00 0.000000000000000000e+00 0.000000000000000000e+00 0.000000000000000000e+00 -9.041245117280428623e-10 -2.972205506315637744e-10 -2.834010687632823007e-10 -1.529340892842913626e-10 -5.486116704334674829e-10 -1.990140366087795691e-10 -6.385974876131893763e-11 -9.496601337727057150e-12 -3.478091593638148144e-11 1.135365463679692011e-10 1.693388892203269738e-08 1.954647275120851760e-07 0.000000000000000000e+00 0.000000000000000000e+00
0.000000000000000000e+00 0.000000000000000000e+00 0.000000000000000000e+00 0.000000000000000000e+00 0.000000000000000000e+00 0.000000000000000000e+00 8.677189572692846826e-10 -3.083665694295687881e-09 8.488243103229422091e-10 1.202225764771584774e-10 -3.261290827786681393e-10 6.724044757718298777e-10 -1.803514073886189328e-10 2.151906120699477949e-11 3.410047570453573872e-11 1.713519691221895958e-10 3.700518997717103453e-07 1.981226679801875487e-07 0.000000000000000000e+00 0.000000000000000000e+00
0.000000000000000000e+00 0.000000000000000000e+00 0.000000000000000000e+00 0.000000000000000000e+00 0.000000000000000000e+00 0.000000000000000000e+00 4.315021148693259576e-10 -1.234487313038671508e-09 1.717550213669120890e-10 -6.783947367841683999e-11 -6.675354361307235445e-11 -8.008658304464446595e-11 -1.086982398149725299e-11 -1.928641830220684594e-12 -9.572194588479121384e-12 -3.812048690592619968e-11 -3.943185702902833487e-10 1.925397901393507451e-07 0.000000000000000000e+00 0.000000000000000000e+00
0.000000000000000000e+00 0.000000000000000000e+00 0.000000000000000000e+00 0.000000000000000000e+00 0.000000000000000000e+00 0.000000000000000000e+00 4.733779002252122687e-12 1.722742155435180468e-11 3.256646700219340163e-12 4.798198579358594258e-12 1.967212446058481005e-12 1.395391635207016478e-12 8.138795447287837758e-13 7.428258700342175046e-13 2.671300202295051234e-13 2.583292948675343029e-13 3.045486106372955223e-12 1.884568415434867365e-10 0.000000000000000000e+00 0.000000000000000000e+00
0.000000000000000000e+00 0.000000000000000000e+00 0.000000000000000000e+00 0.000000000000000000e+00 0.000000000000000000e+00 0.000000000000000000e+00 -8.081891892765448771e-12 -6.778862885444757996e-12 1.031639529311007629e-12 5.002919050044136739e-12 4.255843251308350552e-13 -1.407348726893282457e-13 4.382309854698330190e-13 2.782118347853048399e-13 2.368863519035583983e-13 3.580015640843457001e-13 1.412242267935178009e-11 1.787701762009027240e-10 0.000000000000000000e+00 0.000000000000000000e+00
0.000000000000000000e+00 0.000000000000000000e+00 0.000000000000000000e+00 0.000000000000000000e+00 0.000000000000000000e+00 0.000000000000000000e+00 1.567204466699279252e-11 6.549221872753997305e-11 2.009222609490681398e-11 1.744706192377858187e-11 8.579251595969490103e-12 9.574495007191626979e-12 5.365520186709161262e-12 2.527244759158597823e-12 1.124642840296002509e-12 8.578521491908647426e-13 8.158468778668538030e-11 1.671660160081723671e-10 0.000000000000000000e+00 0.000000000000000000e+00
0.000000000000000000e+00 0.000000000000000000e+00 0.000000000000000000e+00 0.000000000000000000e+00 0.000000000000000000e+00 0.000000000000000000e+00 -4.226571624373297961e-12 1.655856536345033515e-12 1.278925763802545378e-12 1.449486538380151814e-12 -1.965122104018757660e-13 -2.716112904334839882e-13 4.206600728721271392e-13 3.353750034894392727e-13 2.622900287049251014e-13 1.277914669913874044e-13 4.374608656604329266e-12 1.707938626845140889e-03 0.000000000000000000e+00 0.000000000000000000e+00
0.000000000000000000e+00 0.000000000000000000e+00 0.000000000000000000e+00 0.000000000000000000e+00 0.000000000000000000e+00 0.000000000000000000e+00 4.202860254826112677e-10 -3.261453294180806993e-10 -1.598847720083183963e-10 -2.110160256043377272e-10 -9.006629134994443541e-11 -7.406367931636525316e-11 -3.738656054868923508e-11 -1.441198084353930243e-11 -4.675888211768236326e-12 1.902432117503200734e-12 8.801018173965224671e-12 2.051389999095471019e-11 0.000000000000000000e+00 0.000000000000000000e+00
0.000000000000000000e+00 0.000000000000000000e+00 0.000000000000000000e+00 0.000000000000000000e+00 0.000000000000000000e+00 0.000000000000000000e+00 -3.515730645708623810e-10 4.040113872679527924e-10 1.775882230845923936e-10 7.459008083260748482e-12 -6.947504168812114938e-11 -1.937314681118230964e-11 -3.444350564757760040e-11 -1.066521441585069386e-11 -2.508638365133578650e-12 -2.483914620206455543e-12 3.282159981310560295e-12 1.919258791045473406e-11 0.000000000000000000e+00 0.000000000000000000e+00
0.000000000000000000e+00 0.000000000000000000e+00 0.000000000000000000e+00 0.000000000000000000e+00 0.000000000000000000e+00 0.000000000000000000e+00 1.120476170773360252e-09 -1.016234389358018539e-09 -4.886577929946496485e-10 -4.548890990010356260e-10 -1.696866740286305986e-10 -1.527103609812819401e-10 -3.628327196505509414e-11 -1.665026997767124436e-11 -1.471248148698070827e-11 -7.359313358278141233e-12 1.068143533153179404e-11 1.927642170266226075e-11 0.000000000000000000e+00 0.000000000000000000e+00
0.000000000000000000e+00 0.000000000000000000e+00 0.000000000000000000e+00 0.000000000000000000e+00 0.000000000000000000e+00 0.000000000000000000e+00 6.688142540716741163e-11 1.677880816404042063e-10 8.379833898392956574e-12 2.454387168375229453e-11 -5.390505712646515667e-11 -3.372670643517942410e-11 -3.828659253767663435e-11 -1.394297867906782431e-11 -1.649363353831434426e-12 9.862346690984967086e-14 3.600779153049298986e-12 -5.421540116416186221e-09 0.000000000000000000e+00 0.000000000000000000e+00
0.000000000000000000e+00 0.000000000000000000e+00 0.000000000000000000e+00 0.000000000000000000e+00 0.000000000000000000e+00 0.000000000000000000e+00 1.407422559958710364e-09 -1.010772984408223177e-09 -6.603503138312367631e-10 -1.290752809530723916e-09 -1.151118990766199514e-10 -9.063821866906215822e-11 -2.538723756354433186e-11 -4.659435346206152284e-11 -1.516208690728209613e-11 3.330777204365177566e-12 2.269354027947806868e-11 5.299047368745044367e-11 0.000000000000000000e+00 0.000000000000000000e+00
0.000000000000000000e+00 0.000000000000000000e+00 0.000000000000000000e+00 0.000000000000000000e+00 0.000000000000000000e+00 0.000000000000000000e+00 -5.005188042176245517e-10 1.774482694547206056e-09 -1.146056679297009148e-09 -3.268555671572085475e-11 1.688596660710803539e-10 -5.711554314937131022e-11 -6.821847557273370709e-11 -5.442209475671176319e-11 -8.926640601912021081e-12 -6.128533555046926154e-12 -2.082653138954264549e-11 4.891842112669121249e-11 0.000000000000000000e+00 0.000000000000000000e+00
0.000000000000000000e+00 0.000000000000000000e+00 0.000000000000000000e+00 0.000000000000000000e+00 0.000000000000000000e+00 0.000000000000000000e+00 3.091318017361752002e-09 -3.657258497904994473e-09 -2.919028116413811601e-10 -2.717881580053360319e-09 -5.851466614764274386e-10 -3.486295157767577247e-10 -3.949564342375895188e-11 -1.143547454320855449e-11 -4.568601513896468167e-11 -6.971614085747678007e-12 -6.873267590759150335e-11 5.379886785482817096e-11 0.000000000000000000e+00 0.000000000000000000e+00
0.000000000000000000e+00 0.000000000000000000e+00 0.000000000000000000e+00 0.000000000000000000e+00 0.000000000000000000e+00 0.000000000000000000e+00 7.057314224888917715e-10 9.231790787782815810e-10 -7.619636888376367258e-10 -9.471205079153961261e-12 1.302571456952602952e-10 -1.347412536564943789e-11 -3.678366197373549886e-11 -5.989738485820656443e-11 -8.676274363680944354e-12 4.277624354403250209e-12 -2.727155747479092841e-11 -1.544455074721966387e-07 0.000000000000000000e+00 0.000000000000000000e+00
0.000000000000000000e+00 0.000000000000000000e+00 0.000000000000000000e+00 0.000000000000000000e+00 0.000000000000000000e+00 0.000000000000000000e+00 1.220353343946624306e-10 1.087806155636323110e-10 -1.440404638085174696e-10 2.898760398558293146e-11 3.568282074885918994e-11 -6.250856920391894953e-11 1.751358237179204852e-11 -7.989474136568412321e-12 6.119817554765692318e-12 -3.392510885791358438e-12 -3.496355173246458344e-11 2.727706497678766050e-07 0.000000000000000000e+00 0.000000000000000000e+00
0.000000000000000000e+00 0.000000000000000000e+00 0.000000000000000000e+00 0.000000000000000000e+00 0.000000000000000000e+00 0.000000000000000000e+00 9.125834449855842150e-10 4.197335664440650469e-10 2.189601771151279068e-10 1.987356264704162948e-10 1.484349485272164410e-11 -3.915010445344867340e-11 1.117986497798683047e-11 -1.355410444914632085e-11 2.484419740104900841e-11 2.286937696619863098e-11 -3.771104166233711780e-08 2.744721943851943340e-07 0.000000000000000000e+00 0.000000000000000000e+00
0.000000000000000000e+00 0.000000000000000000e+00 0.000000000000000000e+00 0.000000000000000000e+00 0.000000000000000000e+00 0.000000000000000000e+00 -2.708978079792374993e-10 -9.955203924857501412e-11 -2.016659049264582358e-10 1.451025793703307419e-10 1.858825689002933149e-10 -9.900152457615901516e-11 1.590066963353702023e-10 4.937275992578927985e-12 -3.064043607395130058e-11 3.419258672030876788e-11 -2.279775152089058989e-07 2.765513257580716314e-07 0.000000000000000000e+00 0.000000000000000000e+00
0.000000000000000000e+00 0.000000000000000000e+00 0.000000000000000000e+00 0.000000000000000000e+00 0.000000000000000000e+00 0.000000000000000000e+00 1.220353343946624306e-10 1.087806155636323110e-10 -1.440404638085174696e-10 2.898760398558293146e-11 3.568282074885918994e-11 -6.250856920391894953e-11 1.751358237179204852e-11 -7.989474136568412321e-12 6.119817554765692318e-12 -3.392510885791358438e-12 -3.496355173246458344e-11 2.727706497678766050e-07 0.000000000000000000e+00 0.000000000000000000e+00
0.000000000000000000e+00 0.000000000000000000e+00 0.000000000000000000e+00 0.000000000000000000e+00 0.000000000000000000e+00 0.000000000000000000e+00 1.087229465736463563e-08 7.239186983494367307e-09 6.074693711660485280e-09 2.520203176747190144e-09 2.703611256483643803e-09 2.056803765859779688e-09 1.360493949241236883e-09 6.151513414005218948e-10 5.122554760914926861e-10 8.521706857996653967e-10 1.749708674730984674e-09 1.395786261141302535e-07 0.000000000000000000e+00 0.000000000000000000e+00
0.000000000000000000e+00 0.000000000000000000e+00 0.000000000000000000e+00 0.000000000000000000e+00 0.000000000000000000e+00 0.000000000000000000e+00 1.768725864320504418e-08 2.548416317727648914e-08 6.227838190555527339e-09 5.778480799366833702e-09 5.044507234544629807e-09 3.351506091462709572e-09 1.752892900992777649e-09 8.162545142680663408e-10 8.543681489226152922e-10 1.262368684855126563e-08 9.761743912648941279e-07 1.401415217987575432e-07 0.000000000000000000e+00 0.000000000000000000e+00
0.000000000000000000e+00 0.000000000000000000e+00 0.000000000000000000e+00 0.000000000000000000e+00 0.000000000000000000e+00 0.000000000000000000e+00 1.093288274234582073e-08 6.380014153442190787e-09 1.111487610645632416e-08 3.328647760950013653e-09 4.594705614482327373e-09 7.741178835014539169e-09 2.536771957729114763e-09 1.164391874002858097e-09 1.039816316878123359e-09 1.843002113767972005e-08 9.802922047445075814e-06 1.359325916135868312e-07 0.000000000000000000e+00 0.000000000000000000e+00
0.000000000000000000e+00 0.000000000000000000e+00 0.000000000000000000e+00 0.000000000000000000e+00 0.000000000000000000e+00 0.000000000000000000e+00 7.447965051824930366e-09 9.858218700104578688e-09 2.604088936595829678e-09 2.345921392159603856e-09 2.279532960362768990e-09 1.944427591316578188e-09 1.518006447885068248e-09 6.685920867045288471e-10 5.232327671660813881e-10 9.580469207685617820e-10 3.015000485273833200e-09 -7.478300002252108447e-03 0.000000000000000000e+00 0.000000000000000000e+00
0.000000000000000000e+00 0.000000000000000000e+00 0.000000000000000000e+00 0.000000000000000000e+00 0.000000000000000000e+00 0.000000000000000000e+00 4.925508106953773329e-09 2.233184905677105573e-08 -4.228361253621091546e-09 5.372434311586744582e-10 1.722146980170061595e-09 -6.894750858986922439e-10 6.943253122448035882e-11 7.854953316854120156e-11 2.996084206852187180e-11 -8.899342472635096019e-12 5.017873973053238281e-12 -1.400957569809908009e-11 0.000000000000000000e+00 0.000000000000000000e+00
0.000000000000000000e+00 0.000000000000000000e+00 0.000000000000000000e+00 0.000000000000000000e+00 0.000000000000000000e+00 0.000000000000000000e+00 1.195059576079901491e-08 2.567998543204820059e-08 -7.319233072922441089e-09 5.852695445232743953e-09 3.373706652690780578e-09 -8.975162968385740955e-10 8.130021147941507311e-12 5.812015170620939511e-11 4.344105942186114761e-11 2.124496643816913465e-11 -9.359374562338416388e-11 -1.284577837625798145e-11 0.000000000000000000e+00 0.000000000000000000e+00
0.000000000000000000e+00 0.000000000000000000e+00 0.000000000000000000e+00 0.000000000000000000e+00 0.000000000000000000e+00 0.000000000000000000e+00 -1.486447265852579697e-09 2.023143147489705154e-08 -1.662398432146849056e-09 -4.872201736508111312e-09 3.746555218218817658e-10 -7.998390113878265045e-10 2.593720151296483973e-10 8.306838711319272294e-11 7.204011835096954904e-11 2.813445910296627891e-11 -1.735871371170399434e-10 -1.253635430129885294e-11 0.000000000000000000e+00 0.000000000000000000e+00
0.000000000000000000e+00 0.000000000000000000e+00 0.000000000000000000e+00 0.000000000000000000e+00 0.000000000000000000e+00 0.000000000000000000e+00 7.699895480216029364e-09 1.617853577224149591e-08 -4.553676322941653279e-09 3.539031169079390961e-09 2.353025249131783191e-09 -6.263387895441035590e-10 -4.003276421048390918e-11 6.773073847062505039e-11 2.259438599449190601e-11 -7.698609596605942460e-12 4.026279471424350835e-12 -2.547003024658231849e-09 0.000000000000000000e+00 0.000000000000000000e+00
0.000000000000000000e+00 0.000000000000000000e+00 0.000000000000000000e+00 0.000000000000000000e+00 0.000000000000000000e+00 0.000000000000000000e+00 4.390403530019471858e-08 6.894704133493447449e-08 9.859364290877143606e-09 1.551222737224915245e-08 1.592661357653297513e-09 -3.017857064429875083e-09 3.678058713650877394e-10 6.249914771248838494e-11 2.379824781006041723e-10 -1.013234978107881559e-10 -2.144184953316517383e-11 2.446358429903575095e-10 0.000000000000000000e+00 0.000000000000000000e+00
0.000000000000000000e+00 0.000000000000000000e+00 0.000000000000000000e+00 0.000000000000000000e+00 0.000000000000000000e+00 0.000000000000000000e+00 8.314245342659226841e-08 7.563451473902402992e-08 4.112478198061261622e-09 3.331453585461591529e-08 6.440329009035133277e-09 -1.247318331582107201e-09 -3.494511034509462377e-10 -5.453827102429161613e-11 3.335450660109726376e-10 -4.353014535162960147e-10 1.743872090950887180e-10 2.461581437062248613e-10 0.000000000000000000e+00 0.000000000000000000e+00
0.000000000000000000e+00 0.000000000000000000e+00 0.000000000000000000e+00 0.000000000000000000e+00 0.000000000000000000e+00 0.000000000000000000e+00 8.422126498991850335e-09 6.583796613237295184e-08 1.674407630444520947e-08 8.377173000946576594e-11 -3.924951848191586257e-09 -6.502476090707334365e-09 1.294787487061704971e-09 2.346613325317470731e-10 1.980958871711306183e-10 -4.589576984322072855e-10 1.096135106300663750e-08 2.040257443527130356e-10 0.000000000000000000e+00 0.000000000000000000e+00
0.000000000000000000e+00 0.000000000000000000e+00 0.000000000000000000e+00 0.000000000000000000e+00 0.000000000000000000e+00 0.000000000000000000e+00 5.305837012981841672e-08 4.864323735527302786e-08 3.835046564670006022e-09 2.085952096528381767e-08 4.658183339765097380e-09 -1.214435678188528623e-09 -1.737072541308543556e-10 7.078262076602372195e-12 2.621415931335458487e-10 -7.798544011490640999e-11 -2.176573541160961225e-11 1.510780248988833865e-07 0.000000000000000000e+00 0.000000000000000000e+00
0.000000000000000000e+00 0.000000000000000000e+00 0.000000000000000000e+00 0.000000000000000000e+00 0.000000000000000000e+00 0.000000000000000000e+00 -1.719509000238675089e-11 -1.004432178303834754e-10 -6.872774305227201541e-12 7.040555103616262022e-12 8.476154695028018431e-11 7.711130653210026285e-11 1.571416521700582108e-10 7.723371754474778762e-11 7.055182507141698223e-11 -5.779778488570810356e-11 2.054561284833133809e-10 4.276134538374448331e-07 0.000000000000000000e+00 0.000000000000000000e+00
0.000000000000000000e+00 0.000000000000000000e+00 0.000000000000000000e+00 0.000000000000000000e+00 0.000000000000000000e+00 0.000000000000000000e+00 -3.818865530676098978e-10 -4.141989256151816096e-10 1.204036303730601437e-10 9.838485916744617858e-11 2.382368639511331633e-10 3.483881576058965258e-10 3.976733177190820946e-12 1.842700371413124494e-10 3.199301890803206590e-10 1.126945499307291176e-09 -3.137550781214208076e-07 4.334123447282208473e-07 0.000000000000000000e+00 0.000000000000000000e+00
0.000000000000000000e+00 0.000000000000000000e+00 0.000000000000000000e+00 0.000000000000000000e+00 0.000000000000000000e+00 0.000000000000000000e+00 1.387385172874654196e-10 2.943896484267555653e-10 -4.365994879768618568e-11 7.523945252023430543e-11 -1.922259161719390152e-10 2.203197412147637659e-10 1.004607438477559585e-10 3.808554807636892971e-11 4.358430564848202480e-10 5.557594078738873421e-10 -7.292027775161881845e-06 4.354997542944783723e-07 0.000000000000000000e+00 0.000000000000000000e+00
0.000000000000000000e+00 0.000000000000000000e+00 0.000000000000000000e+00 0.000000000000000000e+00 0.000000000000000000e+00 0.000000000000000000e+00 -1.719509000238675089e-11 -1.004432178303834754e-10 -6.872774305227201541e-12 7.040555103616262022e-12 8.476154695028018431e-11 7.711130653210026285e-11 1.571416521700582108e-10 7.723371754474778762e-11 7.055182507141698223e-11 -5.779778488570810356e-11 2.054561284833133809e-10 4.276134538374448331e-07 0.000000000000000000e+00 0.000000000000000000e+00
0.000000000000000000e+00 0.000000000000000000e+00 0.000000000000000000e+00 0.000000000000000000e+00 0.000000000000000000e+00 0.000000000000000000e+00 2.691654678341596840e-12 2.407043552338172858e-12 2.137812066964265629e-12 1.182093917051101183e-12 4.061694878023076366e-13 1.315300695546485593e-13 7.434413945601866125e-14 6.549537782717725935e-14 5.782759185167359785e-14 7.404230559347250489e-14 3.490506580515785101e-13 3.496067055269017454e-11 0.000000000000000000e+00 0.000000000000000000e+00
0.000000000000000000e+00 0.000000000000000000e+00 0.000000000000000000e+00 0.000000000000000000e+00 0.000000000000000000e+00 0.000000000000000000e+00 1.842135069283812855e-12 2.604253893878366841e-12 1.665648457124246496e-12 1.115444382988187221e-12 6.712241930928937991e-13 3.480836279870998349e-13 1.315442918637508703e-13 9.277840186592683573e-14 8.001164612679405342e-14 1.377775314255588394e-12 1.496000264973669596e-10 3.572252481927143811e-11 0.000000000000000000e+00 0.000000000000000000e+00
0.000000000000000000e+00 0.000000000000000000e+00 0.000000000000000000e+00 0.000000000000000000e+00 0.000000000000000000e+00 0.000000000000000000e+00 8.863750200985625065e-12 1.057636041711969812e-11 8.039203136853129927e-12 5.064939382566889580e-12 1.755053154707550580e-12 4.079377668216101563e-13 2.346383974258426439e-13 2.107229399087562437e-13 1.581167518359300239e-13 2.197511238899836681e-12 1.237898591795783220e-09 3.513452025175038785e-11 0.000000000000000000e+00 0.000000000000000000e+00
0.000000000000000000e+00 0.000000000000000000e+00 0.000000000000000000e+00 0.000000000000000000e+00 0.000000000000000000e+00 0.000000000000000000e+00 7.826558604664466955e-13 7.884072056928649514e-13 6.213337445233405446e-13 3.653418771006129055e-13 1.914923067569324366e-13 1.417877980638933155e-13 1.004700041634858936e-13 7.394265255035875711e-14 5.447425976171453893e-14 7.120956360633285853e-14 6.199389270248082537e-13 -1.007398426922892932e-05 0.000000000000000000e+00 0.000000000000000000e+00
0.000000000000000000e+00 0.000000000000000000e+00 0.000000000000000000e+00 0.000000000000000000e+00 0.000000000000000000e+00 0.000000000000000000e+00 -6.010655296829034818e-11 3.364503809446910262e-10 4.916346157467525600e-12 -9.739927349325739722e-11 5.988493699132393134e-12 3.226353584815469263e-12 -1.041096423772582750e-12 -1.374743529792189667e-13 -1.931903691826749277e-13 -3.244287322381079334e-14 4.369099253169112603e-14 -6.114542987470978828e-13 0.000000000000000000e+00 0.000000000000000000e+00
0.000000000000000000e+00 0.000000000000000000e+00 0.000000000000000000e+00 0.000000000000000000e+00 0.000000000000000000e+00 0.000000000000000000e+00 4.964834604632285696e-11 2.402073501265471812e-10 -4.272415547204192881e-11 1.751261791332312848e-11 6.395084162176559889e-13 1.148467217505099098e-12 -1.959229484045111373e-12 -3.183779376084734972e-14 -1.965218755675219607e-13 -8.640404445562722145e-14 3.583149226541943514e-12 -5.308100257137078825e-13 0.000000000000000000e+00 0.000000000000000000e+00
0.000000000000000000e+00 0.000000000000000000e+00 0.000000000000000000e+00 0.000000000000000000e+00 0.000000000000000000e+00 0.000000000000000000e+00 -1.623389034476780302e-10 4.377078126573970196e-10 4.701205972414357742e-11 -2.192561270105834344e-10 1.581770791582937255e-11 4.900121893521788632e-12 8.484222917935784514e-13 -2.641735568954396387e-13 -1.548574327245242789e-13 -6.819611119831285557e-14 -1.849047139043717786e-12 -4.886464587792993173e-13 0.000000000000000000e+00 0.000000000000000000e+00
0.000000000000000000e+00 0.000000000000000000e+00 0.000000000000000000e+00 0.000000000000000000e+00 0.000000000000000000e+00 0.000000000000000000e+00 5.824965914534914422e-12 2.083979543481251328e-10 -1.156616595103574995e-11 -2.205393762865263720e-11 -2.265512542758338239e-12 1.737923134845781911e-12 -1.680009833391367174e-12 5.892847262688293601e-15 -2.285557901603391982e-13 -2.852796188169063647e-14 5.132730226078141763e-14 7.052258458280019282e-11 0.000000000000000000e+00 0.000000000000000000e+00
0.000000000000000000e+00 0.000000000000000000e+00 0.000000000000000000e+00 0.000000000000000000e+00 0.000000000000000000e+00 0.000000000000000000e+00 -3.004859448923363876e-10 9.162471133011148329e-10 2.956631883474859044e-10 -3.254199080023033597e-10 -1.371999696317707476e-11 1.154480257027562792e-11 3.578088077403506912e-13 1.954040952411679978e-12 -1.161514176689360247e-12 1.059332617786568026e-12 -1.241710669139697943e-12 -3.240658997242523024e-12 0.000000000000000000e+00 0.000000000000000000e+00
0.000000000000000000e+00 0.000000000000000000e+00 0.000000000000000000e+00 0.000000000000000000e+00 0.000000000000000000e+00 0.000000000000000000e+00 5.484587529978258424e-11 5.500560549225742038e-10 -4.234690451639094028e-11 4.117052914638965569e-11 9.065336367778942010e-12 5.059738728842853406e-12 -7.406659425281855269e-12 3.386871397971495843e-13 -2.097551580102574967e-13 1.432328959812110349e-12 1.946327609940014301e-11 -2.530216257498691493e-12 0.000000000000000000e+00 0.000000000000000000e+00
0.000000000000000000e+00 0.000000000000000000e+00 0.000000000000000000e+00 0.000000000000000000e+00 0.000000000000000000e+00 0.000000000000000000e+00 -6.339361237005722462e-10 1.289414290601710698e-09 6.222856557755871959e-10 -7.131991425417883722e-10 -2.231127414773768574e-11 4.837636296911237575e-12 1.213342800629804089e-11 -2.723728199596944047e-12 1.306502827581448889e-12 2.889185631371231471e-12 -2.845699989724670788e-11 -2.112483698157641399e-12 0.000000000000000000e+00 0.000000000000000000e+00
0.000000000000000000e+00 0.000000000000000000e+00 0.000000000000000000e+00 0.000000000000000000e+00 0.000000000000000000e+00 0.000000000000000000e+00 -6.447897698049654554e-11 5.331763657334937772e-10 7.731312228485698402e-11 -7.251988164913921509e-11 -6.584445801025799156e-12 1.484732452871112156e-11 -4.891789403499061391e-12 2.437974323750565529e-12 -1.105911413607060169e-12 1.305966224012894012e-12 -2.510890336212264983e-12 5.060779592386468186e-10 0.000000000000000000e+00 0.000000000000000000e+00
0.000000000000000000e+00 0.000000000000000000e+00 0.000000000000000000e+00 0.000000000000000000e+00 0.000000000000000000e+00 0.000000000000000000e+00 -5.900445906693212122e-13 2.904049617835298905e-12 -2.662748629117642538e-13 -8.956353360822202485e-13 -3.180269156070413208e-12 -1.380491242149634543e-12 -3.099856973011047399e-12 1.155745408863336157e-12 -1.035785539013274445e-12 3.562462244522158088e-13 -1.910168410927310764e-12 1.074636040315030891e-08 0.000000000000000000e+00 0.000000000000000000e+00
0.000000000000000000e+00 0.000000000000000000e+00 0.000000000000000000e+00 0.000000000000000000e+00 0.000000000000000000e+00 0.000000000000000000e+00 1.720810747910538626e-11 7.279664905246273586e-12 9.057434799426349895e-12 1.239021222614459102e-11 2.393844587654907794e-12 1.129590216010911360e-11 -9.145580604425103899e-13 -3.948068351378718245e-12 -3.021178396366053137e-12 -7.458245351018822561e-12 -1.307101115736298556e-09 1.080377706501573147e-08 0.000000000000000000e+00 0.000000000000000000e+00
0.000000000000000000e+00 0.000000000000000000e+00 0.000000000000000000e+00 0.000000000000000000e+00 0.000000000000000000e+00 0.000000000000000000e+00 8.043998769892991093e-13 -1.470810130358574904e-12 -3.811275573383817283e-12 5.140823121171416029e-12 1.051247690072142537e-11 2.286164439071233695e-11 7.428165981195205490e-12 -1.040401089587647468e-12 -4.958738768335219641e-12 -2.777692080780679128e-11 5.649165532208718301e-08 1.088801498125499985e-08 0.000000000000000000e+00 0.000000000000000000e+00
0.000000000000000000e+00 0.000000000000000000e+00 0.000000000000000000e+00 0.000000000000000000e+00 0.000000000000000000e+00 0.000000000000000000e+00 -5.900445906693212122e-13 2.904049617835298905e-12 -2.662748629117642538e-13 -8.956353360822202485e-13 -3.180269156070413208e-12 -1.380491242149634543e-12 -3.099856973011047399e-12 1.155745408863336157e-12 -1.035785539013274445e-12 3.562462244522158088e-13 -1.910168410927310764e-12 1.074636040315030891e-08 0.000000000000000000e+00 0.000000000000000000e+00
0.000000000000000000e+00 0.000000000000000000e+00 0.000000000000000000e+00 0.000000000000000000e+00 0.000000000000000000e+00 0.000000000000000000e+00 5.220522214773140092e-18 4.559733205278422989e-18 4.172321514785758649e-18 2.363748538100151510e-18 2.476130365471766920e-18 1.792882540235474511e-18 1.283218539545624583e-18 6.423499874666506365e-19 3.291673936781584019e-19 2.998458622277536965e-19 5.459243312513228966e-19 2.326910859997451360e-17 0.000000000000000000e+00 0.000000000000000000e+00
0.000000000000000000e+00 0.000000000000000000e+00 0.000000000000000000e+00 0.000000000000000000e+00 0.000000000000000000e+00 0.000000000000000000e+00 1.072493112698526578e-17 1.030055682328825615e-17 7.044660181290875088e-18 4.323568238504975759e-18 4.475583469001657437e-18 2.754834790954862281e-18 1.436793124952354436e-18 7.275067555741178863e-19 3.886825016759200884e-19 1.193141352626231148e-18 5.010824798856974532e-17 2.423318422865398339e-17 0.000000000000000000e+00 0.000000000000000000e+00
0.000000000000000000e+00 0.000000000000000000e+00 0.000000000000000000e+00 0.000000000000000000e+00 0.000000000000000000e+00 0.000000000000000000e+00 1.073911210313255054e-17 6.942782520383436846e-18 4.425570424389802611e-18 2.761067409951583101e-18 2.865014884354489056e-18 2.197748207778153492e-18 1.084279851405302139e-18 6.049979779926712091e-19 3.709419109145829134e-19 1.695121424768202309e-18 3.450849924958121415e-15 2.195531190123652452e-17 0.000000000000000000e+00 0.000000000000000000e+00
0.000000000000000000e+00 0.000000000000000000e+00 0.000000000000000000e+00 0.000000000000000000e+00 0.000000000000000000e+00 0.000000000000000000e+00 3.996878132445532672e-18 3.751636384358305349e-18 2.997894359869211328e-18 1.818412756750531042e-18 2.082628163509362838e-18 1.722881978307804048e-18 1.285879684472894793e-18 6.492726362704763241e-19 3.286748382540254627e-19 3.273608221424549447e-19 1.045862149904022114e-18 -2.600287772926505337e-12 0.000000000000000000e+00 0.000000000000000000e+00
0.000000000000000000e+00 0.000000000000000000e+00 0.000000000000000000e+00 0.000000000000000000e+00 0.000000000000000000e+00 0.000000000000000000e+00 -3.740628041701897842e-13 1.805357723323161609e-13 4.377675912476147013e-14 9.885824418008412894e-14 -2.606904673683983036e-14 8.853769118151753191e-16 -2.772459605191554916e-15 -1.378361579041670364e-15 -5.245498601681225681e-16 -1.657106533488663649e-16 -2.294918684966090373e-17 -1.415158306587300259e-17 0.000000000000000000e+00 0.000000000000000000e+00
0.000000000000000000e+00 0.000000000000000000e+00 0.000000000000000000e+00 0.000000000000000000e+00 0.000000000000000000e+00 0.000000000000000000e+00 -2.323990875642122453e-13 3.086813490383641521e-15 -1.586514818924894504e-14 1.153141479628605556e-13 -4.219880593189234303e-14 1.110197836919173716e-15 -2.622685304159562661e-15 -1.147909915312472504e-15 -6.292929051581750775e-16 2.881006546173118583e-16 -5.236934329532727798e-16 -1.883006339091226010e-17 0.000000000000000000e+00 0.000000000000000000e+00
0.000000000000000000e+00 0.000000000000000000e+00 0.000000000000000000e+00 0.000000000000000000e+00 0.000000000000000000e+00 0.000000000000000000e+00 -5.131164694850721731e-13 3.529454265207955477e-13 1.005464735327983172e-13 9.905358504401468636e-14 -1.882903635229132720e-14 -2.633032141653674640e-15 -2.686411073576745839e-15 -1.633749749516565742e-15 -5.147066684639268345e-16 4.714612365706464653e-16 4.360099689328407258e-15 -2.220112402522973957e-17 0.000000000000000000e+00 0.000000000000000000e+00
0.000000000000000000e+00 0.000000000000000000e+00 0.000000000000000000e+00 0.000000000000000000e+00 0.000000000000000000e+00 0.000000000000000000e+00 -2.104866419352692609e-13 5.436728218432769702e-14 4.764286030077911730e-15 7.844669610226648692e-14 -2.578901812922845446e-14 2.917437492086966619e-15 -2.561987726206802627e-15 -1.260589769716288819e-15 -5.572605920578882293e-16 -1.681080045463873519e-16 -4.122326987710381954e-17 2.536658019847044839e-13 0.000000000000000000e+00 0.000000000000000000e+00
0.000000000000000000e+00 0.000000000000000000e+00 0.000000000000000000e+00 0.000000000000000000e+00 0.000000000000000000e+00 0.000000000000000000e+00 -2.131374753973843063e-12 1.078287316707852131e-12 7.197553096378117728e-13 2.818644652296690853e-13 -2.829734413014334872e-14 -3.880808854389874085e-14 2.218222332598948989e-14 -4.200222008030665327e-16 1.024653157029439361e-15 -9.848236008478776005e-16 -2.518660124468682129e-16 3.512031702479086987e-16 0.000000000000000000e+00 0.000000000000000000e+00
0.000000000000000000e+00 0.000000000000000000e+00 0.000000000000000000e+00 0.000000000000000000e+00 0.000000000000000000e+00 0.000000000000000000e+00 -1.997327886709111053e-12 2.989179698736461945e-13 7.798770739439881638e-13 5.235138215444926179e-13 -7.564342392631658805e-14 -3.587174055286324964e-14 2.053163191598714814e-14 4.040739351799538237e-16 1.914813547164197887e-15 -1.927061211840722493e-15 1.770979882551201349e-14 7.771327009173826911e-16 0.000000000000000000e+00 0.000000000000000000e+00
0.000000000000000000e+00 0.000000000000000000e+00 0.000000000000000000e+00 0.000000000000000000e+00 0.000000000000000000e+00 0.000000000000000000e+00 -2.301502745510905568e-12 1.841615769067135477e-12 7.119179255049588001e-13 9.542883882119638742e-14 4.067947048595869895e-16 -5.661588378314890138e-14 2.628141276491729574e-14 -1.146527192341618452e-15 2.938721131141884787e-15 -1.432920360102636676e-15 -1.296197215968785914e-13 1.782389769975395822e-16 0.000000000000000000e+00 0.000000000000000000e+00
0.000000000000000000e+00 0.000000000000000000e+00 0.000000000000000000e+00 0.000000000000000000e+00 0.000000000000000000e+00 0.000000000000000000e+00 -1.447342191400115210e-12 4.602594052053449613e-13 5.385580426365846648e-13 3.019216888422326228e-13 -4.703027146235396827e-14 -3.053137741702585397e-14 2.088739585003691249e-14 -2.315670825101143472e-16 5.409870340403620311e-16 -9.946670908939247338e-16 -7.373097782668372741e-16 3.827507796649998953e-12 0.000000000000000000e+00 0.000000000000000000e+00
0.000000000000000000e+00 0.000000000000000000e+00 0.000000000000000000e+00 0.000000000000000000e+00 0.000000000000000000e+00 0.000000000000000000e+00 3.359755846516801186e-15 7.785694611312493376e-17 8.887402510743901460e-17 2.751097865599760262e-16 -1.428807275985533727e-15 -1.618119127023944051e-15 2.801622212439256306e-17 -3.444575059768687204e-15 -7.322878402857896210e-16 -3.326802243557656712e-16 1.027432126810503052e-15 1.180814412754984863e-11 0.000000000000000000e+00 0.000000000000000000e+00
0.000000000000000000e+00 0.000000000000000000e+00 0.000000000000000000e+00 0.000000000000000000e+00 0.000000000000000000e+00 0.000000000000000000e+00 1.776406736477628894e-14 1.284447469504863819e-14 -1.872148193718823419e-14 -2.737032894803733080e-15 -7.804987398382483626e-15 -1.662218299751974174e-15 1.323409204835157739e-15 -3.895481977375717315e-15 -1.160589478405335317e-15 -2.130788853534425129e-14 7.755744788351810608e-13 1.200606186633847519e-11 0.000000000000000000e+00 0.000000000000000000e+00
0.000000000000000000e+00 0.000000000000000000e+00 0.000000000000000000e+00 0.000000000000000000e+00 0.000000000000000000e+00 0.000000000000000000e+00 -1.388586136684734435e-14 3.106675802669097337e-14 -7.202974868683562613e-15 5.607396987918199535e-16 2.540686615296043022e-15 -1.294190936484736549e-14 -3.951838860805471649e-17 -3.022309298052259951e-15 3.372028454718316675e-15 -3.777278698593997071e-14 -1.488607356139484898e-11 1.215778514068902810e-11 0.000000000000000000e+00 0.000000000000000000e+00
0.000000000000000000e+00 0.000000000000000000e+00 0.000000000000000000e+00 0.000000000000000000e+00 0.000000000000000000e+00 0.000000000000000000e+00 3.359755846516801186e-15 7.785694611312493376e-17 8.887402510743901460e-17 2.751097865599760262e-16 -1.428807275985533727e-15 -1.618119127023944051e-15 2.801622212439256306e-17 -3.444575059768687204e-15 -7.322878402857896210e-16 -3.326802243557656712e-16 1.027432126810503052e-15 1.180814412754984863e-11 0.000000000000000000e+00 0.000000000000000000e+00
0.000000000000000000e+00 0.000000000000000000e+00 0.000000000000000000e+00 0.000000000000000000e+00 0.000000000000000000e+00 0.000000000000000000e+00 2.914602006389857076e-10 1.607620363552911676e-10 1.657720571832842808e-10 1.020472349170378551e-10 1.355770701689194709e-10 1.563878363681166276e-10 8.506626028191195071e-11 5.736826239130840933e-11 2.309096260072793295e-11 1.873895999101822608e-11 2.980005460308494911e-10 1.557305511941861338e-08 0.000000000000000000e+00 0.000000000000000000e+00
0.000000000000000000e+00 0.000000000000000000e+00 0.000000000000000000e+00 0.000000000000000000e+00 0.000000000000000000e+00 0.000000000000000000e+00 4.319376138110331118e-10 7.087816328355650372e-11 -3.147303616649162140e-11 1.213706996640650286e-10 1.320776627619749266e-10 7.308381170505605864e-11 8.127611634075623559e-11 3.548196757900902690e-11 1.532419889485865471e-11 3.747826554287462567e-11 1.490143651272107737e-09 1.422435196525940877e-08 0.000000000000000000e+00 0.000000000000000000e+00
0.000000000000000000e+00 0.000000000000000000e+00 0.000000000000000000e+00 0.000000000000000000e+00 0.000000000000000000e+00 0.000000000000000000e+00 1.628802649903213062e-09 1.022453665600847877e-09 1.064562553354539032e-09 8.620148556289697546e-10 7.657016422576249954e-10 1.149540157903836266e-09 4.918364369069955951e-10 3.472583363597062818e-10 1.703929435566067759e-10 1.530982425162764297e-10 2.291716418806385199e-08 1.377905739663411169e-08 0.000000000000000000e+00 0.000000000000000000e+00
0.000000000000000000e+00 0.000000000000000000e+00 0.000000000000000000e+00 0.000000000000000000e+00 0.000000000000000000e+00 0.000000000000000000e+00 5.930209425852110761e-11 -3.888617808505436652e-11 -6.963842655507834874e-11 -3.859370710189233427e-11 8.577232233647689868e-11 5.758753197735081440e-11 6.726827061288713228e-11 3.966615349738274538e-11 1.603433830164886373e-11 4.869455266002163387e-12 1.833672864953909269e-10 4.094326101549103925e-01 0.000000000000000000e+00 0.000000000000000000e+00
0.000000000000000000e+00 0.000000000000000000e+00 0.000000000000000000e+00 0.000000000000000000e+00 0.000000000000000000e+00 0.000000000000000000e+00 -2.509050981566084880e-09 8.880527172795664035e-10 -7.045863380824117840e-10 -1.330565177004635198e-09 -1.192853382510145984e-09 -4.193748291885431908e-10 -1.958712552103235425e-10 -1.254134925904754447e-10 -4.009257057913887797e-11 2.281781160997545750e-11 8.225110712847881677e-11 -1.690577796375407520e-11 0.000000000000000000e+00 0.000000000000000000e+00
0.000000000000000000e+00 0.000000000000000000e+00 0.000000000000000000e+00 0.000000000000000000e+00 0.000000000000000000e+00 0.000000000000000000e+00 -4.467002323785276066e-09 4.549712656499481930e-09 -1.059285887808989907e-09 1.563993218053356125e-09 -1.678640417860142397e-10 3.887545199623019675e-10 9.991798872222858680e-11 1.501031985460144148e-11 -1.424689344829887002e-11 -2.864812226664557135e-11 5.493040431145905777e-11 -2.544796733542479765e-11 0.000000000000000000e+00 0.000000000000000000e+00
0.000000000000000000e+00 0.000000000000000000e+00 0.000000000000000000e+00 0.000000000000000000e+00 0.000000000000000000e+00 0.000000000000000000e+00 -7.373345340997281727e-10 -2.293104478686335829e-09 -5.811889948473129084e-10 -4.403049254095686967e-09 -3.099819388554172378e-09 -1.836500008966566513e-09 -5.098674778339995052e-10 -3.026937302731671805e-10 -1.384913376309759248e-10 -9.472871277808138000e-11 3.014865382303843949e-11 -1.828595708204537404e-11 0.000000000000000000e+00 0.000000000000000000e+00
0.000000000000000000e+00 0.000000000000000000e+00 0.000000000000000000e+00 0.000000000000000000e+00 0.000000000000000000e+00 0.000000000000000000e+00 -3.620808324849357914e-09 2.252155331010056067e-09 -5.286262501214923669e-10 1.046039703599678832e-09 -1.432334095182375228e-10 2.023501300052976413e-10 -1.619424971495402498e-11 -3.643585615277799522e-11 -1.479424691936711302e-11 -2.374784792153623252e-13 2.155343855999085411e-11 -1.918487483020759292e-08 0.000000000000000000e+00 0.000000000000000000e+00
0.000000000000000000e+00 0.000000000000000000e+00 0.000000000000000000e+00 0.000000000000000000e+00 0.000000000000000000e+00 0.000000000000000000e+00 -1.915314413079591183e-08 6.123963742568170942e-09 -5.112076489866442042e-09 -5.570608856816594531e-09 -3.923644268083083898e-09 -2.123909866902480748e-09 -7.217491976540562960e-10 -2.489936158134296757e-10 -1.095535567751966764e-10 1.315924470380050251e-10 2.108672653954675375e-10 -2.259962419747826697e-09 0.000000000000000000e+00 0.000000000000000000e+00
0.000000000000000000e+00 0.000000000000000000e+00 0.000000000000000000e+00 0.000000000000000000e+00 0.000000000000000000e+00 0.000000000000000000e+00 -1.519664252770615708e-08 2.232365389576111206e-08 -1.387228424232383392e-08 6.384021382134949842e-09 9.841630636994987270e-10 1.382939639728832651e-09 7.571404687462308252e-10 2.683912486884008375e-10 -7.301393295668593181e-11 7.046701135122091719e-12 -8.570760607303713505e-11 -2.423681152920649843e-09 0.000000000000000000e+00 0.000000000000000000e+00
0.000000000000000000e+00 0.000000000000000000e+00 0.000000000000000000e+00 0.000000000000000000e+00 0.000000000000000000e+00 0.000000000000000000e+00 -2.298025187795748016e-08 -8.087120058170561806e-09 2.202131933231085180e-09 -1.817355412767267189e-08 -1.079609666500325610e-08 -7.279010891580914729e-09 -2.912897792960797071e-09 -9.097375167301972445e-10 -3.236254283031369521e-10 -1.850773208499450621e-10 -1.416003789994109646e-09 -2.378141599867495916e-09 0.000000000000000000e+00 0.000000000000000000e+00
0.000000000000000000e+00 0.000000000000000000e+00 0.000000000000000000e+00 0.000000000000000000e+00 0.000000000000000000e+00 0.000000000000000000e+00 -1.601172307995852296e-08 1.233343700495797401e-08 -7.827239880022057840e-09 4.320021218769495834e-09 -5.702274547730479442e-10 1.231421137903396157e-10 4.727500948844975196e-10 9.629824852630548075e-11 -6.291566597206547089e-11 4.720038979057398093e-11 -1.326130731617617133e-10 6.087037869892521749e-07 0.000000000000000000e+00 0.000000000000000000e+00
0.000000000000000000e+00 0.000000000000000000e+00 0.000000000000000000e+00 0.000000000000000000e+00 0.000000000000000000e+00 0.000000000000000000e+00 -3.546958367142930261e-10 -3.624135287579389906e-10 9.108923814661234540e-10 1.363629066495617404e-10 -1.152680212911263535e-10 5.684614096886436409e-11 -3.303949159862766633e-10 7.449343065271564117e-11 3.584666704263274362e-12 5.629157567161050412e-11 -7.750981601946105905e-10 1.313745257403684860e-06 0.000000000000000000e+00 0.000000000000000000e+00
0.000000000000000000e+00 0.000000000000000000e+00 0.000000000000000000e+00 0.000000000000000000e+00 0.000000000000000000e+00 0.000000000000000000e+00 -6.327107691961585958e-09 6.557831647879692274e-10 -1.946114191219943406e-10 6.637868472830795442e-10 -1.096613223053845018e-09 -4.833635308907900592e-10 1.909669619251650329e-11 -2.427327882679230558e-11 -1.475088710715848733e-10 3.067086653880723190e-10 -1.638689716339083641e-07 1.320918756192723910e-06 0.000000000000000000e+00 0.000000000000000000e+00
0.000000000000000000e+00 0.000000000000000000e+00 0.000000000000000000e+00 0.000000000000000000e+00 0.000000000000000000e+00 0.000000000000000000e+00 3.445318097492063722e-09 -4.547835777194400234e-10 4.465746989917359944e-10 -1.976992141061244017e-09 7.628116860048005212e-11 -2.719757770882441568e-10 -3.275686542898936637e-10 -1.817269718037862049e-10 -1.407478378116059298e-10 -5.265117916555035475e-10 -5.298762157197173002e-06 1.327872127827276782e-06 0.000000000000000000e+00 0.000000000000000000e+00
0.000000000000000000e+00 0.000000000000000000e+00 0.000000000000000000e+00 0.000000000000000000e+00 0.000000000000000000e+00 0.000000000000000000e+00 -3.546958367142930261e-10 -3.624135287579389906e-10 9.108923814661234540e-10 1.363629066495617404e-10 -1.152680212911263535e-10 5.684614096886436409e-11 -3.303949159862766633e-10 7.449343065271564117e-11 3.584666704263274362e-12 5.629157567161050412e-11 -7.750981601946105905e-10 1.313745257403684860e-06 0.000000000000000000e+00 0.000000000000000000e+00
