0.000000000000000000e+00 0.000000000000000000e+00 0.000000000000000000e+00 0.000000000000000000e+00 0.000000000000000000e+00 0.000000000000000000e+00 1.749968640512089575e-09 -4.225960812080619021e-10 9.389723088973135123e-10 2.883830472878136666e-10 6.268199664723807270e-10 5.568354660604257696e-10 4.081853972720956472e-10 2.670327680431855515e-10 1.033923176690676793e-10 3.408170338976342789e-11 2.190300704692570997e-10 7.940489297379099831e-07 6.691518897107106949e-06 0.000000000000000000e+00
0.000000000000000000e+00 0.000000000000000000e+00 0.000000000000000000e+00 0.000000000000000000e+00 0.000000000000000000e+00 0.000000000000000000e+00 -5.315992402995087928e-10 2.912935557300571494e-10 1.931094438492375783e-10 -3.436476183862395844e-12 5.942855629154978408e-10 1.661135070879661577e-10 2.455268362665391906e-10 2.020996485163511177e-10 6.842671411562939965e-11 4.662617837525914646e-11 6.930321537110058424e-07 7.980047263518636437e-07 6.713543502794055073e-06 0.000000000000000000e+00
0.000000000000000000e+00 0.000000000000000000e+00 0.000000000000000000e+00 0.000000000000000000e+00 0.000000000000000000e+00 0.000000000000000000e+00 2.159878023844858592e-10 6.059782487068655195e-11 3.490646711991567567e-10 -1.111820305131121989e-10 3.467384831799792691e-10 1.162346708666603308e-10 2.056792202596808387e-10 2.313201143346694534e-10 1.065319887755744976e-10 3.405112031724147338e-11 2.472056673254380091e-10 8.578126773186401993e-05 6.244975947160131113e+01 0.000000000000000000e+00
0.000000000000000000e+00 0.000000000000000000e+00 0.000000000000000000e+00 0.000000000000000000e+00 0.000000000000000000e+00 0.000000000000000000e+00 2.320755074209744563e-11 1.540097173124103279e-10 2.666073279073711578e-10 -8.331613838466748027e-11 4.048642000849926846e-10 1.486460187044318310e-10 2.637482426141368855e-10 2.837066251736039158e-10 1.435344848857252490e-10 4.996949011259358837e-11 4.509093056311199402e-10 1.289987767335889742e-04 2.897218066327699262e+02 0.000000000000000000e+00
0.000000000000000000e+00 0.000000000000000000e+00 0.000000000000000000e+00 0.000000000000000000e+00 0.000000000000000000e+00 0.000000000000000000e+00 -3.448362770053198886e-09 -6.888381285600032251e-09 -9.018598973028599000e-09 -9.096795419301865898e-11 -2.087479819580523411e-09 -1.581777979998903353e-09 -8.316411560789941509e-10 -3.919617517683409734e-10 -1.007015713523863282e-10 -1.723590208203329428e-11 5.695730194910852343e-11 6.419471182832710453e-10 2.030869171436639960e-10 0.000000000000000000e+00
0.000000000000000000e+00 0.000000000000000000e+00 0.000000000000000000e+00 0.000000000000000000e+00 0.000000000000000000e+00 0.000000000000000000e+00 2.113074240949470882e-09 1.296155972775516385e-10 -6.281061232299548165e-09 4.727998302854391519e-09 1.199374872465626207e-09 4.359539596378923706e-10 5.179058415150359383e-11 -1.336451149861571125e-11 5.805500994642778922e-11 -9.364026951587214487e-12 -1.525981263725972117e-10 6.390751776809937384e-10 1.979601887923593971e-10 0.000000000000000000e+00
0.000000000000000000e+00 0.000000000000000000e+00 0.000000000000000000e+00 0.000000000000000000e+00 0.000000000000000000e+00 0.000000000000000000e+00 8.021315492047049025e-10 -2.857187502922282863e-09 -4.606169802067527566e-09 1.948089199075960461e-09 2.879998860642936336e-10 -2.426277772017458095e-12 -2.124291725815597958e-11 -7.511071401163665875e-11 3.635445092393983777e-11 -6.932600772647790969e-12 2.959222246902751921e-12 5.436183609811555943e-10 3.863452005504925032e-07 0.000000000000000000e+00
0.000000000000000000e+00 0.000000000000000000e+00 0.000000000000000000e+00 0.000000000000000000e+00 0.000000000000000000e+00 0.000000000000000000e+00 1.421675974462734358e-09 -1.095586712877187457e-09 -3.857491503277883240e-09 2.664978312218984529e-09 6.971327355251276854e-10 4.523385077578258185e-10 1.482288871469116958e-10 1.314475840174422150e-11 8.257326022521936080e-11 8.015439576769604469e-12 -2.290809885088504230e-11 4.322203006130747079e-10 1.011250710950114409e-06 0.000000000000000000e+00
0.000000000000000000e+00 0.000000000000000000e+00 0.000000000000000000e+00 0.000000000000000000e+00 0.000000000000000000e+00 0.000000000000000000e+00 -1.231517594419936991e-08 -3.204410436408154054e-08 -2.783617388348002138e-08 -9.975598038766865323e-09 -1.574233195414916314e-08 -4.770943060288418081e-09 -3.335335587103175634e-09 -1.690378935819739110e-09 -5.737294367092713443e-10 -7.596615887645515656e-11 5.071766006895425686e-10 7.873032120913338493e-09 3.398731665826040532e-10 0.000000000000000000e+00
0.000000000000000000e+00 0.000000000000000000e+00 0.000000000000000000e+00 0.000000000000000000e+00 0.000000000000000000e+00 0.000000000000000000e+00 2.402408677231155353e-08 -6.623122352982591916e-10 -1.356522974706583385e-08 7.544730860935675241e-09 -2.933852451759713132e-09 2.536043534555827991e-09 2.986413629376236095e-10 2.390215311770161380e-10 1.805776540646277388e-10 -3.624420045739382060e-11 -3.314674279524863662e-10 7.450356373484214263e-09 2.399427723624612627e-10 0.000000000000000000e+00
0.000000000000000000e+00 0.000000000000000000e+00 0.000000000000000000e+00 0.000000000000000000e+00 0.000000000000000000e+00 0.000000000000000000e+00 1.806267851708715869e-08 -9.016306464785276456e-09 -1.241127123420452203e-08 2.205805650464902920e-09 -2.399674221468882545e-09 -2.212830941767512552e-10 -2.670303490796954097e-10 -1.318534985154721055e-10 -4.015003783208007473e-11 2.129469152048220251e-11 -1.053164007961353034e-10 1.757952365615209338e-08 2.008044663118515633e-07 0.000000000000000000e+00
0.000000000000000000e+00 0.000000000000000000e+00 0.000000000000000000e+00 0.000000000000000000e+00 0.000000000000000000e+00 0.000000000000000000e+00 2.144734170980885475e-08 -1.022719888824070411e-09 -9.988047541052509015e-09 5.385975006403859943e-09 -3.125056089156552173e-10 1.268748164947450438e-09 4.956966775079880730e-10 2.802693681736551464e-10 1.822153866218939049e-10 1.483367282325843956e-10 -3.634314163950916483e-10 2.069823507769418634e-08 5.335496256780691596e-06 0.000000000000000000e+00
0.000000000000000000e+00 0.000000000000000000e+00 0.000000000000000000e+00 0.000000000000000000e+00 0.000000000000000000e+00 0.000000000000000000e+00 -8.364265265039144468e-10 -2.088095775073662247e-09 1.738666361081030423e-09 -6.189316094521421382e-10 3.690209518673796472e-10 -6.897414252370223260e-11 -2.904374642902299831e-10 -1.355326820998126598e-10 -9.970844948253427263e-11 -1.431459073656166618e-10 -3.774278085457794392e-10 -2.977519712767787877e-08 1.607938176681879698e-05 0.000000000000000000e+00
0.000000000000000000e+00 0.000000000000000000e+00 0.000000000000000000e+00 0.000000000000000000e+00 0.000000000000000000e+00 0.000000000000000000e+00 2.120056946421942245e-09 -1.266600807617084040e-11 1.479420663558346419e-10 -6.490052403097736676e-10 -1.652416483533012475e-09 -1.167440558981830690e-09 -2.362756212837143256e-10 -1.068429548305429098e-11 6.036074674630789085e-11 1.119278736687441326e-10 -8.160425900895125969e-06 -4.972036570866209340e-08 1.604163238709710611e-05 0.000000000000000000e+00
0.000000000000000000e+00 0.000000000000000000e+00 0.000000000000000000e+00 0.000000000000000000e+00 0.000000000000000000e+00 0.000000000000000000e+00 -1.304134988347165359e-09 -2.069274273540007140e-09 1.336683989910367298e-09 2.828938724843021035e-10 -5.100524029279527593e-10 -3.821994857382139925e-10 -2.755695080841803017e-11 -1.783748015749107652e-10 3.317921735065058174e-11 -1.495276591435367990e-10 -5.912337782839305530e-11 -2.564666362714618762e-06 2.117840802362636055e+02 0.000000000000000000e+00
0.000000000000000000e+00 0.000000000000000000e+00 0.000000000000000000e+00 0.000000000000000000e+00 0.000000000000000000e+00 0.000000000000000000e+00 -7.879848388333606504e-10 -1.804992200060210339e-09 1.245114617855145031e-09 3.886573595116294707e-10 -7.159986044490762040e-10 -3.701586691653593678e-10 -2.976034174248958878e-11 -2.360597657472449772e-10 8.717539713469270316e-11 -1.616091235914028239e-10 6.213162232286194642e-11 -4.294570918646692816e-06 9.818351348668080618e+02 0.000000000000000000e+00
