0.000000000000000000e+00 0.000000000000000000e+00 0.000000000000000000e+00 0.000000000000000000e+00 0.000000000000000000e+00 0.000000000000000000e+00 1.040284318269798164e-09 3.630915755876071041e-10 2.166988440153130424e-09 1.428459474022641734e-09 4.005749932702834618e-10 8.928623424879043429e-10 5.893607043259607699e-10 4.518993006595764961e-10 1.891113661347030608e-10 3.489139831911962511e-11 3.624555916358201866e-10 6.789925702137789655e-07 3.367954713151725759e-06 0.000000000000000000e+00
0.000000000000000000e+00 0.000000000000000000e+00 0.000000000000000000e+00 0.000000000000000000e+00 0.000000000000000000e+00 0.000000000000000000e+00 3.000067923648034626e-09 -4.036767806160764720e-09 2.083024730724885551e-09 1.875409741116306210e-10 4.571222879280497073e-10 5.028236689280344532e-10 2.419092225530671987e-10 1.818976267189632351e-10 5.979566865735918866e-11 5.223963382427948995e-11 7.613877545382308563e-07 7.094925580065501559e-07 3.380569349564901483e-06 0.000000000000000000e+00
0.000000000000000000e+00 0.000000000000000000e+00 0.000000000000000000e+00 0.000000000000000000e+00 0.000000000000000000e+00 0.000000000000000000e+00 7.659995952988054480e-10 -1.618283226254074996e-09 8.101895469769221774e-10 3.904655238969250993e-10 3.198308501623614745e-10 2.167836758893937794e-10 2.246733111136732437e-10 1.501056030279441133e-10 9.552531533338325060e-11 2.377113472010555354e-11 1.760465791088602239e-10 6.262297745513259201e-05 -1.282097661204637689e+02 0.000000000000000000e+00
0.000000000000000000e+00 0.000000000000000000e+00 0.000000000000000000e+00 0.000000000000000000e+00 0.000000000000000000e+00 0.000000000000000000e+00 8.790107300184895468e-10 -1.967797190227002619e-09 8.472386458024524872e-10 3.587670475924543106e-10 5.152586496780947247e-10 2.541876701488355276e-10 2.885374592255974141e-10 2.073133500637756391e-10 1.365884153512780795e-10 3.642015900546426143e-11 3.485431773650705648e-10 9.153289366176987386e-05 -5.436500782307684858e+02 0.000000000000000000e+00
0.000000000000000000e+00 0.000000000000000000e+00 0.000000000000000000e+00 0.000000000000000000e+00 0.000000000000000000e+00 0.000000000000000000e+00 -6.708973227491175585e-11 -5.466648237753312890e-09 -8.850802797648936954e-09 -4.772480096864964464e-09 -3.278250876737946374e-09 -1.765508403395371008e-09 -1.014079410924458847e-09 -4.275761615591875217e-10 -1.526757113203976526e-10 -1.817602181280571530e-11 9.560726568906548812e-11 1.001874319893785860e-09 1.965744862986685570e-11 0.000000000000000000e+00
0.000000000000000000e+00 0.000000000000000000e+00 0.000000000000000000e+00 0.000000000000000000e+00 0.000000000000000000e+00 0.000000000000000000e+00 1.486275493775601561e-08 -5.152763546327808178e-10 -1.519443375184411974e-09 -1.170863411937272007e-09 1.813556923846315011e-09 -2.496482097245457987e-11 -4.469430605525491453e-10 1.896472554773741882e-10 5.005731332956531198e-11 -1.009583949380723483e-11 -1.110861484512301007e-10 9.514816523578231373e-10 1.748219563303975679e-11 0.000000000000000000e+00
0.000000000000000000e+00 0.000000000000000000e+00 0.000000000000000000e+00 0.000000000000000000e+00 0.000000000000000000e+00 0.000000000000000000e+00 1.149395785686607308e-08 4.070888438218610996e-09 -1.867041021195385784e-09 -4.042412305018140725e-10 1.063251367231537876e-09 -3.668981912119842545e-10 -5.962020642207840399e-10 7.285158599285965769e-11 3.457983131668489336e-11 -5.392969855084036530e-13 8.636845174034792448e-12 -2.057325964520469837e-09 6.306331850238921946e-07 0.000000000000000000e+00
0.000000000000000000e+00 0.000000000000000000e+00 0.000000000000000000e+00 0.000000000000000000e+00 0.000000000000000000e+00 0.000000000000000000e+00 1.286773401835141488e-08 4.529009577476317082e-09 -8.281715792954841224e-10 1.761664857004676362e-10 1.843689710456027381e-09 -2.698368751582749949e-11 -4.458734765832336219e-10 2.149120247426979065e-10 1.019603123617897377e-10 2.491444505355997846e-11 -2.996840137344389858e-11 -2.651103779152696938e-09 1.234091006514962949e-06 0.000000000000000000e+00
0.000000000000000000e+00 0.000000000000000000e+00 0.000000000000000000e+00 0.000000000000000000e+00 0.000000000000000000e+00 0.000000000000000000e+00 -1.230314881887227838e-08 -2.656341635558892578e-08 -1.790544963786336361e-08 -2.650748535307238910e-08 -1.436496433025493505e-08 -8.829569047289032433e-09 -5.443395123741791429e-09 -1.775535698555905736e-09 -7.362230868289697035e-10 -2.024490182113051790e-11 6.577122579929457464e-10 6.280476887859676586e-09 8.822874758459618744e-09 0.000000000000000000e+00
0.000000000000000000e+00 0.000000000000000000e+00 0.000000000000000000e+00 0.000000000000000000e+00 0.000000000000000000e+00 0.000000000000000000e+00 7.449520672317604342e-08 3.103404579786465959e-08 9.690140552617231272e-09 1.810521732448289097e-09 6.806014077154585268e-09 2.543761333375638304e-09 1.081151786501742421e-10 7.874295022686264631e-10 2.478430168067728551e-10 -1.382345227434835670e-10 -2.206368139881113145e-09 5.583137504339991107e-09 8.875472362653594502e-09 0.000000000000000000e+00
0.000000000000000000e+00 0.000000000000000000e+00 0.000000000000000000e+00 0.000000000000000000e+00 0.000000000000000000e+00 0.000000000000000000e+00 5.797460785676477857e-08 2.261907599140552063e-08 6.664610185391956381e-11 1.347227995005636586e-09 2.853865984258611244e-09 5.633879879764596879e-10 -5.150444504019328332e-10 3.098771148755528375e-10 2.725078453018602173e-10 8.896617926510384022e-11 -2.041304489737969420e-12 -7.466547528745291902e-09 4.997479209338976950e-07 0.000000000000000000e+00
0.000000000000000000e+00 0.000000000000000000e+00 0.000000000000000000e+00 0.000000000000000000e+00 0.000000000000000000e+00 0.000000000000000000e+00 6.619870656239358853e-08 2.729049176638175809e-08 3.870186194358007713e-09 5.512628421781554938e-09 6.430775893001666896e-09 2.598132770166775882e-09 5.594863439486579409e-10 9.448110638248748128e-10 6.052683082097821539e-10 2.315401102521621144e-10 -3.062005106734763250e-10 -9.160978228886030195e-09 -2.870024767225423632e-06 0.000000000000000000e+00
0.000000000000000000e+00 0.000000000000000000e+00 0.000000000000000000e+00 0.000000000000000000e+00 0.000000000000000000e+00 0.000000000000000000e+00 -5.655573018037284613e-10 -3.344289206046565158e-10 2.043664701811671747e-09 -6.560210348061759013e-10 4.620806351692786417e-10 6.962882752404010713e-10 5.493302029274665990e-10 -3.650488405405013171e-10 5.180161354865729913e-11 -2.007513175908918265e-10 -2.812638245103492451e-10 -3.065333612663343516e-08 1.284820375803489220e-05 0.000000000000000000e+00
0.000000000000000000e+00 0.000000000000000000e+00 0.000000000000000000e+00 0.000000000000000000e+00 0.000000000000000000e+00 0.000000000000000000e+00 -1.165959974536642089e-08 9.115934073363217221e-10 9.008342302645852007e-10 2.471671451935178345e-09 2.064863513302946366e-10 5.898382126106711318e-10 1.016408593515392837e-09 -2.610812846964625362e-10 -1.084056388449538734e-10 -2.475531930699102961e-11 -7.591732820073564356e-05 -7.539344301614890594e-08 1.282878026610342197e-05 0.000000000000000000e+00
0.000000000000000000e+00 0.000000000000000000e+00 0.000000000000000000e+00 0.000000000000000000e+00 0.000000000000000000e+00 0.000000000000000000e+00 -5.472892796408535814e-09 1.414580302740418332e-09 1.319272208589388280e-09 -2.802815083681120731e-12 8.565005687014980216e-10 -5.725914165515304285e-11 8.878478661181208082e-10 -3.303423429016651132e-10 1.010766137588046202e-11 -1.829570399800091688e-10 -1.344356617973935019e-10 2.966279343718053216e-05 2.134605687135631626e+02 0.000000000000000000e+00
0.000000000000000000e+00 0.000000000000000000e+00 0.000000000000000000e+00 0.000000000000000000e+00 0.000000000000000000e+00 0.000000000000000000e+00 -7.171559646764054439e-09 8.308119097222066705e-10 1.389414540560292672e-09 1.230298035650826807e-10 9.129121047389042375e-10 -1.164355899653989456e-10 8.653541048080851028e-10 -3.858502865079089951e-10 -2.575657703967738373e-11 -1.785546665790678252e-10 -2.864961263933847580e-10 4.211726158464033183e-05 5.293358005423037866e+02 0.000000000000000000e+00
