0.000000000000000000e+00 0.000000000000000000e+00 0.000000000000000000e+00 0.000000000000000000e+00 0.000000000000000000e+00 0.000000000000000000e+00 2.008019977299698435e-09 2.102480970897081036e-10 1.044104118748561443e-09 4.746576829413351416e-10 8.345315740708155042e-10 6.206046541088064260e-10 4.006925335263984289e-10 2.809857738505013025e-10 1.304735820259328128e-10 4.411690661918672869e-11 2.193280265726121001e-10 7.505886555311236364e-07 2.830913698403651649e-06 0.000000000000000000e+00
0.000000000000000000e+00 0.000000000000000000e+00 0.000000000000000000e+00 0.000000000000000000e+00 0.000000000000000000e+00 0.000000000000000000e+00 2.912394057743751971e-09 1.818493772417813399e-09 9.305084684790056568e-10 3.483817281422404843e-10 4.949220031838715305e-10 1.954736789376641430e-10 2.972413686228458182e-10 2.011890311798033919e-10 7.223500906645440624e-11 4.791435287293985392e-11 5.582263033141656046e-07 7.549157360008848088e-07 2.840862255829582550e-06 0.000000000000000000e+00
0.000000000000000000e+00 0.000000000000000000e+00 0.000000000000000000e+00 0.000000000000000000e+00 0.000000000000000000e+00 0.000000000000000000e+00 6.616446878044860597e-10 1.065791357262445511e-09 4.034209035758231192e-10 1.987118734551792092e-10 1.835556039955040208e-10 1.879416226131909965e-10 2.936650088159521457e-10 2.563772777403973166e-10 1.346225807899884131e-10 5.151776130513331843e-11 2.620041656968282897e-10 6.790669736496282409e-05 8.778238404695639474e+01 0.000000000000000000e+00
0.000000000000000000e+00 0.000000000000000000e+00 0.000000000000000000e+00 0.000000000000000000e+00 0.000000000000000000e+00 0.000000000000000000e+00 6.089220506425777168e-10 1.258465713915447245e-09 3.946482164497540543e-10 2.514766177690534410e-10 1.986027956973807320e-10 2.112833511360467009e-10 3.423108112156863767e-10 3.120638892310367881e-10 1.751010889797149433e-10 6.962499035355070627e-11 4.431130961975387039e-10 1.011879364260881257e-04 4.082754798924823945e+02 0.000000000000000000e+00
0.000000000000000000e+00 0.000000000000000000e+00 0.000000000000000000e+00 0.000000000000000000e+00 0.000000000000000000e+00 0.000000000000000000e+00 -6.123328928322139172e-09 -4.371042633702330311e-09 -5.486280674103015279e-09 -2.655519630852540474e-09 -3.050775251868162413e-09 -1.480831591106734359e-09 -3.798263557391315963e-10 -3.259246214947265874e-10 -1.329083181366785759e-10 -1.656928370727216236e-11 5.893348607002448973e-11 4.451910339901405292e-10 -2.961712114647900247e-10 0.000000000000000000e+00
0.000000000000000000e+00 0.000000000000000000e+00 0.000000000000000000e+00 0.000000000000000000e+00 0.000000000000000000e+00 0.000000000000000000e+00 -1.357690685330887862e-08 -7.388172977286360149e-09 -1.278681588629836965e-09 -1.378358397762230451e-09 1.230976110675883554e-09 5.427485685908947035e-12 1.072625301634235918e-10 2.178978120186005410e-11 2.373317761345449886e-12 -1.392976047067150328e-11 2.065942844549058828e-10 4.302395665299964098e-10 -2.974854318619902637e-10 0.000000000000000000e+00
0.000000000000000000e+00 0.000000000000000000e+00 0.000000000000000000e+00 0.000000000000000000e+00 0.000000000000000000e+00 0.000000000000000000e+00 -3.375158244188411840e-09 -5.426632315843818088e-09 -1.002119133868884096e-09 -3.052259323168051531e-10 2.361540000208369273e-10 -7.116219995992355799e-11 -1.081327542718351166e-10 -4.078323734014402980e-11 -2.518569906649578387e-11 -3.671387091694779203e-12 1.752205810128546803e-11 -2.808629757369791695e-10 5.790640678549324637e-07 0.000000000000000000e+00
0.000000000000000000e+00 0.000000000000000000e+00 0.000000000000000000e+00 0.000000000000000000e+00 0.000000000000000000e+00 0.000000000000000000e+00 -4.570122312820827838e-09 -5.392832595003038605e-09 -1.973308425279686151e-10 2.013022111606792481e-10 8.276514067162306995e-10 2.378297135940987227e-10 3.550355510966130540e-12 4.412930973317123436e-11 1.658636243794791690e-11 1.265967960800068537e-11 -3.281389509861436156e-12 -4.413577559637684409e-10 8.890078771302888802e-07 0.000000000000000000e+00
0.000000000000000000e+00 0.000000000000000000e+00 0.000000000000000000e+00 0.000000000000000000e+00 0.000000000000000000e+00 0.000000000000000000e+00 -3.212080375822838547e-08 -1.505051940341002154e-08 -1.836275533052689881e-08 -1.630367941128878395e-08 -6.491256314695504479e-09 -6.517757945030626245e-09 -3.709703717496997114e-09 -1.397441337564647988e-09 -7.083331616156334431e-10 -1.036747097654428890e-10 5.416557529164506136e-10 3.094685286973612180e-09 -8.717687974351985144e-09 0.000000000000000000e+00
0.000000000000000000e+00 0.000000000000000000e+00 0.000000000000000000e+00 0.000000000000000000e+00 0.000000000000000000e+00 0.000000000000000000e+00 -4.369763642755794083e-08 -5.119560244443135441e-08 1.699696813423957116e-08 -4.330241483274007444e-09 2.726205142496940735e-09 2.055830823444322846e-09 -1.661537879005433496e-09 5.624641130527959188e-10 1.345849968235957191e-10 -1.513594955955967505e-10 1.206042711034386853e-09 3.013268640067471073e-09 -8.725010807261812487e-09 0.000000000000000000e+00
0.000000000000000000e+00 0.000000000000000000e+00 0.000000000000000000e+00 0.000000000000000000e+00 0.000000000000000000e+00 0.000000000000000000e+00 -1.610781082379122017e-08 -3.009330428528341094e-08 7.790933446576937576e-09 -5.347350693015822881e-09 7.439759358092830463e-10 4.603780116515578510e-10 -2.282493718947171207e-09 3.708173525437020831e-10 7.286623423816622353e-11 -6.221017404558264993e-12 7.464714163429819092e-11 -1.809585581014843317e-08 3.243360031407387808e-06 0.000000000000000000e+00
0.000000000000000000e+00 0.000000000000000000e+00 0.000000000000000000e+00 0.000000000000000000e+00 0.000000000000000000e+00 0.000000000000000000e+00 -2.011171047163812455e-08 -3.133549700315627500e-08 1.234161434896208281e-08 -2.845035077877454893e-09 1.680865114485749942e-09 1.946951440459052552e-09 -1.808062319094659562e-09 8.218525357612744097e-10 3.473356726795184256e-10 1.200556148546520932e-10 -1.273522355393652729e-10 -2.394113206223027797e-08 3.234290300326151375e-06 0.000000000000000000e+00
0.000000000000000000e+00 0.000000000000000000e+00 0.000000000000000000e+00 0.000000000000000000e+00 0.000000000000000000e+00 0.000000000000000000e+00 3.181441386290630465e-09 -9.158996086704368578e-10 2.673909752999426638e-09 -7.072298870342677562e-10 -1.580493534258818686e-10 3.196162972381257613e-10 2.548467111452966063e-11 -2.144881786550737912e-10 -1.027417595044923629e-10 2.114460690672584043e-12 -3.625150915859934049e-10 -5.595815859471232218e-08 -8.263060044707853612e-06 0.000000000000000000e+00
0.000000000000000000e+00 0.000000000000000000e+00 0.000000000000000000e+00 0.000000000000000000e+00 0.000000000000000000e+00 0.000000000000000000e+00 -1.391549752096380840e-09 2.105868019721431789e-09 2.382799845188902527e-09 -5.636529207816203241e-09 -6.557682280991279666e-10 9.710839198257934979e-10 1.330746691974716768e-10 -2.760069284339379113e-10 1.408979474395287937e-11 3.796980464401529508e-10 6.104156952962882122e-05 -5.475877398475369971e-08 -8.253522573039454247e-06 0.000000000000000000e+00
0.000000000000000000e+00 0.000000000000000000e+00 0.000000000000000000e+00 0.000000000000000000e+00 0.000000000000000000e+00 0.000000000000000000e+00 -1.016777539806553970e-09 -6.694532531459389937e-10 7.679948693312709349e-10 -1.370049072264130682e-09 -6.016503237012934398e-10 3.662860481106959227e-10 1.082894445394536274e-10 -3.376109159564397093e-10 -8.350796361352730299e-11 1.925050277987848346e-11 3.433853348689182180e-11 -2.508555044257413462e-05 2.767353870496903596e+02 0.000000000000000000e+00
0.000000000000000000e+00 0.000000000000000000e+00 0.000000000000000000e+00 0.000000000000000000e+00 0.000000000000000000e+00 0.000000000000000000e+00 -1.601796529962995290e-09 2.018673184363157618e-10 6.088027782067287669e-10 -1.687818194227584940e-09 -6.783938134270858809e-10 2.891994716726031020e-10 7.600250560250809697e-11 -3.406703541438637778e-10 -4.188954516858330493e-11 1.508424389440068376e-11 9.052236590837760789e-11 -3.672213547768238176e-05 9.359093336760614648e+02 0.000000000000000000e+00
