0.000000000000000000e+00 0.000000000000000000e+00 0.000000000000000000e+00 0.000000000000000000e+00 0.000000000000000000e+00 0.000000000000000000e+00 -8.287345110671885372e-10 1.169232671782258451e-09 1.148247575956199997e-09 7.604835011159492850e-10 1.082913752006295445e-09 1.032814102684294288e-09 6.557436549939316984e-10 4.316165584118299577e-10 1.746570570011319919e-10 3.838287417743444747e-11 3.446816668725474475e-10 7.404076743429020488e-07 5.944324127985176347e-06 0.000000000000000000e+00
0.000000000000000000e+00 0.000000000000000000e+00 0.000000000000000000e+00 0.000000000000000000e+00 0.000000000000000000e+00 0.000000000000000000e+00 -5.926132958656023038e-11 9.285218292035511109e-10 4.817170387706126525e-11 -2.040637085062549163e-11 6.432926150381085466e-10 7.443591577993696114e-10 2.533757471453013724e-10 2.305433378023969050e-10 6.632606578954675293e-11 5.040387377805601831e-11 1.611402928829149511e-06 7.488787686760100046e-07 5.933446200224337208e-06 0.000000000000000000e+00
0.000000000000000000e+00 0.000000000000000000e+00 0.000000000000000000e+00 0.000000000000000000e+00 0.000000000000000000e+00 0.000000000000000000e+00 -7.804201543910189287e-10 1.487977625306379977e-10 -5.293881825979646426e-10 -1.531486496285384338e-10 1.966281606369688229e-10 3.839050816109629606e-10 3.289310336771820490e-10 2.059440846625848738e-10 1.179648602420613910e-10 3.390677456618124568e-11 1.904464253551247637e-10 4.955942228921262228e-05 2.619472777550045066e+02 0.000000000000000000e+00
0.000000000000000000e+00 0.000000000000000000e+00 0.000000000000000000e+00 0.000000000000000000e+00 0.000000000000000000e+00 0.000000000000000000e+00 -5.523508473394576450e-10 1.055148332603581197e-10 -6.235056907324881626e-10 -1.986009926356749320e-10 2.477947929557039603e-10 4.283260736869838486e-10 4.047329817734952366e-10 2.750534288398047176e-10 1.700671258128438423e-10 4.635027885908493560e-11 3.693797509532397773e-10 7.404762973626816819e-05 7.829156582707670395e+02 0.000000000000000000e+00
0.000000000000000000e+00 0.000000000000000000e+00 0.000000000000000000e+00 0.000000000000000000e+00 0.000000000000000000e+00 0.000000000000000000e+00 -5.079487271520270120e-09 -5.425541915880615045e-09 -8.652691926508166588e-09 -4.691366727832700163e-09 -4.396752850110785354e-09 -2.433456837954527491e-09 -1.012494653333858731e-09 -3.807581600959366236e-10 -1.535210530196205534e-10 -2.238614500576349464e-11 9.338247744624807544e-11 9.865145088009013741e-10 4.323532380028446031e-10 0.000000000000000000e+00
0.000000000000000000e+00 0.000000000000000000e+00 0.000000000000000000e+00 0.000000000000000000e+00 0.000000000000000000e+00 0.000000000000000000e+00 -1.929363974863443306e-09 -9.500440761468481744e-09 -6.773655197243176669e-09 3.018005331169954005e-09 6.866866388657391008e-12 8.971035600692674546e-10 1.652244015383623333e-10 2.134631263625987190e-10 4.015717527234378779e-12 -2.356925869452327365e-11 1.960278428377068240e-10 9.613578691975896217e-10 4.342478125613134191e-10 0.000000000000000000e+00
0.000000000000000000e+00 0.000000000000000000e+00 0.000000000000000000e+00 0.000000000000000000e+00 0.000000000000000000e+00 0.000000000000000000e+00 -4.098845103455836786e-09 -5.291178422491599853e-09 -4.760385581309577556e-09 1.327354109948962624e-09 -2.044236806950363723e-10 4.341612835635435470e-10 2.348206283235497810e-10 1.287656844360373011e-10 -2.924457382437059981e-11 -6.521390718058784529e-12 6.447943396999276748e-12 -6.808899526531167752e-10 -7.060722158014708434e-07 0.000000000000000000e+00
0.000000000000000000e+00 0.000000000000000000e+00 0.000000000000000000e+00 0.000000000000000000e+00 0.000000000000000000e+00 0.000000000000000000e+00 -1.582263276442646501e-09 -5.464234824187109085e-09 -4.433575448198380468e-09 2.380869891459158590e-09 6.042389209496643695e-10 1.075643819642083785e-09 4.503939537469796965e-10 2.536701399871724108e-10 2.952506205733712897e-11 2.096676727294076494e-11 -3.704359719047953020e-11 -9.861227321920787341e-10 -1.193295371105894486e-06 0.000000000000000000e+00
0.000000000000000000e+00 0.000000000000000000e+00 0.000000000000000000e+00 0.000000000000000000e+00 0.000000000000000000e+00 0.000000000000000000e+00 -1.339604049710227811e-08 -3.075075480932995191e-08 -3.596872269107647345e-08 -2.213512029314426718e-08 -2.114674866302945203e-08 -7.750103364880005400e-09 -6.099621240458487413e-09 -1.823181428821991478e-09 -7.094059621891773609e-10 -1.854654469144351924e-10 5.897776100773535959e-10 8.857661049426438877e-09 8.675504530021471947e-10 0.000000000000000000e+00
0.000000000000000000e+00 0.000000000000000000e+00 0.000000000000000000e+00 0.000000000000000000e+00 0.000000000000000000e+00 0.000000000000000000e+00 1.853633133170427058e-08 -1.289040889571868811e-08 8.861909798251161715e-10 9.088454757207602126e-09 -2.599271018076414496e-09 -1.792990425407701463e-10 -1.022155330122775517e-09 9.310853633535229109e-10 7.963023077628641661e-11 -2.024567595314405776e-10 7.493325530185163093e-09 8.551683078523291996e-09 6.672610602074638214e-10 0.000000000000000000e+00
0.000000000000000000e+00 0.000000000000000000e+00 0.000000000000000000e+00 0.000000000000000000e+00 0.000000000000000000e+00 0.000000000000000000e+00 -9.222184352487958934e-09 -3.664236790715678036e-09 -5.211026019891852751e-09 5.980821334722929529e-09 -1.717921414826536084e-09 -6.739647556676458065e-10 -9.875956229207291563e-10 4.591457075256906977e-10 -2.201260189115052092e-11 -1.409046336260339706e-10 3.046515326237758611e-11 -1.725336573327284530e-08 -1.023623995369383001e-05 0.000000000000000000e+00
0.000000000000000000e+00 0.000000000000000000e+00 0.000000000000000000e+00 0.000000000000000000e+00 0.000000000000000000e+00 0.000000000000000000e+00 7.348216341782100159e-10 1.434818325291762006e-09 -4.819413213245180878e-11 1.039781358406923098e-08 1.662278941374227211e-09 8.736523674419645193e-10 1.342541349086148865e-10 1.092127421601592599e-09 2.773752645643448348e-10 -2.702916747081101297e-11 -2.192566749478434713e-10 -2.088463668797198630e-08 -1.166237966454851764e-05 0.000000000000000000e+00
0.000000000000000000e+00 0.000000000000000000e+00 0.000000000000000000e+00 0.000000000000000000e+00 0.000000000000000000e+00 0.000000000000000000e+00 1.652691879271696739e-09 -2.957620668651836072e-09 -9.153863926475958660e-11 -8.338165950131599798e-10 -9.821916316080613612e-10 1.069124946615308508e-09 -6.714764523764775407e-10 -2.915707651716070482e-10 -1.657763854295489166e-10 -2.137673687667298218e-10 -6.311269993040015951e-10 -1.547352317944904676e-07 -2.573456648010675031e-06 0.000000000000000000e+00
0.000000000000000000e+00 0.000000000000000000e+00 0.000000000000000000e+00 0.000000000000000000e+00 0.000000000000000000e+00 0.000000000000000000e+00 -8.981742994224599910e-09 -9.579374963144509260e-09 -1.972208716099639762e-09 -2.987798527361501704e-09 -1.451240529006776247e-09 1.814203934895338134e-09 -7.235213294310883664e-10 1.021893180055957398e-10 -1.559077556963137225e-10 3.344906246597620982e-10 -5.541562481236398779e-05 -1.427598692064522806e-07 -2.550658123191643975e-06 0.000000000000000000e+00
0.000000000000000000e+00 0.000000000000000000e+00 0.000000000000000000e+00 0.000000000000000000e+00 0.000000000000000000e+00 0.000000000000000000e+00 1.074849073755168586e-10 -5.866085176672022015e-09 -1.787994565589921341e-09 -1.007528620303861271e-09 1.864314303396635022e-10 4.840793912036435573e-10 -3.852826938039513228e-10 -1.729073507302942487e-10 -1.142896434008866807e-10 -2.035038197395026303e-10 -2.063034851942132350e-10 -2.390683885066016950e-05 8.628065615640383612e+01 0.000000000000000000e+00
0.000000000000000000e+00 0.000000000000000000e+00 0.000000000000000000e+00 0.000000000000000000e+00 0.000000000000000000e+00 0.000000000000000000e+00 -7.526809473676189064e-10 -6.734862584492081203e-09 -2.070213394394829241e-09 -1.147623492906531778e-09 5.170704118572994630e-10 4.254680558253647447e-10 -4.493141576723103906e-10 -6.235176452591090666e-11 -1.499395721940701036e-10 -2.340936911604306532e-10 -1.716996240988278965e-10 -3.511587308053091866e-05 -5.984735378851174801e+02 0.000000000000000000e+00
