0.000000000000000000e+00 0.000000000000000000e+00 0.000000000000000000e+00 0.000000000000000000e+00 0.000000000000000000e+00 0.000000000000000000e+00 -1.852857348147992377e-11 -1.327200956696250212e-09 1.035388702744686269e-09 1.390826982321147001e-09 1.105861447939271815e-09 7.193863779209980991e-10 4.803331195949445192e-10 3.479684249084378304e-10 1.270187758071074869e-10 3.482940826369658918e-11 3.189231103272534019e-10 5.292844598392519047e-07 6.296938904973498671e-06 0.000000000000000000e+00
0.000000000000000000e+00 0.000000000000000000e+00 0.000000000000000000e+00 0.000000000000000000e+00 0.000000000000000000e+00 0.000000000000000000e+00 -7.432516059540816034e-10 3.618728126113752988e-10 -1.702925672394463270e-10 2.302300515520662343e-11 3.913517191707631284e-10 3.001240131460994345e-10 -7.545214609721302487e-11 4.923156518296292895e-11 1.795051139427033115e-11 3.765404085892798518e-11 6.172690652735780009e-07 5.305101059865333056e-07 6.271864292470310490e-06 0.000000000000000000e+00
0.000000000000000000e+00 0.000000000000000000e+00 0.000000000000000000e+00 0.000000000000000000e+00 0.000000000000000000e+00 0.000000000000000000e+00 -8.511642591833212091e-10 4.364783926375495383e-10 -4.112524612693440119e-10 6.470548071873124069e-11 3.967724274405964113e-10 7.255040414643249916e-11 1.980448387472654881e-11 4.781614610190470387e-11 -3.394139295253866165e-12 2.616441823767385161e-11 1.554489570984549680e-10 5.790264231272576872e-05 1.768774051595770516e+02 0.000000000000000000e+00
0.000000000000000000e+00 0.000000000000000000e+00 0.000000000000000000e+00 0.000000000000000000e+00 0.000000000000000000e+00 0.000000000000000000e+00 -7.689932374431731540e-10 5.680038648048558456e-10 -5.517662251554721989e-10 5.214171410567659594e-11 3.637532265742282112e-10 7.334419866862485770e-11 1.468555185546900077e-11 5.651364949482732675e-11 1.475974427486499944e-11 3.573011700883317612e-11 3.390138038441225694e-10 8.725992420429372863e-05 9.812887301428268074e+02 0.000000000000000000e+00
0.000000000000000000e+00 0.000000000000000000e+00 0.000000000000000000e+00 0.000000000000000000e+00 0.000000000000000000e+00 0.000000000000000000e+00 -5.880479430535393157e-09 -1.636484957629668033e-10 -3.702496446830239850e-09 -4.864527493879641825e-09 -5.888742013487098298e-09 -2.288189739718041235e-09 -1.093952173611133768e-09 -6.550027782001801907e-10 -1.418943579468703016e-10 -1.865618858688923929e-11 8.673027357161943018e-11 9.608265270312083844e-10 5.806966897754295990e-11 0.000000000000000000e+00
0.000000000000000000e+00 0.000000000000000000e+00 0.000000000000000000e+00 0.000000000000000000e+00 0.000000000000000000e+00 0.000000000000000000e+00 1.269183449913155030e-08 7.664117997597474986e-09 -3.279009963728612626e-09 -5.593282614919638664e-11 -1.800339353641558018e-09 -6.711285266133454567e-10 -5.969712800453922567e-11 -9.937140573127051181e-11 2.602179821486308843e-12 -1.340067319807740882e-11 -1.916811782738923469e-10 9.510925781679330679e-10 5.836748341077764877e-11 0.000000000000000000e+00
0.000000000000000000e+00 0.000000000000000000e+00 0.000000000000000000e+00 0.000000000000000000e+00 0.000000000000000000e+00 0.000000000000000000e+00 7.873530682561858938e-09 5.850765848928450766e-09 -1.641718976135795885e-10 -3.877338997363884125e-10 -1.799557694530107549e-09 -5.776176559266708091e-10 -1.760426419292249085e-10 -2.706685150363517023e-10 -2.188607319119750227e-11 -3.395345789589269364e-13 1.224292742723228132e-11 1.152909154683681545e-09 1.175834624318590326e-06 0.000000000000000000e+00
0.000000000000000000e+00 0.000000000000000000e+00 0.000000000000000000e+00 0.000000000000000000e+00 0.000000000000000000e+00 0.000000000000000000e+00 1.127357050334852900e-08 6.831209157667330416e-09 3.220132388917525701e-11 3.911063376402147938e-10 -1.069629751880310655e-09 -2.009245051019720847e-10 3.097258564322700851e-11 -1.435169056158416296e-10 2.661533006459025257e-11 2.424099389239327326e-11 -2.118209300212434318e-11 1.131467859472182878e-09 2.388722282453728270e-06 0.000000000000000000e+00
0.000000000000000000e+00 0.000000000000000000e+00 0.000000000000000000e+00 0.000000000000000000e+00 0.000000000000000000e+00 0.000000000000000000e+00 -6.025770422472874077e-08 -8.928448532182404359e-09 -1.176509939433975863e-08 -1.774026546720351522e-08 -2.382060974719679661e-08 -7.203536238781209674e-09 -5.519062493689534787e-09 -2.965642188717410286e-09 -6.413955220801871629e-10 -1.752220708624036267e-10 6.326818473139088060e-10 6.250995247504522815e-09 -4.565575489861643946e-09 0.000000000000000000e+00
0.000000000000000000e+00 0.000000000000000000e+00 0.000000000000000000e+00 0.000000000000000000e+00 0.000000000000000000e+00 0.000000000000000000e+00 4.999527855437881024e-08 1.342486635119046744e-08 -3.956284879534811962e-09 -4.224162699992908532e-10 -1.087237641885822628e-08 3.805840883186384457e-09 -2.658484449158506761e-10 -2.230125457745460791e-10 1.901240849310502674e-10 -1.374907422949811466e-10 -2.558011846108264224e-09 5.852244638342297417e-09 -4.377046587087446818e-09 0.000000000000000000e+00
0.000000000000000000e+00 0.000000000000000000e+00 0.000000000000000000e+00 0.000000000000000000e+00 0.000000000000000000e+00 0.000000000000000000e+00 3.032780978811438827e-08 2.169358670012824063e-08 3.859508778396644786e-09 -2.324214047989895152e-10 -8.788327479441882558e-09 1.803873523306155566e-09 -3.364053236191448431e-10 -8.726105048180354899e-10 9.473749933956448952e-11 -1.352276102742453840e-10 -2.828180345646958686e-11 4.683672807290047668e-08 7.882284026800597096e-06 0.000000000000000000e+00
0.000000000000000000e+00 0.000000000000000000e+00 0.000000000000000000e+00 0.000000000000000000e+00 0.000000000000000000e+00 0.000000000000000000e+00 5.109064040864504512e-08 2.723526891340295971e-08 6.466057467576151118e-09 2.750505037484708860e-09 -6.499487633504637128e-09 3.698812182231443947e-09 6.567345649892451352e-10 -2.197361706944260159e-10 3.841528995697818187e-10 -5.730967699990444903e-11 -3.032853895944356027e-10 5.589547912173795322e-08 1.314108600017827194e-05 0.000000000000000000e+00
0.000000000000000000e+00 0.000000000000000000e+00 0.000000000000000000e+00 0.000000000000000000e+00 0.000000000000000000e+00 0.000000000000000000e+00 -3.424210410678920971e-09 1.375506473661117656e-09 -6.145549477091261252e-10 2.543232128968031690e-09 -1.212282344903770231e-09 1.115183666428153083e-10 -9.439609057647424499e-10 -5.831610516966569386e-10 -3.097245214798097430e-10 -2.194940565316822278e-10 -6.037578103604093721e-10 -1.350784769331117637e-07 3.028112550817703863e-06 0.000000000000000000e+00
0.000000000000000000e+00 0.000000000000000000e+00 0.000000000000000000e+00 0.000000000000000000e+00 0.000000000000000000e+00 0.000000000000000000e+00 -1.720207993411225822e-08 5.751689550174955605e-09 -4.153925115073915412e-09 1.890634798973505250e-09 -1.776075960657740240e-09 -1.704444724708749723e-09 -1.230811767108202054e-09 -5.387943953790057737e-10 -4.326973989831037183e-10 -2.773303558968620408e-10 -2.793130720460686693e-05 -1.368618009445621082e-07 3.040058149226970983e-06 0.000000000000000000e+00
0.000000000000000000e+00 0.000000000000000000e+00 0.000000000000000000e+00 0.000000000000000000e+00 0.000000000000000000e+00 0.000000000000000000e+00 -5.031849180391811692e-09 -4.550069112527992114e-10 -1.160974609393744269e-09 2.012100124140520620e-09 -9.471464968538740674e-10 -8.951452750127255520e-10 -1.468454720277939682e-09 -6.226517774430642522e-10 -3.753156085010460450e-10 -2.595836923547774373e-10 -6.169932684091661886e-10 -4.384012318279004054e-06 -2.474116270718739656e+02 0.000000000000000000e+00
0.000000000000000000e+00 0.000000000000000000e+00 0.000000000000000000e+00 0.000000000000000000e+00 0.000000000000000000e+00 0.000000000000000000e+00 -5.700475704142532109e-09 -3.720830168724618288e-10 -1.776394248837615213e-09 1.716260539346726618e-09 -8.505246083545226292e-10 -9.952616546271224526e-10 -1.599406785103246006e-09 -6.572447978538871146e-10 -4.113823492578284852e-10 -3.033220757747374472e-10 -7.148382266570156863e-10 -6.544041513096840928e-06 -2.900931493898667668e+02 0.000000000000000000e+00
