0.000000000000000000e+00 0.000000000000000000e+00 0.000000000000000000e+00 0.000000000000000000e+00 0.000000000000000000e+00 0.000000000000000000e+00 1.867798066662939569e-09 7.334230995730530970e-10 1.278655624625337288e-09 1.322599273342244377e-09 6.834087429415758456e-10 5.967014071897457809e-10 6.778712127393366772e-10 3.659695380088864616e-10 1.910259430369306698e-10 3.946247581580796403e-11 3.321555885433297911e-10 8.046483784867142780e-07 4.035778392253659198e-06 0.000000000000000000e+00
0.000000000000000000e+00 0.000000000000000000e+00 0.000000000000000000e+00 0.000000000000000000e+00 0.000000000000000000e+00 0.000000000000000000e+00 7.073542677778390885e-10 2.685164535040354315e-10 -2.449506215982098250e-09 -1.494434193511894997e-10 6.655203573316712099e-10 -3.140046751103026659e-10 2.568878425727846394e-10 2.040385217977662960e-10 9.192555502544072721e-11 2.159430353071120573e-11 -1.101978632860821994e-07 8.265049905389951671e-07 4.030817732126695764e-06 0.000000000000000000e+00
0.000000000000000000e+00 0.000000000000000000e+00 0.000000000000000000e+00 0.000000000000000000e+00 0.000000000000000000e+00 0.000000000000000000e+00 -2.972645153069334491e-11 5.951696837416654168e-11 -8.882048703458947497e-10 -1.795706407710975484e-10 3.340529929340178851e-10 -2.021738585820277267e-10 2.069365205155724920e-10 2.082667144960547833e-10 1.373196872591146669e-10 3.529631080725768263e-11 2.193087264616365667e-10 4.079895496495399530e-05 2.533694065347083892e+02 0.000000000000000000e+00
0.000000000000000000e+00 0.000000000000000000e+00 0.000000000000000000e+00 0.000000000000000000e+00 0.000000000000000000e+00 0.000000000000000000e+00 -1.083785914307905569e-11 1.904657215825768634e-10 -1.171906845989675122e-09 -2.609866699890384080e-10 3.691128576784225906e-10 -2.751946468288856534e-10 2.712946433397460570e-10 2.780174977149626373e-10 1.748005588302037305e-10 5.226577184836479763e-11 4.055958685874488268e-10 6.201145214772296223e-05 1.164899836697547698e+03 0.000000000000000000e+00
0.000000000000000000e+00 0.000000000000000000e+00 0.000000000000000000e+00 0.000000000000000000e+00 0.000000000000000000e+00 0.000000000000000000e+00 -7.196881846485571213e-09 -5.087438637683611908e-09 -3.336047963387805760e-09 -3.356178291197164767e-09 -3.576382368128084505e-09 -2.650244897255148429e-09 -1.158606647459219582e-09 -4.037542511226346245e-10 -1.970333724144994538e-10 -1.552718817744396324e-11 9.528986462990006597e-11 9.584280583556344357e-10 -5.029212884158917559e-10 0.000000000000000000e+00
0.000000000000000000e+00 0.000000000000000000e+00 0.000000000000000000e+00 0.000000000000000000e+00 0.000000000000000000e+00 0.000000000000000000e+00 -1.254290166607631423e-08 3.875128083783767897e-09 3.363231038125122202e-09 -2.132239494406728275e-09 -1.414106462744495874e-09 2.846634449317130035e-10 -1.602964954320586945e-10 -3.232818143216059449e-13 -8.327627322296411664e-12 -1.305925699044103351e-11 -2.801723937052253508e-12 8.961628429537979339e-10 -5.046841867984524572e-10 0.000000000000000000e+00
0.000000000000000000e+00 0.000000000000000000e+00 0.000000000000000000e+00 0.000000000000000000e+00 0.000000000000000000e+00 0.000000000000000000e+00 5.159585517642295645e-09 2.452567637991960925e-09 1.645065735722793430e-09 -1.561850510674093610e-09 -5.421209391778880765e-10 -7.335698291634340139e-11 -9.250404071441232981e-11 -7.168818051019905281e-11 -4.800510483469200239e-11 7.301959878568679757e-12 1.593600193554805233e-11 5.761803567816670088e-10 4.190883588980120507e-07 0.000000000000000000e+00
0.000000000000000000e+00 0.000000000000000000e+00 0.000000000000000000e+00 0.000000000000000000e+00 0.000000000000000000e+00 0.000000000000000000e+00 4.884674591045225652e-09 3.531952131269803889e-09 2.986573853782791181e-09 -1.170104398297077564e-09 2.093146257487513275e-10 4.704797972296490348e-10 1.022284120376866134e-10 2.029941563275021528e-11 1.656469461843618332e-11 3.318828172371591177e-11 -2.287032085815020444e-11 5.762854041321617912e-10 8.068008673982785115e-07 0.000000000000000000e+00
0.000000000000000000e+00 0.000000000000000000e+00 0.000000000000000000e+00 0.000000000000000000e+00 0.000000000000000000e+00 0.000000000000000000e+00 -2.228473506718386968e-08 -3.686793203443556313e-08 -1.343989827316614074e-08 -2.412596292514551657e-08 -8.233432023374989620e-09 -9.360707760373510490e-09 -6.083440667527170154e-09 -2.112576089219788267e-09 -9.453314084273885763e-10 -1.369748701250699929e-10 4.676164359766925003e-10 1.131421676712034577e-08 -5.441916985180386866e-09 0.000000000000000000e+00
0.000000000000000000e+00 0.000000000000000000e+00 0.000000000000000000e+00 0.000000000000000000e+00 0.000000000000000000e+00 0.000000000000000000e+00 -3.860830406439749463e-08 3.859981372137671943e-08 1.454636879537546989e-08 -1.216850269697960949e-08 5.454256681976714170e-09 4.506979200649787837e-09 -6.553936574752254813e-10 3.551032488032481654e-10 -6.421585754942674483e-11 -1.230593788096452906e-10 -4.524295995570713083e-09 1.125507249083828367e-08 -5.456216322012219564e-09 0.000000000000000000e+00
0.000000000000000000e+00 0.000000000000000000e+00 0.000000000000000000e+00 0.000000000000000000e+00 0.000000000000000000e+00 0.000000000000000000e+00 1.873683070051444175e-08 2.205816447544824963e-08 8.808236627566488255e-09 -9.552782820342887374e-09 4.362259123681745335e-09 5.414496369412121113e-10 -4.556805458575936864e-10 -2.752710688483118129e-10 -1.892578585269965279e-10 -2.068077094556146261e-11 -2.345685993893356160e-11 3.579101526892344569e-08 2.155765522178816962e-05 0.000000000000000000e+00
0.000000000000000000e+00 0.000000000000000000e+00 0.000000000000000000e+00 0.000000000000000000e+00 0.000000000000000000e+00 0.000000000000000000e+00 1.688429908857306421e-08 3.307026287987980147e-08 1.463671718779875988e-08 -6.392729088373865060e-09 6.999682363094032824e-09 2.491470278701343278e-09 5.600692337923679162e-10 2.504250504577931906e-10 1.246911248921826758e-10 1.112792499947967198e-10 -2.315836539187152288e-10 4.342388338044698373e-08 4.860585401618906537e-05 0.000000000000000000e+00
0.000000000000000000e+00 0.000000000000000000e+00 0.000000000000000000e+00 0.000000000000000000e+00 0.000000000000000000e+00 0.000000000000000000e+00 -1.271205690825480083e-08 2.378674034811388656e-09 -3.102828493668173600e-09 -1.141843381674068204e-09 1.355727002571638667e-09 -6.531893268004588858e-10 1.484311615018492267e-10 4.518155787953594560e-10 -2.995744163197966543e-10 -1.588312771204964754e-10 -9.266777084957455688e-10 -8.161142665606245952e-08 -3.038076540545082430e-06 0.000000000000000000e+00
0.000000000000000000e+00 0.000000000000000000e+00 0.000000000000000000e+00 0.000000000000000000e+00 0.000000000000000000e+00 0.000000000000000000e+00 -4.536395555434834289e-09 2.152046634478009567e-09 -3.854095270789560004e-09 2.123443253548665276e-09 2.221184679755639410e-09 7.688284978496488293e-10 4.185348509056340888e-10 -1.800495214687503439e-10 -4.033097591331258251e-10 -1.937501518601344474e-10 -2.791147068649139694e-06 -7.277851086195499637e-08 -3.061500870577555150e-06 0.000000000000000000e+00
0.000000000000000000e+00 0.000000000000000000e+00 0.000000000000000000e+00 0.000000000000000000e+00 0.000000000000000000e+00 0.000000000000000000e+00 -6.516651053555272063e-09 5.003544657707073073e-10 -1.992313927035220955e-09 -4.890758061093190540e-10 1.258204433970108299e-09 6.497054852302940838e-10 6.619836056719466819e-10 9.489145163407613755e-11 -4.103044918780849024e-10 -1.094796317951013139e-10 -7.575499449714291796e-10 -4.496125827680360385e-06 -6.074968639802085590e+02 0.000000000000000000e+00
0.000000000000000000e+00 0.000000000000000000e+00 0.000000000000000000e+00 0.000000000000000000e+00 0.000000000000000000e+00 0.000000000000000000e+00 -5.135770367684170287e-09 1.674922484314144848e-10 -2.268965206075821504e-09 -2.381761802760814978e-10 1.051725169012997172e-09 1.289990214710128859e-09 8.230738401344344023e-10 -4.772120599218383720e-11 -4.508738907396887622e-10 -1.563965586405252275e-10 -7.149471277511924922e-10 -5.759765767908218706e-06 -2.747388413275434232e+03 0.000000000000000000e+00
