0.000000000000000000e+00 0.000000000000000000e+00 0.000000000000000000e+00 0.000000000000000000e+00 0.000000000000000000e+00 0.000000000000000000e+00 4.898412860337779374e-09 9.720816566155160043e-09 1.005651098313895714e-08 8.448332684243340041e-09 8.211272760860446310e-09 7.153075125551590473e-09 7.625285268911580098e-09 6.492366430211488584e-09 3.911137533052373965e-09 1.273324935826287118e-09 3.210287563054731032e-10 3.587720912165866859e-08 1.181414373995214344e-04 0.000000000000000000e+00
0.000000000000000000e+00 0.000000000000000000e+00 0.000000000000000000e+00 0.000000000000000000e+00 0.000000000000000000e+00 0.000000000000000000e+00 1.341866055308823274e-09 3.688354247024976371e-09 9.652319764565620688e-10 1.999095419591537098e-09 1.668627658676051288e-09 1.974970343865416781e-09 1.250312632017171666e-09 9.215969878230004565e-10 5.267630187372689453e-10 4.032823076126728753e-10 1.531853320746501244e-05 5.973861614269046864e-08 1.181961358523729621e-04 0.000000000000000000e+00
0.000000000000000000e+00 0.000000000000000000e+00 0.000000000000000000e+00 0.000000000000000000e+00 0.000000000000000000e+00 0.000000000000000000e+00 2.263203980180569959e-09 2.650208165405491470e-09 2.656498671870431294e-09 2.051966170736881852e-09 1.938701553242677882e-09 1.975753544377922025e-09 2.140192518682368582e-09 1.857577186973033468e-09 1.253514817977203134e-09 5.468191136517268968e-10 1.567542836684189317e-10 9.708228178991696865e-09 3.429809027169994351e+03 0.000000000000000000e+00
0.000000000000000000e+00 0.000000000000000000e+00 0.000000000000000000e+00 0.000000000000000000e+00 0.000000000000000000e+00 0.000000000000000000e+00 1.715608203245726731e-09 1.217966235386728404e-09 1.112803932746453930e-09 1.005740868846276018e-09 9.065798969083336255e-10 1.209295767584790734e-09 1.262602525174601430e-09 1.108666153234557097e-09 8.023917775496780535e-10 3.938092499418344962e-10 1.045433171756217568e-10 6.424040219159522692e-09 3.070917487768095089e+04 0.000000000000000000e+00
0.000000000000000000e+00 0.000000000000000000e+00 0.000000000000000000e+00 0.000000000000000000e+00 0.000000000000000000e+00 0.000000000000000000e+00 -5.990243816367722383e-09 -1.336958446401575061e-08 -8.598002782623927602e-09 -1.042311366210749135e-08 -8.026018206931066507e-09 -2.964720963962193284e-09 -3.636658757232314458e-09 -1.865329116281253238e-09 -9.457432632585956448e-10 -3.079815488979518021e-10 2.602101197349579259e-11 5.084671279772623036e-10 3.165686135766911305e-09 0.000000000000000000e+00
0.000000000000000000e+00 0.000000000000000000e+00 0.000000000000000000e+00 0.000000000000000000e+00 0.000000000000000000e+00 0.000000000000000000e+00 -1.977384128832875084e-09 9.640590017007095713e-10 -2.765382350384279309e-09 7.442088959503481127e-10 -4.501187585209786279e-11 8.495069109929154333e-10 -3.290734224936089721e-10 -9.181497925366107654e-11 -8.737356536717057255e-11 -6.047898456761831803e-11 4.944151395355883336e-10 5.856749058278190276e-10 3.225559292358735002e-09 0.000000000000000000e+00
0.000000000000000000e+00 0.000000000000000000e+00 0.000000000000000000e+00 0.000000000000000000e+00 0.000000000000000000e+00 0.000000000000000000e+00 -2.124608770289591660e-09 -5.451261088836505274e-09 -1.988951008783755807e-09 -4.145583825095859116e-09 -2.408785970226100670e-09 -8.607849453348652565e-10 -1.553387089137432406e-09 -7.393888354800265046e-10 -3.792619238794351072e-10 -1.164173965101585178e-10 8.512434278603423672e-12 1.629047994008649716e-10 1.597473762389216786e-06 0.000000000000000000e+00
0.000000000000000000e+00 0.000000000000000000e+00 0.000000000000000000e+00 0.000000000000000000e+00 0.000000000000000000e+00 0.000000000000000000e+00 -4.904643035132521683e-10 -1.749550975493980808e-09 -4.367811936852585337e-11 -1.310314432016914573e-09 -1.638351164596922335e-10 7.048648179516417148e-11 -6.862274307983881561e-10 -2.585109873123444870e-10 -1.166426132749316229e-10 6.447774080805993270e-12 1.155972535979429647e-11 6.337374945693845674e-12 4.260163201841955955e-06 0.000000000000000000e+00
0.000000000000000000e+00 0.000000000000000000e+00 0.000000000000000000e+00 0.000000000000000000e+00 0.000000000000000000e+00 0.000000000000000000e+00 -3.205207810728738989e-08 -7.176398390988645582e-08 -4.856323782786542771e-08 -5.456174712191111405e-08 -3.522915123388227665e-08 -1.503996033121080492e-08 -7.453202388868895823e-09 -1.814996016730893392e-09 -1.020246300499659407e-09 1.446741067660981144e-10 6.271389564553566816e-11 -2.420967092309116068e-10 -4.383815092332586163e-09 0.000000000000000000e+00
0.000000000000000000e+00 0.000000000000000000e+00 0.000000000000000000e+00 0.000000000000000000e+00 0.000000000000000000e+00 0.000000000000000000e+00 1.427485534896305944e-08 -7.990498879261199953e-09 -1.246309355985013758e-08 3.890749010798191205e-09 -4.473601600262602168e-09 1.635938691255753842e-09 -2.612484611893203547e-10 7.007037260044542255e-10 3.021612103109012429e-10 2.568394709023675364e-10 6.479880948130029243e-09 -2.544751450935197138e-10 -4.390831695990823022e-09 0.000000000000000000e+00
0.000000000000000000e+00 0.000000000000000000e+00 0.000000000000000000e+00 0.000000000000000000e+00 0.000000000000000000e+00 0.000000000000000000e+00 2.407381624369428344e-09 -2.667338274979732629e-08 -2.857554077942674078e-08 -1.761451550857209120e-08 -1.280931146054811612e-08 -3.937915750295096553e-09 -2.933464834777683683e-09 -2.710840624431034787e-11 1.456027882252553948e-10 2.720466615501817216e-10 4.638778571164223646e-11 -2.897609826472400858e-10 -2.485251360557443040e-05 0.000000000000000000e+00
0.000000000000000000e+00 0.000000000000000000e+00 0.000000000000000000e+00 0.000000000000000000e+00 0.000000000000000000e+00 0.000000000000000000e+00 1.660780015380229173e-08 -8.707900365353123776e-09 -1.897934400840304450e-08 -2.396971605147572599e-09 -3.881456813211879465e-09 5.230678011047862062e-10 -1.041784657724899046e-09 6.811278322731390127e-10 5.822239504541148143e-10 3.384635869932414396e-10 4.323115725315223968e-11 -2.871960886080678268e-10 -8.824895333973821986e-05 0.000000000000000000e+00
0.000000000000000000e+00 0.000000000000000000e+00 0.000000000000000000e+00 0.000000000000000000e+00 0.000000000000000000e+00 0.000000000000000000e+00 1.511905056906833497e-09 -1.828169696241790927e-09 1.331569988537119652e-09 -1.087747728355071232e-09 -6.303969040347183586e-10 -4.162848071591494710e-10 -5.757269157450403836e-10 -5.882083411482405586e-10 -6.046488787295673670e-10 -2.429902620208609928e-10 -2.909005567582435187e-10 -6.917939181326769852e-09 4.442584394666263800e-06 0.000000000000000000e+00
0.000000000000000000e+00 0.000000000000000000e+00 0.000000000000000000e+00 0.000000000000000000e+00 0.000000000000000000e+00 0.000000000000000000e+00 2.753129102089433832e-10 -3.188060875195384218e-10 2.068033035433452482e-09 -1.382646729499074402e-09 -1.584326121413118685e-09 -1.349962160970415895e-09 -1.023080695621491029e-09 -9.163361563775604287e-10 -5.651595963346485726e-10 8.820038492679796578e-11 -8.164343032843655347e-07 -1.041441199293551241e-08 4.438549469296049586e-06 0.000000000000000000e+00
0.000000000000000000e+00 0.000000000000000000e+00 0.000000000000000000e+00 0.000000000000000000e+00 0.000000000000000000e+00 0.000000000000000000e+00 1.506988638964014108e-09 -1.902252919786719236e-09 1.659778687705246284e-09 -1.043555340625471572e-09 -7.246578811948630403e-10 -3.690054838721780592e-10 -5.438238758628519332e-10 -5.963784998853891628e-10 -6.786872570252519864e-10 -3.014928775023910764e-10 -2.474508817572274414e-10 -4.749869877663655389e-09 6.475176197630356683e+02 0.000000000000000000e+00
0.000000000000000000e+00 0.000000000000000000e+00 0.000000000000000000e+00 0.000000000000000000e+00 0.000000000000000000e+00 0.000000000000000000e+00 1.315850680323859501e-09 -1.898529913319743671e-09 1.940070542671679463e-09 -9.124366131000110293e-10 -8.046993292316919367e-10 -3.933091978409390869e-10 -6.122826395331528622e-10 -6.778633735112071580e-10 -7.731587118228378445e-10 -3.664515714205899805e-10 -2.331006807276400046e-10 -3.367314220031654763e-09 1.038650778221215114e+04 0.000000000000000000e+00
