0.000000000000000000e+00 0.000000000000000000e+00 0.000000000000000000e+00 0.000000000000000000e+00 0.000000000000000000e+00 0.000000000000000000e+00 4.175067075746530953e-08 1.551456533159961862e-08 5.559830814487468048e-08 3.032459040544880779e-08 3.476244408902397648e-08 3.584627787975322232e-08 3.291294150198055281e-08 2.736970989840662655e-08 1.666106360885158349e-08 5.889615302466741020e-09 1.574318928523531605e-09 1.471817537564826946e-07 1.168197808198837874e-04 0.000000000000000000e+00
0.000000000000000000e+00 0.000000000000000000e+00 0.000000000000000000e+00 0.000000000000000000e+00 0.000000000000000000e+00 0.000000000000000000e+00 4.196551910592860589e-09 1.210179638571020616e-08 6.448217310285712010e-09 3.617367308630806086e-09 5.876102932170255605e-09 6.124485421103881296e-09 4.349704268764320977e-09 3.560168313036939687e-09 2.629323272583971264e-09 3.619915410264203629e-09 5.701319902070469938e-05 2.401639575021876318e-07 1.170960620783016107e-04 0.000000000000000000e+00
0.000000000000000000e+00 0.000000000000000000e+00 0.000000000000000000e+00 0.000000000000000000e+00 0.000000000000000000e+00 0.000000000000000000e+00 1.700251180000958868e-08 8.398610281145873264e-09 1.430070355892379396e-08 9.398191550028971036e-09 1.156274783768785224e-08 1.224291921938224455e-08 1.122136410251374592e-08 9.005925941273712818e-09 5.543593672415828846e-09 2.675637376756980907e-09 7.970878958079134212e-10 3.805574484033939303e-08 5.809697400330554046e+03 0.000000000000000000e+00
0.000000000000000000e+00 0.000000000000000000e+00 0.000000000000000000e+00 0.000000000000000000e+00 0.000000000000000000e+00 0.000000000000000000e+00 8.247597505719991536e-09 6.299106416774979492e-09 5.792457565749887080e-09 5.261746137583359293e-09 6.241911377631786820e-09 7.444621460446276113e-09 6.907731749128581177e-09 5.435293002809845148e-09 3.312853764527908908e-09 1.812617050945310672e-09 4.697244508254500258e-10 2.155792779195126168e-08 4.533086602441674768e+04 0.000000000000000000e+00
0.000000000000000000e+00 0.000000000000000000e+00 0.000000000000000000e+00 0.000000000000000000e+00 0.000000000000000000e+00 0.000000000000000000e+00 3.311988840380761719e-08 8.876020141520518775e-09 -1.981346487415397523e-08 -1.542082620276548359e-08 -9.228727094791396032e-09 -7.656370825302506934e-09 -5.241684136589614855e-09 -2.970207559083117555e-09 -1.601530916975950014e-09 -6.078746438694947414e-10 5.009873246618427692e-11 8.278095636891679009e-10 4.827125112248205757e-09 0.000000000000000000e+00
0.000000000000000000e+00 0.000000000000000000e+00 0.000000000000000000e+00 0.000000000000000000e+00 0.000000000000000000e+00 0.000000000000000000e+00 -2.247892314107289822e-08 2.130991558985272046e-08 3.049403984032339825e-09 3.699351344844137816e-09 1.138275308847225709e-09 3.422290825244684814e-10 -1.041811799785217822e-10 -3.631798401399483528e-10 -2.014385023952433942e-10 -1.865121518132183645e-10 1.335106195629834613e-09 9.576999464042784434e-10 4.942290171274760632e-09 0.000000000000000000e+00
0.000000000000000000e+00 0.000000000000000000e+00 0.000000000000000000e+00 0.000000000000000000e+00 0.000000000000000000e+00 0.000000000000000000e+00 2.289134639914440826e-08 8.323640285923248894e-09 -8.942355869755010329e-09 -4.228964801303136743e-09 -2.798680326225480689e-09 -2.450673335109818405e-09 -1.954703727859592980e-09 -1.352019956785463931e-09 -6.444729042491382391e-10 -2.909881071895003260e-10 1.564440901994357600e-11 3.110265489839425655e-10 -4.633629413370288138e-07 0.000000000000000000e+00
0.000000000000000000e+00 0.000000000000000000e+00 0.000000000000000000e+00 0.000000000000000000e+00 0.000000000000000000e+00 0.000000000000000000e+00 1.304059803880282913e-08 8.100168957667611728e-09 -3.780125066075327861e-09 5.063042915028349528e-10 -2.413149854344167950e-10 -2.400588244364504141e-10 -5.569120828635458948e-10 -6.524264576960521221e-10 -2.057844791167787156e-10 -8.278999843774848249e-11 1.593192861558052395e-11 6.939214299983197422e-11 -3.947706190335443815e-06 0.000000000000000000e+00
0.000000000000000000e+00 0.000000000000000000e+00 0.000000000000000000e+00 0.000000000000000000e+00 0.000000000000000000e+00 0.000000000000000000e+00 -1.330729346988131023e-07 9.279017896706267374e-08 -2.177028686542110567e-07 -9.638859409309743426e-09 -3.711173841598249036e-08 -2.209890501935683139e-09 -1.525636789479849730e-08 -7.657705040446830817e-09 5.379101346660154239e-10 -1.265190540056539633e-10 2.295376241530377464e-11 5.351471675337011005e-10 -8.482778586008527293e-09 0.000000000000000000e+00
0.000000000000000000e+00 0.000000000000000000e+00 0.000000000000000000e+00 0.000000000000000000e+00 0.000000000000000000e+00 0.000000000000000000e+00 -4.859652796462453924e-08 1.777065026296393054e-07 -2.970792624464966763e-08 4.185066170245066653e-08 6.520892434081332384e-09 -1.901917937907666399e-09 -3.174977122347963462e-09 -1.222477490967801614e-09 -2.111306934578772766e-10 4.761314535748292821e-10 7.329457504239406589e-09 6.286020953788036459e-10 -8.511801577734987907e-09 0.000000000000000000e+00
0.000000000000000000e+00 0.000000000000000000e+00 0.000000000000000000e+00 0.000000000000000000e+00 0.000000000000000000e+00 0.000000000000000000e+00 -7.770818373895110529e-08 9.750660951517467513e-08 -9.762815067681797796e-08 2.305435973983220380e-08 -4.689250505037447490e-09 1.565741207114083295e-09 -7.119007469388547582e-09 -2.400114012659564933e-09 4.132315558755925762e-10 1.803478729723513163e-10 -3.899462667184373275e-11 2.892438858557551674e-10 8.198900769566649569e-05 0.000000000000000000e+00
0.000000000000000000e+00 0.000000000000000000e+00 0.000000000000000000e+00 0.000000000000000000e+00 0.000000000000000000e+00 0.000000000000000000e+00 -5.110516860529646807e-08 1.022383810684480288e-07 -4.603010783136150789e-08 3.637760697004546104e-08 7.863806333240629716e-09 2.817007405545831562e-09 -3.770800326297564257e-09 -3.784036838670067676e-10 2.516874395925807270e-10 3.051975073162970953e-10 -5.875786113556854221e-11 9.246460346104782709e-11 8.762188753783423556e-05 0.000000000000000000e+00
0.000000000000000000e+00 0.000000000000000000e+00 0.000000000000000000e+00 0.000000000000000000e+00 0.000000000000000000e+00 0.000000000000000000e+00 -7.094669201718982249e-10 -3.032328922011924685e-09 -7.127531391458868754e-10 -1.547393092214843590e-09 -1.378572570285498906e-09 -4.870813595297452333e-10 -7.340513659448644713e-10 -1.083750183288955399e-09 -7.729559629430445967e-10 -2.977928396220794774e-10 -2.885878941444741456e-10 -1.308073419638090560e-08 1.126442589193136026e-04 0.000000000000000000e+00
0.000000000000000000e+00 0.000000000000000000e+00 0.000000000000000000e+00 0.000000000000000000e+00 0.000000000000000000e+00 0.000000000000000000e+00 9.221086069187666369e-10 -1.145824167212957702e-08 7.920926717347380600e-10 -4.083033912201024996e-09 -2.519294085900067418e-09 -1.295334358223298656e-09 -2.503651846502218704e-09 -1.637369520909876376e-09 -8.876281178593310881e-10 -2.023336463326996279e-10 -1.036193977351038836e-04 -1.975846006169343795e-08 1.126763991564513575e-04 0.000000000000000000e+00
0.000000000000000000e+00 0.000000000000000000e+00 0.000000000000000000e+00 0.000000000000000000e+00 0.000000000000000000e+00 0.000000000000000000e+00 4.575368114045444708e-10 -3.835562890852271678e-09 4.104251763498956466e-10 -1.676722488017664044e-09 -1.298134776383886209e-09 -1.356867528461241192e-10 -1.181439652127854605e-09 -1.259492239132229646e-09 -7.296757764548304801e-10 -3.494042706888461834e-10 -2.262503295267061919e-10 -7.704075929818762659e-09 3.837043930581845416e+03 0.000000000000000000e+00
0.000000000000000000e+00 0.000000000000000000e+00 0.000000000000000000e+00 0.000000000000000000e+00 0.000000000000000000e+00 0.000000000000000000e+00 8.267160980027369586e-10 -5.001372915856492509e-09 6.084903717260896014e-10 -1.613259479212955462e-09 -1.216403142938299376e-09 -3.884322477101467904e-11 -1.496113747047806944e-09 -1.416263918591145688e-09 -7.545849101800222611e-10 -4.067702014705171226e-10 -2.083171852081345730e-10 -4.728466312294155455e-09 2.907379393810625697e+04 0.000000000000000000e+00
