0.000000000000000000e+00 0.000000000000000000e+00 0.000000000000000000e+00 0.000000000000000000e+00 0.000000000000000000e+00 0.000000000000000000e+00 2.037975120446754090e-08 9.433460150358646756e-09 8.856083640222004905e-09 1.059785451575433796e-08 1.035722297610106927e-08 9.007305836290543355e-09 8.774824685021770344e-09 9.053695906492243059e-09 4.743480166282593639e-09 1.632588430899425203e-09 7.721188537842291514e-10 4.143411661887446801e-08 3.841951323215581603e-05 0.000000000000000000e+00
0.000000000000000000e+00 0.000000000000000000e+00 0.000000000000000000e+00 0.000000000000000000e+00 0.000000000000000000e+00 0.000000000000000000e+00 2.700033458717049424e-09 1.515059901482798080e-09 1.077858087372086908e-09 2.070615866684011220e-09 1.672683327717514838e-09 1.595738475027943032e-09 1.282521696235955937e-09 1.318820403207797859e-09 1.480338261302014112e-09 2.625338055319788515e-09 9.648997715414969973e-05 6.806518616646515579e-08 3.851617154116738790e-05 0.000000000000000000e+00
0.000000000000000000e+00 0.000000000000000000e+00 0.000000000000000000e+00 0.000000000000000000e+00 0.000000000000000000e+00 0.000000000000000000e+00 5.353273386336883253e-09 2.579713699385604898e-09 2.701725494447094102e-09 3.604599673877824490e-09 2.820771044703259267e-09 2.376421669743486478e-09 2.594456269352347652e-09 3.185590835022849681e-09 1.784776939014591451e-09 9.189739681169228038e-10 5.993534981528287461e-10 1.309578259163042820e-08 6.554851380530226379e+02 0.000000000000000000e+00
0.000000000000000000e+00 0.000000000000000000e+00 0.000000000000000000e+00 0.000000000000000000e+00 0.000000000000000000e+00 0.000000000000000000e+00 2.039919127347061557e-09 7.915048456849804900e-10 1.443843425475972655e-09 1.951095831869420169e-09 1.339667272146854041e-09 1.232296529980238681e-09 1.574524543208125311e-09 2.022370273292908908e-09 1.258145334572229176e-09 7.819781484288313814e-10 5.587572803093574048e-10 1.026248540732509665e-08 2.502983616544643883e+04 0.000000000000000000e+00
0.000000000000000000e+00 0.000000000000000000e+00 0.000000000000000000e+00 0.000000000000000000e+00 0.000000000000000000e+00 0.000000000000000000e+00 -4.108786187143620048e-08 -2.418489502930590477e-08 -8.876926196645149307e-09 -1.087503316704574025e-08 -5.911838214103662681e-09 -3.732069444777711574e-09 -2.701464727370725849e-09 -1.920270740086721218e-09 -8.839826503266642725e-10 -3.026076546492174136e-10 2.551533144869278414e-11 4.687617666292450714e-10 2.580626229492608620e-09 0.000000000000000000e+00
0.000000000000000000e+00 0.000000000000000000e+00 0.000000000000000000e+00 0.000000000000000000e+00 0.000000000000000000e+00 0.000000000000000000e+00 -8.600917059844717772e-09 -7.424421264934975374e-09 -2.509344250941576022e-09 -7.761292744393907097e-10 -2.929648067440017448e-10 -1.253055411240380115e-09 1.065591988516043163e-10 -2.645940856771419533e-10 -1.454235756494758532e-10 -1.071229894050290265e-10 -4.031204153866122114e-10 5.367709471738390970e-10 2.645432794599739891e-09 0.000000000000000000e+00
0.000000000000000000e+00 0.000000000000000000e+00 0.000000000000000000e+00 0.000000000000000000e+00 0.000000000000000000e+00 0.000000000000000000e+00 -1.880955589953103498e-08 -1.156954293149745806e-08 -2.936171358981651810e-09 -3.639621428304620803e-09 -2.165445623723855999e-09 -1.586835070564081790e-09 -8.377304592194964067e-10 -8.254686242594645096e-10 -3.707098696290714251e-10 -1.283728718178138792e-10 7.589184946601366299e-12 1.459730860691507213e-10 -2.444650038691817861e-06 0.000000000000000000e+00
0.000000000000000000e+00 0.000000000000000000e+00 0.000000000000000000e+00 0.000000000000000000e+00 0.000000000000000000e+00 0.000000000000000000e+00 -9.901271751862021829e-09 -6.497414853489072741e-09 -5.131248621685055925e-10 -7.917534156583621419e-10 -6.082896079904346970e-10 -7.825752247229663853e-10 -9.840684701536981223e-11 -3.744467205124534888e-10 -1.325544492553521026e-10 -1.534487221466290432e-11 9.081558062765521767e-12 3.665549069751153330e-13 -2.202595262075790240e-06 0.000000000000000000e+00
0.000000000000000000e+00 0.000000000000000000e+00 0.000000000000000000e+00 0.000000000000000000e+00 0.000000000000000000e+00 0.000000000000000000e+00 -1.770264047189503386e-07 -7.422697579547112239e-08 -7.360817803427467561e-08 -4.416566349933474511e-08 -2.325560340398095813e-08 -1.014369447681093610e-08 -5.930866685974621660e-09 -2.147900663033681216e-09 -6.766261229523219153e-10 -3.385316791062754020e-11 3.376109160309757006e-11 -1.772736628401864053e-10 -1.382324556926449098e-08 0.000000000000000000e+00
0.000000000000000000e+00 0.000000000000000000e+00 0.000000000000000000e+00 0.000000000000000000e+00 0.000000000000000000e+00 0.000000000000000000e+00 -6.036514806757585749e-08 -3.722563342134153531e-08 -1.717122833901173063e-08 -8.492654085749874309e-09 -1.010102370853240428e-08 -4.643271421087193207e-09 1.110094184379347537e-09 -3.405061389686846702e-10 4.214483023875516378e-12 -1.203775326767970307e-10 -7.013107351513405486e-09 -2.634663218241668946e-10 -1.369837655530018598e-08 0.000000000000000000e+00
0.000000000000000000e+00 0.000000000000000000e+00 0.000000000000000000e+00 0.000000000000000000e+00 0.000000000000000000e+00 0.000000000000000000e+00 -8.302087337201341807e-08 -3.679815426214805395e-08 -2.231795557471581917e-08 -1.615414185514036831e-08 -1.111788335535041669e-08 -1.560468300507725285e-09 -1.436118422638261330e-09 -6.689207399882564032e-10 -1.858208335856257990e-10 -6.783432875921815193e-11 2.328072485187247453e-11 -9.507685433047465813e-11 1.457105480975625642e-05 0.000000000000000000e+00
0.000000000000000000e+00 0.000000000000000000e+00 0.000000000000000000e+00 0.000000000000000000e+00 0.000000000000000000e+00 0.000000000000000000e+00 -4.775948208831473798e-08 -2.302365774452205015e-08 -3.101038080795210499e-09 -5.155375781589936941e-09 -6.323997788804626778e-09 1.074413438185475758e-09 3.934708213442453919e-10 -1.134334268443537639e-10 1.247601686728956577e-11 -9.390851732074456113e-11 2.227573599299034575e-11 -8.205063752458592747e-11 3.771885947193438478e-05 0.000000000000000000e+00
0.000000000000000000e+00 0.000000000000000000e+00 0.000000000000000000e+00 0.000000000000000000e+00 0.000000000000000000e+00 0.000000000000000000e+00 5.519215680000599376e-10 4.718911791505414436e-10 1.383738589262965681e-09 -3.791441438025319383e-10 5.580754247978018925e-10 -2.269956592855635558e-10 -3.538984202682564107e-10 -1.996085400969195697e-10 -2.559983418891787689e-10 -1.585774422759863492e-10 -2.819488602503044727e-10 -5.712754659321045834e-09 -6.364032755383096287e-05 0.000000000000000000e+00
0.000000000000000000e+00 0.000000000000000000e+00 0.000000000000000000e+00 0.000000000000000000e+00 0.000000000000000000e+00 0.000000000000000000e+00 -3.266893196161965361e-09 1.014347731044101426e-09 3.014998377247478189e-09 -1.576033538206455439e-10 -1.674333787898113255e-09 -6.705043812135118859e-10 -1.089294608388872331e-09 -6.794392813141059404e-10 -4.195561048743816803e-10 2.547929198301539567e-10 3.246394573385143287e-04 -8.045921756004153760e-09 -6.362581442821120612e-05 0.000000000000000000e+00
0.000000000000000000e+00 0.000000000000000000e+00 0.000000000000000000e+00 0.000000000000000000e+00 0.000000000000000000e+00 0.000000000000000000e+00 5.636434141649091031e-10 -1.113854971987208632e-11 1.394033856669371557e-09 6.498602468394173202e-11 2.568270948856761657e-11 -6.494849090554084083e-10 -5.257214866576749293e-10 -4.510425645177344465e-10 -5.471275608385502509e-10 -2.567863417711844921e-10 -2.527893891232357358e-10 -5.918591313826455803e-09 3.993967919881480952e+02 0.000000000000000000e+00
0.000000000000000000e+00 0.000000000000000000e+00 0.000000000000000000e+00 0.000000000000000000e+00 0.000000000000000000e+00 0.000000000000000000e+00 3.668137534692327164e-10 8.559072118500670650e-11 1.724406188525640131e-09 2.148906391470328349e-10 -3.634449281414018619e-10 -8.651784649180098487e-10 -7.143046228590802098e-10 -6.116455385161217716e-10 -7.134176563209969955e-10 -3.429023754693546428e-10 -2.392353067527025212e-10 -5.401169459667871212e-09 2.149781525932768545e+03 0.000000000000000000e+00
