0.000000000000000000e+00 0.000000000000000000e+00 0.000000000000000000e+00 0.000000000000000000e+00 0.000000000000000000e+00 0.000000000000000000e+00 9.762944349881545190e-09 7.979837384278991178e-09 5.437499048820169542e-09 8.670570109861004341e-09 6.182870832158947548e-09 6.959552934605586187e-09 6.558592604868000292e-09 5.367391318826768066e-09 3.355840789212617392e-09 1.103823016851937149e-09 2.924690460776050036e-10 3.100163703315483033e-08 1.211064517737890081e-04 0.000000000000000000e+00
0.000000000000000000e+00 0.000000000000000000e+00 0.000000000000000000e+00 0.000000000000000000e+00 0.000000000000000000e+00 0.000000000000000000e+00 2.152788329073480137e-10 -1.124980707505451818e-10 1.330555031948705786e-09 1.137503636088198294e-09 1.845297426042826012e-09 1.423559392882404073e-09 1.155491937952287579e-09 8.233703908004994897e-10 4.643532344891429643e-10 3.726625557722251533e-10 8.240650613984137971e-06 5.173310569805987735e-08 1.212044126787225479e-04 0.000000000000000000e+00
0.000000000000000000e+00 0.000000000000000000e+00 0.000000000000000000e+00 0.000000000000000000e+00 0.000000000000000000e+00 0.000000000000000000e+00 1.706940399312638165e-09 7.785056884414789856e-10 1.346415479670083889e-09 1.663525044043701969e-09 1.424638066035648033e-09 1.723501009040493697e-09 1.823112321608183784e-09 1.441793073931726007e-09 1.038751132825327845e-09 5.176403462305588257e-10 1.575693065017407778e-10 9.329111963463028341e-09 4.896776737122127088e+02 0.000000000000000000e+00
0.000000000000000000e+00 0.000000000000000000e+00 0.000000000000000000e+00 0.000000000000000000e+00 0.000000000000000000e+00 0.000000000000000000e+00 3.906837497114745378e-10 -2.394680570465085507e-11 1.198306812390075336e-09 6.277115113816451560e-10 8.430924314187058442e-10 1.026415722137849760e-09 1.191480482476677160e-09 9.697663417232102425e-10 7.345156427832828274e-10 4.119408646105629570e-10 1.189954063277940477e-10 7.361448708390454895e-09 2.380532534116755414e+03 0.000000000000000000e+00
0.000000000000000000e+00 0.000000000000000000e+00 0.000000000000000000e+00 0.000000000000000000e+00 0.000000000000000000e+00 0.000000000000000000e+00 -2.250366971813827731e-08 -2.213586306666920210e-08 -1.651516282117903142e-08 -5.392021657703432818e-09 -3.813627795777599399e-09 -5.086481999126003253e-09 -2.341269011369637858e-09 -1.621356994895395801e-09 -8.718951172364260041e-10 -2.844013263887720682e-10 2.269893176593853155e-11 4.795982103843098356e-10 3.853300692655834473e-09 0.000000000000000000e+00
0.000000000000000000e+00 0.000000000000000000e+00 0.000000000000000000e+00 0.000000000000000000e+00 0.000000000000000000e+00 0.000000000000000000e+00 -2.884871152000227091e-09 -1.994901856597677329e-10 4.615474491953877877e-09 1.350006206581061571e-09 -9.143851273162168729e-11 -5.050550520376361738e-10 2.207260526282905843e-10 -9.769852482873689824e-11 -1.040660295884719630e-10 -5.560558728871627862e-11 1.171063309795703240e-10 5.545492922561482047e-10 3.926865572546242272e-09 0.000000000000000000e+00
0.000000000000000000e+00 0.000000000000000000e+00 0.000000000000000000e+00 0.000000000000000000e+00 0.000000000000000000e+00 0.000000000000000000e+00 -5.820047336620670775e-09 -5.056001776414289487e-09 -1.726838468079718626e-09 -7.002680491747920075e-10 -8.789008998452508568e-10 -1.838215889000013685e-09 -4.133331304432504114e-10 -5.965997516156769972e-10 -3.445309471431046844e-10 -1.027821981128737400e-10 5.233895411409584829e-12 1.579728487659121081e-10 -1.740885080877281778e-06 0.000000000000000000e+00
0.000000000000000000e+00 0.000000000000000000e+00 0.000000000000000000e+00 0.000000000000000000e+00 0.000000000000000000e+00 0.000000000000000000e+00 4.067751104942029839e-10 1.586732509104034743e-09 3.871050617414946081e-09 1.025916785307173064e-09 2.886894610883049742e-10 -5.124263608767433883e-10 3.062597088925357362e-10 -1.770610096499715786e-10 -1.087330255859878422e-10 1.065204038533443524e-11 7.722967731621065490e-12 1.090680927270852556e-11 -6.898922990029746836e-06 0.000000000000000000e+00
0.000000000000000000e+00 0.000000000000000000e+00 0.000000000000000000e+00 0.000000000000000000e+00 0.000000000000000000e+00 0.000000000000000000e+00 -1.548658637792970041e-07 -8.548787692413126695e-08 -7.925972874656033658e-08 -5.828368995952123655e-08 -2.230317679886337249e-08 -2.139742082437275243e-08 -6.848092389859884055e-09 -1.515504198804029063e-09 -3.113490045110824172e-10 -8.245829376018989031e-12 5.215224512120630905e-11 1.561943274480579943e-10 -1.667183918843409964e-08 0.000000000000000000e+00
0.000000000000000000e+00 0.000000000000000000e+00 0.000000000000000000e+00 0.000000000000000000e+00 0.000000000000000000e+00 0.000000000000000000e+00 -8.369223801054045387e-09 3.936319784095570731e-09 1.039243961762297296e-08 4.699374140188485420e-09 1.838748958082760366e-09 -1.884853419749415244e-09 6.555754267346293987e-10 -1.116875387423011459e-10 5.809102643705287159e-11 -1.232613729791070079e-11 -1.042796705697775424e-08 1.967651938029181839e-10 -1.660596248306219274e-08 0.000000000000000000e+00
0.000000000000000000e+00 0.000000000000000000e+00 0.000000000000000000e+00 0.000000000000000000e+00 0.000000000000000000e+00 0.000000000000000000e+00 -3.803856363830832289e-08 -2.355007182450341793e-08 -1.606484718209441785e-08 -1.944782110167409847e-08 -3.442414516428887773e-09 -6.619878739110308797e-09 -7.914519077628651358e-10 -5.200490642173559806e-10 4.232573134720770038e-11 9.241308443002692844e-12 2.632284431422643359e-11 -4.684990724804855964e-11 3.321382061696967632e-05 0.000000000000000000e+00
0.000000000000000000e+00 0.000000000000000000e+00 0.000000000000000000e+00 0.000000000000000000e+00 0.000000000000000000e+00 0.000000000000000000e+00 7.397299938276502012e-09 1.549744937626518917e-09 7.535711172962810269e-09 -3.239330872986474565e-09 3.635066339984691960e-09 -8.069382916408192857e-10 1.430508155245601511e-09 -1.292791217473500788e-10 1.648983472900024945e-10 2.356171249940413956e-11 2.069836177388223552e-11 -1.218234422873574094e-10 3.657452312391423522e-05 0.000000000000000000e+00
0.000000000000000000e+00 0.000000000000000000e+00 0.000000000000000000e+00 0.000000000000000000e+00 0.000000000000000000e+00 0.000000000000000000e+00 4.458290880318652832e-09 -6.493221037183846152e-10 9.710487905638975631e-10 -1.289921763017803453e-09 -5.252972996695458981e-10 -6.885210638823268996e-10 -4.661445129247965319e-10 -2.564794976066761198e-10 -3.862949491006844745e-10 -1.452112843269379413e-10 -2.440807298157179568e-10 -5.732698134495045040e-09 1.456029513300729315e-05 0.000000000000000000e+00
0.000000000000000000e+00 0.000000000000000000e+00 0.000000000000000000e+00 0.000000000000000000e+00 0.000000000000000000e+00 0.000000000000000000e+00 6.324668849828435176e-09 5.548159208059561250e-09 -1.415631402153679271e-10 -1.456269611599994053e-09 1.961054679234352090e-10 -2.345981316256709205e-10 -7.585808586743086367e-10 -5.531744490505169448e-10 -3.820318270200613264e-10 -3.201508145962284951e-11 -1.708113833251970659e-04 -8.986255050439401257e-09 1.455362984208073190e-05 0.000000000000000000e+00
0.000000000000000000e+00 0.000000000000000000e+00 0.000000000000000000e+00 0.000000000000000000e+00 0.000000000000000000e+00 0.000000000000000000e+00 3.538538647902153797e-09 -1.132622891173020835e-10 8.190029188172521253e-10 -1.443356372127836542e-09 -2.398914406144130497e-10 -8.126673433451609833e-10 -3.380136472380659371e-10 -2.710012117192968760e-10 -4.691832107926246841e-10 -2.034335471885632147e-10 -2.037648469189792253e-10 -4.276512263290281169e-09 1.423689659609014370e+03 0.000000000000000000e+00
0.000000000000000000e+00 0.000000000000000000e+00 0.000000000000000000e+00 0.000000000000000000e+00 0.000000000000000000e+00 0.000000000000000000e+00 2.933897936202723893e-09 4.194882172308733616e-10 7.666669936879289600e-10 -1.334346953188723057e-09 -1.097055669142509116e-10 -8.112869232702433812e-10 -3.284831880217539111e-10 -3.544472568056897047e-10 -5.200770963277385289e-10 -2.551948974388129068e-10 -1.824402626446009924e-10 -3.381655924563225091e-09 1.452459310785317393e+04 0.000000000000000000e+00
