0.000000000000000000e+00 0.000000000000000000e+00 0.000000000000000000e+00 0.000000000000000000e+00 0.000000000000000000e+00 0.000000000000000000e+00 2.322346640468701249e-08 3.056722195694804546e-09 1.877042797142172984e-08 1.304691512635458514e-08 1.092017386266510414e-08 1.244233246414720130e-08 9.995165799467859238e-09 7.096828942925755219e-09 4.223889592441331775e-09 2.152745688997344256e-09 5.875218750103943845e-10 4.860760998789865434e-08 1.464890431159082771e-04 0.000000000000000000e+00
0.000000000000000000e+00 0.000000000000000000e+00 0.000000000000000000e+00 0.000000000000000000e+00 0.000000000000000000e+00 0.000000000000000000e+00 2.758337858982444793e-09 7.202370124682303352e-10 1.071811840663142809e-09 1.211820299724504345e-09 1.440023689156016510e-09 2.161572204788590225e-09 1.456572817668401415e-09 1.133201144639464860e-09 9.270563723418383349e-10 1.472897512168465374e-09 4.381150426088495836e-05 6.947299421224339564e-08 1.465929454204593354e-04 0.000000000000000000e+00
0.000000000000000000e+00 0.000000000000000000e+00 0.000000000000000000e+00 0.000000000000000000e+00 0.000000000000000000e+00 0.000000000000000000e+00 7.200300097984115015e-09 1.993380737987123792e-09 4.014554466194490054e-09 3.279483927318769590e-09 2.806655106171174336e-09 3.498440041802437246e-09 2.668492453049932078e-09 2.058139527604110919e-09 1.648955314242441501e-09 1.578359185644282609e-09 4.321109360574394139e-10 3.309089382792231955e-08 2.480046466106254229e+03 0.000000000000000000e+00
0.000000000000000000e+00 0.000000000000000000e+00 0.000000000000000000e+00 0.000000000000000000e+00 0.000000000000000000e+00 0.000000000000000000e+00 3.402823201175240252e-09 1.882074461220183541e-09 1.538586205726551101e-09 1.438508338611063122e-09 1.522738081283461694e-09 2.120244447991773269e-09 1.621510732253347794e-09 1.415279933694264919e-09 1.333997793735539812e-09 1.478569896942939354e-09 3.890926481690883068e-10 3.364946295349716768e-08 9.237595823370957078e+03 0.000000000000000000e+00
0.000000000000000000e+00 0.000000000000000000e+00 0.000000000000000000e+00 0.000000000000000000e+00 0.000000000000000000e+00 0.000000000000000000e+00 -1.673427686469968694e-08 -6.759456431931495436e-09 -2.720745645174263211e-08 -1.217038842353273638e-08 -6.097673685439467693e-09 -5.004501361481943383e-09 -3.119178301941319953e-09 -1.767400449812347105e-09 -9.285535109626527233e-10 -3.397244676136101436e-10 3.592282573289027460e-11 5.019226411495278655e-10 3.783332064727205347e-09 0.000000000000000000e+00
0.000000000000000000e+00 0.000000000000000000e+00 0.000000000000000000e+00 0.000000000000000000e+00 0.000000000000000000e+00 0.000000000000000000e+00 -3.749910213046624311e-09 1.175294195397090488e-09 -2.229607512798647304e-09 -1.518608140800504015e-09 -8.750699858556566090e-10 4.940707655509295092e-10 -3.756043661115008194e-10 -1.188978278128206185e-10 -5.753150761895718807e-11 -8.248886910601051483e-11 -9.001350798942731438e-10 5.768317628639448966e-10 3.862360369194283569e-09 0.000000000000000000e+00
0.000000000000000000e+00 0.000000000000000000e+00 0.000000000000000000e+00 0.000000000000000000e+00 0.000000000000000000e+00 0.000000000000000000e+00 -8.170857598812655136e-09 -1.589102077618073439e-09 -1.403204218335224379e-08 -4.527049459895118947e-09 -1.736326856806438474e-09 -1.305410245090106954e-09 -1.088272469664338222e-09 -6.385907982463598453e-10 -3.020561995267963045e-10 -1.392684101674255184e-10 1.529741073300052840e-11 1.603008536998596539e-10 -1.085208637720932287e-06 0.000000000000000000e+00
0.000000000000000000e+00 0.000000000000000000e+00 0.000000000000000000e+00 0.000000000000000000e+00 0.000000000000000000e+00 0.000000000000000000e+00 -6.103249975580488867e-09 5.476181569003109397e-10 -8.195312191559962068e-09 -1.407389177101921546e-09 -1.270398102416223667e-10 9.866906728487488113e-11 -2.632621395877332329e-10 -1.819715205079658155e-10 -2.389446082237490034e-11 -1.070125985264290456e-11 1.649833980654779294e-11 6.949497038724636181e-12 -3.556986668723303370e-06 0.000000000000000000e+00
0.000000000000000000e+00 0.000000000000000000e+00 0.000000000000000000e+00 0.000000000000000000e+00 0.000000000000000000e+00 0.000000000000000000e+00 -1.497530863268336435e-08 -1.131419145606295951e-08 -1.280290239799218736e-07 -4.202169877477517416e-08 -1.084353921704682232e-08 -7.293075739337543983e-09 -9.633903201846675115e-09 -1.973129264924799483e-09 -1.390989773912865371e-09 -6.181683309379183847e-11 -1.251712635628314389e-11 -3.625331085650684910e-11 5.461052555689161065e-11 0.000000000000000000e+00
0.000000000000000000e+00 0.000000000000000000e+00 0.000000000000000000e+00 0.000000000000000000e+00 0.000000000000000000e+00 0.000000000000000000e+00 -6.326691133535171896e-10 2.961271064166918011e-09 -1.473748570568743501e-08 -8.104774458882702681e-09 6.815827398241036848e-09 1.029875527510815537e-09 -2.091344444803562169e-09 1.601800089114633774e-10 5.275128746184932070e-11 1.277553495040502129e-10 -2.414147973299990976e-10 -4.208128734870078360e-11 1.739739877880344539e-11 0.000000000000000000e+00
0.000000000000000000e+00 0.000000000000000000e+00 0.000000000000000000e+00 0.000000000000000000e+00 0.000000000000000000e+00 0.000000000000000000e+00 -1.063409567236858604e-08 2.045179212125575414e-08 -5.782831922374489041e-08 -1.812928060511846776e-08 4.427092121682320959e-10 -3.541414599015641830e-10 -3.301487495535573027e-09 -1.233277712733471211e-10 -5.171504196945128189e-10 4.466778424054714612e-11 -2.779931626914078306e-11 -1.437334024504796570e-10 4.809862697900962343e-05 0.000000000000000000e+00
0.000000000000000000e+00 0.000000000000000000e+00 0.000000000000000000e+00 0.000000000000000000e+00 0.000000000000000000e+00 0.000000000000000000e+00 -8.717016025976926905e-09 3.114053828042534399e-08 -2.769857530215496169e-08 -7.087830049255442253e-09 5.283743185738976501e-09 2.279427004045604441e-09 -9.957451444337220609e-10 6.313661012217296968e-10 -1.049802271480256031e-10 1.215922688747531211e-10 -2.229869948252218944e-11 -1.628085640391512623e-10 7.360347868353399325e-05 0.000000000000000000e+00
0.000000000000000000e+00 0.000000000000000000e+00 0.000000000000000000e+00 0.000000000000000000e+00 0.000000000000000000e+00 0.000000000000000000e+00 -5.631377161031569509e-10 1.965799436500365052e-09 -8.144668763807752880e-10 -1.383961542239867663e-09 -3.764279665337538916e-10 -2.122713179695758374e-11 -5.947870744072051176e-10 -3.845785096538067263e-10 -2.088234042799917286e-10 -3.439677709258094357e-10 -3.441224314120855202e-10 -6.421276288244747343e-09 -6.062072122413254583e-05 0.000000000000000000e+00
0.000000000000000000e+00 0.000000000000000000e+00 0.000000000000000000e+00 0.000000000000000000e+00 0.000000000000000000e+00 0.000000000000000000e+00 -6.137726352107794066e-09 -1.897151073564696612e-09 6.350286991574685979e-10 -3.480348177145949823e-09 2.703940735772599346e-10 -1.620818116214341228e-09 -1.032813103028593217e-09 -8.960448281668952276e-10 -5.473986998745390257e-10 -5.344285900575325927e-10 1.073339722030599159e-04 -1.019718332596599265e-08 -6.060105445158366831e-05 0.000000000000000000e+00
0.000000000000000000e+00 0.000000000000000000e+00 0.000000000000000000e+00 0.000000000000000000e+00 0.000000000000000000e+00 0.000000000000000000e+00 -7.610068418741975291e-10 1.836904344796922357e-09 -1.485782402929593886e-09 -1.531801133485131633e-09 -1.616686964841500461e-10 -1.006229875807376678e-11 -6.243876115052720060e-10 -3.684707929463543976e-10 -2.694233687721250391e-10 -4.187873416795828908e-10 -2.985222601598486268e-10 -3.792131981590904421e-09 -2.616383261178801149e+03 0.000000000000000000e+00
0.000000000000000000e+00 0.000000000000000000e+00 0.000000000000000000e+00 0.000000000000000000e+00 0.000000000000000000e+00 0.000000000000000000e+00 -7.560729772561184459e-10 1.624820016098559489e-09 -1.754148310329782750e-09 -1.619565961414336383e-09 9.604539652321849034e-11 -9.004555785595607022e-12 -5.720184983782506736e-10 -4.143518628049025947e-10 -3.339029379190002851e-10 -4.822026607168307997e-10 -2.828023579198200644e-10 -2.170501631046531048e-09 -7.123022826377035017e+03 0.000000000000000000e+00
