0.000000000000000000e+00 0.000000000000000000e+00 0.000000000000000000e+00 0.000000000000000000e+00 0.000000000000000000e+00 0.000000000000000000e+00 1.426470893497388504e-08 2.980699030020416675e-08 2.568916997848980398e-08 1.932191084032995236e-08 1.884300225340833843e-08 2.344041384738543481e-08 2.175362285849760707e-08 1.824349807797641373e-08 1.179021582998245931e-08 4.061236765904529332e-09 1.035807786845258919e-09 1.087340940345319546e-07 8.586455963443119337e-05 0.000000000000000000e+00
0.000000000000000000e+00 0.000000000000000000e+00 0.000000000000000000e+00 0.000000000000000000e+00 0.000000000000000000e+00 0.000000000000000000e+00 2.709877540174150010e-09 5.021262795933242776e-09 2.408496245455860713e-09 3.862501867229266832e-09 4.047082613044827322e-09 3.620259622017813250e-09 2.730097770383632001e-09 1.855041157802911342e-09 1.224675198819333549e-09 1.260026548660057547e-09 2.647325808911042534e-05 1.741485141486121329e-07 8.612493290785527313e-05 0.000000000000000000e+00
0.000000000000000000e+00 0.000000000000000000e+00 0.000000000000000000e+00 0.000000000000000000e+00 0.000000000000000000e+00 0.000000000000000000e+00 7.679900161307516340e-09 9.518367740587510350e-09 6.216508937229991646e-09 4.472319287047241968e-09 4.547747356252620324e-09 5.934871774139859494e-09 5.837102558163108825e-09 4.879872094290487018e-09 3.496794067366685423e-09 1.565025292861967816e-09 4.708354902533085210e-10 2.390047154580298438e-08 -1.960491592041811600e+03 0.000000000000000000e+00
0.000000000000000000e+00 0.000000000000000000e+00 0.000000000000000000e+00 0.000000000000000000e+00 0.000000000000000000e+00 0.000000000000000000e+00 5.513322338660748084e-09 4.293669958518582336e-09 2.711170093562741390e-09 2.421919156359979956e-09 2.343285949201798866e-09 3.150020775191814586e-09 3.492623874609838216e-09 2.785327941199674375e-09 2.028259107668872426e-09 9.066428848669057228e-10 2.552145336916922955e-10 1.240241647866343485e-08 4.623326534308209375e+03 0.000000000000000000e+00
0.000000000000000000e+00 0.000000000000000000e+00 0.000000000000000000e+00 0.000000000000000000e+00 0.000000000000000000e+00 0.000000000000000000e+00 2.727796095766435225e-08 -1.735274565476598880e-08 -2.139615930144189953e-08 -1.174274118742444748e-08 -9.935854746544551876e-09 -7.774928975148886137e-09 -4.596048933022898932e-09 -2.155762487097382426e-09 -1.555765007519400318e-09 -5.131368487833063206e-10 3.499153462419371527e-11 7.572918791725951982e-10 5.212632732529173360e-09 0.000000000000000000e+00
0.000000000000000000e+00 0.000000000000000000e+00 0.000000000000000000e+00 0.000000000000000000e+00 0.000000000000000000e+00 0.000000000000000000e+00 1.997288724614969018e-08 -1.134168479019131912e-08 -1.672788280484173225e-10 4.088059590491439974e-10 -5.873699774929262227e-10 -9.318711413200662310e-10 -2.238967061193316815e-10 -7.551490937551826159e-11 -1.569680066455194209e-10 -1.528311010782077421e-10 -7.403778179914941541e-11 8.599150724296274904e-10 5.314109562964421413e-09 0.000000000000000000e+00
0.000000000000000000e+00 0.000000000000000000e+00 0.000000000000000000e+00 0.000000000000000000e+00 0.000000000000000000e+00 0.000000000000000000e+00 2.330937275027539755e-08 -1.269267385397705891e-08 -4.143261760746949059e-09 -4.631460158448757942e-09 -3.619349834934801320e-09 -3.567242457979517858e-09 -1.590292392466202386e-09 -7.124695757682858601e-10 -5.907829677518975233e-10 -2.238832077866957857e-10 5.197408969037480982e-12 2.454739351366463436e-10 2.122812630120104718e-06 0.000000000000000000e+00
0.000000000000000000e+00 0.000000000000000000e+00 0.000000000000000000e+00 0.000000000000000000e+00 0.000000000000000000e+00 0.000000000000000000e+00 2.234350143044621678e-08 -1.065398895249031617e-08 2.379172660029008009e-09 -1.658838718809746156e-09 -9.775083317328845227e-10 -1.726714601386353822e-09 -3.921092892951625480e-10 -1.289114066063882916e-10 -1.493633576617102728e-10 -3.750531403330843488e-11 6.695784618619688368e-12 1.602821271899640387e-11 1.068253203598944593e-06 0.000000000000000000e+00
0.000000000000000000e+00 0.000000000000000000e+00 0.000000000000000000e+00 0.000000000000000000e+00 0.000000000000000000e+00 0.000000000000000000e+00 3.380199754099072819e-08 -3.549110122139417534e-09 -1.043415664564934477e-07 -8.791707804123452746e-08 -3.693739477753858075e-08 -2.159785709484688152e-08 -7.971954780910520046e-09 -5.735885954531564314e-09 -1.286273671609343323e-09 -2.123064732898133140e-10 5.943561411436108506e-11 2.474489157158477725e-10 2.891177360843875603e-08 0.000000000000000000e+00
0.000000000000000000e+00 0.000000000000000000e+00 0.000000000000000000e+00 0.000000000000000000e+00 0.000000000000000000e+00 0.000000000000000000e+00 3.956075799080912504e-08 2.489593832329878131e-08 8.327034481135226436e-09 -2.015663593329323996e-08 -7.127854710540208954e-10 -2.024967793802355888e-09 -8.779450595314020484e-10 -1.068847112528318523e-09 -2.777741697947960556e-11 9.183669588825665124e-12 -3.350871356694898666e-08 2.991475488063721625e-10 2.904544246675777852e-08 0.000000000000000000e+00
0.000000000000000000e+00 0.000000000000000000e+00 0.000000000000000000e+00 0.000000000000000000e+00 0.000000000000000000e+00 0.000000000000000000e+00 3.481700691291435126e-08 3.006149382302275807e-09 -2.719171003738838479e-08 -3.745262919826605624e-08 -9.618465453297457051e-09 -7.711371494798759114e-09 -1.526281703965695505e-09 -2.346888323053461452e-09 -3.440665131869821394e-10 9.545533324686347168e-11 1.739026319006546157e-11 1.891207503791691709e-11 4.034507090293502684e-05 0.000000000000000000e+00
0.000000000000000000e+00 0.000000000000000000e+00 0.000000000000000000e+00 0.000000000000000000e+00 0.000000000000000000e+00 0.000000000000000000e+00 3.758983115755044115e-08 7.426449268542966419e-09 5.052488352179771134e-09 -1.742107764196882739e-08 8.252645221152093682e-10 -2.027590964191793342e-09 7.385752787297833251e-10 -1.040839834043152504e-09 5.966783230350766417e-11 2.811732659360273847e-10 1.819949023653190078e-11 -4.487341575595894292e-11 5.789465657819905495e-05 0.000000000000000000e+00
0.000000000000000000e+00 0.000000000000000000e+00 0.000000000000000000e+00 0.000000000000000000e+00 0.000000000000000000e+00 0.000000000000000000e+00 -1.674635687210833984e-09 -2.216586331994285858e-11 -1.902531838058710471e-09 1.910185068582829256e-09 1.476028127908557845e-09 -7.855960058401254149e-10 -6.035753195327192979e-10 -2.616047124664508046e-10 -3.742834890922200045e-10 -2.678902475863539038e-11 -3.936992073752438764e-10 -1.131861634964785393e-08 1.120864160270702059e-05 0.000000000000000000e+00
0.000000000000000000e+00 0.000000000000000000e+00 0.000000000000000000e+00 0.000000000000000000e+00 0.000000000000000000e+00 0.000000000000000000e+00 1.757544972452566243e-09 -3.957224847032716205e-09 2.868149345899927574e-09 5.775956299141817937e-10 -2.280715156521463994e-10 -6.629654258872065519e-10 -1.047044075236644370e-09 -9.830546904871159484e-10 -2.553826890472538258e-10 3.185677137747335194e-10 1.665367433794564134e-04 -1.625535707524872318e-08 1.117748416159621946e-05 0.000000000000000000e+00
0.000000000000000000e+00 0.000000000000000000e+00 0.000000000000000000e+00 0.000000000000000000e+00 0.000000000000000000e+00 0.000000000000000000e+00 -3.446508547641939969e-10 -5.341267004009292500e-10 -1.331323452847487133e-09 8.063052162846633606e-10 1.162791454639672931e-09 -7.655390266135534325e-10 -6.044073636784715745e-10 -5.046121874775693972e-10 -4.044840675566902103e-10 -1.191760673535046629e-10 -3.230995865011910154e-10 -7.439360666647453654e-09 2.246861136719984131e+02 0.000000000000000000e+00
0.000000000000000000e+00 0.000000000000000000e+00 0.000000000000000000e+00 0.000000000000000000e+00 0.000000000000000000e+00 0.000000000000000000e+00 2.545295403235249860e-10 -6.569030122567268073e-10 -6.511718247431865782e-10 4.831144500813038372e-11 9.454999571040997361e-10 -6.736968433258617832e-10 -7.350697547065439987e-10 -6.435206195058526810e-10 -4.227054499896825540e-10 -2.110452224985090868e-10 -2.998572414010057768e-10 -4.816239659063178295e-09 8.746459987103580715e+03 0.000000000000000000e+00
