0.000000000000000000e+00 0.000000000000000000e+00 0.000000000000000000e+00 0.000000000000000000e+00 0.000000000000000000e+00 0.000000000000000000e+00 1.099547570333726146e-09 5.784935969280241321e-10 8.706147208406534104e-10 6.492103439073599247e-10 4.635303717420472762e-10 3.635487384569606615e-10 3.078728331239750573e-10 2.262766711058654347e-10 8.919844332160536551e-11 5.283849664903538297e-11 1.790893046073287343e-10 3.550809236612431924e-07 3.175231699410806328e-06 0.000000000000000000e+00
0.000000000000000000e+00 0.000000000000000000e+00 0.000000000000000000e+00 0.000000000000000000e+00 0.000000000000000000e+00 0.000000000000000000e+00 -1.496673726945856686e-09 5.209330002846027643e-10 1.942976995589747308e-10 3.319379591871048013e-10 9.581460650525948233e-11 2.562148511544965833e-11 2.186955721168056392e-10 1.667041667750923686e-10 6.878107294688889087e-11 1.161862884374718290e-10 3.733814756470977736e-06 3.549945661976652736e-07 3.180633935037381735e-06 0.000000000000000000e+00
0.000000000000000000e+00 0.000000000000000000e+00 0.000000000000000000e+00 0.000000000000000000e+00 0.000000000000000000e+00 0.000000000000000000e+00 -2.838842559387986973e-10 -1.171686227830956732e-10 3.873863476706493840e-10 1.843283320605391954e-10 5.114890444908039976e-11 1.883578627595366025e-10 1.972170526854680781e-10 1.775189677904851773e-10 9.987537923489129575e-11 5.635879407222875344e-11 2.240916849792332772e-10 2.602186870538189425e-05 9.755390914144516046e+01 0.000000000000000000e+00
0.000000000000000000e+00 0.000000000000000000e+00 0.000000000000000000e+00 0.000000000000000000e+00 0.000000000000000000e+00 0.000000000000000000e+00 -3.939525371262389072e-10 -1.239077295933627251e-10 3.237017934555618369e-10 1.799009969943512297e-10 3.074554916800183626e-11 1.960071283014812512e-10 2.457053866927301939e-10 2.062303021582836999e-10 1.308595296677027048e-10 7.231242860040800025e-11 3.631125857680041500e-10 3.888516904329629258e-05 4.164989507383893397e+02 0.000000000000000000e+00
0.000000000000000000e+00 0.000000000000000000e+00 0.000000000000000000e+00 0.000000000000000000e+00 0.000000000000000000e+00 0.000000000000000000e+00 -1.012028858398330508e-08 -7.403973225033956403e-09 -7.432929009625323402e-09 -4.828518754386725943e-09 -2.546897819552120340e-09 -1.406427177087891962e-09 -5.496668539152791601e-10 -2.946008165160969077e-10 -1.266528598863363559e-10 -9.711019188626179232e-12 5.912114452673855840e-11 5.166056607681701056e-10 -2.462540614241889209e-11 0.000000000000000000e+00
0.000000000000000000e+00 0.000000000000000000e+00 0.000000000000000000e+00 0.000000000000000000e+00 0.000000000000000000e+00 0.000000000000000000e+00 -3.215922686373174063e-09 2.023160718273326773e-10 -1.756452206988918010e-09 1.604428495902227842e-10 -1.300008182576325724e-10 3.300014310461128408e-10 1.936410223057379468e-10 4.127704489533407650e-11 -3.579737759434759064e-11 -1.353855586453885042e-11 -5.957532636990178826e-10 5.007578489540758924e-10 -2.663845223962955703e-11 0.000000000000000000e+00
0.000000000000000000e+00 0.000000000000000000e+00 0.000000000000000000e+00 0.000000000000000000e+00 0.000000000000000000e+00 0.000000000000000000e+00 -9.334647841330199187e-10 -1.012887673246763278e-09 -1.591318214551947541e-09 -8.095828544653882178e-10 -4.832843856710299045e-10 2.607979689322256067e-10 -5.030190532115148142e-11 -2.295086665482749715e-11 -5.739319531178485628e-11 -2.855992353326650494e-13 5.567591798202765879e-12 -1.920943311069528812e-10 4.793986208370910981e-07 0.000000000000000000e+00
0.000000000000000000e+00 0.000000000000000000e+00 0.000000000000000000e+00 0.000000000000000000e+00 0.000000000000000000e+00 0.000000000000000000e+00 3.502595075842873432e-10 -3.224963784091213992e-10 -1.095601816523361604e-09 -5.713103544496161934e-11 -1.275889548654934207e-10 5.309571390025070073e-10 9.129755646764500380e-11 5.838799588155545043e-11 -2.046026419871821286e-11 1.426983730441936688e-11 -1.952704924353096339e-11 -3.563669982277242881e-10 1.109297220262788148e-06 0.000000000000000000e+00
0.000000000000000000e+00 0.000000000000000000e+00 0.000000000000000000e+00 0.000000000000000000e+00 0.000000000000000000e+00 0.000000000000000000e+00 -6.408409882400022034e-08 -3.357378978755207253e-08 -3.301502040837585358e-08 -1.781618586727457128e-08 -7.488666400279135035e-09 -7.031448913874593456e-09 -2.438710867368178570e-09 -1.051042307229138378e-09 -7.113590884020279788e-10 -1.009229646579749543e-10 3.233993855715565643e-10 4.850103302801447580e-09 1.225032386565028441e-09 0.000000000000000000e+00
0.000000000000000000e+00 0.000000000000000000e+00 0.000000000000000000e+00 0.000000000000000000e+00 0.000000000000000000e+00 0.000000000000000000e+00 -2.753458630684593886e-08 4.715944199485464963e-09 6.282299859577157581e-10 4.103655459670857300e-09 -2.960176390155605344e-09 9.272414912946168763e-10 -5.421070572315694355e-11 3.611813677165975839e-10 -2.112533135709815678e-10 -8.976010791415758040e-11 -8.875625164712886184e-09 4.757190297975257366e-09 1.191945100031809948e-09 0.000000000000000000e+00
0.000000000000000000e+00 0.000000000000000000e+00 0.000000000000000000e+00 0.000000000000000000e+00 0.000000000000000000e+00 0.000000000000000000e+00 -1.108867382237996322e-08 -1.971715234092815990e-09 -5.143426037086942470e-09 -1.601033832184497870e-09 -2.603781057219162343e-09 -8.412798792977374866e-11 -4.363890523938410851e-10 1.883745314751922588e-10 -3.731136394365138125e-10 -8.509742236635588310e-12 4.971429038625756101e-11 -1.189054309730356525e-08 5.108731845875215536e-06 0.000000000000000000e+00
0.000000000000000000e+00 0.000000000000000000e+00 0.000000000000000000e+00 0.000000000000000000e+00 0.000000000000000000e+00 0.000000000000000000e+00 -3.569616243678019018e-09 3.615125644796466878e-09 -1.769643201125674618e-09 2.100568636005008454e-09 -1.902209248961494137e-09 1.183241261226346925e-09 3.198532118860415036e-11 5.107711107620574764e-10 -2.085379564436136221e-10 8.403409055192149265e-11 -7.988958073241193671e-11 -1.572259651721653360e-08 9.392154570028067917e-06 0.000000000000000000e+00
0.000000000000000000e+00 0.000000000000000000e+00 0.000000000000000000e+00 0.000000000000000000e+00 0.000000000000000000e+00 0.000000000000000000e+00 4.912370534615751310e-10 1.471217425673943976e-09 -2.099554619028033785e-10 -5.760726369373560592e-10 -6.742385619008234484e-10 -5.166306503327837601e-10 -9.003714522984260851e-10 -1.912482558554034136e-10 -8.299744153195824965e-11 -1.935473817218284859e-10 -2.791244543317005247e-10 7.353849866045692028e-08 8.995762514510323044e-07 0.000000000000000000e+00
0.000000000000000000e+00 0.000000000000000000e+00 0.000000000000000000e+00 0.000000000000000000e+00 0.000000000000000000e+00 0.000000000000000000e+00 6.692166678325254519e-10 4.681477676894004891e-09 -1.846561232856496378e-09 1.731727627130851217e-09 2.817473764435563395e-11 -1.178702631777241391e-09 -2.581680145958224888e-10 -3.542350127362225390e-10 -3.619207234490644376e-11 -2.503643152597901253e-10 1.954281453249504647e-04 7.407746938550505234e-08 8.925095447882939946e-07 0.000000000000000000e+00
0.000000000000000000e+00 0.000000000000000000e+00 0.000000000000000000e+00 0.000000000000000000e+00 0.000000000000000000e+00 0.000000000000000000e+00 8.838651909499663164e-10 -5.849222536551438050e-10 -6.734218607021698926e-10 1.321798089373397137e-09 8.893736870015755365e-11 -8.697553275588922328e-11 -6.670133297303887532e-10 -2.087337856792320899e-10 -1.134528105684815044e-10 -1.781333842037288705e-10 -8.504135815272620149e-11 6.277829108815388200e-06 2.881206815314280334e+02 0.000000000000000000e+00
0.000000000000000000e+00 0.000000000000000000e+00 0.000000000000000000e+00 0.000000000000000000e+00 0.000000000000000000e+00 0.000000000000000000e+00 1.532057342355027790e-09 -6.881416409992357613e-10 -8.117894237187995622e-10 1.642777531644492491e-09 2.324030385256641570e-10 -1.533132067803182339e-10 -5.504779705423034350e-10 -2.540111224186987655e-10 -1.091534457130741077e-10 -2.059548562769679174e-10 -3.675264849900414205e-11 9.883698712689067557e-06 1.056610967558761331e+03 0.000000000000000000e+00
