0.000000000000000000e+00 0.000000000000000000e+00 0.000000000000000000e+00 0.000000000000000000e+00 0.000000000000000000e+00 0.000000000000000000e+00 1.031059424145118946e-09 1.823988052044634989e-09 1.538177250549168630e-09 6.181282822398845417e-10 3.977195969575813422e-10 7.724076975375485750e-10 6.255041151474035744e-10 3.945798513872252625e-10 1.526526402160595337e-10 4.131763497548348218e-11 3.346505606766874975e-10 3.193223204376472348e-07 1.972124824671175761e-06 0.000000000000000000e+00
0.000000000000000000e+00 0.000000000000000000e+00 0.000000000000000000e+00 0.000000000000000000e+00 0.000000000000000000e+00 0.000000000000000000e+00 -2.195422009873322576e-09 -4.642096420856433134e-11 1.634466662498847131e-09 5.372834358372442249e-10 1.068984096814365569e-09 1.138704041698837085e-09 2.775952605752473834e-10 1.727644210720181885e-10 7.558563847470041618e-11 1.155884835707463977e-10 2.592854328371463450e-06 3.285299847316457112e-07 1.973566809853050509e-06 0.000000000000000000e+00
0.000000000000000000e+00 0.000000000000000000e+00 0.000000000000000000e+00 0.000000000000000000e+00 0.000000000000000000e+00 0.000000000000000000e+00 -5.362135805555984776e-10 -5.269401288908103579e-11 4.463709997828223741e-10 2.890735525154682473e-12 4.281390514029730125e-10 4.242000930554929251e-10 2.171261457174546342e-10 2.266535182323340595e-10 8.237397506912885007e-11 3.643264463562434776e-11 1.722685148631853274e-10 2.752089945966674882e-05 2.554335652119442557e+01 0.000000000000000000e+00
0.000000000000000000e+00 0.000000000000000000e+00 0.000000000000000000e+00 0.000000000000000000e+00 0.000000000000000000e+00 0.000000000000000000e+00 -4.413807158332605558e-10 -6.201470925651607365e-11 5.704906095466719265e-10 -1.313403581502542002e-12 5.545793649428709013e-10 4.418919627452125395e-10 2.484172112243187475e-10 2.311612332981165009e-10 8.860870018274959825e-11 4.684827223214873915e-11 2.249421045976436540e-10 4.018338485066745222e-05 9.015746714030683506e+01 0.000000000000000000e+00
0.000000000000000000e+00 0.000000000000000000e+00 0.000000000000000000e+00 0.000000000000000000e+00 0.000000000000000000e+00 0.000000000000000000e+00 2.992741858733168508e-09 1.190271750163284797e-08 -1.295903035853726759e-08 -1.948976325638751032e-09 -1.668658127568675727e-09 -8.070294358408166017e-10 -1.057675922971871172e-09 -3.280758465295350357e-10 -1.638519022316652245e-10 -1.482220208735043903e-11 8.282875714213832171e-11 7.925605801363566913e-10 -3.775294127867150247e-10 0.000000000000000000e+00
0.000000000000000000e+00 0.000000000000000000e+00 0.000000000000000000e+00 0.000000000000000000e+00 0.000000000000000000e+00 0.000000000000000000e+00 -8.159515103809213926e-09 6.387344527470718784e-09 -4.393467088406714680e-09 -1.345322808374523890e-09 3.585033928235559551e-09 1.351842405262802538e-09 2.634720173298786883e-10 1.089263665011301210e-10 -2.611765484327069938e-11 -2.435725956804488377e-11 -4.949928453647785034e-10 7.928312411042361596e-10 -3.753644865460936300e-10 0.000000000000000000e+00
0.000000000000000000e+00 0.000000000000000000e+00 0.000000000000000000e+00 0.000000000000000000e+00 0.000000000000000000e+00 0.000000000000000000e+00 -5.649268056617450766e-09 1.542704388617220752e-09 -3.136433465387803077e-09 -1.104219176076039020e-09 1.686371742450468938e-09 2.289371624095611255e-10 2.011001757706017816e-10 -1.039265858473800623e-10 -6.389435892544865518e-11 -1.456627156060085913e-12 1.342903802926605352e-11 7.398050374342558889e-11 2.821816502188085746e-07 0.000000000000000000e+00
0.000000000000000000e+00 0.000000000000000000e+00 0.000000000000000000e+00 0.000000000000000000e+00 0.000000000000000000e+00 0.000000000000000000e+00 -6.926504382787477159e-09 3.782376414527127496e-10 -1.376453410108042226e-09 -7.925703825652667030e-10 2.112949203404702679e-09 5.387689626178596630e-10 4.210591148606049489e-10 -7.051740929073934117e-12 -1.415103253897057646e-11 2.472534261185019392e-11 -2.221834592351982755e-11 -1.551077613402949837e-10 8.351363102464814600e-07 0.000000000000000000e+00
0.000000000000000000e+00 0.000000000000000000e+00 0.000000000000000000e+00 0.000000000000000000e+00 0.000000000000000000e+00 0.000000000000000000e+00 -3.241446484478485294e-08 4.567340085844429742e-08 -5.358471269188109569e-08 2.075394779294572928e-09 -6.029121864446779430e-09 -3.868190341604726173e-09 -6.477663846198107227e-09 -1.362138163252361760e-09 -7.892184535651337704e-10 -5.570219399587667151e-11 4.474884676323821093e-10 9.540259594798934573e-09 -2.902509477670768065e-09 0.000000000000000000e+00
0.000000000000000000e+00 0.000000000000000000e+00 0.000000000000000000e+00 0.000000000000000000e+00 0.000000000000000000e+00 0.000000000000000000e+00 -2.608957864618049638e-08 3.997167019348576038e-08 -2.332757220561722286e-08 1.597804338082457347e-08 7.900795118035976711e-09 4.680381467690405908e-09 -1.136958979629884008e-09 5.203068543989314678e-10 -3.421670472261231854e-10 -9.230149045780847814e-12 1.121120515835725461e-09 9.279025993886157469e-09 -2.772859028541105171e-09 0.000000000000000000e+00
0.000000000000000000e+00 0.000000000000000000e+00 0.000000000000000000e+00 0.000000000000000000e+00 0.000000000000000000e+00 0.000000000000000000e+00 -1.017918830642337360e-08 1.138767612053958128e-08 -2.144840298441492528e-08 7.412571892195270466e-09 4.415057318823062512e-09 1.669443799197619242e-09 -1.840936729349382708e-09 1.297863459918187919e-10 -5.501542092643937050e-10 -1.290882302791426600e-11 -4.553723958764701531e-11 -2.535322115297878224e-08 1.115229090142091848e-05 0.000000000000000000e+00
0.000000000000000000e+00 0.000000000000000000e+00 0.000000000000000000e+00 0.000000000000000000e+00 0.000000000000000000e+00 0.000000000000000000e+00 -8.826993876145644664e-09 8.417774607835015673e-09 -1.394671431553767195e-08 8.542750653206782257e-09 5.205348962874906275e-09 2.435508364584334354e-09 -8.594480386268640742e-10 5.141044988689582087e-10 -4.125691442412857673e-10 1.065811241840808232e-10 -3.040282219329362320e-10 -3.475643600935504581e-08 2.483189461034334474e-05 0.000000000000000000e+00
0.000000000000000000e+00 0.000000000000000000e+00 0.000000000000000000e+00 0.000000000000000000e+00 0.000000000000000000e+00 0.000000000000000000e+00 1.480395150395821102e-09 -3.030280868677052773e-09 -8.760028119179411699e-10 1.540830250449305711e-09 -2.471460089260832285e-10 -1.596715872159495558e-10 4.888545068265076500e-11 2.575066163076293318e-10 1.212098929274350350e-10 -5.793854685351951975e-11 -4.623250727493425484e-10 -4.621169278751600341e-08 -1.192840449059710739e-05 0.000000000000000000e+00
0.000000000000000000e+00 0.000000000000000000e+00 0.000000000000000000e+00 0.000000000000000000e+00 0.000000000000000000e+00 0.000000000000000000e+00 -5.360899115004429400e-09 -1.119454524924160454e-08 8.509308160543430083e-11 -3.963287915094390601e-09 3.635789749383139713e-10 -1.983452729485870204e-09 -2.416906778413316090e-11 2.171088384175535823e-11 3.959782435386551545e-11 -3.384459099789872562e-11 -5.780845149880428887e-06 -6.136691717062488707e-08 -1.176453091749198299e-05 0.000000000000000000e+00
0.000000000000000000e+00 0.000000000000000000e+00 0.000000000000000000e+00 0.000000000000000000e+00 0.000000000000000000e+00 0.000000000000000000e+00 1.081052251722083012e-12 -6.269103057613265650e-09 6.647303625813327930e-10 7.355463467719938165e-10 1.092364658617722277e-09 -6.027683078024731040e-10 1.678102942409880743e-10 1.146120520337100278e-10 1.619302095470155096e-11 3.700506508535071653e-12 -3.596912962844044428e-10 1.141208968998843128e-05 9.523264020167242450e+01 0.000000000000000000e+00
0.000000000000000000e+00 0.000000000000000000e+00 0.000000000000000000e+00 0.000000000000000000e+00 0.000000000000000000e+00 0.000000000000000000e+00 -6.797910807594720947e-10 -7.189556556590790942e-09 4.435923374243295549e-10 5.339480013192423229e-10 1.283545140918700537e-09 -6.602035648741130516e-10 1.463151288116639939e-10 7.143691487602504922e-11 1.803853864288370827e-11 1.930362560447070411e-11 -4.340302630601726876e-10 1.821708482771554268e-05 3.116003337128204294e+02 0.000000000000000000e+00
