0.000000000000000000e+00 0.000000000000000000e+00 0.000000000000000000e+00 0.000000000000000000e+00 0.000000000000000000e+00 0.000000000000000000e+00 4.032571433099842620e-09 1.735126746554906881e-09 3.991809375859204392e-09 3.414590259832666132e-09 3.798400341257570026e-09 3.311828449010924477e-09 2.892564403064086208e-09 2.029701602443103400e-09 9.680762640071490067e-10 3.778117358427475686e-10 2.201915113841517873e-09 1.670840431486369045e-07 1.834437577384670701e-07 0.000000000000000000e+00
0.000000000000000000e+00 0.000000000000000000e+00 0.000000000000000000e+00 0.000000000000000000e+00 0.000000000000000000e+00 0.000000000000000000e+00 9.451474217771699110e-10 -1.780423952532750064e-10 1.366170495503196384e-09 1.023055125928627365e-09 9.298794881686722729e-10 9.059985985079396167e-10 7.066847460120940744e-10 6.180618032403819138e-10 7.379607759175341116e-10 1.528123490115283674e-09 7.788771899778818182e-04 1.657799202033618313e-07 1.824432605763914728e-07 0.000000000000000000e+00
0.000000000000000000e+00 0.000000000000000000e+00 0.000000000000000000e+00 0.000000000000000000e+00 0.000000000000000000e+00 0.000000000000000000e+00 6.883790685237947104e-10 6.995371801235012670e-10 9.911678687200054422e-10 9.839834578722462618e-10 1.159996047723632980e-09 1.246811019197603945e-09 1.216665003502049403e-09 9.187646139116885207e-10 5.621442608116563328e-10 3.459024561025178555e-10 1.331973020905545960e-09 4.912952376806442546e-06 -6.178464158214344693e+00 0.000000000000000000e+00
0.000000000000000000e+00 0.000000000000000000e+00 0.000000000000000000e+00 0.000000000000000000e+00 0.000000000000000000e+00 0.000000000000000000e+00 3.926056566281968636e-10 3.998236181267864476e-10 6.931286656707328543e-10 6.711299228221883517e-10 7.860636661164218527e-10 9.132546132484703933e-10 9.126159743336411420e-10 7.162783488556835344e-10 4.701758357276460518e-10 3.515548542302051538e-10 1.093322193652104913e-09 7.269327435814662423e-06 -1.564957658549631248e+01 0.000000000000000000e+00
0.000000000000000000e+00 0.000000000000000000e+00 0.000000000000000000e+00 0.000000000000000000e+00 0.000000000000000000e+00 0.000000000000000000e+00 3.019889299205988695e-09 -7.049130796545699018e-09 -4.211021224294212464e-09 -4.707043734275183508e-09 -4.367234373632921261e-09 -1.962975612183089970e-09 -1.342649399757381853e-09 -6.128279536897460460e-10 -2.722813891132256288e-10 -4.998196443056888093e-11 1.494158025441679839e-10 8.014370023500664946e-10 1.130756297221441092e-10 0.000000000000000000e+00
0.000000000000000000e+00 0.000000000000000000e+00 0.000000000000000000e+00 0.000000000000000000e+00 0.000000000000000000e+00 0.000000000000000000e+00 -6.625161745994519374e-09 2.765251132896524814e-10 8.315389568003446602e-12 1.921290413426640000e-09 4.378660372364148002e-10 8.530322668721957843e-10 -1.498734864642919844e-10 -3.481010076409264591e-11 -8.758657475340289177e-11 -8.775723728605291480e-11 1.824164604661792499e-09 7.694192624484718063e-10 1.132399298366136178e-10 0.000000000000000000e+00
0.000000000000000000e+00 0.000000000000000000e+00 0.000000000000000000e+00 0.000000000000000000e+00 0.000000000000000000e+00 0.000000000000000000e+00 6.248467373947389534e-10 -2.939844508550883878e-09 -1.427674919077841362e-09 -3.664203745018634887e-10 -7.917635243790467333e-10 -1.316107385345220418e-10 -4.628748054916755114e-10 -2.353419262541293992e-10 -1.185127012086296215e-10 -3.182189036037479048e-11 6.131848187852810437e-11 9.773672835927328334e-10 -3.192373209231606120e-09 0.000000000000000000e+00
0.000000000000000000e+00 0.000000000000000000e+00 0.000000000000000000e+00 0.000000000000000000e+00 0.000000000000000000e+00 0.000000000000000000e+00 -1.002015372888191760e-09 -2.348117107715298717e-09 -9.381201115252701126e-10 6.020433919530263931e-10 -1.538637055262248396e-10 2.784917183400412408e-10 -2.632166219436556863e-10 -9.790787654089531818e-11 -3.689170393947593401e-11 6.096798131600487859e-12 1.863825738414439068e-11 9.555494892628591102e-10 -1.518523504835637191e-08 0.000000000000000000e+00
0.000000000000000000e+00 0.000000000000000000e+00 0.000000000000000000e+00 0.000000000000000000e+00 0.000000000000000000e+00 0.000000000000000000e+00 -4.850226362602499247e-08 -1.676742703309680092e-08 -4.591475578650144748e-08 -2.007074723353742947e-08 -9.618343498808442169e-09 -3.431585633673739376e-09 -4.089167125078015713e-09 -5.973563195165321002e-10 -2.561209131060198881e-10 1.809873747873036145e-10 -1.206919531205827468e-11 -3.929775524472423450e-10 1.688287207593389919e-09 0.000000000000000000e+00
0.000000000000000000e+00 0.000000000000000000e+00 0.000000000000000000e+00 0.000000000000000000e+00 0.000000000000000000e+00 0.000000000000000000e+00 -2.043184280334971100e-08 7.837294841137212853e-09 -1.413715599919056859e-08 2.466083068825833720e-09 3.421061564361663910e-09 1.532658669180263423e-09 -1.213003157029377557e-09 -3.876078982992569186e-10 -3.853821984074584749e-10 2.917879075039714672e-10 1.097832644663929895e-08 -3.183664666325399192e-10 1.778596814384449223e-09 0.000000000000000000e+00
0.000000000000000000e+00 0.000000000000000000e+00 0.000000000000000000e+00 0.000000000000000000e+00 0.000000000000000000e+00 0.000000000000000000e+00 -7.513572791771149158e-09 1.319631519243764260e-08 -1.835755968425356316e-08 -3.915456839563916820e-10 7.143738249675621789e-10 1.144110372118167894e-09 -2.031187553706990826e-09 -2.881401207739668085e-10 -3.186981490722596869e-10 1.837383128558109475e-10 -1.173117216883330329e-10 -1.227769745722026716e-08 3.097104898490107814e-06 0.000000000000000000e+00
0.000000000000000000e+00 0.000000000000000000e+00 0.000000000000000000e+00 0.000000000000000000e+00 0.000000000000000000e+00 0.000000000000000000e+00 -4.050749714010842088e-09 1.191018364314368379e-08 -1.456237004171563526e-08 2.953933248222997829e-09 2.214682810592228597e-09 1.819896700174525053e-09 -1.497835447010781094e-09 -2.192508402219926962e-10 -3.587679076662029476e-10 2.042162298346230485e-10 -1.590239062453840625e-10 -1.539105542510786620e-08 4.862003507816089467e-06 0.000000000000000000e+00
0.000000000000000000e+00 0.000000000000000000e+00 0.000000000000000000e+00 0.000000000000000000e+00 0.000000000000000000e+00 0.000000000000000000e+00 5.151104333700389763e-09 2.759990495855559041e-09 8.728245499349764629e-10 -7.076165210338560208e-10 -1.148247634253778243e-10 -3.999975725614581812e-10 3.343030477414958741e-11 1.068039683880713048e-10 -2.213144750163454389e-10 -1.475075897627169416e-10 -5.702478174125929803e-10 1.628200724718731549e-09 -1.068868725444990237e-06 0.000000000000000000e+00
0.000000000000000000e+00 0.000000000000000000e+00 0.000000000000000000e+00 0.000000000000000000e+00 0.000000000000000000e+00 0.000000000000000000e+00 3.271313400872627772e-09 6.583888411900882811e-09 3.161763740021150762e-09 -6.184262172520329219e-10 3.602555850578021753e-10 -8.780039179592319564e-10 3.948376214564224876e-10 -2.743084265263045376e-10 -1.849323491836679655e-10 -1.560514784286315843e-10 -3.093547376617377786e-03 3.796083600659446475e-09 -1.077004095730444316e-06 0.000000000000000000e+00
0.000000000000000000e+00 0.000000000000000000e+00 0.000000000000000000e+00 0.000000000000000000e+00 0.000000000000000000e+00 0.000000000000000000e+00 1.440843017082568588e-10 1.146588665146894188e-10 1.994494474656298996e-09 -1.716471669571195995e-10 -3.143780340785415296e-11 -4.116732110691651309e-10 2.663109932980709476e-10 -5.624708352400081943e-11 -1.941636760400117931e-10 -1.387760118333359889e-10 -4.300095111356741435e-10 2.521676254395400462e-06 -5.084080881584998224e+01 0.000000000000000000e+00
0.000000000000000000e+00 0.000000000000000000e+00 0.000000000000000000e+00 0.000000000000000000e+00 0.000000000000000000e+00 0.000000000000000000e+00 -4.312974902050225937e-10 8.367042591493044717e-10 1.785945543508853635e-09 -1.671044303701575676e-10 -3.727612838335647227e-12 -4.790917685299481322e-10 2.790874197996438270e-10 -1.556918598702671852e-10 -1.912295219662113170e-10 -1.507304007626105361e-10 -4.196399180712593632e-10 3.434011939544689059e-06 -1.562922188863693407e+02 0.000000000000000000e+00
