0.000000000000000000e+00 0.000000000000000000e+00 0.000000000000000000e+00 0.000000000000000000e+00 0.000000000000000000e+00 0.000000000000000000e+00 1.176569786452630873e-09 2.960944204285972246e-09 1.765887814594949998e-09 1.378115395540310916e-09 1.278746224997577385e-09 1.567885458100073140e-09 1.255222104044329807e-09 9.557234169587158143e-10 5.145978875132902179e-10 1.243237887975540591e-10 1.035441808731019836e-09 1.580211954235240724e-07 8.189493205523036836e-07 0.000000000000000000e+00
0.000000000000000000e+00 0.000000000000000000e+00 0.000000000000000000e+00 0.000000000000000000e+00 0.000000000000000000e+00 0.000000000000000000e+00 -8.207407150861909598e-10 4.363830681307393436e-10 8.213759236655158813e-10 5.290618782712616210e-10 3.597016852069239536e-10 4.472795872490643211e-10 3.447229582784208140e-10 1.838131189981126393e-10 2.052816021706495527e-10 2.956588038095280132e-10 7.741425843813733317e-05 1.578082405483080144e-07 8.191432387053233373e-07 0.000000000000000000e+00
0.000000000000000000e+00 0.000000000000000000e+00 0.000000000000000000e+00 0.000000000000000000e+00 0.000000000000000000e+00 0.000000000000000000e+00 -8.189589831889766191e-11 3.900050879481181340e-10 1.971961903188600696e-10 2.911695165577307604e-10 1.784614174724870205e-10 3.256303696509172554e-10 3.548085791388003132e-10 2.874277757077761844e-10 2.290727620943079685e-10 9.357712742267738030e-11 4.350001407995014436e-10 7.496674203773827556e-06 7.835487012780113503e-01 0.000000000000000000e+00
0.000000000000000000e+00 0.000000000000000000e+00 0.000000000000000000e+00 0.000000000000000000e+00 0.000000000000000000e+00 0.000000000000000000e+00 -2.206630541738375464e-10 2.040728111007984201e-10 2.372857160491910328e-10 2.616286379850059631e-10 1.489315449938888185e-10 2.594822047827324479e-10 3.043528844887117721e-10 2.207235928987766041e-10 1.694282020919730613e-10 7.278326273366417586e-11 3.036284572421232071e-10 1.116228087553092875e-05 3.470563781227951949e+00 0.000000000000000000e+00
0.000000000000000000e+00 0.000000000000000000e+00 0.000000000000000000e+00 0.000000000000000000e+00 0.000000000000000000e+00 0.000000000000000000e+00 -1.572102986492890213e-08 -1.040487780851653938e-08 -5.913211451536613038e-09 -2.239289803014935573e-09 -3.979443353612221112e-09 -1.043885878330111820e-09 -7.364330426911826024e-10 -6.224737100491472524e-10 -2.301158025867666641e-10 -5.466156532870509042e-11 1.323020680240917674e-10 7.380502806611691409e-10 1.062802047405987601e-10 0.000000000000000000e+00
0.000000000000000000e+00 0.000000000000000000e+00 0.000000000000000000e+00 0.000000000000000000e+00 0.000000000000000000e+00 0.000000000000000000e+00 1.498378668880966513e-09 -6.792428512823636922e-09 -7.409083876280065942e-10 -5.157621830792683541e-11 3.556095347189592058e-10 4.236357443431333582e-10 2.345723290488155899e-10 -1.099125071992222286e-10 -6.481541735300012732e-11 -8.618100960709682950e-11 -1.190279895258282800e-09 7.056395605962573864e-10 1.057990733580335480e-10 0.000000000000000000e+00
0.000000000000000000e+00 0.000000000000000000e+00 0.000000000000000000e+00 0.000000000000000000e+00 0.000000000000000000e+00 0.000000000000000000e+00 -4.388234244116071119e-09 -4.547106302089451699e-09 -8.590823785309955248e-10 -5.848289586993668011e-10 6.545572063160237477e-11 3.959110768708478198e-11 -5.612206774530332877e-11 -2.483061425941880831e-10 -9.286427760308477988e-11 -4.071561809022343910e-11 5.066576514723976063e-11 -2.027175506510011392e-10 1.713504220867003648e-07 0.000000000000000000e+00
0.000000000000000000e+00 0.000000000000000000e+00 0.000000000000000000e+00 0.000000000000000000e+00 0.000000000000000000e+00 0.000000000000000000e+00 -1.759378383896364998e-09 -4.138540461133261885e-09 -2.053730022947070542e-10 -3.892713715401148060e-10 5.718425675229572334e-10 2.964464633448285671e-10 1.143858373904166600e-10 -1.301990875286222523e-10 -2.642141753520933868e-11 -6.460052426115250209e-12 1.173984542781215245e-11 -4.461635801937785993e-10 2.845115273116182117e-07 0.000000000000000000e+00
0.000000000000000000e+00 0.000000000000000000e+00 0.000000000000000000e+00 0.000000000000000000e+00 0.000000000000000000e+00 0.000000000000000000e+00 -1.155646481382863970e-07 -5.226241687644536099e-08 -2.442915737555978128e-08 -1.040046298761501926e-08 -1.202050741995156565e-08 -3.622202150755858645e-09 -1.897460896428010837e-09 -1.076415212984251398e-09 -1.702929708815028651e-10 3.730365836978457381e-11 7.418764637854291187e-11 1.350327821587716976e-09 2.371975572623574153e-10 0.000000000000000000e+00
0.000000000000000000e+00 0.000000000000000000e+00 0.000000000000000000e+00 0.000000000000000000e+00 0.000000000000000000e+00 0.000000000000000000e+00 1.505690198159051872e-08 -3.313442442245975397e-08 2.498896941067038734e-09 1.167009310137308459e-08 8.023348291702896814e-11 1.585585754911726504e-09 1.263444297919751868e-09 -1.809339378739652051e-10 -2.393869973836201552e-11 4.548305608839175203e-11 -5.016394114093283854e-08 1.337313836094835196e-09 2.239802831599893710e-10 0.000000000000000000e+00
0.000000000000000000e+00 0.000000000000000000e+00 0.000000000000000000e+00 0.000000000000000000e+00 0.000000000000000000e+00 0.000000000000000000e+00 -2.709166307731807114e-08 -2.064365572084949153e-08 -2.057081889862360493e-09 3.514935209421928785e-09 -1.617193921686936595e-09 2.897835488041816436e-10 5.843716749069448030e-10 -2.922018467633434422e-10 -2.274096194787625415e-11 6.385369635604470063e-11 -2.021355026692683899e-12 3.389933432279475133e-09 1.227199066865019775e-06 0.000000000000000000e+00
0.000000000000000000e+00 0.000000000000000000e+00 0.000000000000000000e+00 0.000000000000000000e+00 0.000000000000000000e+00 0.000000000000000000e+00 -7.513774506531075234e-09 -1.824249699388738518e-08 1.597866195598094070e-09 5.993391363550860528e-09 -1.786142841427913832e-11 1.018131499047723769e-09 1.114560026951241448e-09 -6.698127351156322180e-11 5.069760434415919860e-11 9.078232083557662870e-11 -3.495031423681631620e-11 3.801381498452471240e-09 1.313781199338041013e-06 0.000000000000000000e+00
0.000000000000000000e+00 0.000000000000000000e+00 0.000000000000000000e+00 0.000000000000000000e+00 0.000000000000000000e+00 0.000000000000000000e+00 -7.157389846544219092e-10 -2.561565989698820644e-09 -9.622575503015801137e-10 9.917644597730320942e-10 1.601017470580568365e-10 -1.205961565348431721e-09 -4.893429255691735538e-13 -4.699074886720226291e-11 -4.918341437922012286e-11 8.976837763491408950e-11 -1.919002148438936532e-10 -4.568810723321486805e-08 -1.675723507976053577e-06 0.000000000000000000e+00
0.000000000000000000e+00 0.000000000000000000e+00 0.000000000000000000e+00 0.000000000000000000e+00 0.000000000000000000e+00 0.000000000000000000e+00 7.988783596296517290e-09 -5.350649676985186967e-09 -1.686189034183995102e-09 1.410485157847722217e-10 -1.210975806775694679e-09 -3.190066596172078695e-09 -1.110462117596774840e-09 -4.460915108864908198e-10 -1.101284635941068845e-10 2.295924159821171090e-10 -3.387084661020063614e-03 -4.249167054859464756e-08 -1.669620051446487442e-06 0.000000000000000000e+00
0.000000000000000000e+00 0.000000000000000000e+00 0.000000000000000000e+00 0.000000000000000000e+00 0.000000000000000000e+00 0.000000000000000000e+00 1.813168283656797824e-09 -1.655493764191697261e-09 -1.018002263651740330e-09 2.954664255256320878e-10 -6.177093927256299137e-10 -1.706734525993116718e-09 -6.507800378523757481e-10 -4.491031984382020087e-10 -1.504185661742112376e-10 8.612465537478974632e-11 -1.130576321158996731e-10 -9.424300173559672166e-06 -5.331479833313650829e+00 0.000000000000000000e+00
0.000000000000000000e+00 0.000000000000000000e+00 0.000000000000000000e+00 0.000000000000000000e+00 0.000000000000000000e+00 0.000000000000000000e+00 2.255882156593109798e-09 -1.462149966089178813e-09 -9.803266292085322341e-10 3.523886907123656856e-10 -6.869679356674674012e-10 -1.947079026162054717e-09 -8.175819743219661444e-10 -5.668277965289941411e-10 -2.063094936028245904e-10 4.948897844917484709e-11 -7.195510738003996628e-11 -1.415004040464850587e-05 3.945136592471445169e+01 0.000000000000000000e+00
