0.000000000000000000e+00 0.000000000000000000e+00 0.000000000000000000e+00 0.000000000000000000e+00 0.000000000000000000e+00 0.000000000000000000e+00 4.411185012131476362e-09 2.760372260954001244e-09 3.541496356605900661e-09 2.858201767706189429e-09 4.126911744246149350e-09 3.977651889176335891e-09 3.147738030230398588e-09 2.020859496899676435e-09 1.037598230165078355e-09 5.816315402935469826e-10 1.452767887791235288e-09 2.388481130565535662e-07 7.339205076306056890e-07 0.000000000000000000e+00
0.000000000000000000e+00 0.000000000000000000e+00 0.000000000000000000e+00 0.000000000000000000e+00 0.000000000000000000e+00 0.000000000000000000e+00 -1.236676875714122963e-10 6.126368727598442535e-10 1.328246798956825833e-09 2.017557953698355101e-09 1.662171976402547045e-09 2.133342851546684308e-09 1.488512158667212856e-09 1.125565273532647370e-09 8.941548412207440603e-10 1.295388285728620308e-09 6.070500924459762589e-04 2.379075683599467666e-07 7.323701260087941276e-07 0.000000000000000000e+00
0.000000000000000000e+00 0.000000000000000000e+00 0.000000000000000000e+00 0.000000000000000000e+00 0.000000000000000000e+00 0.000000000000000000e+00 2.667460575921389233e-10 3.302218182984297826e-10 6.803784268380448445e-10 7.750486031285746050e-10 1.016979215196703814e-09 1.336302425296547119e-09 1.283103333377710545e-09 1.082972376414242653e-09 7.965628855704205628e-10 5.682010929440737928e-10 1.250786673470586014e-09 5.999537622314161348e-06 -3.330595130235877832e+00 0.000000000000000000e+00
0.000000000000000000e+00 0.000000000000000000e+00 0.000000000000000000e+00 0.000000000000000000e+00 0.000000000000000000e+00 0.000000000000000000e+00 4.859047521978140399e-11 1.800675899161299828e-10 5.671773414572579814e-10 7.351331306627925370e-10 8.055497623543422844e-10 1.192334523268000794e-09 1.213125683624543850e-09 1.061833191799808514e-09 8.230437624128616336e-10 6.258200609019686736e-10 1.438745416828534615e-09 8.851333542280113141e-06 -2.084747714835168608e+01 0.000000000000000000e+00
0.000000000000000000e+00 0.000000000000000000e+00 0.000000000000000000e+00 0.000000000000000000e+00 0.000000000000000000e+00 0.000000000000000000e+00 -1.251488704079739512e-08 -1.022606434234885219e-08 -1.037356717850052218e-08 -2.111909531519107450e-09 -3.260434906433494812e-09 -2.339840960993870941e-09 -7.076205514924657999e-10 -5.456452010038867533e-10 -2.499739890096804554e-10 -5.249445219543253726e-11 1.236933298363052328e-10 7.346532196429326140e-10 5.852925948850291919e-11 0.000000000000000000e+00
0.000000000000000000e+00 0.000000000000000000e+00 0.000000000000000000e+00 0.000000000000000000e+00 0.000000000000000000e+00 0.000000000000000000e+00 -1.612346973751302196e-09 -7.290608668340518304e-10 -7.024654700243177021e-10 -2.259199942449464969e-10 2.676299323659686625e-10 -4.440519328341166622e-10 2.764118929790174320e-10 5.522234415700472246e-11 -9.625359800576216579e-11 -6.689603787853677000e-11 6.329573091574445656e-09 7.069263483367803248e-10 6.010716133011675356e-11 0.000000000000000000e+00
0.000000000000000000e+00 0.000000000000000000e+00 0.000000000000000000e+00 0.000000000000000000e+00 0.000000000000000000e+00 0.000000000000000000e+00 -3.959068847267530963e-09 -4.047476740155694955e-09 -2.855323903310946762e-09 -5.628210859897860205e-10 -7.259389093274281102e-10 -8.468160229897379598e-10 2.319246747722829188e-11 -1.352528694623674604e-10 -1.240442489826858780e-10 -3.607787510348579499e-11 4.486802445222696836e-11 5.347104911392371025e-10 3.193754155551743874e-07 0.000000000000000000e+00
0.000000000000000000e+00 0.000000000000000000e+00 0.000000000000000000e+00 0.000000000000000000e+00 0.000000000000000000e+00 0.000000000000000000e+00 -2.542437963650086418e-09 -2.508118400145296887e-09 -1.647259332533308114e-09 -2.800464967298866192e-10 -2.647987767361172525e-10 -5.234016320697340999e-10 1.770955661581219336e-10 -5.960729619324553847e-12 -6.108725574485709494e-11 -1.904406087333966235e-12 7.347223274475757870e-12 4.150728290767989046e-10 7.424621983358325477e-07 0.000000000000000000e+00
0.000000000000000000e+00 0.000000000000000000e+00 0.000000000000000000e+00 0.000000000000000000e+00 0.000000000000000000e+00 0.000000000000000000e+00 -8.290385355062425787e-08 -6.222410319156763647e-08 -4.017813450243831905e-08 -1.329954250443547287e-08 -1.624475846911900680e-08 -4.903054849787606732e-09 -7.382648296645707151e-10 -6.971907114357305985e-11 -2.448817049082521579e-10 9.212909166712099090e-11 -1.000167730079497993e-10 1.874666974833560060e-09 -1.071002160018673839e-09 0.000000000000000000e+00
0.000000000000000000e+00 0.000000000000000000e+00 0.000000000000000000e+00 0.000000000000000000e+00 0.000000000000000000e+00 0.000000000000000000e+00 -1.846803205380384774e-08 -1.371532417112080359e-08 2.244320953023902921e-09 5.480031070554552591e-10 3.973207007604893461e-09 -1.707698559461929354e-09 3.902624302487814181e-10 1.986569154190250364e-10 -1.584831066911273943e-10 2.905388822053199024e-10 -2.694105432637675349e-08 1.808722070969352956e-09 -1.061034861112751012e-09 0.000000000000000000e+00
0.000000000000000000e+00 0.000000000000000000e+00 0.000000000000000000e+00 0.000000000000000000e+00 0.000000000000000000e+00 0.000000000000000000e+00 -3.283528930929866527e-08 -2.150884297756386125e-08 -7.040792637276327731e-09 -2.328281223445925042e-09 -1.906725105502011470e-09 -2.476945394924705546e-09 1.355410195631447466e-10 2.195270967418355234e-10 -1.237874735345885818e-10 1.334227765419363121e-10 -1.855174569585866809e-10 -5.452294544305227924e-10 3.316600041976519485e-06 0.000000000000000000e+00
0.000000000000000000e+00 0.000000000000000000e+00 0.000000000000000000e+00 0.000000000000000000e+00 0.000000000000000000e+00 0.000000000000000000e+00 -2.323238205958909724e-08 -1.353115601434381206e-08 -2.012155433201121058e-09 -3.966084570643119699e-10 6.384080916391789888e-10 -1.834667745047496730e-09 3.128901827913705743e-10 2.581438648934368564e-10 -9.995182305782721457e-11 1.617941508096409933e-10 -2.072735493595096503e-10 -1.001524605111421447e-09 6.271231847263996662e-06 0.000000000000000000e+00
0.000000000000000000e+00 0.000000000000000000e+00 0.000000000000000000e+00 0.000000000000000000e+00 0.000000000000000000e+00 0.000000000000000000e+00 -1.562257471910012602e-09 6.901819591208875754e-10 2.203548005397573981e-10 -3.985613578618883286e-10 -6.701996413609507190e-10 -6.748907432985090663e-10 -1.892106985268047210e-10 -7.741758182085098325e-11 -1.626548121036991752e-10 -4.397004535820291080e-11 -5.834861472380443807e-10 -1.567594629583086939e-08 -3.534736690688090090e-07 0.000000000000000000e+00
0.000000000000000000e+00 0.000000000000000000e+00 0.000000000000000000e+00 0.000000000000000000e+00 0.000000000000000000e+00 0.000000000000000000e+00 -7.502917176919658217e-10 2.346569412513270472e-10 -3.738843418248885960e-10 -2.835642311657921507e-09 -7.161394307925722179e-10 -9.923184387610524157e-10 -7.134704016532158297e-10 -4.857489205378173244e-11 -1.405270829308641228e-10 1.644287057243691096e-10 -1.801055327470458059e-03 -1.047403455602672242e-08 -3.522307297215903016e-07 0.000000000000000000e+00
0.000000000000000000e+00 0.000000000000000000e+00 0.000000000000000000e+00 0.000000000000000000e+00 0.000000000000000000e+00 0.000000000000000000e+00 8.702027330059766367e-10 1.320307416083183010e-09 9.016361235945811647e-10 -7.302126148611283387e-10 -2.267224484884439070e-10 -4.810612399625302006e-10 -5.000840019249551149e-11 1.193896675234275962e-10 -1.250458413559054644e-10 -5.144391433796975492e-11 -1.876356835371567759e-10 -2.025846133384051621e-06 -1.691561172101284782e+01 0.000000000000000000e+00
0.000000000000000000e+00 0.000000000000000000e+00 0.000000000000000000e+00 0.000000000000000000e+00 0.000000000000000000e+00 0.000000000000000000e+00 8.414990264946200746e-10 1.263347596169686661e-09 9.858704281260767931e-10 -9.404057423113334092e-10 -2.444567628114815324e-10 -5.176935008830809377e-10 -1.282131089779696929e-10 1.478096207922655176e-10 -1.162696742839647279e-10 -5.503473933848105785e-11 2.621317660404037748e-11 -2.796107013178867662e-06 -8.594312800727277590e+01 0.000000000000000000e+00
