0.000000000000000000e+00 0.000000000000000000e+00 0.000000000000000000e+00 0.000000000000000000e+00 0.000000000000000000e+00 0.000000000000000000e+00 3.344014844059367315e-09 3.993354704441399389e-09 4.059611112897445341e-09 4.027539904785241808e-09 3.710008558093220773e-09 2.456556571677256619e-09 2.139754660107016342e-09 1.889710811807052326e-09 7.347472276810929727e-10 9.687075251965047106e-10 2.080238370898524756e-09 2.979051008464289187e-07 2.949136032750839342e-07 0.000000000000000000e+00
0.000000000000000000e+00 0.000000000000000000e+00 0.000000000000000000e+00 0.000000000000000000e+00 0.000000000000000000e+00 0.000000000000000000e+00 -7.080916150969313403e-10 1.044526948738158485e-09 1.338757302810262177e-09 7.164764949222976420e-10 1.045263614937825633e-09 1.068811140684472792e-09 8.966041185636784514e-10 5.643568721734272113e-10 6.913349935018600537e-10 2.439510460332281727e-09 1.683066816363962964e-03 2.936173250608754000e-07 2.967123496352127305e-07 0.000000000000000000e+00
0.000000000000000000e+00 0.000000000000000000e+00 0.000000000000000000e+00 0.000000000000000000e+00 0.000000000000000000e+00 0.000000000000000000e+00 -4.488231491225368132e-10 3.370765738217885258e-10 6.372456777578027019e-10 3.284949274086005738e-10 4.593109556325620786e-10 4.860480624898031320e-10 7.140398998969387928e-10 6.040029548254101043e-10 6.326709745567168551e-10 9.740862028228131101e-10 2.786476323704563346e-09 4.261299023489527999e-06 -5.944139278485778277e-01 0.000000000000000000e+00
0.000000000000000000e+00 0.000000000000000000e+00 0.000000000000000000e+00 0.000000000000000000e+00 0.000000000000000000e+00 0.000000000000000000e+00 -5.671838136836342195e-10 3.386389214521920052e-10 5.507964524458226341e-10 2.205181762871195721e-10 4.276163886046750003e-10 6.033812323847971073e-10 7.851808980584960008e-10 5.699452844047646237e-10 7.467565773535733346e-10 1.113542166763650696e-09 3.549960659082774218e-09 6.433240339580835465e-06 -1.707317617703864698e+00 0.000000000000000000e+00
0.000000000000000000e+00 0.000000000000000000e+00 0.000000000000000000e+00 0.000000000000000000e+00 0.000000000000000000e+00 0.000000000000000000e+00 6.217372397138761319e-10 -2.426886698434088230e-09 -1.013960688441657295e-08 -4.791339857054825411e-09 -4.011111639789834585e-09 -1.945800608822240463e-09 -1.173808242982920119e-09 -6.678581771665415806e-10 -3.245603248763163506e-10 -3.546327474957655918e-11 1.313543282783471112e-10 7.735562607877333529e-10 -2.190540538335710894e-11 0.000000000000000000e+00
0.000000000000000000e+00 0.000000000000000000e+00 0.000000000000000000e+00 0.000000000000000000e+00 0.000000000000000000e+00 0.000000000000000000e+00 -1.423671686736355158e-09 -3.589490711355571426e-09 -1.341401727964768005e-09 1.398900080243074202e-09 -9.027167118748296602e-10 -2.539755822154431007e-10 1.346748933297665235e-10 -7.312296037788110468e-11 -1.091760890047415566e-10 -6.483863471919282239e-11 -3.905090365503204239e-09 7.331214442862787611e-10 -2.074651733725678549e-11 0.000000000000000000e+00
0.000000000000000000e+00 0.000000000000000000e+00 0.000000000000000000e+00 0.000000000000000000e+00 0.000000000000000000e+00 0.000000000000000000e+00 3.525638645052461862e-10 -1.691991492403080536e-09 -1.786372155410206196e-09 -3.187311954978070564e-10 -1.445631500560895833e-09 -3.589450133133939918e-10 -2.453625022701004517e-10 -2.322125486362313086e-10 -1.273909999539486786e-10 -2.323599582851351747e-11 5.043344493358100167e-11 -8.890029701894539078e-11 2.602017215470256928e-07 0.000000000000000000e+00
0.000000000000000000e+00 0.000000000000000000e+00 0.000000000000000000e+00 0.000000000000000000e+00 0.000000000000000000e+00 0.000000000000000000e+00 5.581518787971310971e-11 -1.949576651003895725e-09 -6.379136153298708364e-10 4.224138076448065442e-10 -9.821782949218105128e-10 -9.751775113790920965e-11 -1.999759771655222153e-11 -9.660607959789147950e-11 -2.899207843340072846e-11 9.368348444236109036e-12 1.149442455729758003e-11 -3.218018370850878402e-10 4.666441616450204676e-07 0.000000000000000000e+00
0.000000000000000000e+00 0.000000000000000000e+00 0.000000000000000000e+00 0.000000000000000000e+00 0.000000000000000000e+00 0.000000000000000000e+00 1.345476466975831632e-08 -1.320139169085924165e-08 -4.460471172765665520e-08 -1.928324233785656345e-08 -1.007308279659225595e-08 -4.308012116932223505e-09 -1.718070282620125247e-09 -2.463087754885862464e-10 -4.644790612804648173e-10 -8.886656531212252935e-11 9.362952962850720680e-11 8.689946084685180845e-10 2.197422918264926035e-09 0.000000000000000000e+00
0.000000000000000000e+00 0.000000000000000000e+00 0.000000000000000000e+00 0.000000000000000000e+00 0.000000000000000000e+00 0.000000000000000000e+00 -1.870288464859712078e-08 -2.129226349446987670e-08 1.307022543859818344e-09 8.272098981796612104e-10 -4.513353371888142577e-09 -2.333764921339615291e-09 6.062140106926679079e-10 -6.282900818730319811e-11 -2.796542952128662609e-10 -1.178252236740840703e-10 7.698039173604543337e-08 8.070029097272896590e-10 2.188348456889844284e-09 0.000000000000000000e+00
0.000000000000000000e+00 0.000000000000000000e+00 0.000000000000000000e+00 0.000000000000000000e+00 0.000000000000000000e+00 0.000000000000000000e+00 -1.876543549710606840e-09 -1.151865264542661739e-08 -4.899988227120291390e-09 -2.455079854007771667e-09 -4.896568719440393562e-09 -2.165430513150654474e-09 3.414540163449166854e-11 -3.148515009950050675e-11 -2.367608530190826558e-10 -6.137328471890497043e-11 7.871242180555149443e-11 -6.595006843172423292e-09 4.941852538452440590e-07 0.000000000000000000e+00
0.000000000000000000e+00 0.000000000000000000e+00 0.000000000000000000e+00 0.000000000000000000e+00 0.000000000000000000e+00 0.000000000000000000e+00 -5.941556350030374464e-09 -1.207566167545605545e-08 6.305870547713710042e-10 -1.088395798985344191e-10 -3.994518027304286303e-09 -1.750269055668781961e-09 4.448208280296004594e-10 -1.763714573226782473e-11 -1.368986507269910198e-10 -3.225486646621595324e-11 7.212777240456057701e-11 -8.270860007199173020e-09 -2.394933023971077825e-07 0.000000000000000000e+00
0.000000000000000000e+00 0.000000000000000000e+00 0.000000000000000000e+00 0.000000000000000000e+00 0.000000000000000000e+00 0.000000000000000000e+00 -1.159372905501600581e-09 -2.937459901402375827e-10 4.324147868672806933e-10 -8.440138956288213006e-10 -1.228673167367844149e-10 -2.671376169637385559e-10 7.240005163563527115e-11 1.420841812923112484e-10 8.437286695295773048e-11 -9.752742794255826457e-11 -5.492135303943332491e-10 -6.620791020437865823e-08 -2.618506058268350792e-06 0.000000000000000000e+00
0.000000000000000000e+00 0.000000000000000000e+00 0.000000000000000000e+00 0.000000000000000000e+00 0.000000000000000000e+00 0.000000000000000000e+00 1.262007415407176794e-09 5.124214846854762275e-10 2.952699137966676259e-10 8.207260336427273461e-10 3.253539120660927675e-10 3.224421180256437571e-10 6.384654734550769140e-10 2.733964114277710093e-10 1.715138773144964920e-11 -9.632996404098268638e-11 1.697435600700681864e-03 -6.990331599208670932e-08 -2.616787183877936382e-06 0.000000000000000000e+00
0.000000000000000000e+00 0.000000000000000000e+00 0.000000000000000000e+00 0.000000000000000000e+00 0.000000000000000000e+00 0.000000000000000000e+00 -1.673226334230825770e-09 4.854116011714187264e-10 8.815818354598805487e-10 -2.983835370216900983e-10 -8.338068836592011726e-11 1.572842981860282263e-10 1.003824434425494228e-10 1.644489678719640833e-10 -6.994801637181353487e-12 -1.120850366084573870e-10 -4.524611913746017975e-10 -7.100686961340594567e-06 -5.626607206962744101e+01 0.000000000000000000e+00
0.000000000000000000e+00 0.000000000000000000e+00 0.000000000000000000e+00 0.000000000000000000e+00 0.000000000000000000e+00 0.000000000000000000e+00 -1.612952567598334414e-09 7.406584693621208211e-10 6.906423164389302848e-10 -3.213628684824091906e-10 -3.375392404917179343e-11 1.952589765815216027e-10 1.420778198669349160e-10 1.910684761769217239e-10 -4.530049482677227175e-11 -1.363895342127899211e-10 -4.890180702543786329e-10 -1.028239700590616437e-05 -2.390275469167550568e+02 0.000000000000000000e+00
