0.000000000000000000e+00 0.000000000000000000e+00 0.000000000000000000e+00 0.000000000000000000e+00 0.000000000000000000e+00 0.000000000000000000e+00 6.311388266561252828e-10 4.899512386545281688e-10 5.535998854348378213e-10 5.698240031064367095e-10 6.413779856283270454e-10 8.302841415376170763e-10 7.859265228902235521e-10 5.512116066928467512e-10 1.333738291997350446e-10 2.143053275529229088e-09 1.410974665067273748e-08 1.825685935992901612e-08 0.000000000000000000e+00 0.000000000000000000e+00
0.000000000000000000e+00 0.000000000000000000e+00 0.000000000000000000e+00 0.000000000000000000e+00 0.000000000000000000e+00 0.000000000000000000e+00 5.586215666433397133e-11 6.894755653778404639e-11 3.134602471295900080e-10 1.066890416094321188e-10 1.924054928598565924e-10 1.818189927636868346e-10 1.228250095001154519e-10 1.659215742760550873e-10 4.215397131527230882e-10 1.966117594179952348e-07 1.191805134144499725e-08 1.796496335870187036e-08 0.000000000000000000e+00 0.000000000000000000e+00
0.000000000000000000e+00 0.000000000000000000e+00 0.000000000000000000e+00 0.000000000000000000e+00 0.000000000000000000e+00 0.000000000000000000e+00 9.405370822549763809e-11 6.037879994011041231e-11 1.358716475819964652e-10 1.003698187482225878e-10 1.157591420502752801e-10 1.527801214708764929e-10 1.902058797350855939e-10 1.755880424997103080e-10 8.830565639960298231e-11 6.462155985213596592e-10 1.163750157297235788e-08 -8.540668086182046093e-02 0.000000000000000000e+00 0.000000000000000000e+00
0.000000000000000000e+00 0.000000000000000000e+00 0.000000000000000000e+00 0.000000000000000000e+00 0.000000000000000000e+00 0.000000000000000000e+00 6.601261240845838295e-11 4.741421035691892959e-11 1.226083112928788746e-10 7.854915268607380201e-11 9.377058780853546968e-11 1.048526357689787445e-10 1.320649475829544770e-10 1.073188184321872395e-10 6.696186007690675070e-11 2.717965686400067690e-10 1.384541122459939978e-08 6.450672454310357740e-02 0.000000000000000000e+00 0.000000000000000000e+00
0.000000000000000000e+00 0.000000000000000000e+00 0.000000000000000000e+00 0.000000000000000000e+00 0.000000000000000000e+00 0.000000000000000000e+00 -2.717596946709334555e-09 -1.332332629220641408e-09 5.756113075809730449e-10 -2.649776488891258069e-09 -1.900132731808895619e-09 -5.428149380196617776e-10 -6.041033216115277616e-10 -3.677316541823930322e-10 -5.285604637106339119e-11 2.686996657577094035e-10 4.277942415400452216e-10 8.754453277987842606e-11 0.000000000000000000e+00 0.000000000000000000e+00
0.000000000000000000e+00 0.000000000000000000e+00 0.000000000000000000e+00 0.000000000000000000e+00 0.000000000000000000e+00 0.000000000000000000e+00 -1.052561997524789144e-09 3.954395317926134283e-09 1.970897246805978384e-09 5.468326976029908460e-10 -2.708153902943583114e-10 3.454794288496518898e-11 8.705256080399701513e-12 -1.405991672494380731e-10 -1.672247923889501911e-10 -1.925009123813136063e-10 3.719504329774122599e-10 8.460268714118140732e-11 0.000000000000000000e+00 0.000000000000000000e+00
0.000000000000000000e+00 0.000000000000000000e+00 0.000000000000000000e+00 0.000000000000000000e+00 0.000000000000000000e+00 0.000000000000000000e+00 -7.140289946415083334e-10 2.127432385684302676e-09 8.570424900459770738e-10 -5.245371951453724901e-10 -4.271485202106954567e-10 -1.589609362312921687e-10 -1.442849910180881237e-10 -1.673224840544364294e-10 -5.273431498534118799e-11 1.085939111946108464e-10 1.301890325355367637e-10 3.300820097236630917e-09 0.000000000000000000e+00 0.000000000000000000e+00
0.000000000000000000e+00 0.000000000000000000e+00 0.000000000000000000e+00 0.000000000000000000e+00 0.000000000000000000e+00 0.000000000000000000e+00 -5.678171091124929592e-10 2.648209782984374748e-09 8.594544509569845204e-10 -1.434867447946841449e-10 -2.213511973049543787e-10 -6.628415967443183110e-11 -4.199275928403106026e-11 -7.961722000304320060e-11 -4.001745948885335020e-12 4.666916911182569780e-11 1.738125626913604360e-11 -5.641837994473068798e-08 0.000000000000000000e+00 0.000000000000000000e+00
0.000000000000000000e+00 0.000000000000000000e+00 0.000000000000000000e+00 0.000000000000000000e+00 0.000000000000000000e+00 0.000000000000000000e+00 -5.960711748241575654e-09 1.767250247170659475e-09 -4.967814182620317144e-09 -8.079453049140612688e-09 -6.809147210034924790e-09 -3.015552526445798772e-09 -1.591556440062348113e-10 2.595247372642853820e-11 -5.935413335784806061e-11 5.432528811213749776e-11 -3.155412630202899024e-10 1.009573219168856295e-09 0.000000000000000000e+00 0.000000000000000000e+00
0.000000000000000000e+00 0.000000000000000000e+00 0.000000000000000000e+00 0.000000000000000000e+00 0.000000000000000000e+00 0.000000000000000000e+00 4.587386008586175066e-09 1.472037489643429654e-08 1.494430011993567130e-09 3.562752273808973477e-09 -2.266705585858933183e-09 -1.590354546952393340e-10 6.500698449655217081e-10 -1.296878880868122845e-11 -2.096329032360800348e-11 1.219839582341046646e-09 -2.778567125066680027e-10 9.588152363411707667e-10 0.000000000000000000e+00 0.000000000000000000e+00
0.000000000000000000e+00 0.000000000000000000e+00 0.000000000000000000e+00 0.000000000000000000e+00 0.000000000000000000e+00 0.000000000000000000e+00 7.108788871144041604e-09 7.464409272238994417e-09 -7.208986945689291340e-10 -1.593498659744642061e-09 -2.256692417390399453e-09 -8.834437837118112715e-10 3.747993937796920114e-10 -4.710089547091494106e-11 -3.460707027850817641e-11 3.445932261137644732e-11 4.023545821877931414e-10 8.110909752768356015e-07 0.000000000000000000e+00 0.000000000000000000e+00
0.000000000000000000e+00 0.000000000000000000e+00 0.000000000000000000e+00 0.000000000000000000e+00 0.000000000000000000e+00 0.000000000000000000e+00 7.898918204909540792e-09 8.258656507024498223e-09 2.377033265623347686e-11 -1.974943237305819718e-10 -1.709922535224060115e-09 -4.288269368141449142e-10 4.479416616029652963e-10 -7.028271534300257605e-11 -1.717502782114163596e-11 2.171920335363448389e-11 5.008233661723965114e-10 -2.296905459584106916e-07 0.000000000000000000e+00 0.000000000000000000e+00
0.000000000000000000e+00 0.000000000000000000e+00 0.000000000000000000e+00 0.000000000000000000e+00 0.000000000000000000e+00 0.000000000000000000e+00 1.217211315410512515e-09 8.049873145823368226e-10 -5.001114819281235961e-10 8.303116346795893605e-10 -2.309206730423527168e-10 3.686674416155384858e-10 2.928286431870942800e-10 5.155915437593248598e-10 -2.476528777795762640e-11 -4.000501600351903501e-10 -4.930911342070933164e-09 -3.034632052713632817e-07 0.000000000000000000e+00 0.000000000000000000e+00
0.000000000000000000e+00 0.000000000000000000e+00 0.000000000000000000e+00 0.000000000000000000e+00 0.000000000000000000e+00 0.000000000000000000e+00 -1.606429646688715664e-09 -1.446961087860876641e-09 -2.235284454523296332e-10 -3.476268300255278387e-10 -2.596938735380346102e-09 -2.276214305522223097e-10 -3.153835571231745399e-10 1.849463413812716807e-10 -2.114117720743779210e-10 -1.442681922823030981e-07 -5.560215238760152989e-09 -2.985396101188079513e-07 0.000000000000000000e+00 0.000000000000000000e+00
0.000000000000000000e+00 0.000000000000000000e+00 0.000000000000000000e+00 0.000000000000000000e+00 0.000000000000000000e+00 0.000000000000000000e+00 4.061281971300604871e-10 3.865780725053234435e-10 5.833645106653863286e-10 6.711821506185675390e-10 -1.001880163525472668e-09 -1.359952960063559210e-10 -2.034270220218387981e-10 2.544210399203351316e-10 -1.051592691359164924e-11 -6.667429546339196872e-10 -7.882948949734719821e-08 -1.190592849448598756e+01 0.000000000000000000e+00 0.000000000000000000e+00
0.000000000000000000e+00 0.000000000000000000e+00 0.000000000000000000e+00 0.000000000000000000e+00 0.000000000000000000e+00 0.000000000000000000e+00 2.415326845227824545e-10 6.728634044797294877e-11 5.374630746109950225e-10 5.301388568544674427e-10 -1.063533379773196288e-09 -1.962881220594537518e-10 -3.129441414475563973e-10 1.604159180277172287e-10 -9.070293149997330725e-11 -7.920211695859561522e-10 -1.325078128887916359e-07 3.737274882247076380e-01 0.000000000000000000e+00 0.000000000000000000e+00
