0.000000000000000000e+00 0.000000000000000000e+00 0.000000000000000000e+00 0.000000000000000000e+00 0.000000000000000000e+00 0.000000000000000000e+00 2.498749370031720686e-10 4.778307211977780981e-10 7.669161142004116893e-10 5.411178659867141713e-10 6.687871096466577787e-10 9.138043884542764388e-10 7.169146009891551671e-10 5.085266903988620868e-10 1.499743282000842538e-10 2.211376715736243908e-09 1.404899652723114094e-08 1.849420518916200095e-08 0.000000000000000000e+00 0.000000000000000000e+00
0.000000000000000000e+00 0.000000000000000000e+00 0.000000000000000000e+00 0.000000000000000000e+00 0.000000000000000000e+00 0.000000000000000000e+00 -8.095775824113711593e-12 5.203182566817738875e-10 2.021112039033639117e-10 4.597111731885989181e-11 1.144319517223779997e-10 2.682833980698931817e-10 9.591743737965791359e-11 1.752155722306675532e-10 7.306974624685971089e-10 3.664699870357043754e-07 1.251425490875220677e-08 1.843665670121632244e-08 0.000000000000000000e+00 0.000000000000000000e+00
0.000000000000000000e+00 0.000000000000000000e+00 0.000000000000000000e+00 0.000000000000000000e+00 0.000000000000000000e+00 0.000000000000000000e+00 4.905704689543398351e-11 1.943676855707331657e-10 8.089962630787044962e-11 4.747497273738233070e-11 7.350899856646542295e-11 1.551487702718284058e-10 1.439836001652662537e-10 1.526460492568079386e-10 1.228292406016887782e-10 6.977545125559158438e-10 3.311552320035968171e-08 -1.552282181345479017e-01 0.000000000000000000e+00 0.000000000000000000e+00
0.000000000000000000e+00 0.000000000000000000e+00 0.000000000000000000e+00 0.000000000000000000e+00 0.000000000000000000e+00 0.000000000000000000e+00 4.858790011112872948e-11 1.950291746046527416e-10 5.709675614449396772e-11 3.402306934160633213e-11 5.490450840493071111e-11 1.171014886205084712e-10 9.440278418609522613e-11 8.073925384866329341e-11 8.024507000784658833e-11 3.286548791116512132e-10 5.100867420719033272e-08 -1.498304785071427059e-01 0.000000000000000000e+00 0.000000000000000000e+00
0.000000000000000000e+00 0.000000000000000000e+00 0.000000000000000000e+00 0.000000000000000000e+00 0.000000000000000000e+00 0.000000000000000000e+00 8.559519498918328251e-09 -6.207889957115179678e-10 -4.506301183672415075e-09 -3.567074271605626602e-09 -5.881281490392157024e-10 -7.994914035751880641e-10 -6.487359609603360839e-10 -2.130282885476864752e-10 -4.630154291406777655e-11 2.720401004978614553e-10 4.289544063799685419e-10 1.626167248060796476e-10 0.000000000000000000e+00 0.000000000000000000e+00
0.000000000000000000e+00 0.000000000000000000e+00 0.000000000000000000e+00 0.000000000000000000e+00 0.000000000000000000e+00 0.000000000000000000e+00 4.703451135928363120e-09 -1.146807755027560129e-09 -1.620893661194604254e-09 -4.921585219298956124e-10 -5.239911543283380725e-10 -3.111934607063196965e-10 3.244039806902748888e-11 -7.351829182745121443e-11 -1.960506588162898648e-10 -1.032381508524398928e-10 3.767846731411771054e-10 1.579622213158098798e-10 0.000000000000000000e+00 0.000000000000000000e+00
0.000000000000000000e+00 0.000000000000000000e+00 0.000000000000000000e+00 0.000000000000000000e+00 0.000000000000000000e+00 0.000000000000000000e+00 4.852197720842722542e-09 -1.304601392752231535e-09 -1.085922714293233833e-09 -1.042552749628348920e-09 -5.424617232594732711e-10 -3.246165516473896934e-10 -1.512997500474650273e-10 -8.183331406165216564e-11 -6.132797503605272890e-11 9.187744041071063766e-11 1.451270491258428283e-10 3.550712894708354859e-08 0.000000000000000000e+00 0.000000000000000000e+00
0.000000000000000000e+00 0.000000000000000000e+00 0.000000000000000000e+00 0.000000000000000000e+00 0.000000000000000000e+00 0.000000000000000000e+00 5.126248767219453314e-09 -1.255741434030397839e-09 -8.387608054158656474e-10 -7.661818557218116857e-10 -5.395968529052574620e-10 -2.238598674655174971e-10 -1.596104144055685851e-11 -1.961732666820165587e-11 -1.857983744750041555e-11 2.477845991868116667e-11 2.344241249074314324e-11 5.879008256403377888e-08 0.000000000000000000e+00 0.000000000000000000e+00
0.000000000000000000e+00 0.000000000000000000e+00 0.000000000000000000e+00 0.000000000000000000e+00 0.000000000000000000e+00 0.000000000000000000e+00 1.879824720003642245e-08 -3.351796078551466393e-09 -9.827059965532547075e-09 -1.416825388013562461e-08 -2.840789114040373251e-09 -3.004317021880607307e-09 3.352924513591096055e-11 -4.415380728227690836e-10 -5.270137638877059272e-11 -5.677852356876518584e-11 3.464318846065168343e-10 1.220723462677835887e-11 0.000000000000000000e+00 0.000000000000000000e+00
0.000000000000000000e+00 0.000000000000000000e+00 0.000000000000000000e+00 0.000000000000000000e+00 0.000000000000000000e+00 0.000000000000000000e+00 9.828756363280238279e-09 1.364043575164806388e-08 -1.355588123996731755e-09 2.755528738571495962e-09 -6.147759851262124824e-10 -8.242666541597408109e-10 2.698979296398293283e-10 -3.088568883112541255e-10 -8.724931897718921212e-11 -3.280232020338863489e-09 5.538203199854463103e-10 -6.698870266362153718e-11 0.000000000000000000e+00 0.000000000000000000e+00
0.000000000000000000e+00 0.000000000000000000e+00 0.000000000000000000e+00 0.000000000000000000e+00 0.000000000000000000e+00 0.000000000000000000e+00 8.465750459130178261e-09 5.283526617412519995e-09 -2.737811669171200465e-09 -1.892617691969611206e-09 -9.860273452834456558e-10 -9.492232627687650034e-10 2.946653268788425188e-10 -2.424272478681780397e-10 -1.321518036402736805e-11 -2.758221075551964526e-11 1.476239990402835116e-09 -1.670826449000727042e-06 0.000000000000000000e+00 0.000000000000000000e+00
0.000000000000000000e+00 0.000000000000000000e+00 0.000000000000000000e+00 0.000000000000000000e+00 0.000000000000000000e+00 0.000000000000000000e+00 8.808173109384786686e-09 6.661107638639458084e-09 -1.821159042317405226e-09 -5.833116970350691659e-10 -7.973723012627658757e-10 -5.817092642210383134e-10 3.134351375199610119e-10 -1.256832440282499864e-10 -3.839155197700077971e-11 -6.803129357137460738e-11 1.927730561348457772e-09 -2.042514815712557136e-06 0.000000000000000000e+00 0.000000000000000000e+00
0.000000000000000000e+00 0.000000000000000000e+00 0.000000000000000000e+00 0.000000000000000000e+00 0.000000000000000000e+00 0.000000000000000000e+00 1.093206980154389726e-09 2.863250945550609863e-09 4.409129511882667047e-11 -3.361331319596995331e-10 -4.437770632091171095e-10 -2.604474682940581340e-10 -5.720448326942441260e-10 -9.739697034796030038e-11 -2.423351207376079001e-10 -7.833651184424173869e-10 -1.055916992704237306e-09 -8.800617533388076865e-07 0.000000000000000000e+00 0.000000000000000000e+00
0.000000000000000000e+00 0.000000000000000000e+00 0.000000000000000000e+00 0.000000000000000000e+00 0.000000000000000000e+00 0.000000000000000000e+00 5.334369920258362534e-10 2.361649179472332672e-10 -5.346903984501921550e-09 9.491699047412513908e-12 -1.878434580356543203e-09 -1.331852445061804858e-10 -4.403555764833525451e-10 -1.020563798204064343e-10 9.081911092435514735e-11 -1.896196262935661332e-06 -2.513775209745247750e-09 -8.763761087950755558e-07 0.000000000000000000e+00 0.000000000000000000e+00
0.000000000000000000e+00 0.000000000000000000e+00 0.000000000000000000e+00 0.000000000000000000e+00 0.000000000000000000e+00 0.000000000000000000e+00 8.439925466224434922e-10 -1.085695123484800106e-09 -2.270933594738756224e-09 -3.741627426105914566e-10 -9.846682568767171494e-10 1.327056670135963542e-10 -6.554850229842777320e-10 -1.839490793703038287e-10 -2.213287510160861904e-10 -5.455162831174914936e-10 -1.280847093615015404e-07 9.439179836089834907e+00 0.000000000000000000e+00 0.000000000000000000e+00
0.000000000000000000e+00 0.000000000000000000e+00 0.000000000000000000e+00 0.000000000000000000e+00 0.000000000000000000e+00 0.000000000000000000e+00 7.156366322199153663e-10 -1.251080940990025628e-09 -2.274779298290493602e-09 -4.335778483753246876e-10 -9.552846664777067052e-10 1.819104036355542993e-10 -7.130209489427207755e-10 -2.102055858169353808e-10 -2.715701188173471436e-10 -2.987460210174498657e-10 -2.252257733231760557e-07 1.364773466361751986e+01 0.000000000000000000e+00 0.000000000000000000e+00
