0.000000000000000000e+00 0.000000000000000000e+00 0.000000000000000000e+00 0.000000000000000000e+00 0.000000000000000000e+00 0.000000000000000000e+00 5.346133244952244283e-09 9.007056281795748818e-09 6.447626570232632779e-09 4.293907794036491660e-09 4.361007647757924565e-09 5.991708148573469557e-09 4.961891188598179748e-09 3.713781427855633039e-09 1.968509762135303084e-09 4.169084983385228484e-10 3.940864582327943195e-09 3.161133590381419979e-07 4.044731574135486282e-07 0.000000000000000000e+00
0.000000000000000000e+00 0.000000000000000000e+00 0.000000000000000000e+00 0.000000000000000000e+00 0.000000000000000000e+00 0.000000000000000000e+00 1.339906300872140192e-09 1.001461819495770773e-09 2.362568027623636404e-10 1.556491321792913725e-09 1.122697209768712277e-09 1.344914690031150037e-09 1.063907549576127161e-09 8.018397109857247124e-10 7.365147894960780656e-10 1.122162376415523072e-09 1.136391953569813250e-04 3.123958872184617356e-07 4.057215503182986965e-07 0.000000000000000000e+00
0.000000000000000000e+00 0.000000000000000000e+00 0.000000000000000000e+00 0.000000000000000000e+00 0.000000000000000000e+00 0.000000000000000000e+00 2.521464905902415511e-09 1.790938007439431030e-09 6.444650580127404188e-10 1.203353550174311647e-09 8.237653773978899039e-10 1.352425879284998212e-09 1.328235437301085965e-09 1.213731969831299195e-09 8.231215131949752441e-10 3.030677407978276247e-10 1.504367453033000260e-09 4.708178169735634548e-06 3.508869123608598528e+01 0.000000000000000000e+00
0.000000000000000000e+00 0.000000000000000000e+00 0.000000000000000000e+00 0.000000000000000000e+00 0.000000000000000000e+00 0.000000000000000000e+00 2.075797924034495317e-09 9.508737587514252985e-10 2.901346566168117388e-10 9.604419184045988816e-10 5.748212674468914861e-10 9.904673505963854096e-10 1.007043745945318241e-09 9.195067027955785219e-10 5.549342483826349199e-10 2.088952198076462092e-10 7.701907532644131103e-10 6.795293878739504657e-06 1.486124685782449717e+02 0.000000000000000000e+00
0.000000000000000000e+00 0.000000000000000000e+00 0.000000000000000000e+00 0.000000000000000000e+00 0.000000000000000000e+00 0.000000000000000000e+00 9.725359398569993135e-09 -1.936944439415492571e-08 -7.752483281448205714e-09 -4.711221907590278347e-09 -4.728520234146850917e-09 -3.804530168845126437e-09 -2.402029849197859572e-09 -9.385519990408936410e-10 -5.235710647170299608e-10 -1.071916573557263862e-10 2.551161770190677056e-10 1.185672130643266596e-09 2.255454483038406499e-10 0.000000000000000000e+00
0.000000000000000000e+00 0.000000000000000000e+00 0.000000000000000000e+00 0.000000000000000000e+00 0.000000000000000000e+00 0.000000000000000000e+00 7.945146251199301515e-09 -4.189019524747717698e-09 5.510499702874683674e-10 3.790564035130075053e-09 3.913094287118436886e-10 -1.101820873365129679e-10 -1.587054087183809254e-10 -9.597652559997060790e-11 -1.611805955117150915e-10 -1.829911589715619795e-10 -4.109253850214948712e-10 1.134243295506876323e-09 2.266107701633709095e-10 0.000000000000000000e+00
0.000000000000000000e+00 0.000000000000000000e+00 0.000000000000000000e+00 0.000000000000000000e+00 0.000000000000000000e+00 0.000000000000000000e+00 1.028100992191941874e-08 -8.758360893659659586e-09 -1.106298471170182845e-09 1.819023920480970285e-11 -7.035783375184167128e-10 -1.254927182624577060e-09 -9.653110170184035388e-10 -3.620949824582261422e-10 -2.208526254338441614e-10 -8.812766996483003432e-11 1.073709464011667546e-10 1.037459458277218661e-09 -4.038710443241362730e-07 0.000000000000000000e+00
0.000000000000000000e+00 0.000000000000000000e+00 0.000000000000000000e+00 0.000000000000000000e+00 0.000000000000000000e+00 0.000000000000000000e+00 9.762263207782663976e-09 -6.370448809333177378e-09 -2.674656345061214259e-10 1.182765940944223722e-09 -4.258255604822059596e-11 -6.873636989419640660e-10 -5.833449810246820080e-10 -1.703185690288532044e-10 -6.973885340222263450e-11 -2.574468405334787220e-11 3.532048897778997933e-11 9.509645193760120300e-10 -7.532431417067526965e-07 0.000000000000000000e+00
0.000000000000000000e+00 0.000000000000000000e+00 0.000000000000000000e+00 0.000000000000000000e+00 0.000000000000000000e+00 0.000000000000000000e+00 -6.698610227238198909e-09 -7.812411940551826775e-08 -4.475949802310581860e-08 -2.859107266122227191e-08 -2.233397379859338095e-08 -7.837117421552738785e-09 -8.585906058250426981e-10 -9.033072071544683312e-10 -7.124742772736854526e-10 -2.232426874077033876e-11 3.623667806807675509e-11 -5.908014462021801436e-10 2.882557948211491058e-10 0.000000000000000000e+00
0.000000000000000000e+00 0.000000000000000000e+00 0.000000000000000000e+00 0.000000000000000000e+00 0.000000000000000000e+00 0.000000000000000000e+00 1.279829038723943354e-08 -2.394634435658895472e-08 4.791653898741478296e-09 5.059257994284124421e-09 6.906481578775555274e-10 9.163358258301516122e-10 4.159160536958562936e-10 3.118835881169932108e-10 -2.400198593700893606e-10 -1.101181638851165199e-10 2.114356069110661185e-08 -6.668380540564283185e-10 2.756298955137255922e-10 0.000000000000000000e+00
0.000000000000000000e+00 0.000000000000000000e+00 0.000000000000000000e+00 0.000000000000000000e+00 0.000000000000000000e+00 0.000000000000000000e+00 1.143211717318203066e-08 -3.630575286551106498e-08 -4.268465451311762085e-09 -7.835259777905830919e-09 -4.317914516012411151e-09 -1.633151398256742421e-09 5.497831958281495413e-11 -5.333415545432051742e-12 -3.262151089506674907e-10 -1.757388879421648853e-11 -1.284942772901242625e-10 -1.218167365480851557e-09 -6.887908955433457387e-06 0.000000000000000000e+00
0.000000000000000000e+00 0.000000000000000000e+00 0.000000000000000000e+00 0.000000000000000000e+00 0.000000000000000000e+00 0.000000000000000000e+00 1.390375139233351319e-08 -2.729776811671519385e-08 1.381513858600079479e-09 -3.054759228258379480e-09 -1.375791734677802023e-09 -3.670929512889706095e-10 1.824017239232360089e-10 2.653794916375806468e-10 -1.282739436890107879e-10 4.109602041707563382e-11 -1.878851957026948243e-10 -1.201492445017596187e-09 -1.468548069236641385e-05 0.000000000000000000e+00
0.000000000000000000e+00 0.000000000000000000e+00 0.000000000000000000e+00 0.000000000000000000e+00 0.000000000000000000e+00 0.000000000000000000e+00 -4.113015149386701032e-09 1.463264791366809626e-10 -1.189098122544078201e-09 1.200866949015307107e-09 4.996118006162864298e-11 -1.844951935834710189e-10 2.848105818756128800e-10 -3.519421525378148721e-10 8.016355967444867754e-14 -7.441978695112578772e-11 -7.358819136935638618e-10 -5.316695479149529890e-09 4.985207991352662182e-07 0.000000000000000000e+00
0.000000000000000000e+00 0.000000000000000000e+00 0.000000000000000000e+00 0.000000000000000000e+00 0.000000000000000000e+00 0.000000000000000000e+00 4.082819581925927061e-09 1.797263907920220097e-09 -8.896224327780588358e-10 1.846552334414404680e-09 -2.001477020446323974e-10 5.964082880484699460e-10 1.049560332995230370e-09 -6.118751306954233338e-10 1.549463330598633403e-11 1.114944719546080672e-11 -2.997759812760047429e-04 -5.877712287666489607e-09 5.059623732433296870e-07 0.000000000000000000e+00
0.000000000000000000e+00 0.000000000000000000e+00 0.000000000000000000e+00 0.000000000000000000e+00 0.000000000000000000e+00 0.000000000000000000e+00 4.296670735144104766e-10 1.506163815776829543e-09 6.593352163135081203e-10 4.959614365977045168e-10 -6.959227864554360083e-11 -1.340405562885510687e-10 7.549213191480631142e-10 -4.388430064936158917e-10 9.697132312922677602e-12 -5.998794728375724110e-11 -3.551153296431636311e-10 -8.427475594653494575e-07 -2.290289044413614761e+02 0.000000000000000000e+00
0.000000000000000000e+00 0.000000000000000000e+00 0.000000000000000000e+00 0.000000000000000000e+00 0.000000000000000000e+00 0.000000000000000000e+00 8.139472040240510834e-10 1.768595474236002212e-09 1.024955655313276795e-09 4.059787542248451336e-10 -2.341851939052773759e-10 -7.009280129315268807e-11 8.477456820688321498e-10 -4.893764816482424195e-10 -2.346048562186946129e-11 -1.191424173345547831e-10 -3.310875511774986701e-10 -1.560626596726111641e-06 -1.022697249513207112e+03 0.000000000000000000e+00
