0.000000000000000000e+00 0.000000000000000000e+00 0.000000000000000000e+00 0.000000000000000000e+00 0.000000000000000000e+00 0.000000000000000000e+00 1.353345885557600400e-08 7.041576399564036202e-09 1.403099548624448298e-08 9.751650454678575385e-09 1.146861738322585793e-08 1.151197685668657819e-08 9.786221003486017086e-09 6.993804972132879414e-09 3.549300762329692788e-09 9.014219652784567474e-10 7.465152192586056158e-09 5.356336738355591139e-07 -1.926787074007785329e-07 0.000000000000000000e+00
0.000000000000000000e+00 0.000000000000000000e+00 0.000000000000000000e+00 0.000000000000000000e+00 0.000000000000000000e+00 0.000000000000000000e+00 4.214162626946751232e-09 4.459048977833628688e-09 1.136343841075348828e-09 1.710207048490610368e-09 2.379566065483389079e-09 2.379372171208261246e-09 1.559907163473731962e-09 1.283072599089801264e-09 1.546269841011560192e-09 2.959552985764762123e-09 2.510698315294827799e-04 5.233071463100023216e-07 -1.905281371383467560e-07 0.000000000000000000e+00
0.000000000000000000e+00 0.000000000000000000e+00 0.000000000000000000e+00 0.000000000000000000e+00 0.000000000000000000e+00 0.000000000000000000e+00 2.394113787739294133e-09 3.136558582017884414e-09 1.891652221855988300e-09 1.858811859894164441e-09 2.286089373094388991e-09 2.723476562606443802e-09 2.584764310954890727e-09 2.104162002429978828e-09 1.460895688241697557e-09 6.971107831093825160e-10 3.168586008059217070e-09 2.907532895570232013e-06 -4.185916061456040893e+00 0.000000000000000000e+00
0.000000000000000000e+00 0.000000000000000000e+00 0.000000000000000000e+00 0.000000000000000000e+00 0.000000000000000000e+00 0.000000000000000000e+00 1.556946923633370798e-09 2.597444320706501050e-09 8.917872051583551845e-10 1.191648536404264308e-09 1.467717843855540811e-09 1.862710449843975756e-09 1.753320579467679083e-09 1.432917607311681159e-09 1.004643326136840619e-09 6.023794649380512417e-10 2.063412449259334587e-09 4.112640474152612770e-06 5.005966660309809413e+00 0.000000000000000000e+00
0.000000000000000000e+00 0.000000000000000000e+00 0.000000000000000000e+00 0.000000000000000000e+00 0.000000000000000000e+00 0.000000000000000000e+00 1.448928986566761027e-08 6.531748698300080469e-09 -1.038350862478694291e-08 -7.150157408234707950e-09 -4.233799435384495951e-09 -3.295279745189017201e-09 -2.103281390823636545e-09 -1.261021407022437580e-09 -5.982004898230806183e-10 -1.241754518123258662e-10 3.014260540775246303e-10 1.356220040010240981e-09 7.954307864218502618e-11 0.000000000000000000e+00
0.000000000000000000e+00 0.000000000000000000e+00 0.000000000000000000e+00 0.000000000000000000e+00 0.000000000000000000e+00 0.000000000000000000e+00 -2.886523102854504828e-08 1.564035173131465358e-08 1.601199853651019679e-09 2.180376003551079172e-09 8.393246268693952820e-10 5.913591493532271181e-10 1.118713793542759489e-10 -1.629017524496947280e-10 -2.274046521581793267e-10 -1.803162799854829822e-10 1.739797605546670960e-09 1.294881812356310185e-09 7.765631556577965350e-11 0.000000000000000000e+00
0.000000000000000000e+00 0.000000000000000000e+00 0.000000000000000000e+00 0.000000000000000000e+00 0.000000000000000000e+00 0.000000000000000000e+00 -6.380148895464391889e-09 4.982302979085908853e-09 -1.679870883110022812e-09 -4.904718565767788748e-10 -6.817578149667878893e-10 -6.390849065570427662e-10 -6.325567564121223701e-10 -5.105983935862327966e-10 -3.035587856397213745e-10 -8.806318372376629820e-11 1.376664555842853880e-10 1.041289796638577426e-09 3.088577634481029408e-07 0.000000000000000000e+00
0.000000000000000000e+00 0.000000000000000000e+00 0.000000000000000000e+00 0.000000000000000000e+00 0.000000000000000000e+00 0.000000000000000000e+00 -1.189158629340579923e-08 5.833930840198259429e-09 -5.129188913295795143e-11 9.332509783849646786e-10 -9.177999250313914801e-11 1.471669822042928900e-11 -2.346163901470420653e-10 -2.502678371075023738e-10 -1.411437951213251298e-10 -1.426965578739447469e-11 5.583615384537951039e-11 8.796574376679961949e-10 5.344308373541120437e-07 0.000000000000000000e+00
0.000000000000000000e+00 0.000000000000000000e+00 0.000000000000000000e+00 0.000000000000000000e+00 0.000000000000000000e+00 0.000000000000000000e+00 -7.419658449011577484e-08 7.175794201009981020e-08 -9.936911964525213933e-08 6.340035376759108897e-09 -1.179676930801729814e-08 8.889451507428066607e-10 -6.502391324993870932e-09 -2.198980057205169346e-09 -3.589893137324144752e-11 2.174431863534061101e-10 1.058281971837998270e-10 1.310108558050962437e-09 1.044100082091397229e-09 0.000000000000000000e+00
0.000000000000000000e+00 0.000000000000000000e+00 0.000000000000000000e+00 0.000000000000000000e+00 0.000000000000000000e+00 0.000000000000000000e+00 -4.744608514610807881e-08 1.143909181527339126e-07 -5.863150591045283640e-09 2.486513036197100647e-08 9.689850059563822960e-09 -3.984056121998276533e-10 -6.330056705895160240e-10 -3.394313047375557104e-10 -4.184170727216067278e-10 4.208096480399900685e-10 -5.141228326506142290e-08 1.323232696945173010e-09 1.091829661230851863e-09 0.000000000000000000e+00
0.000000000000000000e+00 0.000000000000000000e+00 0.000000000000000000e+00 0.000000000000000000e+00 0.000000000000000000e+00 0.000000000000000000e+00 -3.598381520706907274e-08 7.447360780564785663e-08 -1.989813163956518309e-08 2.080918763781587014e-08 3.694980621766578475e-09 2.147095279588418320e-09 -2.611994528121000002e-09 -6.114600578433669877e-10 -3.506867078066491094e-10 2.571325067342113607e-10 -7.187416602920824563e-11 -7.047741628286135048e-09 1.320041292656362425e-07 0.000000000000000000e+00
0.000000000000000000e+00 0.000000000000000000e+00 0.000000000000000000e+00 0.000000000000000000e+00 0.000000000000000000e+00 0.000000000000000000e+00 -3.083586967107009803e-08 7.517026699711510490e-08 -8.488273097209893994e-09 2.243817380782083185e-08 6.229848715575227718e-09 1.805869996629091031e-09 -1.533516016046288169e-09 -1.542801781617785580e-10 -5.192885112809333844e-10 2.784608627626390509e-10 -1.503330313908840541e-10 -9.498249075006693202e-09 -5.787616197308638334e-07 0.000000000000000000e+00
0.000000000000000000e+00 0.000000000000000000e+00 0.000000000000000000e+00 0.000000000000000000e+00 0.000000000000000000e+00 0.000000000000000000e+00 -3.622166997446265136e-09 1.793063163827497895e-09 7.480476134856141142e-10 -4.886183867519874139e-10 -1.697563221674013228e-10 -8.858422458348746375e-12 -5.959636496289606946e-10 -3.264333787754077422e-10 -4.837803058106666468e-10 -2.824106288947095547e-10 -9.146918101592091794e-10 -1.202302263178960985e-08 -5.539941139106794699e-07 0.000000000000000000e+00
0.000000000000000000e+00 0.000000000000000000e+00 0.000000000000000000e+00 0.000000000000000000e+00 0.000000000000000000e+00 0.000000000000000000e+00 -1.013982824317247685e-08 1.759557800761088047e-09 4.129665594354543307e-09 -2.178303297469529480e-10 -7.503314028752388273e-10 -2.336206292894830592e-10 -4.599978178554566844e-10 -7.514072266438759229e-10 -6.315695040019847628e-10 -1.675402378494207835e-10 -3.471425701617983535e-04 -4.346556568549841290e-09 -5.458107523203590474e-07 0.000000000000000000e+00
0.000000000000000000e+00 0.000000000000000000e+00 0.000000000000000000e+00 0.000000000000000000e+00 0.000000000000000000e+00 0.000000000000000000e+00 -3.342172712704641263e-09 -5.079737424993050941e-10 3.332286552013626459e-10 -1.686654236537357776e-10 3.249988777503529627e-10 5.588673756544319500e-10 -5.796104634762604480e-10 -3.444100478413583696e-10 -5.111499267446361135e-10 -2.914792022932358916e-10 -6.029253589295381400e-10 -2.829985940749704455e-06 -2.148331280009541615e+02 0.000000000000000000e+00
0.000000000000000000e+00 0.000000000000000000e+00 0.000000000000000000e+00 0.000000000000000000e+00 0.000000000000000000e+00 0.000000000000000000e+00 -3.329353317040491066e-09 -5.997409251129744919e-10 8.029005624896202915e-10 3.384448816645086205e-11 2.995232243676018721e-10 5.380250294371741515e-10 -6.727408959015059454e-10 -4.855867571437888922e-10 -5.825083504588035631e-10 -3.640223562077253080e-10 -5.678617768950201069e-10 -4.605533126495993997e-06 -8.649083367371544000e+02 0.000000000000000000e+00
