0.000000000000000000e+00 0.000000000000000000e+00 0.000000000000000000e+00 0.000000000000000000e+00 0.000000000000000000e+00 0.000000000000000000e+00 3.982491069341653957e-09 3.526640408399247213e-09 1.786785009377028868e-09 2.147839608121381858e-09 2.541326702508434445e-09 2.620205358883581626e-09 2.099995621213889323e-09 1.338482535526891029e-09 6.566556674063249691e-10 3.188695076241191584e-10 1.365459941080157155e-09 1.862078118740540641e-07 7.247581659877962707e-07 0.000000000000000000e+00
0.000000000000000000e+00 0.000000000000000000e+00 0.000000000000000000e+00 0.000000000000000000e+00 0.000000000000000000e+00 0.000000000000000000e+00 8.798445012815604572e-10 -1.254024630711193683e-11 4.190048258606111048e-10 7.238619122734856987e-10 6.564617644007238070e-10 7.273446791446022464e-10 5.446582471074320327e-10 4.246250118791609594e-10 4.261106067564388245e-10 7.954352170990157618e-10 1.379298371377154716e-04 1.849578131731599422e-07 7.237306985210460974e-07 0.000000000000000000e+00
0.000000000000000000e+00 0.000000000000000000e+00 0.000000000000000000e+00 0.000000000000000000e+00 0.000000000000000000e+00 0.000000000000000000e+00 7.738045590506479145e-10 3.098815927907981154e-10 1.051172743045409773e-10 4.189813862571780997e-10 5.063215234207827932e-10 5.721443679477103874e-10 5.968193774066896644e-10 5.179851935421053225e-10 3.738538153332109354e-10 2.966308044109923514e-10 8.518727057783893950e-10 6.541740873730105888e-06 -1.556308437156285862e+00 0.000000000000000000e+00
0.000000000000000000e+00 0.000000000000000000e+00 0.000000000000000000e+00 0.000000000000000000e+00 0.000000000000000000e+00 0.000000000000000000e+00 6.877712569900994644e-10 3.349126892491472963e-11 7.985203901031745784e-11 3.739749822793568282e-10 3.825094235820910188e-10 4.279516493503394446e-10 4.928593348888233346e-10 4.279951643300504883e-10 3.308690579656655190e-10 3.017552530873368503e-10 8.491596532053903079e-10 9.801382690423597339e-06 -5.414987026385631452e+00 0.000000000000000000e+00
0.000000000000000000e+00 0.000000000000000000e+00 0.000000000000000000e+00 0.000000000000000000e+00 0.000000000000000000e+00 0.000000000000000000e+00 -1.391454731699213653e-08 -6.538738311948709954e-09 -9.101154661796401605e-09 -3.523486762958488224e-09 -4.782930727484682196e-09 -2.091214342433506794e-09 -6.466539044572455023e-10 -5.072754547439569416e-10 -2.549531314297084507e-10 -4.755136990261303034e-11 1.334919926374324455e-10 7.512021279911090897e-10 6.822180784648538032e-11 0.000000000000000000e+00
0.000000000000000000e+00 0.000000000000000000e+00 0.000000000000000000e+00 0.000000000000000000e+00 0.000000000000000000e+00 0.000000000000000000e+00 -4.716944167972875844e-09 6.336960810082296710e-09 3.805684284003641095e-09 -8.451822647172679395e-10 -1.047281434967178103e-09 -2.488887316641873390e-10 1.858788652949335152e-10 -9.105306742781210794e-12 -1.023520672861673189e-10 -7.033217449712279700e-11 -9.910948628840107785e-10 7.189511213579175908e-10 7.054409623004749298e-11 0.000000000000000000e+00
0.000000000000000000e+00 0.000000000000000000e+00 0.000000000000000000e+00 0.000000000000000000e+00 0.000000000000000000e+00 0.000000000000000000e+00 -4.975486620941609457e-09 6.614160661815823450e-10 -8.150687840625023668e-10 -1.751078895658102057e-09 -1.902547242116913924e-09 -9.255545990088629794e-10 -8.294119090304421775e-11 -1.420707079947421058e-10 -1.295492015692385867e-10 -3.278659258944469215e-11 4.296544094761489062e-11 2.329932371409155060e-10 3.410087735527636199e-08 0.000000000000000000e+00
0.000000000000000000e+00 0.000000000000000000e+00 0.000000000000000000e+00 0.000000000000000000e+00 0.000000000000000000e+00 0.000000000000000000e+00 -3.547821694144230019e-09 2.211565007957193050e-09 9.226349854034259362e-10 -1.294042412301073148e-09 -1.381572769672039587e-09 -6.271131505028358459e-10 5.722337932892708730e-11 -2.789760975568695735e-11 -6.115707516469916608e-11 2.636588263789856882e-12 -1.045023776055969089e-13 6.802781264074631657e-11 3.846190937284750338e-08 0.000000000000000000e+00
0.000000000000000000e+00 0.000000000000000000e+00 0.000000000000000000e+00 0.000000000000000000e+00 0.000000000000000000e+00 0.000000000000000000e+00 -7.388112761998836879e-08 -4.251219772631231974e-08 -4.161793928029605953e-08 -8.627710222205332506e-09 -1.560693644292645348e-08 -7.505088569847991315e-09 -1.202415068138720817e-09 -2.026039211097215907e-10 -3.171472737433654069e-10 4.731737866482855190e-11 6.928614390084735696e-11 1.010106230773066971e-09 -6.393356078108569687e-10 0.000000000000000000e+00
0.000000000000000000e+00 0.000000000000000000e+00 0.000000000000000000e+00 0.000000000000000000e+00 0.000000000000000000e+00 0.000000000000000000e+00 -1.133999778360003950e-08 1.128584726261713417e-08 1.559289200382516246e-08 9.947469150589816087e-10 2.561820612098473439e-09 -2.937489428237069356e-09 1.503515496621294562e-09 4.894111245541776864e-10 -1.235219415940935556e-10 1.381038126653408873e-10 2.519452774892657347e-08 8.432536848096110797e-10 -6.152794456879559598e-10 0.000000000000000000e+00
0.000000000000000000e+00 0.000000000000000000e+00 0.000000000000000000e+00 0.000000000000000000e+00 0.000000000000000000e+00 0.000000000000000000e+00 -2.168965489045313980e-08 -9.448834061057791768e-09 -3.501933129145125596e-09 -2.819704027705415927e-09 -3.569468519360386834e-09 -4.036470777280238811e-09 9.794191004836649506e-10 3.253391375269610934e-10 -1.426867766655829188e-10 4.216088222500460852e-11 -4.754842627036939472e-11 5.446601737751568191e-11 1.174576567236242532e-06 0.000000000000000000e+00
0.000000000000000000e+00 0.000000000000000000e+00 0.000000000000000000e+00 0.000000000000000000e+00 0.000000000000000000e+00 0.000000000000000000e+00 -1.255980862885998565e-08 -2.543697532709663540e-09 3.730754371297835206e-09 -1.650752071881338789e-09 -1.325079321399076340e-09 -3.259205599797660250e-09 1.392456816716569287e-09 4.554790154628947367e-10 -3.943342257771824038e-11 4.982295878963740854e-11 -9.319410444475059495e-11 2.953156596312189688e-10 1.203190273737543510e-06 0.000000000000000000e+00
0.000000000000000000e+00 0.000000000000000000e+00 0.000000000000000000e+00 0.000000000000000000e+00 0.000000000000000000e+00 0.000000000000000000e+00 3.058470399108070388e-09 5.782537176502033949e-10 2.547525583986697153e-11 8.979989767863191354e-11 -5.915391367087606337e-10 -2.719599351020484757e-10 -1.040408983977558705e-10 2.888510640645826982e-11 -1.611439523331615503e-10 -1.340497430073505131e-10 -5.010175323320986849e-10 -3.741992916134056677e-08 2.575781694376282374e-06 0.000000000000000000e+00
0.000000000000000000e+00 0.000000000000000000e+00 0.000000000000000000e+00 0.000000000000000000e+00 0.000000000000000000e+00 0.000000000000000000e+00 -2.864042635517280104e-09 -1.073440379030309200e-09 1.734970519611842496e-09 -2.207107466109610287e-09 -1.188382988246146852e-10 -1.566052976005106854e-09 -1.030086344103116093e-10 -7.622190560590513676e-11 -2.722852465934653378e-10 -1.640222713881240439e-10 7.429236415565189443e-05 -3.517461184275973293e-08 2.576589965223866094e-06 0.000000000000000000e+00
0.000000000000000000e+00 0.000000000000000000e+00 0.000000000000000000e+00 0.000000000000000000e+00 0.000000000000000000e+00 0.000000000000000000e+00 -6.385948385121235726e-10 -1.325195725064344329e-09 -1.797244917266922450e-10 -1.499939605205691374e-10 -3.166486499423736574e-10 -9.264746418393989404e-10 6.501492322267375935e-11 -1.074233775865862975e-10 -2.045903715739364785e-10 -1.266001088407083165e-10 -2.287373482497910423e-10 4.884363288003505028e-06 9.351125046296491661e+00 0.000000000000000000e+00
0.000000000000000000e+00 0.000000000000000000e+00 0.000000000000000000e+00 0.000000000000000000e+00 0.000000000000000000e+00 0.000000000000000000e+00 -1.424629373296401137e-09 -1.452410647415162694e-09 4.317494268079493872e-11 -4.609920577727346743e-10 -2.241172899981321972e-10 -1.154438139071231458e-09 6.951176809297246465e-11 -1.855472287762224070e-10 -2.370253589310879684e-10 -1.461930429572343683e-10 -1.053374578396054410e-10 7.470279617130198640e-06 2.385502841873897850e+01 0.000000000000000000e+00
