0.000000000000000000e+00 0.000000000000000000e+00 0.000000000000000000e+00 0.000000000000000000e+00 0.000000000000000000e+00 0.000000000000000000e+00 2.072612763225992221e-09 2.967306121335383679e-09 2.067571324411714250e-09 1.593885893022672700e-09 1.552932517908284800e-09 1.791344125835438161e-09 1.475714249784277060e-09 1.110423595008089791e-09 5.883907580604733730e-10 1.388639980263888904e-10 1.180105603515301932e-09 1.745809740286088604e-07 9.290755394094604079e-07 0.000000000000000000e+00
0.000000000000000000e+00 0.000000000000000000e+00 0.000000000000000000e+00 0.000000000000000000e+00 0.000000000000000000e+00 0.000000000000000000e+00 3.517740982231934831e-11 3.615650232254321021e-10 6.406615486174484798e-10 4.635998838882092202e-10 4.283512590028373934e-10 4.486269560113371888e-10 3.685384101765003880e-10 2.169527794757956255e-10 2.298271988550888019e-10 3.267229993438987529e-10 1.813266649411709368e-07 1.734044201255553203e-07 9.297493961693500534e-07 0.000000000000000000e+00
0.000000000000000000e+00 0.000000000000000000e+00 0.000000000000000000e+00 0.000000000000000000e+00 0.000000000000000000e+00 0.000000000000000000e+00 6.644267419932088922e-11 3.787843389177110001e-10 2.380338481520435021e-10 2.817714265883977995e-10 2.479943108220416574e-10 3.652789874039431777e-10 3.880690803186943073e-10 3.252016940868452088e-10 2.583567227923017485e-10 1.034429329747002160e-10 4.824774982431362097e-10 8.773488513689135088e-06 -7.257501870260261612e+00 0.000000000000000000e+00
0.000000000000000000e+00 0.000000000000000000e+00 0.000000000000000000e+00 0.000000000000000000e+00 0.000000000000000000e+00 0.000000000000000000e+00 -2.980543084886624784e-11 2.133213696447407603e-10 2.538241578402431364e-10 2.232066364579004014e-10 2.055684763796169838e-10 2.838990081345997785e-10 3.265048820169801803e-10 2.467228402143929493e-10 1.921489925794004080e-10 7.940180629510547295e-11 3.295413516024280837e-10 1.302391063830038307e-05 -3.437132594544748088e+01 0.000000000000000000e+00
0.000000000000000000e+00 0.000000000000000000e+00 0.000000000000000000e+00 0.000000000000000000e+00 0.000000000000000000e+00 0.000000000000000000e+00 -1.848295161768828986e-08 -8.414758532475814306e-09 -7.025614495868979667e-09 -4.204216157607185733e-09 -4.386048233697273525e-09 -1.996360569342430473e-09 -7.706285841766146565e-10 -6.352193230070653713e-10 -2.514906488783321059e-10 -5.640775200594655314e-11 1.374178969376573584e-10 8.361364638089534303e-10 7.954352794643293230e-11 0.000000000000000000e+00
0.000000000000000000e+00 0.000000000000000000e+00 0.000000000000000000e+00 0.000000000000000000e+00 0.000000000000000000e+00 0.000000000000000000e+00 2.006467830953757910e-09 -5.879440466785606271e-09 -2.283788841874815386e-10 -7.089640478751560706e-10 6.291238581259073699e-10 2.318186261785506856e-10 1.700387095222486607e-10 -8.692345984040179763e-11 -7.140093267337161409e-11 -8.911443585603657319e-11 -1.811681757605130536e-10 8.022167710842066506e-10 7.868701708944762019e-11 0.000000000000000000e+00
0.000000000000000000e+00 0.000000000000000000e+00 0.000000000000000000e+00 0.000000000000000000e+00 0.000000000000000000e+00 0.000000000000000000e+00 -4.575087431610209317e-09 -3.375270321062639070e-09 -7.269318899695816054e-10 -1.457752820532245649e-09 -8.254842151045986548e-11 -3.193832220695740049e-10 -1.283230395141426973e-10 -2.491066619618383636e-10 -1.056927271882039744e-10 -3.982362970787339855e-11 5.188539947568760270e-11 -1.739205620849640442e-10 1.365389170345733100e-07 0.000000000000000000e+00
0.000000000000000000e+00 0.000000000000000000e+00 0.000000000000000000e+00 0.000000000000000000e+00 0.000000000000000000e+00 0.000000000000000000e+00 -1.603547447115452794e-09 -3.117455407830089081e-09 -7.958115480673576320e-11 -1.043995024879905968e-09 5.215463764106382536e-10 4.963026101646781817e-11 3.266617104392654282e-11 -1.264719547033176643e-10 -3.371561703756949406e-11 -1.381309599166797962e-12 1.046820820920083987e-11 -4.298776887845394804e-10 2.410103382018863531e-07 0.000000000000000000e+00
0.000000000000000000e+00 0.000000000000000000e+00 0.000000000000000000e+00 0.000000000000000000e+00 0.000000000000000000e+00 0.000000000000000000e+00 -1.269247289031076924e-07 -5.171785583484795187e-08 -2.640428622322630645e-08 -1.105295890685027630e-08 -1.246543691421978043e-08 -3.739916502768879326e-09 -2.002023805334786849e-09 -1.135530597594508209e-09 -1.363926971618739271e-10 3.473410950028724152e-11 6.560955673404539641e-11 1.197626188529126992e-09 3.779465327858706043e-10 0.000000000000000000e+00
0.000000000000000000e+00 0.000000000000000000e+00 0.000000000000000000e+00 0.000000000000000000e+00 0.000000000000000000e+00 0.000000000000000000e+00 2.258958164655895076e-08 -3.355486797587377790e-08 3.295727511125624921e-09 1.042555287213507932e-08 -6.227785932493433100e-10 1.567894221333538637e-09 1.284400673314941108e-09 -2.243143250817676899e-10 -1.716709679425915167e-11 4.432419948560997773e-11 -7.192688210930980192e-09 1.184937337138406292e-09 3.783487567663154449e-10 0.000000000000000000e+00
0.000000000000000000e+00 0.000000000000000000e+00 0.000000000000000000e+00 0.000000000000000000e+00 0.000000000000000000e+00 0.000000000000000000e+00 -2.602377124747919620e-08 -2.146838546933900496e-08 -2.114503433050889701e-09 2.243421362931800598e-09 -2.178378480771357429e-09 1.244042638810580041e-10 5.826751568810991075e-10 -3.224882978377615791e-10 -7.774408539445797143e-12 6.285328983021042013e-11 2.128997291647551815e-12 2.693939940045735691e-09 1.779159561293724133e-06 0.000000000000000000e+00
0.000000000000000000e+00 0.000000000000000000e+00 0.000000000000000000e+00 0.000000000000000000e+00 0.000000000000000000e+00 0.000000000000000000e+00 -4.431621388330483000e-09 -1.884236245126846308e-08 1.838760146790792768e-09 4.805991306811444259e-09 -5.824168311854159752e-10 8.625445217413370691e-10 1.131728112299334459e-09 -9.497198364118311646e-11 5.406398876524058531e-11 8.615317191421537672e-11 -2.500952930022066897e-11 2.986935047492564204e-09 2.623453315158465582e-06 0.000000000000000000e+00
0.000000000000000000e+00 0.000000000000000000e+00 0.000000000000000000e+00 0.000000000000000000e+00 0.000000000000000000e+00 0.000000000000000000e+00 7.663480637278736720e-10 3.515655240157892369e-09 9.083547679030437133e-10 -1.609397333215100692e-10 4.642094970334240996e-10 -5.902548783031989585e-10 -3.990331019911778713e-10 -1.867715858948933030e-10 -1.381972910542730181e-10 -6.184333431486433751e-11 -5.922168947990120382e-10 -8.533540670260866139e-08 -2.222641425449344557e-06 0.000000000000000000e+00
0.000000000000000000e+00 0.000000000000000000e+00 0.000000000000000000e+00 0.000000000000000000e+00 0.000000000000000000e+00 0.000000000000000000e+00 3.079999201073092172e-09 4.294501901064169299e-09 2.556375793617347547e-09 -4.467029148804285369e-10 -8.217472041717381733e-11 -6.242818379222767424e-10 -9.231275157726403450e-10 -4.956433470178121522e-10 -2.365031937425840102e-10 -7.473270872511303517e-11 1.143188561839311897e-03 -9.140757853763381940e-08 -2.216136665718619963e-06 0.000000000000000000e+00
0.000000000000000000e+00 0.000000000000000000e+00 0.000000000000000000e+00 0.000000000000000000e+00 0.000000000000000000e+00 0.000000000000000000e+00 -3.504885244738625087e-10 3.512755112770256315e-10 7.579052090353023529e-10 -7.378902665456786513e-10 2.312278889363070948e-10 -6.289301618989841830e-10 -2.266640107939475106e-11 -1.511830595803427091e-10 -1.704631872233552669e-10 -5.751970361778817235e-11 -3.080472200615864495e-10 -2.195524178407666181e-06 8.784174602305379054e+00 0.000000000000000000e+00
0.000000000000000000e+00 0.000000000000000000e+00 0.000000000000000000e+00 0.000000000000000000e+00 0.000000000000000000e+00 0.000000000000000000e+00 -7.530505955316927382e-10 2.538657925958393647e-10 8.527954508658831414e-10 -7.578749029944576143e-10 2.584160658648363243e-10 -6.893708790465029729e-10 -8.193944135498067988e-11 -2.102552748552776423e-10 -2.164774452672913726e-10 -9.186103259222893692e-11 -2.156860812520611774e-10 -3.131367819244914115e-06 5.471416994956115332e+01 0.000000000000000000e+00
