0.000000000000000000e+00 0.000000000000000000e+00 0.000000000000000000e+00 0.000000000000000000e+00 0.000000000000000000e+00 0.000000000000000000e+00 7.115195287969174718e-09 4.137017850400076643e-09 5.318101528186421045e-09 4.785180910200612736e-09 4.426828777757644931e-09 5.570731154865614718e-09 4.187402657306855120e-09 2.966748397851280303e-09 1.561489443417313624e-09 3.461327172308411991e-10 3.039539151812012512e-09 3.220299883488804717e-07 8.372053465314461754e-07 0.000000000000000000e+00
0.000000000000000000e+00 0.000000000000000000e+00 0.000000000000000000e+00 0.000000000000000000e+00 0.000000000000000000e+00 0.000000000000000000e+00 1.220444759050036816e-10 1.719481337500065713e-09 5.901200084674622837e-10 9.100531816593094981e-10 1.379352277909388912e-09 1.505451341897689203e-09 9.455173099713142747e-10 6.876736197168474534e-10 5.398803400729416816e-10 6.638732172262276354e-10 1.546279517061677938e-05 3.157202573912737443e-07 8.367615131500254357e-07 0.000000000000000000e+00
0.000000000000000000e+00 0.000000000000000000e+00 0.000000000000000000e+00 0.000000000000000000e+00 0.000000000000000000e+00 0.000000000000000000e+00 2.660918122658367151e-10 1.427274183445652464e-09 5.315104979058585987e-10 6.875527423988697609e-10 8.779861918864121360e-10 1.327754558242301724e-09 1.160202586887134629e-09 9.656745860950561154e-10 7.124757966229455135e-10 2.527902636608780864e-10 1.154526107720281943e-09 5.987143189118475871e-06 1.942673190538943828e+00 0.000000000000000000e+00
0.000000000000000000e+00 0.000000000000000000e+00 0.000000000000000000e+00 0.000000000000000000e+00 0.000000000000000000e+00 0.000000000000000000e+00 1.234966176779092459e-10 1.004340234046006168e-09 3.545014350120353212e-10 3.999112702912630001e-10 6.741559331950688077e-10 1.026715796961504482e-09 9.146031324983386813e-10 7.644696217067945608e-10 5.371789325923124783e-10 1.888716391817134204e-10 6.201736571239217631e-10 8.795012249926848370e-06 7.093480675401607982e+00 0.000000000000000000e+00
0.000000000000000000e+00 0.000000000000000000e+00 0.000000000000000000e+00 0.000000000000000000e+00 0.000000000000000000e+00 0.000000000000000000e+00 -1.743890949632378970e-09 -3.942131897112262539e-10 -6.374211683767870238e-09 -8.421662070119379916e-09 -3.021662998185734228e-09 -2.599443225652800253e-09 -1.839845106592221165e-09 -8.448534016312035611e-10 -4.336979573138678825e-10 -1.000107851924998886e-10 2.167815368640683520e-10 1.211378898601404746e-09 6.577295251874378766e-11 0.000000000000000000e+00
0.000000000000000000e+00 0.000000000000000000e+00 0.000000000000000000e+00 0.000000000000000000e+00 0.000000000000000000e+00 0.000000000000000000e+00 4.470676519920827979e-09 1.322062098369237131e-09 3.184359880169725298e-09 -1.188718546978698575e-09 -1.027078434706549294e-09 3.349722216652851757e-10 -2.419458378418814954e-10 -9.235807514628899658e-11 -1.331971983578782841e-10 -1.491640244566376657e-10 -1.015167649253104293e-09 1.149738053206202100e-09 6.504687608728464483e-11 0.000000000000000000e+00
0.000000000000000000e+00 0.000000000000000000e+00 0.000000000000000000e+00 0.000000000000000000e+00 0.000000000000000000e+00 0.000000000000000000e+00 3.569956078497488308e-09 9.079986493858568087e-10 1.285669291230511303e-09 -2.441054024786154790e-09 -1.346706301660384811e-09 -5.238512705367341079e-10 -7.897526364047935342e-10 -3.099486070701780842e-10 -1.880457135467463643e-10 -7.888680759897435159e-11 8.610387220318506984e-11 6.186185818660856118e-10 2.486274578008671736e-07 0.000000000000000000e+00
0.000000000000000000e+00 0.000000000000000000e+00 0.000000000000000000e+00 0.000000000000000000e+00 0.000000000000000000e+00 0.000000000000000000e+00 4.428624139129661024e-09 1.057703021405517988e-09 2.286163149890713791e-09 -1.436167868379118536e-09 -1.073338873208284184e-09 -1.043856575563198504e-10 -5.205663895533559074e-10 -1.373680077917323362e-10 -6.593380500795522020e-11 -2.243902686076797000e-11 2.237922598372495353e-11 4.048918500954843068e-10 3.845523462241359019e-07 0.000000000000000000e+00
0.000000000000000000e+00 0.000000000000000000e+00 0.000000000000000000e+00 0.000000000000000000e+00 0.000000000000000000e+00 0.000000000000000000e+00 2.795930512120185545e-08 3.339187695552668995e-08 -5.016023448302533811e-08 -2.918458797803769693e-08 -1.851476126118220953e-08 -4.416300929577747404e-09 2.957340260588985541e-12 -2.377395372843856596e-10 -2.380749624673763749e-10 -1.406515237639679942e-10 1.300474838599398152e-10 1.782730689850146180e-09 -3.817068752930276512e-09 0.000000000000000000e+00
0.000000000000000000e+00 0.000000000000000000e+00 0.000000000000000000e+00 0.000000000000000000e+00 0.000000000000000000e+00 0.000000000000000000e+00 3.585565483234483593e-08 1.011874515661255475e-08 4.725717593304351535e-09 -4.434578229994086049e-09 -1.086963191550587365e-09 5.270442186575547419e-09 1.761811852337884873e-09 5.247383852399671963e-11 -1.109858900222380546e-10 -1.691747655579765693e-10 -1.582455175148969568e-08 1.622163653494435288e-09 -3.843344056567742652e-09 0.000000000000000000e+00
0.000000000000000000e+00 0.000000000000000000e+00 0.000000000000000000e+00 0.000000000000000000e+00 0.000000000000000000e+00 0.000000000000000000e+00 3.774548120234791515e-08 9.327039510341437586e-09 -7.948735780873745312e-09 -8.609491539770225819e-09 -4.954934054986476363e-09 1.828781114940791105e-09 1.052985598530686671e-09 1.033479331067032484e-10 -1.057565750882011043e-10 -1.012459121185870213e-10 1.648550802846202569e-11 -2.248098324723449952e-09 -3.805821803967291136e-07 0.000000000000000000e+00
0.000000000000000000e+00 0.000000000000000000e+00 0.000000000000000000e+00 0.000000000000000000e+00 0.000000000000000000e+00 0.000000000000000000e+00 3.791265064376108492e-08 6.410010795241563416e-09 -1.512987386555707527e-09 -5.275261878351923217e-09 -2.498817964408822901e-09 3.103720390609356237e-09 1.291724172544921996e-09 1.703299601100403516e-10 -7.523349002199750479e-11 -3.812702572013460413e-11 -4.108379155877424227e-11 -3.621110307845046082e-09 -5.391605344803462930e-07 0.000000000000000000e+00
0.000000000000000000e+00 0.000000000000000000e+00 0.000000000000000000e+00 0.000000000000000000e+00 0.000000000000000000e+00 0.000000000000000000e+00 2.414392841827190077e-09 6.413794758167298577e-10 1.696793163471414302e-09 4.397708486287566262e-11 1.639002389612970177e-09 9.876800682295254129e-11 4.265753297025599340e-10 1.074525846798651157e-10 2.640039044908971178e-11 1.406638750554845772e-11 -4.352642560943873881e-10 -2.437506559055466211e-08 -4.255787489237260510e-06 0.000000000000000000e+00
0.000000000000000000e+00 0.000000000000000000e+00 0.000000000000000000e+00 0.000000000000000000e+00 0.000000000000000000e+00 0.000000000000000000e+00 -1.849642266922501429e-09 4.236484307355705625e-09 2.370017299308221428e-09 -3.702372323512099901e-10 1.586100323403687242e-09 -8.293818708022950292e-10 -3.821288131637686001e-11 -1.191865170632334633e-10 -4.771258298158137686e-11 1.604995348199350959e-10 -1.096869185701067036e-03 -1.384674149790475333e-08 -4.236970092230877230e-06 0.000000000000000000e+00
0.000000000000000000e+00 0.000000000000000000e+00 0.000000000000000000e+00 0.000000000000000000e+00 0.000000000000000000e+00 0.000000000000000000e+00 1.346791631735069115e-09 1.553576385602593477e-09 1.678840984033028044e-09 -1.581553976291489300e-09 5.373127777488529392e-10 -8.635206931323317730e-11 1.467748783900787434e-10 -6.725418969761553440e-11 5.041563692068357252e-12 1.053785922014759460e-11 -2.940289389020666813e-10 -1.851926403466882035e-07 -2.432802875628649986e+01 0.000000000000000000e+00
0.000000000000000000e+00 0.000000000000000000e+00 0.000000000000000000e+00 0.000000000000000000e+00 0.000000000000000000e+00 0.000000000000000000e+00 1.209358888832027455e-09 1.404801902180602296e-09 2.035218839312498896e-09 -1.519167317176344007e-09 3.267011729598270353e-10 -2.672016299324683959e-10 1.408460028801115536e-10 -1.580515767294713679e-10 -8.791585804262856407e-12 -2.060826882453262874e-11 -2.698832169383600439e-10 -4.222354179209649997e-07 -1.203590051805444290e+02 0.000000000000000000e+00
