0.000000000000000000e+00 0.000000000000000000e+00 0.000000000000000000e+00 0.000000000000000000e+00 0.000000000000000000e+00 0.000000000000000000e+00 8.293349985828937898e-09 7.625136658106292417e-09 3.950794063024790693e-09 3.686107909875116612e-09 3.939200179559758120e-09 3.113290283232662899e-09 2.969449154635212499e-09 2.543461842609732655e-09 1.258750620280469331e-09 9.736758403511122892e-10 2.749354026202923129e-09 3.098134786857545486e-07 1.102609063097190030e-06 0.000000000000000000e+00
0.000000000000000000e+00 0.000000000000000000e+00 0.000000000000000000e+00 0.000000000000000000e+00 0.000000000000000000e+00 0.000000000000000000e+00 2.088132745845549845e-10 3.552655115962147813e-10 1.610735771692487363e-10 1.020189708934218437e-09 9.616085810359103692e-10 1.172826919324042792e-09 8.574364839324010430e-10 8.680691796202342971e-10 1.150031390820525321e-09 2.426843973313169757e-09 2.068762529532927412e-04 3.093154481574524378e-07 1.102018548697971392e-06 0.000000000000000000e+00
0.000000000000000000e+00 0.000000000000000000e+00 0.000000000000000000e+00 0.000000000000000000e+00 0.000000000000000000e+00 0.000000000000000000e+00 8.317142446554432967e-10 2.763405247221567644e-10 3.220456579889671713e-10 4.438159255650140589e-10 6.609010369991090339e-10 7.203864909926263603e-10 8.268312295622738319e-10 9.886973137526187089e-10 9.820222408538505046e-10 9.653986187456257345e-10 2.837106650762749142e-09 7.813299621258679216e-06 5.171682480855270825e+00 0.000000000000000000e+00
0.000000000000000000e+00 0.000000000000000000e+00 0.000000000000000000e+00 0.000000000000000000e+00 0.000000000000000000e+00 0.000000000000000000e+00 2.410584001029519843e-10 1.271088216922774315e-11 1.449228561649372773e-10 3.691382355162316071e-10 5.291590665944550810e-10 7.212792835735203486e-10 7.757390637396814829e-10 8.700163026117422577e-10 1.009913826254147318e-09 1.046628313612163166e-09 3.243443962855098650e-09 1.160544365355594472e-05 1.559601142638776139e+01 0.000000000000000000e+00
0.000000000000000000e+00 0.000000000000000000e+00 0.000000000000000000e+00 0.000000000000000000e+00 0.000000000000000000e+00 0.000000000000000000e+00 -1.845972384893272857e-08 4.011860275494348698e-10 -1.209418975009333979e-08 -1.344102072773002710e-09 -4.290996444254636600e-09 -2.014675764995227137e-09 -1.339922392727521527e-09 -9.366008152576775795e-10 -3.158014072956451323e-10 -5.423360687756308879e-11 1.277098908842003617e-10 7.740826491670450420e-10 1.193797708496528499e-10 0.000000000000000000e+00
0.000000000000000000e+00 0.000000000000000000e+00 0.000000000000000000e+00 0.000000000000000000e+00 0.000000000000000000e+00 0.000000000000000000e+00 -2.793618056165035333e-09 4.138178773715009552e-09 -7.136630419813274114e-10 1.053327325723151583e-09 1.268788188168528830e-10 3.393857186141115792e-10 -1.724263718278073358e-11 -2.498537989514732403e-10 -1.215903723813765055e-10 -1.054352422749249470e-10 1.282471676532033294e-10 7.315123357190604032e-10 1.218712837670774485e-10 0.000000000000000000e+00
0.000000000000000000e+00 0.000000000000000000e+00 0.000000000000000000e+00 0.000000000000000000e+00 0.000000000000000000e+00 0.000000000000000000e+00 -5.678854029217768435e-09 1.422670066078798604e-09 -2.288327344173956097e-09 1.082289976090396402e-11 -1.045684032599646907e-09 -3.756352451686740399e-10 -4.023903939891374131e-10 -4.329146937142929438e-10 -1.473403354866128008e-10 -4.111199707456990247e-11 5.152053967084102223e-11 1.475441078697371044e-10 3.433228837500488351e-08 0.000000000000000000e+00
0.000000000000000000e+00 0.000000000000000000e+00 0.000000000000000000e+00 0.000000000000000000e+00 0.000000000000000000e+00 0.000000000000000000e+00 -3.046771602310819937e-09 1.816259601550261547e-09 -7.521544902452714358e-10 2.655251713895079224e-10 -4.607212951805359081e-10 -5.000642913502623975e-11 -1.748812202081960880e-10 -2.711555567014803507e-10 -6.116381082260954874e-11 -9.462842684617515108e-12 1.509357529172308751e-11 -8.566744137018995153e-12 9.110624306918401336e-08 0.000000000000000000e+00
0.000000000000000000e+00 0.000000000000000000e+00 0.000000000000000000e+00 0.000000000000000000e+00 0.000000000000000000e+00 0.000000000000000000e+00 -9.078459830257525608e-08 -4.144301716731826749e-08 -6.886030828055905848e-08 -8.236154933007290575e-09 -5.924826374683504758e-09 -2.976110029098110402e-09 -3.160248294039669856e-09 -3.863661146450450562e-10 1.635054889004842654e-10 -3.371058677141881141e-11 6.960257059918502181e-11 1.733523186771399474e-09 5.773107589098769920e-10 0.000000000000000000e+00
0.000000000000000000e+00 0.000000000000000000e+00 0.000000000000000000e+00 0.000000000000000000e+00 0.000000000000000000e+00 0.000000000000000000e+00 -1.076970750365129853e-08 4.628487546615521923e-09 -1.078908771528767715e-08 1.457088780623786128e-09 -1.828494101843847649e-09 9.253933838768189367e-10 3.419581735556852786e-10 -5.582822292720438037e-10 2.066438071856114749e-10 -1.080159485049794362e-10 2.036226278448981925e-08 1.563325095834211426e-09 5.534000430618185955e-10 0.000000000000000000e+00
0.000000000000000000e+00 0.000000000000000000e+00 0.000000000000000000e+00 0.000000000000000000e+00 0.000000000000000000e+00 0.000000000000000000e+00 -2.794341720650355019e-08 -5.335225667936858457e-09 -1.477192174092846795e-08 1.557352990106144693e-11 -2.910362347240966977e-09 -6.974109618609799145e-11 -3.589481799933672989e-10 -4.257713302515087621e-10 2.017251116084579927e-10 -2.854300600565978551e-11 2.916824220887723224e-11 -6.929896915059527882e-09 4.372907296422782081e-08 0.000000000000000000e+00
0.000000000000000000e+00 0.000000000000000000e+00 0.000000000000000000e+00 0.000000000000000000e+00 0.000000000000000000e+00 0.000000000000000000e+00 -1.402852528909620804e-08 1.366549567418976406e-09 -7.269481793082041376e-09 7.969329964135621874e-10 -2.290870682016061767e-09 4.054443867619404476e-10 2.084883066013774822e-10 -4.460794106854539496e-10 2.272444912834606528e-10 -4.526293990814580945e-12 1.455390676261633225e-11 -8.544081618380745466e-09 -2.207479957932616489e-07 0.000000000000000000e+00
0.000000000000000000e+00 0.000000000000000000e+00 0.000000000000000000e+00 0.000000000000000000e+00 0.000000000000000000e+00 0.000000000000000000e+00 1.280276283484646211e-09 -7.614439196262031791e-10 -1.090255830049530697e-09 1.716265080399225604e-10 -2.558777051725832338e-10 -2.053322086561218187e-10 -7.029401733338352263e-11 -1.662223348225095290e-11 -4.808079962615271723e-11 -8.183764846979795068e-11 -4.427319113682012037e-10 -1.509311441002158921e-08 5.749880105725086393e-07 0.000000000000000000e+00
0.000000000000000000e+00 0.000000000000000000e+00 0.000000000000000000e+00 0.000000000000000000e+00 0.000000000000000000e+00 0.000000000000000000e+00 4.940847928102576752e-09 3.008610208893469658e-09 -3.306627801896946733e-09 1.643601423645118306e-09 -1.429470679927648742e-09 -7.252009042863649574e-10 2.083338280872287861e-10 -2.843217464242897001e-10 -1.999773880417165100e-10 -3.106767693378849233e-10 1.625130250819307618e-04 -9.397963199890940235e-09 5.833006347514583674e-07 0.000000000000000000e+00
0.000000000000000000e+00 0.000000000000000000e+00 0.000000000000000000e+00 0.000000000000000000e+00 0.000000000000000000e+00 0.000000000000000000e+00 2.663208315430888709e-09 -4.170637799828923958e-10 -1.399184425745101223e-09 6.515160093218724224e-10 -3.634829164380666044e-10 1.175596508419008576e-10 4.969842946156506740e-11 -1.696443619481586970e-10 -1.199976077726681379e-10 -8.852165690516508871e-11 -1.025485341489787351e-10 1.166628034870038389e-06 -2.053118179659799125e+01 0.000000000000000000e+00
0.000000000000000000e+00 0.000000000000000000e+00 0.000000000000000000e+00 0.000000000000000000e+00 0.000000000000000000e+00 0.000000000000000000e+00 3.207836684447021878e-09 -6.974963800371896521e-10 -1.502179407229606419e-09 8.201117350563360134e-10 -3.959708538709430408e-10 7.453616387163732820e-11 5.965159827084399399e-11 -2.127064391131838478e-10 -1.338798515184378063e-10 -1.131022369738405888e-10 4.306585103052340615e-11 1.303188592020100925e-06 -7.232121534374230976e+01 0.000000000000000000e+00
