0.000000000000000000e+00 0.000000000000000000e+00 0.000000000000000000e+00 0.000000000000000000e+00 0.000000000000000000e+00 0.000000000000000000e+00 3.536343249954761093e-09 3.253011405437168337e-09 5.040750752732265473e-09 4.315787828763619853e-09 4.485351712187695430e-09 5.133634568972674428e-09 4.639035562587056800e-09 3.671696197446689156e-09 2.029600174935532185e-09 4.416018137928939618e-10 4.526329568601827332e-09 3.056559642446682421e-07 5.304159634293470526e-07 0.000000000000000000e+00
0.000000000000000000e+00 0.000000000000000000e+00 0.000000000000000000e+00 0.000000000000000000e+00 0.000000000000000000e+00 0.000000000000000000e+00 6.982966122601702657e-10 1.399991195024722867e-09 1.530886179202379738e-10 7.968879812588679999e-10 6.844361020169301666e-10 9.907597648421516948e-10 6.128525128614992098e-10 5.078019550746902391e-10 7.564331268491428270e-10 1.344937843685068540e-09 1.240839184353487537e-04 2.946782611532772099e-07 5.317445831841635683e-07 0.000000000000000000e+00
0.000000000000000000e+00 0.000000000000000000e+00 0.000000000000000000e+00 0.000000000000000000e+00 0.000000000000000000e+00 0.000000000000000000e+00 8.617539413959712206e-10 1.423060878995555861e-09 6.102117294061313231e-10 8.098370204130265089e-10 8.648768523283026426e-10 1.205341537826445764e-09 1.199413993679489913e-09 1.069777541799520465e-09 7.928910749133833025e-10 3.035055930639572975e-10 1.842296991142102302e-09 3.339963325163050503e-06 5.020703811181244447e+01 0.000000000000000000e+00
0.000000000000000000e+00 0.000000000000000000e+00 0.000000000000000000e+00 0.000000000000000000e+00 0.000000000000000000e+00 0.000000000000000000e+00 8.583348827450306026e-10 1.203129685795702568e-09 2.273569437647826341e-10 5.709408785839572502e-10 5.508977913479921469e-10 8.594731918292372093e-10 8.097874786153906399e-10 6.735246560792274273e-10 4.488420526602410827e-10 1.655000448756262772e-10 9.268506519149131505e-10 4.945774519036268829e-06 2.475189473682089840e+02 0.000000000000000000e+00
0.000000000000000000e+00 0.000000000000000000e+00 0.000000000000000000e+00 0.000000000000000000e+00 0.000000000000000000e+00 0.000000000000000000e+00 -1.020104280618751470e-08 8.005635073177448510e-10 -9.002436544454041358e-09 -7.005243012737544377e-09 -5.956039342610631641e-09 -1.507635940875914253e-09 -1.219278818663292124e-09 -7.634132781402207582e-10 -5.171926832344957039e-10 -9.518273873332319923e-11 2.282792640070403934e-10 1.176113897629479850e-09 5.869416307715419778e-11 0.000000000000000000e+00
0.000000000000000000e+00 0.000000000000000000e+00 0.000000000000000000e+00 0.000000000000000000e+00 0.000000000000000000e+00 0.000000000000000000e+00 4.510663016794108947e-09 -6.268310595949124511e-09 5.928994078880762172e-10 -2.188352327150617184e-09 1.186289076602823489e-09 -8.223020701761214213e-11 -6.881049224391169628e-11 -7.994982522436007654e-11 -1.727689426793727024e-10 -1.485600968422345815e-10 2.440806093016512964e-10 1.117577586189284796e-09 5.928213121533858159e-11 0.000000000000000000e+00
0.000000000000000000e+00 0.000000000000000000e+00 0.000000000000000000e+00 0.000000000000000000e+00 0.000000000000000000e+00 0.000000000000000000e+00 1.366660804038843510e-09 -7.174965500325127787e-09 -2.341790768570724911e-09 -2.518453780164972497e-09 -9.937661317695321656e-10 -2.466185140086897704e-10 -3.626651404393497564e-10 -3.104183971158304869e-10 -2.449290506544432854e-10 -7.135244381389469540e-11 9.117440864056080038e-11 -4.121012295636412919e-10 7.078539765445373903e-08 0.000000000000000000e+00
0.000000000000000000e+00 0.000000000000000000e+00 0.000000000000000000e+00 0.000000000000000000e+00 0.000000000000000000e+00 0.000000000000000000e+00 3.268098966339383003e-09 -7.668689378111385821e-09 -1.190103811398250050e-09 -1.754996668557038111e-09 -8.141212805615000915e-11 -3.136679854264413400e-11 -1.733148367035246012e-10 -1.629657198204753551e-10 -1.044052597411037598e-10 -1.583460006965809875e-11 2.457732905761719456e-11 -8.346933023563064414e-10 1.407782564982692163e-07 0.000000000000000000e+00
0.000000000000000000e+00 0.000000000000000000e+00 0.000000000000000000e+00 0.000000000000000000e+00 0.000000000000000000e+00 0.000000000000000000e+00 -6.600055040343847613e-08 -2.128550787042372685e-08 -5.726501584525266771e-08 -3.362350933112206962e-08 -1.468947506636740634e-08 -6.376873617177768648e-09 -1.622950753633978652e-09 -3.995616521052334118e-10 -1.722649367406777228e-10 -1.967156837353578416e-10 3.200285714152786477e-10 7.988934868659532331e-10 1.216797318850599069e-09 0.000000000000000000e+00
0.000000000000000000e+00 0.000000000000000000e+00 0.000000000000000000e+00 0.000000000000000000e+00 0.000000000000000000e+00 0.000000000000000000e+00 -4.853104295307098998e-08 -1.522329133617783128e-08 -5.802070290351278639e-09 -6.273237177094287173e-10 5.256740925858448113e-09 -5.382942624967812964e-11 8.203977764932516388e-11 4.490527417881413214e-10 1.682635235653800365e-10 -2.573743908017449378e-10 1.613759109582701840e-08 8.083828180500820793e-10 1.201243152249604169e-09 0.000000000000000000e+00
0.000000000000000000e+00 0.000000000000000000e+00 0.000000000000000000e+00 0.000000000000000000e+00 0.000000000000000000e+00 0.000000000000000000e+00 -4.224054093396704201e-08 -1.860567517740804014e-08 -1.998882416351638983e-08 -1.007616643279756782e-08 -1.502290856118904026e-09 -1.210366140965151442e-09 -4.651566916002989378e-10 1.753921050755060753e-10 1.616520516182712700e-10 -1.395771184658873285e-10 1.275449814051601009e-10 -6.800553640631472301e-09 3.953644747925878525e-06 0.000000000000000000e+00
0.000000000000000000e+00 0.000000000000000000e+00 0.000000000000000000e+00 0.000000000000000000e+00 0.000000000000000000e+00 0.000000000000000000e+00 -3.819005730393395180e-08 -1.679105152978246207e-08 -1.261089670263737081e-08 -5.096277136594144814e-09 9.123445683924491986e-10 -2.069117781397337516e-10 -2.024496262270301236e-10 3.429296568799175452e-10 2.926255866034281275e-10 -4.121682708690615229e-11 4.527509019782879348e-11 -9.135003542565589222e-09 7.849506697602072738e-06 0.000000000000000000e+00
0.000000000000000000e+00 0.000000000000000000e+00 0.000000000000000000e+00 0.000000000000000000e+00 0.000000000000000000e+00 0.000000000000000000e+00 2.353623860548580615e-09 2.223811836044443325e-09 -1.178987051742480228e-10 2.433101694962844811e-10 -6.259669320167293376e-10 -2.972491226412089347e-10 -3.825520194813395995e-10 -4.147503016790010044e-10 -2.013572798279106797e-10 -7.600514155948481428e-11 -7.559222643466112436e-10 -1.003933979928611456e-07 -4.655423705943430643e-06 0.000000000000000000e+00
0.000000000000000000e+00 0.000000000000000000e+00 0.000000000000000000e+00 0.000000000000000000e+00 0.000000000000000000e+00 0.000000000000000000e+00 4.364721462955666140e-09 1.284424504193126532e-08 7.039563246580329716e-10 2.421480406139346832e-09 -2.704527735927193685e-09 -9.208915307322057024e-10 -6.363531054797041198e-10 -6.287996117746903200e-10 -1.366997319676375448e-10 2.014001790057360876e-10 -1.109440670217656279e-03 -1.026522404318037335e-07 -4.650562852346953507e-06 0.000000000000000000e+00
0.000000000000000000e+00 0.000000000000000000e+00 0.000000000000000000e+00 0.000000000000000000e+00 0.000000000000000000e+00 0.000000000000000000e+00 3.654837233394223180e-10 2.231555354935734718e-10 -1.047731491023344224e-11 7.879279229653094505e-10 -6.647798570425089334e-10 -1.056283701682349695e-10 -1.617463191618060259e-10 -6.911989139736835929e-10 -2.333380989441956172e-10 -8.036603357043518264e-11 -4.595678356447531339e-10 -9.197337707886317173e-06 4.497882187773222284e+01 0.000000000000000000e+00
0.000000000000000000e+00 0.000000000000000000e+00 0.000000000000000000e+00 0.000000000000000000e+00 0.000000000000000000e+00 0.000000000000000000e+00 9.339639074507215768e-10 5.425785242616500520e-10 1.633831369288369317e-10 1.097052446674424165e-09 -7.039910427590786622e-10 -2.243401321279528171e-10 -1.663045683516339975e-10 -7.921454111151276890e-10 -2.807221472308997839e-10 -1.515211894853434604e-10 -3.493600359606167588e-10 -1.449257621178216902e-05 2.053475709512715923e+02 0.000000000000000000e+00
