0.000000000000000000e+00 0.000000000000000000e+00 0.000000000000000000e+00 0.000000000000000000e+00 0.000000000000000000e+00 0.000000000000000000e+00 5.346814093730324142e-11 7.355374660393765612e-11 4.469780227189828287e-11 7.553204491672508563e-11 1.345021236439170080e-10 2.105705518914107132e-10 1.710319511323707648e-10 6.490810368119006734e-11 6.188246363639329507e-10 2.364542567067881982e-09 3.805875722724818193e-09 0.000000000000000000e+00 0.000000000000000000e+00 0.000000000000000000e+00
0.000000000000000000e+00 0.000000000000000000e+00 0.000000000000000000e+00 0.000000000000000000e+00 0.000000000000000000e+00 0.000000000000000000e+00 -4.664631103079219731e-12 3.551083725934376657e-11 3.316915197121704397e-11 3.193054257597859389e-11 7.529356985872191855e-11 8.357971272732933926e-11 5.926490423514286328e-11 2.161150918328171399e-10 8.662184532400262933e-06 1.721260842277924018e-09 3.941921166427701423e-09 0.000000000000000000e+00 0.000000000000000000e+00 0.000000000000000000e+00
0.000000000000000000e+00 0.000000000000000000e+00 0.000000000000000000e+00 0.000000000000000000e+00 0.000000000000000000e+00 0.000000000000000000e+00 2.448876155897408089e-11 3.335878980827703513e-11 2.649213913100764168e-12 1.426479813272706982e-11 3.007339001075847721e-11 4.647029614865135331e-11 5.752929059864920585e-11 4.684269736897825481e-11 1.239502484392000864e-10 1.160227001151971745e-09 -2.972474265788359327e-03 0.000000000000000000e+00 0.000000000000000000e+00 0.000000000000000000e+00
0.000000000000000000e+00 0.000000000000000000e+00 0.000000000000000000e+00 0.000000000000000000e+00 0.000000000000000000e+00 0.000000000000000000e+00 2.404002726825522638e-11 2.699120949463097317e-11 1.627950485951294966e-14 9.918737426806398001e-12 2.026270518982225408e-11 3.303181922186242685e-11 4.113896424404310512e-11 3.357363296082809015e-11 4.184016504714765930e-11 8.685045289580218471e-10 -6.885331947998840629e-03 0.000000000000000000e+00 0.000000000000000000e+00 0.000000000000000000e+00
0.000000000000000000e+00 0.000000000000000000e+00 0.000000000000000000e+00 0.000000000000000000e+00 0.000000000000000000e+00 0.000000000000000000e+00 -8.741939149042206787e-10 -1.674121551119795840e-09 -2.226649886547816912e-10 -7.088747682590008124e-10 -6.622549173352366848e-10 -3.140575377931704797e-10 -1.567866695662935781e-10 -7.631725857621868854e-11 1.314861401352582192e-10 2.571646059745229438e-10 1.454384674430391941e-10 0.000000000000000000e+00 0.000000000000000000e+00 0.000000000000000000e+00
0.000000000000000000e+00 0.000000000000000000e+00 0.000000000000000000e+00 0.000000000000000000e+00 0.000000000000000000e+00 0.000000000000000000e+00 2.169898943427744596e-09 -8.271017150298727556e-10 2.553156535267816381e-11 -9.700744145473864788e-10 -4.305532722426493524e-10 2.092453474534944654e-10 -8.797828608968965138e-11 -1.309353051019440002e-10 3.282003117659516115e-10 1.894130421420511127e-10 1.413863599406575537e-10 0.000000000000000000e+00 0.000000000000000000e+00 0.000000000000000000e+00
0.000000000000000000e+00 0.000000000000000000e+00 0.000000000000000000e+00 0.000000000000000000e+00 0.000000000000000000e+00 0.000000000000000000e+00 6.700793587168325270e-10 -1.470293433737504419e-09 4.426544354175361118e-11 -5.869295562426233294e-10 -2.228997962911726800e-10 2.505026528738631775e-11 -8.730199023385143941e-11 -5.593077610419394129e-11 2.562645725333166527e-11 1.093073037370329789e-10 6.705475092596470039e-09 0.000000000000000000e+00 0.000000000000000000e+00 0.000000000000000000e+00
0.000000000000000000e+00 0.000000000000000000e+00 0.000000000000000000e+00 0.000000000000000000e+00 0.000000000000000000e+00 0.000000000000000000e+00 1.104192347250108585e-09 -1.345424172299405412e-09 1.159383401221739695e-10 -5.757859673520621707e-10 -1.159700590113630864e-10 8.498984285758435452e-11 -6.576225327857866473e-11 -1.367133796179495234e-11 1.434435041710754889e-11 1.902287198211086504e-11 1.066389524164799302e-08 0.000000000000000000e+00 0.000000000000000000e+00 0.000000000000000000e+00
0.000000000000000000e+00 0.000000000000000000e+00 0.000000000000000000e+00 0.000000000000000000e+00 0.000000000000000000e+00 0.000000000000000000e+00 -6.092475003634560572e-09 -8.605564691222754732e-09 -4.164346052598524594e-09 -2.590699444150072403e-09 -1.595800618252788869e-09 -3.695625899570021408e-10 -1.848716239593217238e-10 -1.546292408905165275e-10 -1.132020190011671936e-11 1.984680715230588638e-10 -5.128737985811969415e-10 0.000000000000000000e+00 0.000000000000000000e+00 0.000000000000000000e+00
0.000000000000000000e+00 0.000000000000000000e+00 0.000000000000000000e+00 0.000000000000000000e+00 0.000000000000000000e+00 0.000000000000000000e+00 1.384306547515909088e-08 -4.309728198047849216e-09 -1.568526493429628171e-09 -2.468008518043793191e-09 -1.632550107705679934e-09 3.929119644826763920e-10 -5.492673773468852193e-11 -3.917099575953434241e-10 2.955258595562035431e-08 2.286300436825566083e-10 -5.970327677310723130e-10 0.000000000000000000e+00 0.000000000000000000e+00 0.000000000000000000e+00
0.000000000000000000e+00 0.000000000000000000e+00 0.000000000000000000e+00 0.000000000000000000e+00 0.000000000000000000e+00 0.000000000000000000e+00 5.677636676434162256e-10 -6.801322118412548355e-09 -1.264716142314495941e-09 -1.609922232301195130e-09 -6.997948099979563911e-10 2.562311270588891992e-10 -8.718344314924508959e-11 -1.362132834183121916e-10 -1.309814105739755373e-12 -1.382208368264811084e-11 2.204996806109093045e-07 0.000000000000000000e+00 0.000000000000000000e+00 0.000000000000000000e+00
0.000000000000000000e+00 0.000000000000000000e+00 0.000000000000000000e+00 0.000000000000000000e+00 0.000000000000000000e+00 0.000000000000000000e+00 2.654955125841627940e-09 -5.975485605025845026e-09 -5.186393754923109006e-10 -1.445737440784666408e-09 -5.168930586428988915e-10 3.306348900977405838e-10 -7.515036321935505366e-11 -5.440267468527462479e-11 -3.664601272614329490e-11 -1.225067439543257811e-10 3.627300270312909967e-07 0.000000000000000000e+00 0.000000000000000000e+00 0.000000000000000000e+00
0.000000000000000000e+00 0.000000000000000000e+00 0.000000000000000000e+00 0.000000000000000000e+00 0.000000000000000000e+00 0.000000000000000000e+00 1.919648368936873212e-09 1.002245652665202183e-09 -6.566140464455711162e-10 -2.006977866052462614e-10 -3.973256810957884398e-10 -4.407116878084380639e-10 1.528614441589253153e-10 -2.094623138740734658e-11 -5.836210623995805057e-10 -1.833867318488318900e-10 -1.056345835739047270e-07 0.000000000000000000e+00 0.000000000000000000e+00 0.000000000000000000e+00
0.000000000000000000e+00 0.000000000000000000e+00 0.000000000000000000e+00 0.000000000000000000e+00 0.000000000000000000e+00 0.000000000000000000e+00 3.435840972850875061e-09 -2.942849385938059704e-09 -2.834187180418936749e-09 -9.852102164835641232e-10 -5.092467035384188812e-10 4.552379968193541685e-10 -8.131508763025718561e-11 -3.424024001643735742e-10 1.057527527304662147e-04 -3.604356748031474956e-11 -1.278806041210996370e-07 0.000000000000000000e+00 0.000000000000000000e+00 0.000000000000000000e+00
0.000000000000000000e+00 0.000000000000000000e+00 0.000000000000000000e+00 0.000000000000000000e+00 0.000000000000000000e+00 0.000000000000000000e+00 1.235575842719381146e-09 1.184027891417850647e-09 -5.814292432030777888e-10 -2.625556839795028641e-10 -4.957712612301575337e-10 -2.668545622876705127e-10 -4.853563692140785390e-11 -4.323510682192935625e-11 -7.487865800937246525e-10 5.593750106713684133e-10 -4.911475666610769508e-01 0.000000000000000000e+00 0.000000000000000000e+00 0.000000000000000000e+00
0.000000000000000000e+00 0.000000000000000000e+00 0.000000000000000000e+00 0.000000000000000000e+00 0.000000000000000000e+00 0.000000000000000000e+00 1.047275768745907650e-09 1.207047777667239540e-09 -5.973412872453104938e-10 -3.151858114113558504e-10 -5.049752180312475388e-10 -3.061950302149420293e-10 -7.566914152087681816e-11 -7.296164224446405718e-11 -6.714203005425309473e-10 3.473773374784717488e-09 -1.126775059730867445e+00 0.000000000000000000e+00 0.000000000000000000e+00 0.000000000000000000e+00
