0.000000000000000000e+00 0.000000000000000000e+00 0.000000000000000000e+00 0.000000000000000000e+00 0.000000000000000000e+00 0.000000000000000000e+00 2.193392921209761770e-09 3.059250729161413707e-09 2.653281958377231498e-09 3.245265969624720502e-09 2.843596123868023999e-09 2.281367122261560954e-09 2.211570515356858914e-09 1.887944885194780502e-09 1.101750629829940723e-09 3.167387935350396563e-10 9.176569346917818624e-11 1.991008366227116017e-08 1.740890993643454121e-04 0.000000000000000000e+00
0.000000000000000000e+00 0.000000000000000000e+00 0.000000000000000000e+00 0.000000000000000000e+00 0.000000000000000000e+00 0.000000000000000000e+00 2.697591033420056644e-09 -1.448496668422484232e-09 -4.502587588734857938e-10 3.243216604100316973e-10 1.878798126395489662e-09 6.288474239226666949e-10 5.827736355104442693e-10 3.330094663226794452e-10 1.925676259456169072e-10 7.406043436422394032e-11 -6.267418877723568166e-05 3.643170628566065428e-08 1.752558463584963366e-04 0.000000000000000000e+00
0.000000000000000000e+00 0.000000000000000000e+00 0.000000000000000000e+00 0.000000000000000000e+00 0.000000000000000000e+00 0.000000000000000000e+00 1.327010647955659048e-09 -5.832717789101327382e-10 4.526314076939898092e-11 2.622318945380981040e-10 6.021425563068937297e-10 7.477145627234513679e-10 3.569680407086586739e-10 3.822773821943260756e-10 3.862938386634867104e-10 1.493062525364072990e-10 4.737724933236194937e-11 1.114218101862940730e-08 4.920635504026315175e+03 0.000000000000000000e+00
0.000000000000000000e+00 0.000000000000000000e+00 0.000000000000000000e+00 0.000000000000000000e+00 0.000000000000000000e+00 0.000000000000000000e+00 3.464581383526963703e-09 -5.158500178449171076e-10 1.975811951316024735e-10 4.425730258396373172e-10 1.025315500010420557e-09 1.261807668789753256e-09 6.636082465905726603e-10 6.390101244942145078e-10 5.638005435957723037e-10 2.424446205799015307e-10 7.598115832357143442e-11 1.483995595391181741e-08 6.777904548655613326e+03 0.000000000000000000e+00
0.000000000000000000e+00 0.000000000000000000e+00 0.000000000000000000e+00 0.000000000000000000e+00 0.000000000000000000e+00 0.000000000000000000e+00 -1.039434438033029113e-08 -1.273648633563119717e-08 -2.060303644975550374e-08 -1.008286501280610254e-08 -7.735514037568799241e-09 -2.676898955586882295e-09 -2.121738886281843385e-09 -1.045232303745867787e-09 -5.119229394835151388e-10 -1.692012128367801951e-10 1.303985033840868598e-11 3.436025532956397292e-10 2.516714947898665128e-10 0.000000000000000000e+00
0.000000000000000000e+00 0.000000000000000000e+00 0.000000000000000000e+00 0.000000000000000000e+00 0.000000000000000000e+00 0.000000000000000000e+00 1.951917292515574511e-08 -2.058799517522158861e-09 -6.428115013322364136e-09 2.304035948513361419e-09 1.151573949109434401e-09 -6.996656571509591107e-10 -3.442275015189207278e-10 -3.880098889093063992e-11 3.806736839140773921e-12 4.351457997086769823e-12 3.207266921947448542e-10 4.185305647774163837e-10 2.834900321626787036e-10 0.000000000000000000e+00
0.000000000000000000e+00 0.000000000000000000e+00 0.000000000000000000e+00 0.000000000000000000e+00 0.000000000000000000e+00 0.000000000000000000e+00 9.955795914985832041e-09 3.943609923887154806e-09 6.612161681447293395e-10 1.117733361852960158e-09 1.417787100459077411e-10 -1.115755227044778076e-10 -1.662775447497149646e-10 -2.872248743303237471e-10 -4.780024084972317963e-11 -9.030316988888273332e-12 -5.577550917353396133e-12 -2.442141326258035860e-11 -6.524376733358470420e-07 0.000000000000000000e+00
0.000000000000000000e+00 0.000000000000000000e+00 0.000000000000000000e+00 0.000000000000000000e+00 0.000000000000000000e+00 0.000000000000000000e+00 1.795496967942185029e-08 8.791889044388028322e-09 7.495719914103588068e-09 5.175619955588227848e-09 3.241202837460286862e-09 8.266258570996768137e-10 5.341921112859515068e-10 3.920542649138109395e-11 1.297289243582502948e-10 6.913049579948712856e-11 -1.022168770021590840e-11 -1.536350163682237834e-10 -3.277045019069646506e-06 0.000000000000000000e+00
0.000000000000000000e+00 0.000000000000000000e+00 0.000000000000000000e+00 0.000000000000000000e+00 0.000000000000000000e+00 0.000000000000000000e+00 -4.121250409083136690e-08 -4.793210963517386091e-08 -5.320171975665065591e-08 -3.980274073952371953e-08 -2.891742106421168705e-08 -1.496221223203207958e-08 -9.301616556130864712e-09 -3.640339813054204813e-09 -2.205621337449566273e-09 -8.712776085718312279e-10 1.429178810226016188e-10 2.296941909974707877e-09 4.647614695842471386e-08 0.000000000000000000e+00
0.000000000000000000e+00 0.000000000000000000e+00 0.000000000000000000e+00 0.000000000000000000e+00 0.000000000000000000e+00 0.000000000000000000e+00 8.392740210847336540e-08 1.903990514417472857e-08 1.238853647537319993e-09 4.072707594788467407e-09 7.697149987816293843e-09 2.337548126942427577e-09 4.654872900499420499e-10 4.668811002623279069e-10 3.693485860326983147e-10 8.749036326558719221e-11 1.374569541966672528e-08 2.471242072226619824e-09 4.741211465639785719e-08 0.000000000000000000e+00
0.000000000000000000e+00 0.000000000000000000e+00 0.000000000000000000e+00 0.000000000000000000e+00 0.000000000000000000e+00 0.000000000000000000e+00 4.113085314165200212e-08 3.030761444610535193e-08 1.360950631766997969e-08 1.689115900670451745e-10 -1.751645499233627562e-09 2.355016384959994574e-09 7.005101085931261140e-10 2.737115969571298673e-11 2.860390413070291620e-10 1.291725479784829148e-10 1.079026062836927311e-11 -5.796885759930752533e-10 1.964434392552023164e-05 0.000000000000000000e+00
0.000000000000000000e+00 0.000000000000000000e+00 0.000000000000000000e+00 0.000000000000000000e+00 0.000000000000000000e+00 0.000000000000000000e+00 7.323112492882042593e-08 5.099703730071967720e-08 3.439875266945109643e-08 1.512416813809430024e-08 1.038684549354988648e-08 8.919522423370965571e-09 4.357814251743944450e-09 1.431373255572397728e-09 1.173393525715492520e-09 5.760686692130242189e-10 -2.068315923811005707e-11 -1.577911064461709602e-09 5.094203683725323999e-05 0.000000000000000000e+00
0.000000000000000000e+00 0.000000000000000000e+00 0.000000000000000000e+00 0.000000000000000000e+00 0.000000000000000000e+00 0.000000000000000000e+00 -7.652026311659140256e-09 3.612184500728597245e-09 4.360737966285113911e-10 -6.086599014581483377e-11 9.352931263130582292e-11 8.258506972404977791e-10 -6.923412391338107409e-10 -2.558902570817874517e-10 -3.474372298299514229e-10 -1.824562054717625931e-10 -3.178046999495117157e-10 -7.180520145834774192e-09 -1.520660760179699041e-05 0.000000000000000000e+00
0.000000000000000000e+00 0.000000000000000000e+00 0.000000000000000000e+00 0.000000000000000000e+00 0.000000000000000000e+00 0.000000000000000000e+00 1.642258120549234251e-09 1.565958198729235681e-08 3.365771476462735018e-09 -1.163339001136972292e-09 -8.309369836268025702e-10 6.221735469752946945e-10 -8.356562465566273639e-10 -4.207873786037656176e-10 -2.685728786428780030e-10 -2.748052051846541616e-10 3.583279963212873155e-03 -8.450266650622447813e-09 -1.513272863309218087e-05 0.000000000000000000e+00
0.000000000000000000e+00 0.000000000000000000e+00 0.000000000000000000e+00 0.000000000000000000e+00 0.000000000000000000e+00 0.000000000000000000e+00 -5.441476658736041679e-09 4.623509068901392565e-09 7.283492715101965974e-10 9.208328875264536536e-10 4.419385963502845891e-10 8.389046413559647721e-10 -6.574835639834484292e-10 -3.216901566144757345e-10 -4.033559562204250818e-10 -1.864468424190114533e-10 -3.103375287662925771e-10 -8.260550994028503216e-09 1.785447313505750571e+03 0.000000000000000000e+00
0.000000000000000000e+00 0.000000000000000000e+00 0.000000000000000000e+00 0.000000000000000000e+00 0.000000000000000000e+00 0.000000000000000000e+00 -4.071299015009034104e-09 5.635618909245561576e-09 1.696936947765445188e-09 1.396521483104799504e-09 5.506272341811926034e-10 7.448231429169000702e-10 -6.787365411417673965e-10 -3.070907942377094281e-10 -4.255966497451766475e-10 -1.747950800364266140e-10 -3.072510889842376604e-10 -8.323378924252149239e-09 2.358348503512023854e+03 0.000000000000000000e+00
