0.000000000000000000e+00 0.000000000000000000e+00 0.000000000000000000e+00 0.000000000000000000e+00 0.000000000000000000e+00 0.000000000000000000e+00 4.225803323219751659e-09 1.322632061134526070e-09 1.767476506415533320e-09 1.505019441085001257e-09 1.264735448524833098e-09 1.466406891838473128e-09 1.149891718097064235e-09 9.478622144046453519e-10 5.613530290923204288e-10 1.858198057170361324e-10 5.899183934541452267e-11 1.184766723750577294e-08 9.771695008199826615e-04 0.000000000000000000e+00
0.000000000000000000e+00 0.000000000000000000e+00 0.000000000000000000e+00 0.000000000000000000e+00 0.000000000000000000e+00 0.000000000000000000e+00 1.389741253747335989e-09 2.544982642488281093e-10 5.932830678264068224e-10 -5.827571465410839703e-10 8.639643604242915075e-10 7.965755885455250612e-10 4.875288409356637712e-10 4.047449811736127924e-10 1.351776527211555036e-10 1.089210101035219366e-10 -1.948164250660546740e-05 2.334137763441105589e-08 9.772675942588829670e-04 0.000000000000000000e+00
0.000000000000000000e+00 0.000000000000000000e+00 0.000000000000000000e+00 0.000000000000000000e+00 0.000000000000000000e+00 0.000000000000000000e+00 8.801927685587644150e-10 -1.158675493414557463e-10 -1.385377352193775639e-10 -4.522458701570404164e-10 3.339667231150781292e-10 4.149885071957154604e-10 4.948977612172208454e-10 4.627540313446718782e-10 2.951433819600996269e-10 1.547902341847737525e-10 4.862109122624004863e-11 1.251662125111649006e-08 -9.419323652820283314e+03 0.000000000000000000e+00
0.000000000000000000e+00 0.000000000000000000e+00 0.000000000000000000e+00 0.000000000000000000e+00 0.000000000000000000e+00 0.000000000000000000e+00 9.057156355529013202e-10 1.569830083158193043e-10 6.862195487236222598e-10 -4.797034254370762012e-10 3.516913043638747150e-10 6.502375730798136069e-10 6.426822751707606831e-10 6.666838386475032034e-10 4.103825359988478917e-10 2.332719486167540068e-10 7.176743056168534100e-11 1.688427256140998465e-08 -8.477454514169752656e+03 0.000000000000000000e+00
0.000000000000000000e+00 0.000000000000000000e+00 0.000000000000000000e+00 0.000000000000000000e+00 0.000000000000000000e+00 0.000000000000000000e+00 -2.900780434638916514e-08 -1.159316786776786244e-08 -1.233675351073668762e-08 -9.888501365532498869e-09 -5.193289021571156513e-09 -2.559312302734562154e-09 -1.062342613984297730e-09 -6.450989232276669419e-10 -3.038009031221876933e-10 -1.040867891110108827e-10 9.899517017624690554e-12 2.212624347807559697e-10 3.746998343324945152e-09 0.000000000000000000e+00
0.000000000000000000e+00 0.000000000000000000e+00 0.000000000000000000e+00 0.000000000000000000e+00 0.000000000000000000e+00 0.000000000000000000e+00 -1.172750454978523340e-08 3.262734837179353417e-09 9.684892932919176284e-10 -3.540227212369764886e-10 5.953357081370292539e-10 3.668785783969137995e-10 1.391864245385341962e-10 4.555056045841808703e-11 2.722750945203889141e-11 7.705419661162172992e-12 -1.455337738302980786e-09 2.692492379437645012e-10 3.786089010211292573e-09 0.000000000000000000e+00
0.000000000000000000e+00 0.000000000000000000e+00 0.000000000000000000e+00 0.000000000000000000e+00 0.000000000000000000e+00 0.000000000000000000e+00 -6.581249742107803310e-09 -2.021021816722259969e-09 7.836511965911354953e-10 -2.738186876597101062e-10 4.947762008283998251e-10 -2.867258100534084151e-10 7.873060929404738405e-11 1.062217449757489015e-11 -1.006717168602476535e-11 -1.252678136757802022e-11 4.986340108025415348e-13 1.863107871662103469e-11 -9.688457562174235179e-06 0.000000000000000000e+00
0.000000000000000000e+00 0.000000000000000000e+00 0.000000000000000000e+00 0.000000000000000000e+00 0.000000000000000000e+00 0.000000000000000000e+00 2.131504938342904131e-09 2.127110212400090204e-09 5.101924026939252297e-09 3.396014265327457246e-09 2.741463134279171414e-09 6.593522679893840614e-10 4.961974298151369519e-10 2.499289011820145172e-10 1.065994858963130648e-10 3.594840423118253025e-11 -2.245338376852881012e-12 -6.021063897213174741e-11 -1.135876062250809195e-05 0.000000000000000000e+00
0.000000000000000000e+00 0.000000000000000000e+00 0.000000000000000000e+00 0.000000000000000000e+00 0.000000000000000000e+00 0.000000000000000000e+00 -1.472851737906891665e-07 -5.201251693610443243e-08 -4.921269549548393720e-08 -4.051913173138255516e-08 -1.383975325511453890e-08 -1.121268417661977751e-08 -5.102879691651457951e-09 -3.474585078982367768e-09 -1.985033121407933741e-09 -6.001704197054488587e-10 7.667424137103829139e-11 1.868857646715462007e-09 -1.747513418704392870e-08 0.000000000000000000e+00
0.000000000000000000e+00 0.000000000000000000e+00 0.000000000000000000e+00 0.000000000000000000e+00 0.000000000000000000e+00 0.000000000000000000e+00 -7.066219616202466819e-08 1.848237696946652431e-08 1.628118511667205995e-08 -7.654683111881589888e-10 5.458812931409175291e-10 1.537648519472937867e-10 -7.009791463290209668e-10 8.555450660079906583e-10 1.203470613215933527e-10 5.358272293057939602e-11 -1.233847154816804638e-08 2.343319463961712685e-09 -1.781390945348539664e-08 0.000000000000000000e+00
0.000000000000000000e+00 0.000000000000000000e+00 0.000000000000000000e+00 0.000000000000000000e+00 0.000000000000000000e+00 0.000000000000000000e+00 -3.713030316451576456e-08 6.268494442160542883e-09 6.060835637691718117e-09 -5.245666555267566458e-10 3.192900333403602991e-09 -2.396167296334655147e-09 -7.831967888775426005e-10 6.543453153033764877e-10 1.241867299688587945e-10 5.101027480557343356e-12 -1.599004808840822999e-11 1.551391619911245469e-10 1.170237660980448052e-04 0.000000000000000000e+00
0.000000000000000000e+00 0.000000000000000000e+00 0.000000000000000000e+00 0.000000000000000000e+00 0.000000000000000000e+00 0.000000000000000000e+00 5.816328126934992728e-09 2.888039660821912653e-08 2.558829081398152349e-08 1.403904813307104613e-08 9.156801352056606826e-09 1.276403456130633932e-09 8.974386358266573939e-10 2.253121623252817397e-09 8.475863626610543864e-10 3.139450602371387783e-10 -5.041423413000623046e-11 -5.573071514044634822e-10 1.546698877925949112e-04 0.000000000000000000e+00
0.000000000000000000e+00 0.000000000000000000e+00 0.000000000000000000e+00 0.000000000000000000e+00 0.000000000000000000e+00 0.000000000000000000e+00 -2.762662039787800918e-09 -1.255764213097986145e-09 9.341237461930340267e-10 -3.814708619412159142e-10 5.835072363303423491e-10 -7.649057944357383129e-10 -2.268108056350816244e-10 -4.507885131914377334e-10 -1.285459423024060729e-10 -2.561048703037537036e-10 -4.550824559539747818e-11 -4.929868660711062945e-09 -1.066889347444651185e-04 0.000000000000000000e+00
0.000000000000000000e+00 0.000000000000000000e+00 0.000000000000000000e+00 0.000000000000000000e+00 0.000000000000000000e+00 0.000000000000000000e+00 -2.122745447793241909e-09 5.549388829257946987e-09 -2.553719553535699165e-11 -5.920811485955425657e-11 -1.192387382270846494e-09 -7.937637934577090372e-10 -7.222731893468885585e-10 8.242411386811065388e-12 -2.109751113992377984e-10 -3.446902118327752226e-10 8.454023084519450212e-03 -7.091367970071894343e-09 -1.065464147171778009e-04 0.000000000000000000e+00
0.000000000000000000e+00 0.000000000000000000e+00 0.000000000000000000e+00 0.000000000000000000e+00 0.000000000000000000e+00 0.000000000000000000e+00 -2.151534578536460290e-09 2.008695339698165697e-10 1.344178486955903897e-09 -2.915098841726892243e-10 3.036732319342984928e-10 -4.112784513370084433e-10 -3.184935318940725952e-10 -2.453048129124277085e-10 -1.847127884470633926e-10 -2.727929259013407125e-10 -3.547491159063104185e-11 -4.030294274983121653e-09 1.010192558529861344e+03 0.000000000000000000e+00
0.000000000000000000e+00 0.000000000000000000e+00 0.000000000000000000e+00 0.000000000000000000e+00 0.000000000000000000e+00 0.000000000000000000e+00 -1.773455824098639389e-09 9.684312793818091017e-10 1.215029334550794942e-09 -2.326956606932618135e-10 1.836451815216986867e-10 -2.597986517342010661e-10 -4.118832259990831395e-10 -1.620753527564745608e-10 -2.539709556267938522e-10 -2.784382595818680851e-10 -2.615075388013638896e-11 -3.573687110764261989e-09 6.483708885324697349e+02 0.000000000000000000e+00
