0.000000000000000000e+00 0.000000000000000000e+00 0.000000000000000000e+00 0.000000000000000000e+00 0.000000000000000000e+00 0.000000000000000000e+00 1.118865503628145789e-09 2.958227960184204479e-09 3.333938542552278888e-09 7.934540335752842435e-10 1.312987542833957209e-09 1.347617510152372684e-09 9.000940097726037247e-10 9.273524822567106238e-10 5.694295339019492357e-10 1.914352291995417281e-10 5.483776778036273109e-11 1.150175685496853192e-08 1.442239126203510857e-03 0.000000000000000000e+00
0.000000000000000000e+00 0.000000000000000000e+00 0.000000000000000000e+00 0.000000000000000000e+00 0.000000000000000000e+00 0.000000000000000000e+00 -1.321571382582485544e-09 -1.041684760742205767e-09 -8.666431517162971890e-11 9.712930874101303575e-10 6.351321565876692115e-10 5.362701758793359052e-10 4.367634992269036905e-10 3.641708144515323176e-10 1.232219640798092144e-10 5.066442734783468119e-11 8.058470549787766018e-05 2.337526023350229986e-08 1.442395149777155050e-03 0.000000000000000000e+00
0.000000000000000000e+00 0.000000000000000000e+00 0.000000000000000000e+00 0.000000000000000000e+00 0.000000000000000000e+00 0.000000000000000000e+00 3.889835540877417427e-10 1.487323600518641519e-10 6.986640604638159234e-10 5.069996970082251545e-10 3.749098844427159158e-10 2.232583993391914846e-10 3.777014313171023283e-10 4.192153504876381626e-10 2.743098983624688254e-10 1.525486374554915159e-10 4.160248607694611539e-11 1.377681278702271221e-08 -5.884425777662363544e+03 0.000000000000000000e+00
0.000000000000000000e+00 0.000000000000000000e+00 0.000000000000000000e+00 0.000000000000000000e+00 0.000000000000000000e+00 0.000000000000000000e+00 6.899979565660597827e-10 8.113482885561208045e-11 1.323531140595665570e-09 8.752031175212150301e-10 4.052754426235882130e-10 4.230664559213715605e-10 6.603681925000994977e-10 5.935325775367570851e-10 3.868306978391778126e-10 2.118054517576668945e-10 6.097792985499525120e-11 1.797722226260487098e-08 -2.790093653130024904e+02 0.000000000000000000e+00
0.000000000000000000e+00 0.000000000000000000e+00 0.000000000000000000e+00 0.000000000000000000e+00 0.000000000000000000e+00 0.000000000000000000e+00 -1.573745184156776038e-08 -1.910069089604911327e-08 -1.444151800242520067e-08 -4.894627081324991039e-09 -5.207032877007712150e-09 -3.272723392815429829e-09 -1.518770991398218321e-09 -6.978910093751094126e-10 -3.033531543351418828e-10 -1.103900334294670615e-10 1.020683929453438689e-11 2.184011441613829419e-10 1.886135872091049174e-09 0.000000000000000000e+00
0.000000000000000000e+00 0.000000000000000000e+00 0.000000000000000000e+00 0.000000000000000000e+00 0.000000000000000000e+00 0.000000000000000000e+00 -6.492091844221906677e-09 2.744602766976760273e-09 4.175683798242278364e-11 2.804483595798903243e-09 2.563875543440063249e-10 -1.455362894527766621e-10 6.103380171931187766e-11 9.966517923952308949e-12 1.004999098083744976e-11 5.546499072545132834e-12 -1.232397030937604684e-09 2.691908406112033896e-10 1.899675758673581076e-09 0.000000000000000000e+00
0.000000000000000000e+00 0.000000000000000000e+00 0.000000000000000000e+00 0.000000000000000000e+00 0.000000000000000000e+00 0.000000000000000000e+00 -5.563347044124783762e-10 6.670872031387812910e-09 -3.478732519586533769e-10 2.659332422322078563e-09 -5.034658106187467813e-10 1.266107459720648639e-10 -1.044479681903494214e-10 -1.380997403448285383e-10 -1.813497627599412631e-11 -9.962762274420800250e-12 2.087340446896873661e-12 1.779837988662495911e-11 8.348079342808895694e-06 0.000000000000000000e+00
0.000000000000000000e+00 0.000000000000000000e+00 0.000000000000000000e+00 0.000000000000000000e+00 0.000000000000000000e+00 0.000000000000000000e+00 4.612108401899709629e-09 1.455177895416837657e-08 5.026153147493099111e-09 5.466752975110733515e-09 1.580142904510932048e-09 1.323223472048184455e-09 4.409899361316513867e-10 1.000979913465966567e-10 8.787369719568614109e-11 4.295642391774890475e-11 4.493545036641896076e-13 -6.080866375233576464e-11 7.290570317127740112e-06 0.000000000000000000e+00
0.000000000000000000e+00 0.000000000000000000e+00 0.000000000000000000e+00 0.000000000000000000e+00 0.000000000000000000e+00 0.000000000000000000e+00 -8.697124088656984006e-08 -9.048838572261417320e-08 -5.823823188876837744e-08 -2.701271170580847963e-08 -1.887695559874420414e-08 -8.329318940390711908e-09 -6.542434948353613256e-09 -3.731160217289103224e-09 -1.772382531398904830e-09 -6.918848574583434644e-10 9.798178744099583208e-11 2.248746269417471542e-09 3.692045546388213827e-08 0.000000000000000000e+00
0.000000000000000000e+00 0.000000000000000000e+00 0.000000000000000000e+00 0.000000000000000000e+00 0.000000000000000000e+00 0.000000000000000000e+00 -3.667430935014605351e-08 -6.326394601177211939e-09 -5.719536476458554539e-10 6.302272236990565602e-09 -2.914900028492601746e-09 4.450561494251483152e-09 -4.741716516642523780e-10 2.255020901850182289e-10 2.025674903258724455e-10 1.882756236360491146e-10 -3.097879752255719773e-08 2.854017072943502782e-09 3.704840350794620454e-08 0.000000000000000000e+00
0.000000000000000000e+00 0.000000000000000000e+00 0.000000000000000000e+00 0.000000000000000000e+00 0.000000000000000000e+00 0.000000000000000000e+00 -3.878489598465069377e-09 -1.139038859196109109e-08 4.409199219405962181e-09 8.312718791969420672e-09 -4.445846636785853070e-09 3.737601065401778256e-09 -1.110813445775511453e-10 -1.341776789877546315e-10 2.035575159621596213e-10 7.799371805030949427e-11 -1.952932165626120509e-11 -2.571521280986573979e-11 -1.061030740230522688e-05 0.000000000000000000e+00
0.000000000000000000e+00 0.000000000000000000e+00 0.000000000000000000e+00 0.000000000000000000e+00 0.000000000000000000e+00 0.000000000000000000e+00 2.581739820014343978e-08 1.536480934780492095e-08 2.617763021681921804e-08 2.186521946689614560e-08 1.772021608588769061e-09 8.126311628941646245e-09 2.195891471125888856e-09 1.172537161163568219e-09 9.153904390318922909e-10 4.494070094527083247e-10 -5.463832845070685270e-11 -9.561845909490101262e-10 -5.281007690132590802e-05 0.000000000000000000e+00
0.000000000000000000e+00 0.000000000000000000e+00 0.000000000000000000e+00 0.000000000000000000e+00 0.000000000000000000e+00 0.000000000000000000e+00 2.233942915607567572e-09 -8.848861602160399179e-10 1.322674219807834699e-09 -1.430229171003678990e-09 1.353631369087386220e-09 -3.309700206647590793e-10 -1.541244842972682494e-10 -1.131681234901496629e-10 -1.351432974363839351e-10 -1.208217679684769115e-10 -1.993745862107607635e-10 -4.520422685280172956e-09 6.819705313162482529e-07 0.000000000000000000e+00
0.000000000000000000e+00 0.000000000000000000e+00 0.000000000000000000e+00 0.000000000000000000e+00 0.000000000000000000e+00 0.000000000000000000e+00 6.147131741679062023e-09 4.535999409231272632e-09 3.039465009641505249e-09 -3.202732584542471927e-09 2.192106409500154738e-09 4.037635177639815754e-10 -6.125988042756862094e-10 -2.961706462939467939e-10 -2.171120685218359031e-10 -9.015341729841652936e-11 -1.087044991598708427e-03 -8.879252433524500981e-09 5.789656223701743650e-07 0.000000000000000000e+00
0.000000000000000000e+00 0.000000000000000000e+00 0.000000000000000000e+00 0.000000000000000000e+00 0.000000000000000000e+00 0.000000000000000000e+00 2.843457821577694641e-09 -1.709136364245675381e-09 1.245298766186979788e-09 -1.040527403195351683e-09 1.073424073848770615e-09 -2.609936286070808754e-10 -3.564878382831750793e-10 -1.803963738873946683e-10 -2.035867369507542821e-10 -9.307739522134287424e-11 -1.606502577665847169e-10 -2.809057187688107850e-09 5.074860776530196063e+02 0.000000000000000000e+00
0.000000000000000000e+00 0.000000000000000000e+00 0.000000000000000000e+00 0.000000000000000000e+00 0.000000000000000000e+00 0.000000000000000000e+00 3.135922911323427769e-09 -1.239818646706112775e-09 1.075562744973088798e-09 -8.441199857868678746e-10 9.127018616361440975e-10 -1.651682417735636142e-10 -4.087762598391438687e-10 -2.536123258927902345e-10 -2.777390983896142160e-10 -8.695141113764324282e-11 -1.563268782687249625e-10 -2.024421459175288330e-09 2.137397370645999217e+02 0.000000000000000000e+00
