0.000000000000000000e+00 0.000000000000000000e+00 0.000000000000000000e+00 0.000000000000000000e+00 0.000000000000000000e+00 0.000000000000000000e+00 3.737271808529539324e-08 8.774345135024314913e-09 6.993217415135845942e-09 5.845205440861828598e-09 8.084242708496692778e-09 8.508386798146275048e-09 8.215620374151909837e-09 6.357737013877940302e-09 3.863632503336732643e-09 1.592793959478350022e-09 3.561530051938137962e-10 3.167549840480884175e-08 2.862794862811571207e-05 0.000000000000000000e+00
0.000000000000000000e+00 0.000000000000000000e+00 0.000000000000000000e+00 0.000000000000000000e+00 0.000000000000000000e+00 0.000000000000000000e+00 1.530528800802672820e-09 2.826767507647526485e-09 3.186725324298061537e-09 1.697040043662669867e-09 2.214053752390935551e-09 2.520229284858792113e-09 1.821109441782522850e-09 1.536246066064124112e-09 9.462281954783946054e-10 7.421308085220105251e-10 2.669135690330312442e-03 4.821850056211269220e-08 2.875998380876009820e-05 0.000000000000000000e+00
0.000000000000000000e+00 0.000000000000000000e+00 0.000000000000000000e+00 0.000000000000000000e+00 0.000000000000000000e+00 0.000000000000000000e+00 6.123988382870291791e-09 1.880279077216149374e-09 1.837811305150793586e-09 9.954270376742863669e-10 1.986143190095138873e-09 2.333105970910440124e-09 2.303482078510582882e-09 2.289491316770570057e-09 1.824852999670589471e-09 1.150300150918126737e-09 2.483636084542681773e-10 1.708377543306905352e-08 8.420546869652148416e+02 0.000000000000000000e+00
0.000000000000000000e+00 0.000000000000000000e+00 0.000000000000000000e+00 0.000000000000000000e+00 0.000000000000000000e+00 0.000000000000000000e+00 1.496638249799706666e-09 8.992834636647291234e-10 1.386322007221357309e-09 6.519821293107336944e-10 1.117096126884074456e-09 1.632317241359683212e-09 1.669078615457015141e-09 1.834401608293508746e-09 1.589903024268805211e-09 1.078541789876671705e-09 2.256877983482582956e-10 1.646997403333002474e-08 1.173413679610350300e+03 0.000000000000000000e+00
0.000000000000000000e+00 0.000000000000000000e+00 0.000000000000000000e+00 0.000000000000000000e+00 0.000000000000000000e+00 0.000000000000000000e+00 -1.454809266333748954e-07 -1.058781002488833524e-08 -3.272444589126539767e-09 -9.978418184849751369e-09 -5.624868755925731088e-09 -5.224677956794966507e-09 -2.603265092397799823e-09 -1.611647613478130503e-09 -6.587479386402675325e-10 -2.260216170775772192e-10 1.651099509613858421e-11 4.038639907346461708e-10 3.656808254519401542e-09 0.000000000000000000e+00
0.000000000000000000e+00 0.000000000000000000e+00 0.000000000000000000e+00 0.000000000000000000e+00 0.000000000000000000e+00 0.000000000000000000e+00 -1.198831466332048290e-08 -6.126297400282545281e-09 4.273499894511114157e-10 3.197689210327046063e-09 7.665765458655565907e-10 -4.420589883907979976e-10 -1.886691186632866142e-10 -5.919461739845394872e-11 -8.494942843148963595e-12 -5.143756316801228697e-11 -7.621434978560613990e-09 4.449259839148086593e-10 3.707040679320372466e-09 0.000000000000000000e+00
0.000000000000000000e+00 0.000000000000000000e+00 0.000000000000000000e+00 0.000000000000000000e+00 0.000000000000000000e+00 0.000000000000000000e+00 -5.248555594544382716e-08 -2.226164518084099947e-09 5.874492596789667426e-10 -1.661307334878053666e-09 -2.050430040265971337e-09 -1.726630100897598388e-09 -8.701952681017909715e-10 -5.266421004122625786e-10 -1.923509173332568964e-10 -6.924354432547289012e-11 2.170670187231550191e-12 1.282298403563590408e-10 3.577125903059987685e-07 0.000000000000000000e+00
0.000000000000000000e+00 0.000000000000000000e+00 0.000000000000000000e+00 0.000000000000000000e+00 0.000000000000000000e+00 0.000000000000000000e+00 -1.711720601896879976e-08 -5.866384237301524079e-10 1.618360317653793556e-09 1.587703791096963642e-09 -5.771259139398844503e-10 -4.635003562258986058e-10 -2.412955459291684569e-10 -1.131722220000363298e-10 8.578308184070865206e-12 3.033067246170675020e-11 6.429324702569272460e-12 4.517640681361524700e-12 -5.943455468222975880e-07 0.000000000000000000e+00
0.000000000000000000e+00 0.000000000000000000e+00 0.000000000000000000e+00 0.000000000000000000e+00 0.000000000000000000e+00 0.000000000000000000e+00 -6.874996957876615897e-07 -8.254326358926717738e-09 -2.415482307206851459e-08 -5.411104082042310955e-08 -2.579714183659365456e-08 -1.092226955196672037e-08 -5.377680444551297739e-09 -2.757756546089890707e-09 4.737084690087929040e-10 2.779939267041423488e-10 -1.896997333902398789e-11 1.727993382749859901e-10 1.759712553072423483e-08 0.000000000000000000e+00
0.000000000000000000e+00 0.000000000000000000e+00 0.000000000000000000e+00 0.000000000000000000e+00 0.000000000000000000e+00 0.000000000000000000e+00 -1.440846831392709879e-08 7.651010685392667271e-09 -3.293726098278434441e-09 1.059432474169472670e-08 -4.179227256819962086e-09 -4.962960050096838043e-09 -1.168279801988561591e-09 -3.943077912208681104e-10 4.174672265231073604e-10 2.537650723656027591e-10 -2.183531969321589572e-07 6.906143249701169526e-11 1.739988398968095466e-08 0.000000000000000000e+00
0.000000000000000000e+00 0.000000000000000000e+00 0.000000000000000000e+00 0.000000000000000000e+00 0.000000000000000000e+00 0.000000000000000000e+00 -2.217919796276724127e-07 1.648830739655030003e-08 9.410516623029294765e-10 -1.597582979297204084e-08 -1.092621394904029106e-08 -3.142816307889497483e-09 -2.417455481364430047e-09 -9.545932348868331580e-10 5.842711355335229954e-10 3.983274989116290315e-10 -1.798966385604201043e-11 -6.779735601062452743e-11 -4.665052407754793882e-06 0.000000000000000000e+00
0.000000000000000000e+00 0.000000000000000000e+00 0.000000000000000000e+00 0.000000000000000000e+00 0.000000000000000000e+00 0.000000000000000000e+00 -4.402328994521845152e-08 2.148508158654718420e-08 7.435967508220837682e-09 -6.532166110210314637e-10 -4.793263045175675655e-09 -8.654411325451210385e-10 -1.358862750008967101e-09 -3.234225711823866792e-10 5.866731496518893863e-10 4.566605902404488875e-10 -1.373833346599502031e-11 -1.252538287104853516e-10 -7.830086529476427604e-06 0.000000000000000000e+00
0.000000000000000000e+00 0.000000000000000000e+00 0.000000000000000000e+00 0.000000000000000000e+00 0.000000000000000000e+00 0.000000000000000000e+00 1.402749862042271851e-09 -2.044023488348128356e-09 -1.670158950214925745e-09 -8.968064815586709687e-10 -1.037414393600991684e-11 -2.694649365266512899e-10 -1.530621219927402716e-11 -1.493550181360566785e-10 -1.727662843724598508e-10 -5.782128738660549706e-11 -9.218318006778831614e-11 -4.671689506566803115e-09 -8.449024225927118234e-06 0.000000000000000000e+00
0.000000000000000000e+00 0.000000000000000000e+00 0.000000000000000000e+00 0.000000000000000000e+00 0.000000000000000000e+00 0.000000000000000000e+00 -2.449022005551863498e-09 -2.839693630710200298e-09 -4.895655633922238382e-09 4.413640888005671582e-10 -2.507461733460471212e-09 -2.016725387610305260e-09 -7.062063127680264200e-10 -1.577853112649833216e-10 -2.375054703344228901e-10 2.357386099925356939e-10 -1.745204157662648414e-02 -6.926214060644715015e-09 -8.457424065817623182e-06 0.000000000000000000e+00
0.000000000000000000e+00 0.000000000000000000e+00 0.000000000000000000e+00 0.000000000000000000e+00 0.000000000000000000e+00 0.000000000000000000e+00 1.411189957263179463e-09 -3.610791589854269851e-10 -1.384967267985095214e-09 -5.149540729675538745e-10 3.313761796717153720e-11 -3.589594746086755939e-10 -2.446690901177851667e-10 -1.508082161429244521e-10 -2.238558399889114814e-10 -1.452897593216102969e-10 -5.085438904712827733e-11 -3.539048467966000618e-09 -3.045557838291851567e+03 0.000000000000000000e+00
0.000000000000000000e+00 0.000000000000000000e+00 0.000000000000000000e+00 0.000000000000000000e+00 0.000000000000000000e+00 0.000000000000000000e+00 1.166555261739491273e-09 3.890084177461828220e-10 -1.571088060393236950e-09 -3.408211924466513539e-10 -1.222513768491338412e-10 -6.003481456908403697e-10 -3.418747148452523878e-10 -1.742113999757520459e-10 -2.811513362808228052e-10 -1.967136683184733338e-10 -3.386748236872167326e-11 -2.802069893705987260e-09 -1.197625680939005179e+04 0.000000000000000000e+00
