0.000000000000000000e+00 0.000000000000000000e+00 0.000000000000000000e+00 0.000000000000000000e+00 0.000000000000000000e+00 0.000000000000000000e+00 1.162978544857819648e-08 2.855146515071440669e-08 2.174698550968336978e-08 1.608218942298642493e-08 1.605941142370723841e-08 1.958029475500129061e-08 1.790352808125442584e-08 1.482933362963100791e-08 9.411480672279728523e-09 3.234423049464414847e-09 7.642908179591053265e-10 7.836896418234731425e-08 4.715876810702671149e-05 0.000000000000000000e+00
0.000000000000000000e+00 0.000000000000000000e+00 0.000000000000000000e+00 0.000000000000000000e+00 0.000000000000000000e+00 0.000000000000000000e+00 2.387753618498412982e-09 6.217838560261490302e-09 2.242665133791653746e-09 2.962274263369731468e-09 3.538405911305264293e-09 3.002589546670049128e-09 2.122685384569659550e-09 1.516249406675395340e-09 1.011561607098437050e-09 1.027377121578239531e-09 2.218096687717549271e-03 1.181951233605034329e-07 4.731517896819901516e-05 0.000000000000000000e+00
0.000000000000000000e+00 0.000000000000000000e+00 0.000000000000000000e+00 0.000000000000000000e+00 0.000000000000000000e+00 0.000000000000000000e+00 6.393012697727124051e-09 9.474430936846779622e-09 5.758613149854533260e-09 3.831507075436918904e-09 4.027435103535927448e-09 5.091086516989838312e-09 4.608297885678005917e-09 3.965532042492160814e-09 2.850010681247467250e-09 1.303525048674163708e-09 3.594451810490185296e-10 1.817286203092139337e-08 -1.628999481876958271e+03 0.000000000000000000e+00
0.000000000000000000e+00 0.000000000000000000e+00 0.000000000000000000e+00 0.000000000000000000e+00 0.000000000000000000e+00 0.000000000000000000e+00 4.686380678557125523e-09 4.691778086405318395e-09 2.969875843935428565e-09 2.023608983707022540e-09 2.165983289321036892e-09 2.818978644333382777e-09 2.712725607664834478e-09 2.309479085560840169e-09 1.664795979006161892e-09 7.553810540422091987e-10 1.992433814466040750e-10 9.527460242949646999e-09 -1.921626141334680142e+03 0.000000000000000000e+00
0.000000000000000000e+00 0.000000000000000000e+00 0.000000000000000000e+00 0.000000000000000000e+00 0.000000000000000000e+00 0.000000000000000000e+00 2.641758631577699866e-08 -1.602477072062144154e-08 -1.982906933030976277e-08 -1.024285069482410246e-08 -8.525141169865690095e-09 -6.763914839604749648e-09 -4.201560764455053114e-09 -1.906461504142915190e-09 -1.373077507026793432e-09 -4.463944973088495441e-10 2.546577308585653289e-11 6.239415426112765895e-10 3.885463019001860751e-09 0.000000000000000000e+00
0.000000000000000000e+00 0.000000000000000000e+00 0.000000000000000000e+00 0.000000000000000000e+00 0.000000000000000000e+00 0.000000000000000000e+00 1.833631445724130918e-08 -1.126584496901808249e-08 2.021532003051289951e-10 1.081204292417170262e-09 -6.347041560277101220e-11 -8.235223269127889739e-10 -2.300747994002040146e-10 -5.907904934119901801e-11 -1.508418488494131077e-10 -1.421179639148857874e-10 -1.193717460417445202e-08 6.820117698183965610e-10 3.963953595855986489e-09 0.000000000000000000e+00
0.000000000000000000e+00 0.000000000000000000e+00 0.000000000000000000e+00 0.000000000000000000e+00 0.000000000000000000e+00 0.000000000000000000e+00 2.150304137897861492e-08 -1.100646740288683174e-08 -4.400557566245667994e-09 -3.753512372544278325e-09 -3.128890512051641943e-09 -3.169290240945007689e-09 -1.498088592538262924e-09 -6.297002044210380811e-10 -5.425496509625239510e-10 -2.000417797537371726e-10 5.271195819562287126e-13 2.122018566700638720e-10 1.456032398098589671e-06 0.000000000000000000e+00
0.000000000000000000e+00 0.000000000000000000e+00 0.000000000000000000e+00 0.000000000000000000e+00 0.000000000000000000e+00 0.000000000000000000e+00 2.012405689964443345e-08 -9.154546498951729842e-09 1.175198664800499736e-09 -1.119643004861694284e-09 -9.519841928884796538e-10 -1.674828545758693705e-09 -4.672161878630103730e-10 -1.363587341122648114e-10 -1.670659900847804777e-10 -3.938848612494832393e-11 4.846824919280575731e-12 2.622929525990083960e-11 8.829269548563686209e-07 0.000000000000000000e+00
0.000000000000000000e+00 0.000000000000000000e+00 0.000000000000000000e+00 0.000000000000000000e+00 0.000000000000000000e+00 0.000000000000000000e+00 3.848846648915128647e-08 -3.570160558714100193e-09 -9.788745529126121686e-08 -7.862362184576387163e-08 -3.339701350305322344e-08 -1.843709866476318285e-08 -7.383826832533231394e-09 -5.357998336182019208e-09 -1.103143507711001924e-09 -1.995836651414121737e-10 5.212383857146919910e-11 1.657988080056645543e-10 2.574576708355572347e-08 0.000000000000000000e+00
0.000000000000000000e+00 0.000000000000000000e+00 0.000000000000000000e+00 0.000000000000000000e+00 0.000000000000000000e+00 0.000000000000000000e+00 4.190793942538458911e-08 2.543337289926977315e-08 5.606111324523428367e-09 -1.697130783492379285e-08 2.912935422871920672e-10 -1.394453829954172724e-09 -7.486261457335285887e-10 -9.685551060833047065e-10 5.842320776338311884e-11 2.614528966066263089e-11 -2.110264858727100220e-07 1.812079639393717465e-10 2.582662718243006890e-08 0.000000000000000000e+00
0.000000000000000000e+00 0.000000000000000000e+00 0.000000000000000000e+00 0.000000000000000000e+00 0.000000000000000000e+00 0.000000000000000000e+00 3.365209049593851663e-08 6.232824955483463739e-09 -2.841049897417950213e-08 -3.349988563226249115e-08 -8.529769313447232221e-09 -6.786402470422353557e-09 -1.567677494610345836e-09 -2.052649660815039333e-09 -2.299799307939792520e-10 1.077467566982261319e-10 1.702818835310289122e-11 -8.725575432537921883e-11 2.100546457741723957e-05 0.000000000000000000e+00
0.000000000000000000e+00 0.000000000000000000e+00 0.000000000000000000e+00 0.000000000000000000e+00 0.000000000000000000e+00 0.000000000000000000e+00 3.443412285223415473e-08 1.074960468200670412e-08 -8.520669286481487636e-10 -1.618923775653105657e-08 5.765065944953194664e-10 -2.204707903346007288e-09 4.331982003893815300e-10 -8.636781995301016530e-10 1.307987377181457658e-10 2.863318640584596698e-10 2.227961423708284918e-11 -1.500950271920888730e-10 5.466255526605577039e-05 0.000000000000000000e+00
0.000000000000000000e+00 0.000000000000000000e+00 0.000000000000000000e+00 0.000000000000000000e+00 0.000000000000000000e+00 0.000000000000000000e+00 -4.308961708069055292e-11 1.600083492949870517e-10 8.404881436300139239e-10 5.746702172350535626e-10 3.619684735374764573e-10 -4.015287931620172071e-10 -4.599550448379649177e-10 -3.000319561401978742e-10 -4.475001523020670660e-10 -1.434691881252693885e-10 -2.928618771565554355e-10 -7.076006418934615387e-09 -2.696945054501187831e-06 0.000000000000000000e+00
0.000000000000000000e+00 0.000000000000000000e+00 0.000000000000000000e+00 0.000000000000000000e+00 0.000000000000000000e+00 0.000000000000000000e+00 1.248786866953636080e-10 -9.270887977744933929e-10 -5.591097190908530466e-09 -2.688254389707326966e-09 -5.424654647216598152e-09 -7.773402925037595732e-10 -1.047662377316191547e-09 -7.611212629746987324e-10 -5.758445972616239247e-10 -4.132630697357826020e-13 -2.588185195390946616e-02 -9.947729860115437741e-09 -2.731721889040586565e-06 0.000000000000000000e+00
0.000000000000000000e+00 0.000000000000000000e+00 0.000000000000000000e+00 0.000000000000000000e+00 0.000000000000000000e+00 0.000000000000000000e+00 -8.468252376357623545e-10 1.386294250506487122e-09 1.014123366252255501e-09 4.835468590885268106e-10 -9.115246279729434707e-10 -3.819758559030702983e-10 -5.745164800664183970e-10 -3.705580502224569487e-10 -6.593013642336572486e-10 -2.301897580552023227e-10 -2.598597264323821227e-10 -5.966171987795129252e-09 1.550937837291410688e+03 0.000000000000000000e+00
0.000000000000000000e+00 0.000000000000000000e+00 0.000000000000000000e+00 0.000000000000000000e+00 0.000000000000000000e+00 0.000000000000000000e+00 -8.519318610654462524e-10 2.005118414324496054e-09 6.993563535660233149e-10 2.388686072721678592e-10 -1.603830531225308758e-09 -3.324204450693357710e-10 -7.205330856480275439e-10 -4.483513112203550689e-10 -7.702274345729546558e-10 -2.944838702924587256e-10 -2.513322264791033002e-10 -5.050740682380742025e-09 7.331233484917118403e+03 0.000000000000000000e+00
