0.000000000000000000e+00 0.000000000000000000e+00 0.000000000000000000e+00 0.000000000000000000e+00 0.000000000000000000e+00 0.000000000000000000e+00 1.845052273056236748e-08 1.527584023075161647e-08 2.195394108490996775e-08 1.543224570498056305e-08 2.277472668441616974e-08 2.217524023023127311e-08 2.120962600836133608e-08 1.805205716741396438e-08 1.114955389708896182e-08 4.035613370007511838e-09 1.055886375830158300e-09 8.758994323092326766e-08 5.222020583803429171e-05 0.000000000000000000e+00
0.000000000000000000e+00 0.000000000000000000e+00 0.000000000000000000e+00 0.000000000000000000e+00 0.000000000000000000e+00 0.000000000000000000e+00 2.330918284950458253e-09 7.812012759712484100e-09 1.823467692793737129e-09 3.029852886582871485e-09 4.051502669016041801e-09 3.787990557404004364e-09 2.926042939797661516e-09 2.255885898715762073e-09 1.919033894912853442e-09 2.060395990820485581e-09 3.746880754748624451e-03 1.329506334197692554e-07 5.235424398014555582e-05 0.000000000000000000e+00
0.000000000000000000e+00 0.000000000000000000e+00 0.000000000000000000e+00 0.000000000000000000e+00 0.000000000000000000e+00 0.000000000000000000e+00 3.609666420118106690e-09 5.089014157271404449e-09 6.550263243446158137e-09 3.823724769472355194e-09 6.975667686989038594e-09 5.948894130454025079e-09 6.101502071873569454e-09 5.343375357615833676e-09 3.885677326721400225e-09 1.914034077106811973e-09 5.973734208596264725e-10 2.290782051708464436e-08 -2.010727593931436786e+03 0.000000000000000000e+00
0.000000000000000000e+00 0.000000000000000000e+00 0.000000000000000000e+00 0.000000000000000000e+00 0.000000000000000000e+00 0.000000000000000000e+00 1.819833389543243807e-09 4.309526696892039960e-09 3.268679337196571047e-09 2.381664503359631293e-09 3.916721756738662671e-09 3.420665721879202871e-09 3.658188152832344988e-09 3.274321839785836578e-09 2.540115514539438336e-09 1.273329084812400343e-09 3.902926223079736935e-10 1.317018270277633096e-08 -3.353796986330045911e+03 0.000000000000000000e+00
0.000000000000000000e+00 0.000000000000000000e+00 0.000000000000000000e+00 0.000000000000000000e+00 0.000000000000000000e+00 0.000000000000000000e+00 -2.132146439827678288e-08 -1.608302829566418714e-08 -7.563055759275101792e-09 -1.190941463123143399e-08 -1.032295529904952795e-08 -6.927314342410085877e-09 -4.875864963047923077e-09 -2.270176738186605100e-09 -1.306622264733322803e-09 -5.383014174362125349e-10 2.021312785255886212e-11 6.774626006644686615e-10 6.266810113247644744e-09 0.000000000000000000e+00
0.000000000000000000e+00 0.000000000000000000e+00 0.000000000000000000e+00 0.000000000000000000e+00 0.000000000000000000e+00 0.000000000000000000e+00 8.762753693804744465e-09 -2.631905132923843874e-09 2.157264410366447270e-09 1.231815757142481956e-09 -8.791469309726487836e-10 -9.867527030402342664e-10 -4.497556034181086070e-10 -4.931558335861358893e-10 -1.719311765847084631e-10 -2.013613316488099856e-10 7.694182620678232769e-09 7.327330426983748369e-10 6.361413635172237634e-09 0.000000000000000000e+00
0.000000000000000000e+00 0.000000000000000000e+00 0.000000000000000000e+00 0.000000000000000000e+00 0.000000000000000000e+00 0.000000000000000000e+00 2.747374132875900390e-09 -2.364922058031308708e-09 -1.920509381164594923e-10 -3.015146353176258522e-09 -3.223306406463730132e-09 -2.647119169291534363e-09 -1.958717361067036376e-09 -9.937713367356313311e-10 -5.441470788269966257e-10 -2.725248999461748059e-10 -4.103763729205461767e-12 2.421098436547133494e-10 1.434517862037527673e-07 0.000000000000000000e+00
0.000000000000000000e+00 0.000000000000000000e+00 0.000000000000000000e+00 0.000000000000000000e+00 0.000000000000000000e+00 0.000000000000000000e+00 1.016182454587807605e-08 2.395350060908504733e-09 2.429405657491682214e-09 2.088284638652512794e-10 -6.169052742792623700e-10 -1.038709743063133461e-09 -8.121904135182510536e-10 -5.180862632398066251e-10 -2.010427070767398493e-10 -9.765215858462832717e-11 2.012442965050776561e-12 4.418336196588704408e-11 -1.559478967957948997e-07 0.000000000000000000e+00
0.000000000000000000e+00 0.000000000000000000e+00 0.000000000000000000e+00 0.000000000000000000e+00 0.000000000000000000e+00 0.000000000000000000e+00 -5.846882604391911800e-08 -1.124501681163915037e-07 -8.881419924679003486e-08 -2.333091893353468411e-08 -4.129802207773023894e-08 -7.036420142284266075e-09 -8.988048104121949778e-09 -4.340476159162894093e-10 -8.260913445537167063e-10 -5.226118542515687493e-10 9.446397520308240776e-11 3.978450120638448670e-10 -7.778982847053193917e-09 0.000000000000000000e+00
0.000000000000000000e+00 0.000000000000000000e+00 0.000000000000000000e+00 0.000000000000000000e+00 0.000000000000000000e+00 0.000000000000000000e+00 3.713700781294234856e-08 -1.832923765562895285e-08 -2.617195571649413210e-08 -4.657388599018167788e-09 -7.273549767620913148e-09 4.230902951530890094e-09 -7.877941638957953285e-10 3.739909512145269190e-10 1.428050735471693140e-10 -1.288473099683262311e-10 -1.112527074493131462e-07 3.036843325782042354e-10 -7.922431144905219932e-09 0.000000000000000000e+00
0.000000000000000000e+00 0.000000000000000000e+00 0.000000000000000000e+00 0.000000000000000000e+00 0.000000000000000000e+00 0.000000000000000000e+00 3.541435333263491930e-08 -2.455933463286502645e-08 -3.812144713307182201e-08 -4.224974439621458235e-09 -1.281819431801910569e-08 -1.842393218491685119e-10 -3.832629888064754662e-09 9.735886352216595522e-10 -2.380346604392772558e-11 -2.467861144647108444e-10 5.503405645070208594e-11 -1.339048822110814076e-10 -1.783449361377244461e-05 0.000000000000000000e+00
0.000000000000000000e+00 0.000000000000000000e+00 0.000000000000000000e+00 0.000000000000000000e+00 0.000000000000000000e+00 0.000000000000000000e+00 6.183517235072508204e-08 6.730705875628614399e-09 -1.954180087661014960e-08 1.833932151267510522e-09 -2.843362542892795085e-09 2.401983368158588765e-09 -1.732371422891041532e-09 1.270826959952066897e-09 2.614296176587393179e-10 -6.679140721288962676e-11 5.404396765185247365e-11 -3.299255600828911367e-10 9.567683116925740998e-06 0.000000000000000000e+00
0.000000000000000000e+00 0.000000000000000000e+00 0.000000000000000000e+00 0.000000000000000000e+00 0.000000000000000000e+00 0.000000000000000000e+00 -3.869947465030719460e-09 3.142267586053610285e-10 -1.472646157263357453e-09 -3.508235654907529123e-10 -7.655730237787685418e-10 -9.507279399232750781e-10 -5.026001811614424131e-10 -2.743421813838125716e-10 -3.924322148476889604e-10 -3.321088207956885749e-10 -3.312621379072471345e-10 -7.717735968334811709e-09 6.523762281055723739e-06 0.000000000000000000e+00
0.000000000000000000e+00 0.000000000000000000e+00 0.000000000000000000e+00 0.000000000000000000e+00 0.000000000000000000e+00 0.000000000000000000e+00 8.553003348451048849e-09 1.000875180131136040e-09 3.584568709820453522e-10 -7.644491323434733308e-10 -3.249331433729746161e-09 -1.202132363216318964e-09 -7.338627383297973271e-10 -3.479759425370903557e-10 -3.496889427119817856e-10 -1.272838026625469680e-10 -8.153619025783253108e-03 -1.170470297225930789e-08 6.495002805765835922e-06 0.000000000000000000e+00
0.000000000000000000e+00 0.000000000000000000e+00 0.000000000000000000e+00 0.000000000000000000e+00 0.000000000000000000e+00 0.000000000000000000e+00 2.169135047731281954e-10 8.588913773445751443e-10 4.251855198662257207e-10 6.789873474327973361e-11 -8.391506526156633246e-10 -5.889162496352428316e-10 -4.827683715386647716e-10 -1.729896296501635229e-10 -3.597648746905845713e-10 -3.456485989681118924e-10 -2.807206657059875412e-10 -6.256772495705824680e-09 -2.956502169618330527e+02 0.000000000000000000e+00
0.000000000000000000e+00 0.000000000000000000e+00 0.000000000000000000e+00 0.000000000000000000e+00 0.000000000000000000e+00 0.000000000000000000e+00 2.113743029158074724e-09 1.084781269214253405e-09 1.143397530407137842e-09 2.496883849027818092e-10 -9.749206233475731085e-10 -4.816589323053717640e-10 -5.059993018977033831e-10 -1.222161282458108132e-10 -3.851239064978786438e-10 -3.901144708012809860e-10 -2.734903511482089032e-10 -5.085441489713759926e-09 -2.545597298228964064e+03 0.000000000000000000e+00
