0.000000000000000000e+00 0.000000000000000000e+00 0.000000000000000000e+00 0.000000000000000000e+00 0.000000000000000000e+00 0.000000000000000000e+00 1.503847956957501601e-08 5.567816128882464349e-09 1.325022290907329396e-08 1.312605047908901549e-08 1.635936454126100294e-08 1.787749550541572286e-08 1.653362550005268719e-08 1.339759249025274791e-08 7.372118209099345135e-09 2.152420289681067432e-09 5.437971214170732125e-10 6.850549126175631331e-08 5.844272998596069732e-05 0.000000000000000000e+00
0.000000000000000000e+00 0.000000000000000000e+00 0.000000000000000000e+00 0.000000000000000000e+00 0.000000000000000000e+00 0.000000000000000000e+00 1.817676166506897309e-09 1.998325933769389601e-09 1.165091525193683954e-09 1.472066176174652600e-09 9.997599577919779396e-10 1.883071549609125593e-09 1.484656163579348625e-09 9.970199257435713811e-10 5.842576469767728194e-10 6.026195795740479178e-10 1.432742025895929151e-03 1.090024609052788502e-07 5.857307176734274316e-05 0.000000000000000000e+00
0.000000000000000000e+00 0.000000000000000000e+00 0.000000000000000000e+00 0.000000000000000000e+00 0.000000000000000000e+00 0.000000000000000000e+00 3.849416199191587038e-09 1.028171234523147745e-09 2.232129482157550892e-09 2.142115089845647982e-09 2.509814738223377822e-09 3.135631041422705094e-09 2.991914787455363201e-09 2.550591758039856119e-09 1.652351611314655025e-09 8.407467625334629909e-10 2.580942534455675870e-10 1.171100164821697858e-08 -4.054183368283735945e+03 0.000000000000000000e+00
0.000000000000000000e+00 0.000000000000000000e+00 0.000000000000000000e+00 0.000000000000000000e+00 0.000000000000000000e+00 0.000000000000000000e+00 1.430240898640135228e-09 6.134004393564801259e-10 9.878797202760236547e-10 9.749253549066180823e-10 6.170698310825379758e-10 1.222833130563829973e-09 1.422898259383040745e-09 1.359093548263470171e-09 1.049992524865332710e-09 7.334615347526978967e-10 2.215109646147784481e-10 7.288397605499936961e-09 -1.047575816942206438e+04 0.000000000000000000e+00
0.000000000000000000e+00 0.000000000000000000e+00 0.000000000000000000e+00 0.000000000000000000e+00 0.000000000000000000e+00 0.000000000000000000e+00 -1.330342076446058555e-08 -1.268478536456108134e-08 -8.517014146343035978e-09 -1.370056029071639170e-08 -9.979403325014127745e-09 -3.987209464482353600e-09 -3.417967999519034715e-09 -2.215995075436063853e-09 -1.165693602008480392e-09 -4.370361264934234428e-10 4.022489996937575988e-11 6.083801667608883703e-10 4.494384047062304029e-09 0.000000000000000000e+00
0.000000000000000000e+00 0.000000000000000000e+00 0.000000000000000000e+00 0.000000000000000000e+00 0.000000000000000000e+00 0.000000000000000000e+00 -2.462058382162164400e-09 -3.673846453751638574e-09 -1.859203860126523148e-10 3.799263210817211431e-09 -2.692467920212339691e-10 -5.968194098334113521e-11 -1.550433753170583854e-10 -7.379265604880685464e-11 -5.952719451409547378e-11 -8.324067244295121310e-11 4.377798268168688780e-10 6.730615549140678763e-10 4.596732879534797051e-09 0.000000000000000000e+00
0.000000000000000000e+00 0.000000000000000000e+00 0.000000000000000000e+00 0.000000000000000000e+00 0.000000000000000000e+00 0.000000000000000000e+00 -4.558074626356851226e-09 -2.957445279205422321e-09 -3.896323727270854791e-09 -2.747633899098409482e-09 -4.022508943493988400e-09 -1.462668431105208333e-09 -1.042341792266241048e-09 -7.654061213528852529e-10 -3.994433358355090662e-10 -1.709873015741952627e-10 1.263260042879353789e-11 1.886951371969310849e-10 -1.522245101963718332e-06 0.000000000000000000e+00
0.000000000000000000e+00 0.000000000000000000e+00 0.000000000000000000e+00 0.000000000000000000e+00 0.000000000000000000e+00 0.000000000000000000e+00 -1.721395553220537448e-09 -1.433162464209874919e-10 -2.096056575744539936e-09 1.527183291155363350e-09 -1.523164523253399178e-09 -4.329721719656076836e-10 -1.741703453895503859e-10 -1.883718343735871573e-10 -6.513238938616619445e-11 -6.066386554774008475e-13 1.577352330562719248e-11 -8.730393135381227666e-13 -1.889199356555332425e-06 0.000000000000000000e+00
0.000000000000000000e+00 0.000000000000000000e+00 0.000000000000000000e+00 0.000000000000000000e+00 0.000000000000000000e+00 0.000000000000000000e+00 -1.154169099770988875e-07 -6.455130357320098030e-08 -4.860951519352229650e-08 -2.538501887864439993e-08 -2.055195592499470664e-08 -1.248324142217792573e-08 -6.666554271111361921e-09 -2.125457920842199378e-09 -6.692717163911406646e-10 -1.778741185512404896e-11 1.427485481135026348e-10 3.215120352581981485e-10 -4.760481882079503300e-09 0.000000000000000000e+00
0.000000000000000000e+00 0.000000000000000000e+00 0.000000000000000000e+00 0.000000000000000000e+00 0.000000000000000000e+00 0.000000000000000000e+00 -2.524270572549591367e-09 -9.472596445632232679e-09 -9.199972866256279592e-09 1.895835219412685539e-08 -4.656172776435519547e-09 2.211284277530279688e-09 -3.658498764614440891e-10 -4.131120285117604018e-10 1.278272815304720775e-10 1.971384533008308636e-10 9.264245648897499758e-08 3.908685608996679609e-10 -4.886323255242083774e-09 0.000000000000000000e+00
0.000000000000000000e+00 0.000000000000000000e+00 0.000000000000000000e+00 0.000000000000000000e+00 0.000000000000000000e+00 0.000000000000000000e+00 -5.484551402470093409e-08 -1.494820303869480870e-08 -2.180286332006237358e-08 5.760727230579645662e-09 -8.161710297299820293e-09 -1.754706058643555791e-09 -7.214497528657535304e-10 -8.026379873270665822e-11 2.539382044052224192e-10 2.166654791957783942e-10 6.921906588941512695e-11 -2.003580395007573381e-10 -5.350642667663423589e-05 0.000000000000000000e+00
0.000000000000000000e+00 0.000000000000000000e+00 0.000000000000000000e+00 0.000000000000000000e+00 0.000000000000000000e+00 0.000000000000000000e+00 -2.774832826534085289e-08 2.694475452406997440e-10 -1.187393090522813265e-08 1.669527057224508796e-08 -3.629412807061066666e-09 2.126523310120223541e-09 1.117590717228145857e-09 5.068170364677075469e-10 5.368019084350007261e-10 3.403880574722323547e-10 1.377243920246089521e-11 -4.152314930280287302e-10 -1.077128810973230198e-04 0.000000000000000000e+00
0.000000000000000000e+00 0.000000000000000000e+00 0.000000000000000000e+00 0.000000000000000000e+00 0.000000000000000000e+00 0.000000000000000000e+00 1.285009872468144336e-09 -3.452406337224266316e-09 1.760326466902364997e-09 -8.506584314006437068e-10 -2.320857191083730039e-10 -4.626203466143268077e-10 -7.305509311042086025e-10 -3.216820813063758860e-10 -5.102112243245319805e-10 -1.741710257419384824e-10 -1.734411376289807720e-10 -8.032837989547105054e-09 1.032984442497131891e-06 0.000000000000000000e+00
0.000000000000000000e+00 0.000000000000000000e+00 0.000000000000000000e+00 0.000000000000000000e+00 0.000000000000000000e+00 0.000000000000000000e+00 -2.348837195720094578e-09 -5.371265845811992957e-09 2.388734973553519411e-09 -1.523732468529722145e-09 -1.461406859964627580e-09 -8.519204683191332360e-10 -8.365839484685640568e-10 -8.122669475531222908e-10 -5.351576029151917916e-10 -1.007509663315229418e-10 2.466580900105825452e-02 -1.204040674753583763e-08 1.036622261191082927e-06 0.000000000000000000e+00
0.000000000000000000e+00 0.000000000000000000e+00 0.000000000000000000e+00 0.000000000000000000e+00 0.000000000000000000e+00 0.000000000000000000e+00 -1.037316243423492182e-11 -5.145127574020606210e-09 2.472215057626982073e-09 -9.802021062222614657e-10 -2.532043598060260932e-10 -2.053724447805535267e-10 -5.998781134952257854e-10 -5.171735263341117064e-10 -5.285600248515782490e-10 -2.441014675536841636e-10 -1.258459297931902419e-10 -5.419810986281628126e-09 1.151234462515847554e+03 0.000000000000000000e+00
0.000000000000000000e+00 0.000000000000000000e+00 0.000000000000000000e+00 0.000000000000000000e+00 0.000000000000000000e+00 0.000000000000000000e+00 -7.345465070939009671e-10 -5.092312094244312289e-09 2.398975988229831882e-09 -1.105365191286108850e-09 -2.973847636435049003e-10 -2.182495230884971442e-10 -5.959315120822906393e-10 -6.612026730076136680e-10 -5.863014001309200092e-10 -3.277778275070160110e-10 -1.157692582357448617e-10 -3.918118628275745330e-09 4.146105764953036669e+03 0.000000000000000000e+00
