0.000000000000000000e+00 0.000000000000000000e+00 0.000000000000000000e+00 0.000000000000000000e+00 0.000000000000000000e+00 0.000000000000000000e+00 2.724488634454283914e-09 1.460850307707001484e-08 2.444408935312445133e-08 1.434959435828349420e-08 1.605110798356127155e-08 1.972351802319153413e-08 1.586848738370539565e-08 1.345006759318577185e-08 8.322544530712698199e-09 2.880766482538726286e-09 6.921546187425570881e-10 6.942541137209082363e-08 7.417002399549702581e-05 0.000000000000000000e+00
0.000000000000000000e+00 0.000000000000000000e+00 0.000000000000000000e+00 0.000000000000000000e+00 0.000000000000000000e+00 0.000000000000000000e+00 2.691685824339866600e-09 8.942522846953194291e-10 1.616683020633436359e-09 2.994656925030586584e-09 2.926924431226559694e-09 3.140657592611267338e-09 2.348227051677671751e-09 1.724481274918937559e-09 1.116922122801546418e-09 1.141605313834968081e-09 2.951900483931143345e-03 1.067267912240015253e-07 7.437878971450770718e-05 0.000000000000000000e+00
0.000000000000000000e+00 0.000000000000000000e+00 0.000000000000000000e+00 0.000000000000000000e+00 0.000000000000000000e+00 0.000000000000000000e+00 2.681107455636142830e-09 3.083510147398550765e-09 4.396304204025574025e-09 3.376215661550207039e-09 3.643439271102322224e-09 4.372127139489493445e-09 4.269615150049303368e-09 3.595824427520539951e-09 2.530718309945562254e-09 1.227034024207509990e-09 3.404553328789288247e-10 1.694807753318959357e-08 2.324561762865123455e+02 0.000000000000000000e+00
0.000000000000000000e+00 0.000000000000000000e+00 0.000000000000000000e+00 0.000000000000000000e+00 0.000000000000000000e+00 0.000000000000000000e+00 2.509494120828858482e-09 1.070057843227055961e-09 1.206916076425444569e-09 2.039243761093645557e-09 2.006813366773734160e-09 2.375421093424025377e-09 2.683682854157066127e-09 2.196721579829488966e-09 1.555272237259277865e-09 7.889059190190793304e-10 2.102178051181075798e-10 1.049569365377978785e-08 9.299317402169890556e+02 0.000000000000000000e+00
0.000000000000000000e+00 0.000000000000000000e+00 0.000000000000000000e+00 0.000000000000000000e+00 0.000000000000000000e+00 0.000000000000000000e+00 -2.060146892777784255e-08 -1.147786589808503606e-08 -3.654579374223294089e-08 -1.449703472930947760e-08 -9.616953788106831417e-09 -7.978989846841277575e-09 -3.335664408658258905e-09 -2.242792695040445800e-09 -1.185850492337654500e-09 -5.033431886950902042e-10 2.631461294423184944e-11 6.308276342615868201e-10 3.331909752426194612e-09 0.000000000000000000e+00
0.000000000000000000e+00 0.000000000000000000e+00 0.000000000000000000e+00 0.000000000000000000e+00 0.000000000000000000e+00 0.000000000000000000e+00 -2.472742171579209295e-08 3.133908803806140498e-09 -1.632724683563853629e-10 -1.068621776223468497e-09 -1.507730835337234113e-09 9.402046175475734974e-10 -2.648168194920242201e-10 -1.776598336587299701e-10 -9.818523696615917121e-11 -1.679567418059462724e-10 -1.272003489714073139e-08 6.932400664723579744e-10 3.395316239141456852e-09 0.000000000000000000e+00
0.000000000000000000e+00 0.000000000000000000e+00 0.000000000000000000e+00 0.000000000000000000e+00 0.000000000000000000e+00 0.000000000000000000e+00 -2.559806120318536829e-08 -2.172579592025292578e-09 -1.348629640716775259e-08 -4.851164759260424570e-09 -3.536757892612482880e-09 -2.249854909872676012e-09 -1.106323301604054560e-09 -8.824041644344086563e-10 -4.465972943514526953e-10 -2.442074769459646721e-10 1.008794107804921568e-12 2.211828033827088638e-10 1.598343241866030263e-06 0.000000000000000000e+00
0.000000000000000000e+00 0.000000000000000000e+00 0.000000000000000000e+00 0.000000000000000000e+00 0.000000000000000000e+00 0.000000000000000000e+00 -2.593543562137152156e-08 1.381918201753886734e-09 -4.501754508782675227e-09 -1.352272415134655315e-09 -1.234890760704767123e-09 -7.879103832930807065e-11 -2.832428389247719427e-10 -3.403833575500856127e-10 -1.175284649906252708e-10 -7.322148711915723398e-11 5.501408423397590383e-12 3.483102538735220955e-11 8.161965288627207598e-07 0.000000000000000000e+00
0.000000000000000000e+00 0.000000000000000000e+00 0.000000000000000000e+00 0.000000000000000000e+00 0.000000000000000000e+00 0.000000000000000000e+00 -6.852559406368577084e-08 2.791948481999917489e-09 -1.448565627139951839e-07 -5.825584420602373002e-08 -3.626810936838540452e-08 -2.084282824700279288e-08 -6.910392683693027362e-09 -3.758759694601510228e-09 -2.802877519790629377e-10 -1.829975203095634823e-10 2.918207103205949424e-11 1.891616755345874559e-10 -4.566166856617030886e-09 0.000000000000000000e+00
0.000000000000000000e+00 0.000000000000000000e+00 0.000000000000000000e+00 0.000000000000000000e+00 0.000000000000000000e+00 0.000000000000000000e+00 -6.293599779163783052e-08 -6.131291398502988237e-09 -1.329318538177158614e-08 -1.680604734237183249e-08 -9.051684385510949470e-11 2.249820325611510734e-09 -1.537732887765536054e-09 -7.263438531517569499e-11 4.589021533017843180e-10 -6.963981029131918060e-11 -3.172628169969358828e-07 2.698213039027188894e-10 -4.389238571834226761e-09 0.000000000000000000e+00
0.000000000000000000e+00 0.000000000000000000e+00 0.000000000000000000e+00 0.000000000000000000e+00 0.000000000000000000e+00 0.000000000000000000e+00 -7.343095389653906416e-08 1.276262599864699533e-08 -6.062207861749498945e-08 -2.608849214940052794e-08 -1.423529990113906184e-08 -4.635636046783467566e-09 -1.920084367991713501e-09 -7.653434375800374023e-10 3.924109374181829778e-10 -3.711440696177219641e-11 3.155082234931566475e-11 -3.042009944796163141e-10 9.734065696059637660e-06 0.000000000000000000e+00
0.000000000000000000e+00 0.000000000000000000e+00 0.000000000000000000e+00 0.000000000000000000e+00 0.000000000000000000e+00 0.000000000000000000e+00 -7.049407518057339857e-08 1.505092506224105248e-08 -2.763089032522267992e-08 -1.301700697978243754e-08 -5.124239739966484046e-09 1.286032923156839407e-09 -2.032244861672209087e-10 2.886599115353938101e-10 6.346825881307171748e-10 7.135137180690769620e-11 6.356714456826559659e-11 -4.820379793407967322e-10 4.920789916319939398e-05 0.000000000000000000e+00
0.000000000000000000e+00 0.000000000000000000e+00 0.000000000000000000e+00 0.000000000000000000e+00 0.000000000000000000e+00 0.000000000000000000e+00 -2.730089712435552436e-10 1.936268053185765126e-09 -2.462165661804713182e-10 -5.397374115754887068e-10 -6.044628771489906079e-10 -7.495767064993254665e-10 -5.023371283646140701e-10 -3.421360824387332049e-10 -4.106769703537151667e-10 -1.988244025195228938e-10 -2.504026741259312835e-10 -8.311720750463394590e-09 5.569829392901802772e-05 0.000000000000000000e+00
0.000000000000000000e+00 0.000000000000000000e+00 0.000000000000000000e+00 0.000000000000000000e+00 0.000000000000000000e+00 0.000000000000000000e+00 1.044118443644587131e-09 3.947513514428427495e-09 -3.184878282089965762e-09 -1.757705400874885261e-09 1.074421174150006842e-09 -1.310258572973806348e-09 -4.070459364941254758e-10 -8.105199546657371573e-10 -5.495535885739338994e-10 -9.628812906227304864e-11 1.080797838938788585e-02 -1.256305950285493332e-08 5.568430418570575552e-05 0.000000000000000000e+00
0.000000000000000000e+00 0.000000000000000000e+00 0.000000000000000000e+00 0.000000000000000000e+00 0.000000000000000000e+00 0.000000000000000000e+00 -4.139266930907933179e-10 1.216959019380238526e-09 -2.633720970921851495e-10 -1.938586865189680699e-10 -3.047933916631752938e-10 -5.984687976115085700e-10 -3.109565645258349788e-10 -2.283239172779049743e-10 -4.334323217751590284e-10 -2.353701218522711163e-10 -2.132968836673365346e-10 -6.445999911805398702e-09 1.149946441743145442e+03 0.000000000000000000e+00
0.000000000000000000e+00 0.000000000000000000e+00 0.000000000000000000e+00 0.000000000000000000e+00 0.000000000000000000e+00 0.000000000000000000e+00 -4.491566187622454634e-10 1.490835790664210166e-09 -3.934281321889256605e-10 -1.787508616910704493e-10 -1.478933002278850384e-10 -4.778402694137720741e-10 -2.329343801205764236e-10 -2.712406754272633373e-10 -4.989312183551311985e-10 -2.829318747023720426e-10 -2.057141487209839310e-10 -5.284298215463834964e-09 3.803401139821845391e+03 0.000000000000000000e+00
