0.000000000000000000e+00 0.000000000000000000e+00 0.000000000000000000e+00 0.000000000000000000e+00 0.000000000000000000e+00 0.000000000000000000e+00 3.451539231781764180e-08 1.151104287842791388e-08 1.754893930546239903e-08 1.641357616293908372e-08 2.128973676317364735e-08 2.560083073445492732e-08 2.556728516958641663e-08 2.021579877748959573e-08 1.280944488372347308e-08 4.156083449148897580e-09 1.047929442639735277e-09 9.683523203937003950e-08 4.274815075846702134e-05 0.000000000000000000e+00
0.000000000000000000e+00 0.000000000000000000e+00 0.000000000000000000e+00 0.000000000000000000e+00 0.000000000000000000e+00 0.000000000000000000e+00 8.691442120542595180e-10 3.348091136686863586e-09 3.450738661504103706e-09 3.074953853341619426e-09 4.617550040353298989e-09 5.179497764222227736e-09 3.899039889789986635e-09 2.675578724031351635e-09 1.612831246565364415e-09 1.362875090456723845e-09 2.323884759052991054e-03 1.519515784545460839e-07 4.297410667843863750e-05 0.000000000000000000e+00
0.000000000000000000e+00 0.000000000000000000e+00 0.000000000000000000e+00 0.000000000000000000e+00 0.000000000000000000e+00 0.000000000000000000e+00 7.122533071364285567e-09 4.975680807903373442e-09 3.865175096192691721e-09 3.860180478560423945e-09 6.866654236274517828e-09 8.237885156506026649e-09 7.955423937694374241e-09 6.728800755364553716e-09 4.626656751688333144e-09 1.958743553095583747e-09 5.485157120875573678e-10 2.629797685287809060e-08 -3.199546931457834944e+02 0.000000000000000000e+00
0.000000000000000000e+00 0.000000000000000000e+00 0.000000000000000000e+00 0.000000000000000000e+00 0.000000000000000000e+00 0.000000000000000000e+00 2.211928709069055033e-09 3.249174143410502161e-09 2.278805011233185067e-09 1.831038651770586202e-09 3.886953510783234394e-09 4.912997703670219385e-09 4.647623031550474555e-09 4.200508484847892008e-09 2.935394002141479788e-09 1.279701939962439997e-09 3.321755682427167226e-10 1.328016531725787135e-08 -3.475218663424340775e+03 0.000000000000000000e+00
0.000000000000000000e+00 0.000000000000000000e+00 0.000000000000000000e+00 0.000000000000000000e+00 0.000000000000000000e+00 0.000000000000000000e+00 -4.523052332982396894e-08 -8.845162503889427702e-09 -3.759501156488993893e-08 -2.116588484367003966e-08 -7.059528225102411344e-09 -6.777123423633222299e-09 -3.663561101344467988e-09 -1.915659847755248057e-09 -1.295308913290175666e-09 -4.934462235252784397e-10 1.943988757906045524e-11 6.363486759382610129e-10 3.702080306770904060e-09 0.000000000000000000e+00
0.000000000000000000e+00 0.000000000000000000e+00 0.000000000000000000e+00 0.000000000000000000e+00 0.000000000000000000e+00 0.000000000000000000e+00 -4.978745799373694722e-09 -1.721278427688979369e-08 -8.508768331775632912e-09 -7.714296018875993461e-10 -1.445376976031795001e-09 -2.763919175848008246e-10 -1.242628611846803596e-10 -2.572731398420688974e-10 -1.012184562326094835e-10 -1.517059080667301870e-10 1.321823507039247632e-09 6.910400661587404557e-10 3.780635189465981877e-09 0.000000000000000000e+00
0.000000000000000000e+00 0.000000000000000000e+00 0.000000000000000000e+00 0.000000000000000000e+00 0.000000000000000000e+00 0.000000000000000000e+00 -1.915049254740118721e-08 -1.259241111377599319e-08 -1.721984705662821783e-08 -7.462444050738754362e-09 -3.002898245643347559e-09 -1.888671444550023651e-09 -1.132244358285571602e-09 -8.065306394593503704e-10 -5.169043645270556067e-10 -2.440516350206057349e-10 -2.290795023357656571e-12 2.177991825522207553e-10 1.601579118046979308e-06 0.000000000000000000e+00
0.000000000000000000e+00 0.000000000000000000e+00 0.000000000000000000e+00 0.000000000000000000e+00 0.000000000000000000e+00 0.000000000000000000e+00 -8.994446384704369393e-09 -1.417573234521027740e-08 -9.258506054039343885e-09 -2.084240582122904789e-09 -1.439913007703848582e-09 -1.617362844415900879e-10 -2.093133685554958073e-10 -3.806898311283699705e-10 -1.603135981373171607e-10 -7.570591868475974232e-11 6.092982554013101085e-12 3.032154780912545664e-11 2.635955540651715959e-06 0.000000000000000000e+00
0.000000000000000000e+00 0.000000000000000000e+00 0.000000000000000000e+00 0.000000000000000000e+00 0.000000000000000000e+00 0.000000000000000000e+00 -2.556544128651113896e-07 -1.237865226762366234e-07 -1.378573649184351630e-07 -1.085568811242873040e-07 -2.762464005341408486e-08 -1.671970743592265690e-08 -1.090951837393005478e-08 -2.685228193356477493e-09 -1.792468872153512195e-10 -1.770852130183166757e-10 -3.605088117740691770e-11 4.407423186077529915e-10 1.151544502385863059e-08 0.000000000000000000e+00
0.000000000000000000e+00 0.000000000000000000e+00 0.000000000000000000e+00 0.000000000000000000e+00 0.000000000000000000e+00 0.000000000000000000e+00 -3.006221727545087380e-08 -7.914943432370583236e-08 -4.295310563045901672e-09 -1.796875387168522011e-08 -2.909591667457459666e-09 -2.481794909036226766e-09 -1.438112227561950820e-09 -3.079692613125550320e-10 3.490814451356107024e-10 -1.969724249135347946e-11 5.607793763851981018e-08 4.581150874775750834e-10 1.126990971153597200e-08 0.000000000000000000e+00
0.000000000000000000e+00 0.000000000000000000e+00 0.000000000000000000e+00 0.000000000000000000e+00 0.000000000000000000e+00 0.000000000000000000e+00 -1.242167622954161771e-07 -9.761274331631398149e-08 -4.438870605763911659e-08 -4.499305279395875083e-08 -7.461148357200549245e-09 -3.849850995426600497e-09 -3.919766925006686361e-09 -6.588570686759665430e-10 3.340442156683323900e-10 -7.048820346694173377e-11 -2.603731808323532139e-11 5.317234553912662761e-11 3.584676443165963689e-05 0.000000000000000000e+00
0.000000000000000000e+00 0.000000000000000000e+00 0.000000000000000000e+00 0.000000000000000000e+00 0.000000000000000000e+00 0.000000000000000000e+00 -7.069399277295166575e-08 -8.284801176768801139e-08 -9.504927620310600862e-09 -1.990720061885283113e-08 -6.727200080019494411e-10 3.480932728540615125e-10 -1.373917421742982080e-09 1.558335532496211779e-11 5.230871497247094545e-10 -1.632826148569293044e-11 7.811551710953096675e-12 -1.216147706305033594e-10 5.756656275493761779e-05 0.000000000000000000e+00
0.000000000000000000e+00 0.000000000000000000e+00 0.000000000000000000e+00 0.000000000000000000e+00 0.000000000000000000e+00 0.000000000000000000e+00 1.678800012718569694e-09 1.248609093690474339e-09 1.723272095386879105e-09 1.693361914914990217e-09 -5.880666902415793713e-11 -6.411511821775381638e-10 -9.530395665147847072e-10 -5.609257292392288066e-10 -4.688202492888507182e-10 -3.213707966377432419e-10 -3.805331078052999731e-10 -7.681360245110594244e-09 2.905760086369868752e-05 0.000000000000000000e+00
0.000000000000000000e+00 0.000000000000000000e+00 0.000000000000000000e+00 0.000000000000000000e+00 0.000000000000000000e+00 0.000000000000000000e+00 -4.513363302271880950e-09 -4.504078743910062689e-09 5.278693271365508086e-09 2.613009413294678076e-09 -1.020115348925150713e-09 -2.775151938530439852e-09 -1.937254706237012081e-09 -8.246787761303065440e-10 -4.291209171783121127e-10 1.723794038860274575e-10 -2.481679996608999409e-03 -1.080674459995911253e-08 2.901776104546630801e-05 0.000000000000000000e+00
0.000000000000000000e+00 0.000000000000000000e+00 0.000000000000000000e+00 0.000000000000000000e+00 0.000000000000000000e+00 0.000000000000000000e+00 2.026851237883808979e-09 1.109823100485313643e-09 1.903746088824783064e-09 6.774056511292494976e-10 -4.758849250700923207e-10 -9.707925025090607775e-10 -9.426158325715548381e-10 -6.435315062524748356e-10 -4.754124060673309726e-10 -3.729816699287814379e-10 -3.306522939619343724e-10 -6.184196446863892682e-09 4.108832175528256698e+02 0.000000000000000000e+00
0.000000000000000000e+00 0.000000000000000000e+00 0.000000000000000000e+00 0.000000000000000000e+00 0.000000000000000000e+00 0.000000000000000000e+00 1.906544015358623444e-09 4.128980830424048475e-10 1.825163771697762745e-09 3.755181053102179563e-10 -4.978597563340640910e-10 -1.151932177581173098e-09 -1.031494919318125572e-09 -6.979878879638363944e-10 -5.172502580615449042e-10 -4.176044353256499877e-10 -3.132444932867904698e-10 -5.120245442296553987e-09 -2.149148365248925643e+02 0.000000000000000000e+00
