0.000000000000000000e+00 0.000000000000000000e+00 0.000000000000000000e+00 0.000000000000000000e+00 0.000000000000000000e+00 0.000000000000000000e+00 1.440074653282414189e-11 4.162083502245663666e-12 1.314397859532505013e-11 6.164876471952821988e-12 6.172299270559523067e-12 7.437493384268255414e-12 8.989871061137491915e-12 6.903979401579868006e-12 5.223399069608500592e-12 2.068189109649203796e-12 1.529150337919786482e-12 3.446332695143138373e-10 8.497888365884202050e-06 0.000000000000000000e+00
0.000000000000000000e+00 0.000000000000000000e+00 0.000000000000000000e+00 0.000000000000000000e+00 0.000000000000000000e+00 0.000000000000000000e+00 8.473381887719122354e-12 -2.224675403766567665e-12 -1.140895126870364547e-12 -2.246456846072223638e-13 2.015464946458711365e-12 9.853165878077476750e-13 8.912277966388428336e-13 1.521620914938804564e-14 5.293189900295750925e-14 -3.131495153272053633e-12 7.396381153610744379e-08 6.532497884971690489e-10 8.490899843264363062e-06 0.000000000000000000e+00
0.000000000000000000e+00 0.000000000000000000e+00 0.000000000000000000e+00 0.000000000000000000e+00 0.000000000000000000e+00 0.000000000000000000e+00 1.101804391404769775e-11 5.822868133198413572e-12 4.460864352458218944e-12 1.796901218870421265e-12 2.569327900900642488e-12 2.158542435604562077e-12 1.998327789477354215e-12 1.911900406974059699e-12 1.144225576633855519e-12 3.041894967310046895e-13 5.913727734379862605e-13 6.496450476550345729e-11 3.105981829686828632e+01 0.000000000000000000e+00
0.000000000000000000e+00 0.000000000000000000e+00 0.000000000000000000e+00 0.000000000000000000e+00 0.000000000000000000e+00 0.000000000000000000e+00 9.711639219453711950e-12 4.842949045801877380e-12 6.228495808774426557e-12 3.661822744023237800e-12 5.161657684663377877e-12 5.232563321116365185e-12 6.212188602185710474e-12 4.976323501242997950e-12 2.823310316323930553e-12 7.348674010520822480e-13 1.272647577001168055e-12 1.479574194127020323e-10 3.835818796878095327e+01 0.000000000000000000e+00
0.000000000000000000e+00 0.000000000000000000e+00 0.000000000000000000e+00 0.000000000000000000e+00 0.000000000000000000e+00 0.000000000000000000e+00 -2.360141963878147508e-09 1.749332835143371039e-10 -5.798613993931201594e-10 -2.069430799698585781e-10 -2.591871199201820893e-10 -1.841995717096948955e-10 -4.799706922509366481e-11 -6.384926590658518231e-11 -2.209290570803188998e-11 -1.143487874375487677e-11 3.332282315733676142e-12 2.750156253683080084e-11 3.684234794700740285e-10 0.000000000000000000e+00
0.000000000000000000e+00 0.000000000000000000e+00 0.000000000000000000e+00 0.000000000000000000e+00 0.000000000000000000e+00 0.000000000000000000e+00 -2.401078518931153369e-09 -1.129163356559837654e-10 -9.932440601010738106e-11 -8.559804371842832911e-11 -4.304209751294614551e-11 -5.161070883476767951e-11 -7.565995874751531498e-12 -1.584525065586889383e-11 -2.690769610247758477e-12 -5.589243776857278848e-12 1.212925184314075875e-11 3.759161760902834635e-11 3.658230260416904314e-10 0.000000000000000000e+00
0.000000000000000000e+00 0.000000000000000000e+00 0.000000000000000000e+00 0.000000000000000000e+00 0.000000000000000000e+00 0.000000000000000000e+00 -2.037464272925553686e-09 4.458269842931278036e-10 -1.925224431438788387e-11 -7.576010088717267314e-11 -6.229754374075424007e-11 -1.066295854371899216e-10 -5.176428723050185913e-12 -1.967109599992742881e-11 -2.873625529094829977e-12 -3.340432820120174951e-12 1.631774929380828535e-12 1.794493216288531631e-12 2.950677529643416694e-07 0.000000000000000000e+00
0.000000000000000000e+00 0.000000000000000000e+00 0.000000000000000000e+00 0.000000000000000000e+00 0.000000000000000000e+00 0.000000000000000000e+00 -1.690951430936986356e-09 5.237443042544656708e-10 2.901882377708980983e-10 -4.518968146831708242e-12 4.189796951107273617e-11 -5.342395336921051756e-11 1.630347340364351708e-11 4.002599766899048475e-12 6.594667295854133073e-12 6.225832486194186109e-13 -1.003261254254275843e-13 -6.948210610542489890e-12 4.051737758987514059e-07 0.000000000000000000e+00
0.000000000000000000e+00 0.000000000000000000e+00 0.000000000000000000e+00 0.000000000000000000e+00 0.000000000000000000e+00 0.000000000000000000e+00 -1.490125550643844891e-08 1.489749019196959545e-09 -3.536746759697796443e-09 -4.649945717061025646e-10 -6.073755570868393478e-10 -7.489136208169345826e-10 -3.937804353978396841e-10 -1.431160960116537221e-10 -5.171083072601097194e-11 -2.697044983426775294e-11 8.716478544152467595e-12 1.643502174484264967e-10 2.055578496538342180e-09 0.000000000000000000e+00
0.000000000000000000e+00 0.000000000000000000e+00 0.000000000000000000e+00 0.000000000000000000e+00 0.000000000000000000e+00 0.000000000000000000e+00 -1.469859463786925284e-08 1.202790068475706765e-09 7.090001525301628713e-10 -3.818925533520135139e-10 1.320173975558321713e-10 -1.529459546446257317e-10 -3.940269115870904727e-11 -6.342619090060290085e-11 2.142406479768474675e-11 -2.288763426156871613e-11 9.969741637110424660e-10 1.935687820131764878e-10 1.954666437565375532e-09 0.000000000000000000e+00
0.000000000000000000e+00 0.000000000000000000e+00 0.000000000000000000e+00 0.000000000000000000e+00 0.000000000000000000e+00 0.000000000000000000e+00 -1.249016671198151252e-08 2.005290014971892790e-09 -2.580868192351054513e-10 -3.124486720541298722e-10 -1.010458324742460265e-11 -3.244461428548420079e-10 -2.558325083337233981e-11 -3.458332026649985634e-11 3.712987968338816185e-11 1.978974911825119501e-11 -2.295358229907521827e-12 -1.013981164092681856e-11 1.308303603601456790e-06 0.000000000000000000e+00
0.000000000000000000e+00 0.000000000000000000e+00 0.000000000000000000e+00 0.000000000000000000e+00 0.000000000000000000e+00 0.000000000000000000e+00 -1.008525087618173914e-08 2.295669291956695465e-09 1.501782566887522046e-09 -1.988631908251510653e-10 2.737632738783509511e-10 -7.478874383019365587e-11 1.577277197671853992e-10 1.093503577986735954e-11 7.445745620717933874e-11 3.622052003110077776e-11 -1.130627270208641405e-11 -5.745884396079450122e-11 4.477501310654745244e-06 0.000000000000000000e+00
0.000000000000000000e+00 0.000000000000000000e+00 0.000000000000000000e+00 0.000000000000000000e+00 0.000000000000000000e+00 0.000000000000000000e+00 7.629857824366858108e-11 4.484325527083741047e-11 -4.239631144703332193e-11 8.164129915755225977e-11 2.104557005094893569e-11 -4.400272167798648864e-11 -1.595603094122674184e-11 -4.424719647781149351e-12 -1.001973043413654429e-11 -1.717473464618943592e-11 -3.040712596688726540e-11 -4.494354432947794474e-10 -1.237300238477743577e-05 0.000000000000000000e+00
0.000000000000000000e+00 0.000000000000000000e+00 0.000000000000000000e+00 0.000000000000000000e+00 0.000000000000000000e+00 0.000000000000000000e+00 6.565080252623194776e-11 1.501237501902650867e-10 -2.949824914801267200e-10 1.438016530124473636e-10 3.368764212937165322e-11 -4.241198190901828077e-11 1.633024283691660030e-11 -1.287878443778997519e-11 1.863351979989988594e-11 -4.934525332430517407e-10 4.117060000030141006e-05 -6.893164718429826469e-10 -1.237082211134490552e-05 0.000000000000000000e+00
0.000000000000000000e+00 0.000000000000000000e+00 0.000000000000000000e+00 0.000000000000000000e+00 0.000000000000000000e+00 0.000000000000000000e+00 6.352880459240316104e-11 4.840733849801368969e-11 1.909039991480306941e-11 1.111770327648337771e-10 -5.465700110798142623e-12 -4.394219824266290121e-11 -1.457457834110372677e-11 -5.627358535726473804e-12 -1.540452609731471179e-11 -2.026002544419447796e-11 -2.969833555687253511e-11 -3.071790698030179090e-10 1.667641473578004252e+01 0.000000000000000000e+00
0.000000000000000000e+00 0.000000000000000000e+00 0.000000000000000000e+00 0.000000000000000000e+00 0.000000000000000000e+00 0.000000000000000000e+00 1.022414478300402169e-10 4.058682293342288230e-11 6.497711586916722774e-11 1.540924100246246399e-10 -2.983634542847717323e-11 -5.138312208049273903e-11 -1.385453215118776670e-11 -7.389146011259142641e-12 -2.137725084622433662e-11 -2.344781694185539430e-11 -2.808120072275212937e-11 -2.706405306083004453e-10 8.527770143000333292e+01 0.000000000000000000e+00
