0.000000000000000000e+00 0.000000000000000000e+00 0.000000000000000000e+00 0.000000000000000000e+00 0.000000000000000000e+00 0.000000000000000000e+00 8.403525574544128273e-12 9.138808862251568401e-12 7.905077263267639474e-12 8.800094478304145568e-12 6.077154503590574129e-12 1.028608563292934582e-11 9.116728219410681485e-12 8.693538365575799614e-12 5.816396459080705265e-12 2.578434780648521841e-12 2.462930871076188781e-12 3.556729488958063017e-10 1.079317409640750025e-05 0.000000000000000000e+00
0.000000000000000000e+00 0.000000000000000000e+00 0.000000000000000000e+00 0.000000000000000000e+00 0.000000000000000000e+00 0.000000000000000000e+00 -5.969193158516146044e-12 -3.403801025347417758e-13 -4.752502820669355084e-12 8.303699685712428840e-12 -2.747908783610981530e-13 -2.589988038683276244e-13 -1.761596771069907231e-13 1.000997436389111796e-12 2.296520788988171071e-12 1.245373300719235744e-11 1.834644781343340465e-07 6.613409738164788861e-10 1.079632995612047361e-05 0.000000000000000000e+00
0.000000000000000000e+00 0.000000000000000000e+00 0.000000000000000000e+00 0.000000000000000000e+00 0.000000000000000000e+00 0.000000000000000000e+00 3.010042622778149119e-12 2.124111891657405924e-12 4.338433576909128983e-14 4.015574497231580573e-12 1.568591258906655329e-12 1.474710489670789067e-12 2.379382114438670545e-12 2.410892121824839808e-12 1.629358673984827931e-12 7.986848523517382551e-13 1.457942845613817221e-12 9.629888735361997372e-11 -7.318890407040868240e+00 0.000000000000000000e+00
0.000000000000000000e+00 0.000000000000000000e+00 0.000000000000000000e+00 0.000000000000000000e+00 0.000000000000000000e+00 0.000000000000000000e+00 -3.447776506353121997e-13 2.960661666659127712e-12 2.753392699931273517e-12 4.338613625190967146e-12 4.442788598024327872e-12 3.666164950417448158e-12 5.765266584916824584e-12 4.754410914020388112e-12 3.068064366587143683e-12 1.221839661835313707e-12 2.072862110569470030e-12 1.804383536529300261e-10 1.737977341362332595e+01 0.000000000000000000e+00
0.000000000000000000e+00 0.000000000000000000e+00 0.000000000000000000e+00 0.000000000000000000e+00 0.000000000000000000e+00 0.000000000000000000e+00 -1.074021813706380200e-09 -4.353587898237682616e-10 -1.076154743617444838e-10 -3.426932305192962320e-10 -9.214969493251977992e-11 -1.612971642370131910e-10 -9.602121492139199748e-11 -5.844144103163822904e-11 -3.320732880346996142e-11 -1.011150138371436660e-11 4.139267093187140883e-12 2.860678552299246513e-11 2.092585386722998372e-10 0.000000000000000000e+00
0.000000000000000000e+00 0.000000000000000000e+00 0.000000000000000000e+00 0.000000000000000000e+00 0.000000000000000000e+00 0.000000000000000000e+00 5.966305533781990621e-11 -1.851240015043337826e-11 5.365820198976333099e-11 1.210657088357451170e-11 1.066848078924987256e-10 -3.573914102051495736e-11 -1.765046659443622454e-11 -1.621856178935482543e-11 -8.465904351363872389e-12 -6.415477101577667270e-12 6.971325913883724940e-11 4.027715596643228223e-11 2.079987598383688959e-10 0.000000000000000000e+00
0.000000000000000000e+00 0.000000000000000000e+00 0.000000000000000000e+00 0.000000000000000000e+00 0.000000000000000000e+00 0.000000000000000000e+00 -6.108118822453525967e-10 -2.498072756275625939e-10 9.275193891481845687e-11 -3.564751471415636671e-11 3.423405974407539025e-11 -4.439800393580842685e-11 -2.468939698320970867e-11 -2.795975885152667910e-11 -1.126693637462911287e-11 -3.376933473187365577e-12 2.582575600609873614e-12 4.437607741629719824e-12 -2.272829238760183581e-07 0.000000000000000000e+00
0.000000000000000000e+00 0.000000000000000000e+00 0.000000000000000000e+00 0.000000000000000000e+00 0.000000000000000000e+00 0.000000000000000000e+00 -2.008032379678817035e-10 -1.036251601966043715e-10 1.875338115668910757e-10 1.263698279268064354e-10 9.816703964840561978e-11 1.927156638138867329e-11 1.184646658787352633e-11 -8.859213313003764368e-12 5.591411081500783067e-13 2.567180341448815413e-13 8.555733809478397591e-13 -4.288518848102426803e-12 -1.852444863600448310e-07 0.000000000000000000e+00
0.000000000000000000e+00 0.000000000000000000e+00 0.000000000000000000e+00 0.000000000000000000e+00 0.000000000000000000e+00 0.000000000000000000e+00 -5.721710205132230680e-09 -1.875751676931348833e-09 -2.394279866601168389e-09 -1.253439993179462578e-09 -6.633849728163975267e-10 -6.077901002888458430e-10 -2.828216273387686156e-10 -1.272873559613594527e-10 -6.561107175158376011e-11 -4.027812876260389583e-11 1.141616827810542184e-11 9.312833775038008070e-11 -1.380204097682522421e-10 0.000000000000000000e+00
0.000000000000000000e+00 0.000000000000000000e+00 0.000000000000000000e+00 0.000000000000000000e+00 0.000000000000000000e+00 0.000000000000000000e+00 1.013266150071355671e-09 -8.649103199770319272e-10 -9.419149394255567621e-10 -5.873889997313786454e-10 -6.269006537627616059e-11 -1.041747577616472675e-10 2.100584736005023060e-11 -2.375199919538737525e-11 -1.946342634766885187e-11 -3.557628863458574101e-13 -2.319235351811466256e-10 9.993104990077611466e-11 -1.989131976427924301e-10 0.000000000000000000e+00
0.000000000000000000e+00 0.000000000000000000e+00 0.000000000000000000e+00 0.000000000000000000e+00 0.000000000000000000e+00 0.000000000000000000e+00 -2.705582332667638364e-09 -7.823207861979273319e-10 -4.944461874332373307e-10 -1.900860948625058455e-10 -2.223114160442528404e-10 -6.079412407306149515e-12 -1.589370489791083825e-11 -2.302473692800174649e-11 1.524127128872957215e-12 -1.791985506337984423e-12 8.506453008827990458e-13 -4.811344704019999086e-12 1.149797358205077619e-06 0.000000000000000000e+00
0.000000000000000000e+00 0.000000000000000000e+00 0.000000000000000000e+00 0.000000000000000000e+00 0.000000000000000000e+00 0.000000000000000000e+00 -3.182414530182535591e-10 4.793507969773081536e-11 4.921921793463037967e-10 2.961332683081989551e-10 4.442416793526974592e-11 2.755805426661127882e-10 1.212578487871515866e-10 2.523206493948905580e-11 2.613036166976775699e-11 1.161833348078289662e-11 -8.861944913842171741e-12 -2.873105998447251628e-11 9.881916157148150136e-07 0.000000000000000000e+00
0.000000000000000000e+00 0.000000000000000000e+00 0.000000000000000000e+00 0.000000000000000000e+00 0.000000000000000000e+00 0.000000000000000000e+00 -2.063823937481129195e-10 1.699287540818278788e-10 4.123900962400094089e-12 -1.594263472029688711e-11 -5.674906609060509426e-11 -9.071599876673228382e-11 8.921885016309856993e-12 -4.221388953894800764e-13 5.444794169542838531e-12 -1.153225444970743696e-11 -3.549397408144211411e-11 -4.221553487145710314e-10 7.003701620558011662e-06 0.000000000000000000e+00
0.000000000000000000e+00 0.000000000000000000e+00 0.000000000000000000e+00 0.000000000000000000e+00 0.000000000000000000e+00 0.000000000000000000e+00 2.129008778920636179e-10 5.837278879510935981e-10 -3.017048886251679399e-10 -1.634644067514245370e-10 -8.328915866418695664e-11 -2.337835487651138898e-10 -4.422042307313815181e-12 -2.289576159311207904e-11 -6.202303958795714977e-12 -1.299201624700862045e-10 4.575961183195853045e-05 -9.430109088805303143e-10 7.012195026905912669e-06 0.000000000000000000e+00
0.000000000000000000e+00 0.000000000000000000e+00 0.000000000000000000e+00 0.000000000000000000e+00 0.000000000000000000e+00 0.000000000000000000e+00 -2.162634647552956650e-10 1.949905511630523220e-10 9.535364754228004241e-12 -2.497130877776233962e-11 -3.420766617293450901e-11 -1.057394252008160581e-10 3.482082955359847367e-12 -1.507549590235723512e-12 4.686267258458577703e-12 -1.468286092182599897e-11 -3.566084485848620516e-11 -9.117941815986277553e-11 2.440222279317952143e+02 0.000000000000000000e+00
0.000000000000000000e+00 0.000000000000000000e+00 0.000000000000000000e+00 0.000000000000000000e+00 0.000000000000000000e+00 0.000000000000000000e+00 -1.769248067440888371e-10 1.980924270424258575e-10 1.265678904073557481e-11 -3.992681172461545005e-11 -5.337361437506245265e-12 -1.190583651780227677e-10 -6.421736221778883873e-12 -3.711987847568180067e-12 -3.006210320552609574e-13 -1.898449536183714589e-11 -3.604090986414938247e-11 1.117649419282232313e-10 1.885274109574051726e+00 0.000000000000000000e+00
