0.000000000000000000e+00 0.000000000000000000e+00 0.000000000000000000e+00 0.000000000000000000e+00 0.000000000000000000e+00 0.000000000000000000e+00 5.752693415618570498e-11 4.095979364339284516e-11 3.432959844498562322e-11 3.974156086320900591e-11 4.300506684457540371e-11 4.792301993336275587e-11 5.172157503420092764e-11 4.128834367090830732e-11 2.861540054982671509e-11 1.238575113665554438e-11 7.987873667662915309e-12 1.777657742951181183e-09 1.234876924207219204e-05 0.000000000000000000e+00
0.000000000000000000e+00 0.000000000000000000e+00 0.000000000000000000e+00 0.000000000000000000e+00 0.000000000000000000e+00 0.000000000000000000e+00 3.110209165836950244e-11 9.447254592466943132e-11 3.609006216914969671e-11 9.598791071779374255e-12 2.259649477449140823e-11 2.007951647927271384e-11 1.159021277117015026e-11 6.731184243218313735e-12 4.851958218983479239e-12 1.931397467203345589e-11 4.071485520364607760e-07 3.312593906590922219e-09 1.232807538338571247e-05 0.000000000000000000e+00
0.000000000000000000e+00 0.000000000000000000e+00 0.000000000000000000e+00 0.000000000000000000e+00 0.000000000000000000e+00 0.000000000000000000e+00 1.409160521583887621e-11 3.730573595137998345e-11 1.701353953446571366e-11 6.603960951072703618e-12 1.416885820390652810e-11 2.135893747379824796e-11 1.960129564915756058e-11 1.388851896954423383e-11 8.625592380940676623e-12 3.089672223579359074e-12 3.647258900120935706e-12 2.660543015922292617e-10 4.901436754392906892e+02 0.000000000000000000e+00
0.000000000000000000e+00 0.000000000000000000e+00 0.000000000000000000e+00 0.000000000000000000e+00 0.000000000000000000e+00 0.000000000000000000e+00 2.630273550192973612e-11 4.788800954547824806e-11 2.422428676205316143e-11 2.021324298728839738e-11 2.315134977040182593e-11 4.498968998857547244e-11 4.170994263666960456e-11 3.133052253845477153e-11 1.899372953049313582e-11 5.546902101495802377e-12 7.676196385365319754e-12 7.089576412759829973e-10 1.453471490487967230e+02 0.000000000000000000e+00
0.000000000000000000e+00 0.000000000000000000e+00 0.000000000000000000e+00 0.000000000000000000e+00 0.000000000000000000e+00 0.000000000000000000e+00 -5.202891009004686643e-11 -1.368309531894569903e-09 -3.798559365379278571e-10 -7.592243024789845220e-10 -1.285781931709290097e-10 -1.669502025802688310e-10 -1.017754525469607542e-10 -8.562538082744027094e-11 -3.554165917580620359e-11 -1.315740029362941987e-11 1.147419438227147386e-11 5.380526974406171326e-11 9.250743485484556366e-10 0.000000000000000000e+00
0.000000000000000000e+00 0.000000000000000000e+00 0.000000000000000000e+00 0.000000000000000000e+00 0.000000000000000000e+00 0.000000000000000000e+00 -2.340701824726817559e-09 -3.063895324912870063e-09 -1.628091735942705261e-10 -2.264976805284474603e-10 -9.274410199529606674e-11 1.570548969972821618e-10 2.392220038220519651e-11 -1.275979398603868122e-11 -3.221614767974639515e-12 -7.818514283683263471e-12 7.646711477306551013e-11 7.467998251283526509e-11 9.284320664456061346e-10 0.000000000000000000e+00
0.000000000000000000e+00 0.000000000000000000e+00 0.000000000000000000e+00 0.000000000000000000e+00 0.000000000000000000e+00 0.000000000000000000e+00 -6.192910440287058521e-10 -1.565369520645363703e-09 6.745923704419474584e-11 6.321597609015183680e-13 -1.173637340676147444e-10 2.223419294237925518e-11 -2.780596532444316713e-11 -1.952502054159612513e-11 -9.570705001129163394e-12 8.979765112679932201e-13 8.101132183452333325e-12 1.946901927042905341e-11 -5.454802030152277267e-07 0.000000000000000000e+00
0.000000000000000000e+00 0.000000000000000000e+00 0.000000000000000000e+00 0.000000000000000000e+00 0.000000000000000000e+00 0.000000000000000000e+00 -1.205706544307765820e-09 -1.818727073456675037e-09 2.405110255219971292e-10 3.746138136179381519e-10 -1.038028007998533895e-10 1.370070990953752554e-10 2.528625842971552568e-11 1.522353824694612246e-11 5.857045821056204366e-12 7.984224869606433104e-12 4.674964478281250868e-12 7.018718681412204596e-12 -8.067845144647046071e-07 0.000000000000000000e+00
0.000000000000000000e+00 0.000000000000000000e+00 0.000000000000000000e+00 0.000000000000000000e+00 0.000000000000000000e+00 0.000000000000000000e+00 -9.182988349735380620e-09 -1.008322151736481515e-08 -4.293977122014832562e-09 -4.690110297557668738e-09 -1.064882905648871867e-09 -4.399877374984011116e-10 -4.964335524339552801e-10 -4.104424587468825106e-10 -1.378342479019591162e-10 -5.833358169652411284e-11 2.035631553752981171e-11 2.422853682953786092e-10 4.197389704074434885e-09 0.000000000000000000e+00
0.000000000000000000e+00 0.000000000000000000e+00 0.000000000000000000e+00 0.000000000000000000e+00 0.000000000000000000e+00 0.000000000000000000e+00 -2.169537560846866502e-09 -2.151276327202974897e-08 -4.561513268964889949e-09 -1.522153262124402479e-09 2.310523826913104178e-10 2.565856711172436799e-10 -3.114937096441310915e-11 -1.544633149403797002e-10 -2.445845368758112182e-11 -2.134715462687522553e-11 -3.992771464889463304e-09 2.779614222590181114e-10 4.134156427547427413e-09 0.000000000000000000e+00
0.000000000000000000e+00 0.000000000000000000e+00 0.000000000000000000e+00 0.000000000000000000e+00 0.000000000000000000e+00 0.000000000000000000e+00 -3.195689851814680934e-09 -1.157953759001669760e-08 -2.479805161558533477e-09 7.290668517563739462e-11 1.751810695897156439e-10 2.745937636731586127e-10 -1.132699728855280429e-10 -8.503231616590196275e-11 3.764481292112178015e-13 3.219375365764509999e-12 -5.645470836542719644e-12 -1.076045549463910041e-11 3.793367381547358233e-05 0.000000000000000000e+00
0.000000000000000000e+00 0.000000000000000000e+00 0.000000000000000000e+00 0.000000000000000000e+00 0.000000000000000000e+00 0.000000000000000000e+00 4.238679503518602195e-10 -1.300161413921936151e-08 -1.622851752518815811e-09 2.417029815823923568e-09 8.323819133214869874e-10 5.923474941882522351e-10 9.635790944541267343e-11 5.933307479896075872e-11 5.184565051136620520e-11 2.288823531331495217e-11 -2.255634365865737415e-11 -9.167342712452710334e-11 3.904266552202377859e-05 0.000000000000000000e+00
0.000000000000000000e+00 0.000000000000000000e+00 0.000000000000000000e+00 0.000000000000000000e+00 0.000000000000000000e+00 0.000000000000000000e+00 -3.283655939633027545e-11 7.298058562146446611e-12 -1.545419187677805393e-10 -8.140722144679102084e-11 -1.112650136708387633e-10 1.336475719355782903e-12 -5.461978619762290959e-11 -3.466940730122963574e-12 1.910790021471065545e-12 3.751881172887614405e-12 -2.658147441612322511e-11 -7.503533238431353089e-10 -1.543252013877644127e-05 0.000000000000000000e+00
0.000000000000000000e+00 0.000000000000000000e+00 0.000000000000000000e+00 0.000000000000000000e+00 0.000000000000000000e+00 0.000000000000000000e+00 -6.790786820182799654e-10 -1.438284380077961246e-10 1.218077383842073260e-11 -2.266899788148471895e-10 3.430942756337793686e-11 -3.461048316112065489e-11 -7.364260609596907692e-11 -1.286420034452187467e-11 -1.252137137558367122e-11 -1.357095361327190414e-10 3.862908581065575343e-05 -1.578557913035487914e-09 -1.542273173514710017e-05 0.000000000000000000e+00
0.000000000000000000e+00 0.000000000000000000e+00 0.000000000000000000e+00 0.000000000000000000e+00 0.000000000000000000e+00 0.000000000000000000e+00 7.409100111154948252e-11 -4.111292769375638346e-11 -1.067924086850849236e-10 -6.019842532994714523e-11 -9.859175340150200789e-11 -2.869730358942084481e-12 -5.799879622950419781e-11 -3.551798625765943282e-12 8.882545621447460662e-12 -1.490214414161408811e-13 -1.753175803952594676e-11 -9.506323005114291911e-10 -1.588337719626829312e+02 0.000000000000000000e+00
0.000000000000000000e+00 0.000000000000000000e+00 0.000000000000000000e+00 0.000000000000000000e+00 0.000000000000000000e+00 0.000000000000000000e+00 1.426639509457802378e-10 -9.580222176428027757e-12 -2.502504676332582315e-11 -3.119352804822184961e-11 -6.895485357127530224e-11 1.111052251274071929e-11 -5.779889914441180319e-11 -6.233112910886212579e-12 1.177061104512273537e-11 -3.892774192026378938e-12 -9.875058890899269944e-12 -1.040279696570198116e-09 -8.954306770884167577e+01 0.000000000000000000e+00
