0.000000000000000000e+00 0.000000000000000000e+00 0.000000000000000000e+00 0.000000000000000000e+00 0.000000000000000000e+00 0.000000000000000000e+00 7.515082974953763940e-13 4.998592880586890598e-13 3.682624737249856041e-12 3.899107796332005984e-12 3.438401685553035079e-12 3.814756824141377213e-12 2.588686791531361764e-12 1.288794296628106743e-12 2.498972167261165717e-13 4.817864761666777651e-13 8.590741870150032140e-12 7.197870482573653103e-11 0.000000000000000000e+00 0.000000000000000000e+00
0.000000000000000000e+00 0.000000000000000000e+00 0.000000000000000000e+00 0.000000000000000000e+00 0.000000000000000000e+00 0.000000000000000000e+00 -3.181295493481289902e-13 -5.509023392476613231e-13 8.560475479242100154e-14 1.255169888565971386e-13 -1.569145241193924983e-14 9.137720929182095619e-14 1.403047741901989123e-13 5.237108646990288513e-14 -4.428613089186547370e-15 8.283039640319697258e-14 3.200906230208711959e-10 6.271165169763537764e-11 0.000000000000000000e+00 0.000000000000000000e+00
0.000000000000000000e+00 0.000000000000000000e+00 0.000000000000000000e+00 0.000000000000000000e+00 0.000000000000000000e+00 0.000000000000000000e+00 3.384492807803765132e-12 3.621324268269078083e-12 1.408631660351032325e-11 1.856385940217111331e-11 2.344238856992412757e-11 3.157380995163249053e-11 1.750577907161970060e-11 1.116438203953551226e-11 4.336026511394897667e-12 2.411707345627442215e-12 5.092440960234987103e-09 6.858423453817237774e-11 0.000000000000000000e+00 0.000000000000000000e+00
0.000000000000000000e+00 0.000000000000000000e+00 0.000000000000000000e+00 0.000000000000000000e+00 0.000000000000000000e+00 0.000000000000000000e+00 -1.174775721165340955e-13 3.774857635872597655e-13 2.156393867977903310e-14 2.539889559602691503e-13 -6.089611703854387925e-14 -1.792290442055441638e-14 -2.018590453070317569e-14 -2.967552258078001402e-15 -7.502462104926974013e-15 5.891990432446602045e-15 1.972483398492228706e-13 -6.288319155552469022e-04 0.000000000000000000e+00 0.000000000000000000e+00
0.000000000000000000e+00 0.000000000000000000e+00 0.000000000000000000e+00 0.000000000000000000e+00 0.000000000000000000e+00 0.000000000000000000e+00 -2.106404205046107681e-14 1.659334104935685441e-13 -8.018508047759649786e-14 1.717603404887484109e-13 -9.834492078067274183e-14 -5.271597651447995546e-15 -9.662509837703423927e-14 -1.875717624664069807e-14 -3.542950947715115211e-15 6.171916353523239941e-15 5.031817255168122572e-13 1.313923994325846434e+04 0.000000000000000000e+00 0.000000000000000000e+00
0.000000000000000000e+00 0.000000000000000000e+00 0.000000000000000000e+00 0.000000000000000000e+00 0.000000000000000000e+00 0.000000000000000000e+00 -6.303418987529922971e-11 1.410349096144532431e-10 -2.227480316237160381e-10 -1.162757208782849642e-10 6.539930048414833253e-11 -6.813418370275498612e-11 -1.229593212514299775e-11 -6.921985851066401912e-12 -9.359988033289323993e-13 7.566920688658572496e-13 1.343227030213318555e-12 4.946540945122454986e-12 0.000000000000000000e+00 0.000000000000000000e+00
0.000000000000000000e+00 0.000000000000000000e+00 0.000000000000000000e+00 0.000000000000000000e+00 0.000000000000000000e+00 0.000000000000000000e+00 -9.078668495973478316e-11 -8.939254485332122211e-11 -9.154232441069071383e-11 3.797378224777395021e-11 2.939179226761813319e-11 3.628996819930009461e-11 5.899011894459113107e-13 -4.189869955554953082e-13 1.158881768335436269e-13 -1.549407867463760542e-13 -3.436516190203039846e-12 4.476114617934311098e-12 0.000000000000000000e+00 0.000000000000000000e+00
0.000000000000000000e+00 0.000000000000000000e+00 0.000000000000000000e+00 0.000000000000000000e+00 0.000000000000000000e+00 0.000000000000000000e+00 -3.658290954215033287e-11 3.558411097075661306e-10 -3.651690285406010188e-10 -2.892358028337519626e-10 1.162077265732265204e-10 -2.135237838296932214e-10 -2.671132484143054587e-11 -1.833860409002056692e-11 -3.382882168393107573e-12 -1.697055439178797013e-12 2.023100688230478479e-11 4.748406989191452518e-12 0.000000000000000000e+00 0.000000000000000000e+00
0.000000000000000000e+00 0.000000000000000000e+00 0.000000000000000000e+00 0.000000000000000000e+00 0.000000000000000000e+00 0.000000000000000000e+00 -9.755035917080715707e-11 -8.253760069132931957e-11 -2.881985669825257940e-11 1.003355169158649877e-11 1.847563489369275844e-11 1.486439522972369004e-11 -3.938983472016774969e-12 -4.684114244959570444e-13 -3.864791268346464082e-14 -1.758996124099117980e-14 1.694998516697939182e-13 1.268156082040932301e-09 0.000000000000000000e+00 0.000000000000000000e+00
0.000000000000000000e+00 0.000000000000000000e+00 0.000000000000000000e+00 0.000000000000000000e+00 0.000000000000000000e+00 0.000000000000000000e+00 -7.816255776915247167e-11 -5.774907829659427322e-11 -8.352907847622323865e-11 9.627408449517650289e-12 2.545621651112438567e-11 1.170183704910551530e-11 -2.855081555836168040e-12 -2.508582195778480773e-12 4.600942908047442689e-15 5.280398540254275903e-14 7.052546468480235374e-13 8.916443267553827642e-05 0.000000000000000000e+00 0.000000000000000000e+00
0.000000000000000000e+00 0.000000000000000000e+00 0.000000000000000000e+00 0.000000000000000000e+00 0.000000000000000000e+00 0.000000000000000000e+00 -1.076090141962657184e-09 2.365418975490798487e-10 -1.340971437381153601e-09 -2.379837265212356434e-10 -3.948545791343535433e-11 -2.735900056582660454e-10 -6.571169513657890694e-11 -3.662501036300901523e-11 -3.199884720668378445e-12 6.519517879873445304e-12 2.944208848643601929e-11 -7.454217006301825820e-11 0.000000000000000000e+00 0.000000000000000000e+00
0.000000000000000000e+00 0.000000000000000000e+00 0.000000000000000000e+00 0.000000000000000000e+00 0.000000000000000000e+00 0.000000000000000000e+00 -3.978577050164695503e-10 -8.581907680765649124e-11 -4.333298167639439876e-10 6.442287149065956919e-11 1.536941025515772842e-10 8.615366494484036267e-11 6.445872109673099640e-12 1.808916170537753328e-11 2.204231455157660363e-12 -2.188748239707221333e-12 6.033012759949383914e-11 -7.558186865885199917e-11 0.000000000000000000e+00 0.000000000000000000e+00
0.000000000000000000e+00 0.000000000000000000e+00 0.000000000000000000e+00 0.000000000000000000e+00 0.000000000000000000e+00 0.000000000000000000e+00 -1.739144025355567613e-09 5.222940723013624589e-10 -2.294753302342045663e-09 -6.024213988933406035e-10 -3.314697036951257094e-10 -8.149517429875539227e-10 -1.523146581146510094e-10 -1.171154943136758597e-10 -2.102959181570132680e-11 -1.494093068222549436e-11 -1.050860156109787382e-10 -6.718423094383267920e-11 0.000000000000000000e+00 0.000000000000000000e+00
0.000000000000000000e+00 0.000000000000000000e+00 0.000000000000000000e+00 0.000000000000000000e+00 0.000000000000000000e+00 0.000000000000000000e+00 -1.780370346404596791e-10 -1.708093568980247474e-10 -2.006461259264514938e-10 4.187250245567783412e-11 9.963286457484016616e-11 4.587925914765858253e-11 -1.477298900393304133e-11 7.782758474794506785e-12 1.664292205174600814e-12 -7.714295308764440516e-13 3.574921314952320540e-12 6.241249122364703010e-08 0.000000000000000000e+00 0.000000000000000000e+00
0.000000000000000000e+00 0.000000000000000000e+00 0.000000000000000000e+00 0.000000000000000000e+00 0.000000000000000000e+00 0.000000000000000000e+00 -1.554237770384486157e-10 1.236465553882578896e-10 -3.581547218200788310e-10 1.996976985973435632e-11 9.810535165302483909e-11 1.359538102024625639e-11 -3.203999242535128000e-12 6.401886426362919256e-12 1.857126481725176056e-12 -1.583621472835008494e-13 1.335633079351240827e-12 -1.592779240448188166e-03 0.000000000000000000e+00 0.000000000000000000e+00
0.000000000000000000e+00 0.000000000000000000e+00 0.000000000000000000e+00 0.000000000000000000e+00 0.000000000000000000e+00 0.000000000000000000e+00 -5.453535310312644790e-11 2.377765630969046790e-11 9.194390642651006678e-12 3.711128100133887375e-11 -1.349281759554252369e-11 1.610497044785018631e-11 1.135037281823452314e-11 1.389545923905576013e-11 1.267100871170927855e-12 -4.096543118036541186e-13 -1.947494437451348887e-11 1.114093925773559122e-08 0.000000000000000000e+00 0.000000000000000000e+00
0.000000000000000000e+00 0.000000000000000000e+00 0.000000000000000000e+00 0.000000000000000000e+00 0.000000000000000000e+00 0.000000000000000000e+00 -3.518701179663293926e-11 -8.838205301764766445e-11 -8.487538808750701892e-11 1.013489801104874161e-10 -8.213666114410044707e-13 -2.502238305702841351e-11 8.020917975477046690e-12 5.347050437042579795e-12 -2.520162796100491704e-12 -8.492121124063089569e-11 1.929005115884114886e-06 1.088078550082799728e-08 0.000000000000000000e+00 0.000000000000000000e+00
0.000000000000000000e+00 0.000000000000000000e+00 0.000000000000000000e+00 0.000000000000000000e+00 0.000000000000000000e+00 0.000000000000000000e+00 -7.184578998854264597e-11 3.662656207662918450e-11 1.092637468183861932e-10 -7.820979968309732154e-12 -2.220594789960341244e-11 6.322217995998386551e-11 -1.299780307811038123e-11 3.713260086869830063e-12 2.771548642412863008e-12 -1.761609865437045527e-10 1.990053293359624874e-06 1.128650757883995293e-08 0.000000000000000000e+00 0.000000000000000000e+00
0.000000000000000000e+00 0.000000000000000000e+00 0.000000000000000000e+00 0.000000000000000000e+00 0.000000000000000000e+00 0.000000000000000000e+00 -3.016512987043010323e-11 1.904861926173823335e-11 -2.603423316833872548e-11 3.752504937087322942e-11 -5.880129061253724545e-12 -1.808638180697142747e-11 1.258306685130214204e-11 1.133296708919333753e-11 -1.315397040031628205e-12 -5.455205168685712127e-12 3.202260997520959475e-11 3.221702655898523449e-01 0.000000000000000000e+00 0.000000000000000000e+00
0.000000000000000000e+00 0.000000000000000000e+00 0.000000000000000000e+00 0.000000000000000000e+00 0.000000000000000000e+00 0.000000000000000000e+00 -8.527756859200117045e-12 1.109602923421043992e-11 -1.658233387890699688e-11 5.188662888629527523e-11 -2.441053263170351620e-11 -1.690972904352025799e-11 1.539272600939591358e-11 1.001090544813536567e-11 2.306037607096764122e-12 -4.967339161043154841e-12 5.267143689211160805e-11 -4.859648374505805016e+09 0.000000000000000000e+00 0.000000000000000000e+00
0.000000000000000000e+00 0.000000000000000000e+00 0.000000000000000000e+00 0.000000000000000000e+00 0.000000000000000000e+00 0.000000000000000000e+00 -1.555883025858286626e-10 1.776830384233586984e-10 1.256109525304585967e-10 1.135546440612827650e-11 5.414977164162184053e-11 3.171129680656547324e-11 1.007210316689542702e-11 1.346864888633134297e-11 3.420101160469852604e-12 5.227162746823293320e-12 6.690761752791493136e-11 -6.919544253347817883e-09 0.000000000000000000e+00 0.000000000000000000e+00
0.000000000000000000e+00 0.000000000000000000e+00 0.000000000000000000e+00 0.000000000000000000e+00 0.000000000000000000e+00 0.000000000000000000e+00 3.724255580163647941e-10 1.229913552483547688e-10 6.059631687887601027e-11 -3.038330733942920106e-11 6.095740936401867664e-11 4.569093954455463825e-11 4.170449025703801564e-12 1.399593560039285558e-11 4.029520495632785921e-12 5.152895513256464970e-12 1.561899283218523512e-07 -6.816441981096780505e-09 0.000000000000000000e+00 0.000000000000000000e+00
0.000000000000000000e+00 0.000000000000000000e+00 0.000000000000000000e+00 0.000000000000000000e+00 0.000000000000000000e+00 0.000000000000000000e+00 7.649994838815625035e-11 2.069578031394782710e-10 2.324744374036926462e-10 2.450370110601511536e-10 3.852566297199191286e-10 3.339798019876646128e-10 1.130187930661378033e-10 9.204671148697660967e-11 3.477756015839461375e-11 2.655607959390062406e-11 3.375387951911218275e-07 -6.607079072850573673e-09 0.000000000000000000e+00 0.000000000000000000e+00
0.000000000000000000e+00 0.000000000000000000e+00 0.000000000000000000e+00 0.000000000000000000e+00 0.000000000000000000e+00 0.000000000000000000e+00 7.504792999556966838e-11 1.021842821155819272e-10 -3.318249192374747912e-11 -8.559194052919377986e-12 -2.860017742209835214e-12 2.178494709836645150e-11 -4.899348240160764889e-12 1.570448781075429854e-11 4.963171046881769758e-12 1.445683662748972932e-12 5.030134101523650086e-11 -3.247399210450585549e-02 0.000000000000000000e+00 0.000000000000000000e+00
0.000000000000000000e+00 0.000000000000000000e+00 0.000000000000000000e+00 0.000000000000000000e+00 0.000000000000000000e+00 0.000000000000000000e+00 8.251333517927219230e-11 1.052876524540812568e-10 1.398580809103115393e-11 -2.059268649260602635e-11 5.906527127795424399e-12 1.554591300970063145e-11 -4.488927435787836776e-12 9.874132333735745177e-12 2.101363334646188267e-12 9.840003426851191067e-13 6.198714775747203272e-11 -1.499533884912014008e+07 0.000000000000000000e+00 0.000000000000000000e+00
0.000000000000000000e+00 0.000000000000000000e+00 0.000000000000000000e+00 0.000000000000000000e+00 0.000000000000000000e+00 0.000000000000000000e+00 7.613320164611129924e-10 2.237983286075500452e-09 -2.231452338461636653e-09 -8.984227013923162158e-10 -4.133798211840685646e-10 -2.211836170552873236e-10 -8.837806767473725983e-11 -2.219135370940635145e-11 -1.445193225766447126e-11 7.304143512859193915e-12 4.407572638910237323e-11 9.231222407102302644e-11 0.000000000000000000e+00 0.000000000000000000e+00
0.000000000000000000e+00 0.000000000000000000e+00 0.000000000000000000e+00 0.000000000000000000e+00 0.000000000000000000e+00 0.000000000000000000e+00 4.786895924160474158e-09 2.976284012138920175e-09 -1.681173802694006764e-09 1.525156861704886819e-10 3.342898101535456307e-10 1.256965156131461564e-10 1.543168957449708159e-10 3.111422806174144032e-11 5.839214642718081857e-12 -1.236126146399964837e-11 -1.808779767772897386e-11 9.286564047431221505e-11 0.000000000000000000e+00 0.000000000000000000e+00
0.000000000000000000e+00 0.000000000000000000e+00 0.000000000000000000e+00 0.000000000000000000e+00 0.000000000000000000e+00 0.000000000000000000e+00 -2.958567274942082065e-09 1.558667528253069317e-09 -2.830673888994431546e-09 -2.068139870223894522e-09 -1.470745852373245525e-09 -8.905476785704258255e-10 -3.460359288666072489e-10 -1.166823343349337482e-10 -6.803537595824906485e-11 -4.085440238681396056e-11 -1.165937046536840033e-10 9.493602155026199300e-11 0.000000000000000000e+00 0.000000000000000000e+00
0.000000000000000000e+00 0.000000000000000000e+00 0.000000000000000000e+00 0.000000000000000000e+00 0.000000000000000000e+00 0.000000000000000000e+00 2.545053371643485800e-09 2.008150152600142564e-09 -8.556972522262652197e-10 -2.197126809625654758e-10 2.570737351313667905e-10 1.861992840955867824e-10 4.566590350991311293e-11 2.959678220809098021e-11 1.109622376384760152e-12 -3.332422043620961258e-12 -1.128194391033268231e-12 1.645726182812727465e-08 0.000000000000000000e+00 0.000000000000000000e+00
0.000000000000000000e+00 0.000000000000000000e+00 0.000000000000000000e+00 0.000000000000000000e+00 0.000000000000000000e+00 0.000000000000000000e+00 2.805413782716806086e-09 2.089034769411013616e-09 -1.524011982917636341e-09 -1.026609367947629212e-10 2.638157570023514933e-10 1.373703348284707674e-10 7.612191127673009697e-11 2.379725679427444088e-11 4.219272981952763801e-12 -3.522107261936231438e-12 -1.685644556987357077e-12 1.968253496693469010e-03 0.000000000000000000e+00 0.000000000000000000e+00
0.000000000000000000e+00 0.000000000000000000e+00 0.000000000000000000e+00 0.000000000000000000e+00 0.000000000000000000e+00 0.000000000000000000e+00 1.260894433067912040e-09 -2.439344566012334594e-09 -9.095040762065853937e-09 -2.165715245368494546e-09 -1.615657491585142305e-09 -1.364389093958376000e-09 -7.469202476017278688e-10 -1.964918621409687536e-10 -8.820526164084413961e-11 5.459488509969651663e-11 3.017289162477457852e-10 5.551549245264868786e-10 0.000000000000000000e+00 0.000000000000000000e+00
0.000000000000000000e+00 0.000000000000000000e+00 0.000000000000000000e+00 0.000000000000000000e+00 0.000000000000000000e+00 0.000000000000000000e+00 2.438554989052970304e-08 9.523267247951734010e-09 -5.586900029525488400e-09 3.075656667229627330e-09 5.891389325968403559e-10 3.414763704230030058e-10 4.854280276422900577e-10 2.870720265344440210e-10 -7.882343125718043563e-12 -9.519936991651537788e-11 -1.385858350487205556e-09 4.933257186293541272e-10 0.000000000000000000e+00 0.000000000000000000e+00
0.000000000000000000e+00 0.000000000000000000e+00 0.000000000000000000e+00 0.000000000000000000e+00 0.000000000000000000e+00 0.000000000000000000e+00 -2.050068546905751924e-08 -1.394410423795201674e-08 -1.298018513478624078e-08 -8.682404133656530925e-09 -5.398597912481561634e-09 -4.563567436790451501e-09 -1.805144034013041095e-09 -1.012334764643078377e-09 -3.721051586817254301e-10 -2.538904419645802020e-10 -6.273725800469809545e-10 4.548440440803969260e-10 0.000000000000000000e+00 0.000000000000000000e+00
0.000000000000000000e+00 0.000000000000000000e+00 0.000000000000000000e+00 0.000000000000000000e+00 0.000000000000000000e+00 0.000000000000000000e+00 1.720805221193874185e-08 5.329693255592597310e-09 -3.158945869166509800e-09 2.992820873286114321e-09 1.061413172283996027e-09 2.165215559775330886e-10 -1.889564689174296195e-11 2.823585133668298468e-10 -7.247248946072425325e-12 1.019982924524502105e-11 4.792125128828563896e-11 -1.238312010520042457e-06 0.000000000000000000e+00 0.000000000000000000e+00
0.000000000000000000e+00 0.000000000000000000e+00 0.000000000000000000e+00 0.000000000000000000e+00 0.000000000000000000e+00 0.000000000000000000e+00 1.910998754515291904e-08 8.052197756015572647e-09 -5.135471368896669640e-09 2.404594222206864156e-09 8.769990081026822899e-10 3.296669183531293507e-10 -8.438497873326456934e-11 6.649515142057113108e-11 -2.936484727705047418e-11 -2.370458389818830905e-11 -7.864250960862788524e-12 -3.670407801652764146e-02 0.000000000000000000e+00 0.000000000000000000e+00
0.000000000000000000e+00 0.000000000000000000e+00 0.000000000000000000e+00 0.000000000000000000e+00 0.000000000000000000e+00 0.000000000000000000e+00 8.948092933883754719e-10 -3.912779255383364089e-10 -6.724951840069470921e-10 5.075463071302917405e-10 6.370793348596429300e-10 2.224543801033596942e-10 -4.356630178614669141e-11 2.051943779871672541e-11 4.397501694354092184e-11 -1.842345351227406077e-11 -2.182196016832892292e-10 -1.415058542469776250e-07 0.000000000000000000e+00 0.000000000000000000e+00
0.000000000000000000e+00 0.000000000000000000e+00 0.000000000000000000e+00 0.000000000000000000e+00 0.000000000000000000e+00 0.000000000000000000e+00 1.441898157502978332e-09 1.863621054919086916e-09 -1.611708516801026461e-09 1.752499463759633047e-09 1.262437554402159557e-09 -5.298293234206642233e-11 -8.460297282039189651e-11 -1.189472387540047085e-10 1.169232964925984735e-10 -1.008018920510158418e-09 4.202529170185059987e-05 -1.394906247910009774e-07 0.000000000000000000e+00 0.000000000000000000e+00
0.000000000000000000e+00 0.000000000000000000e+00 0.000000000000000000e+00 0.000000000000000000e+00 0.000000000000000000e+00 0.000000000000000000e+00 4.204678293469765038e-09 -1.328833453026732355e-09 1.254832591608266644e-09 -3.805087995374495890e-10 -7.580170031726437012e-10 -7.114808251504121053e-10 -1.608940021741260648e-10 3.483556576124252870e-10 6.082022254372661435e-11 -2.439379858833034379e-09 5.032455244512052799e-05 -1.345244108020905693e-07 0.000000000000000000e+00 0.000000000000000000e+00
0.000000000000000000e+00 0.000000000000000000e+00 0.000000000000000000e+00 0.000000000000000000e+00 0.000000000000000000e+00 0.000000000000000000e+00 6.512918636723808728e-10 7.547891622893940030e-10 -5.957315743288414242e-10 -7.086569385731562787e-11 5.245857910633166965e-10 -7.374966343596807177e-11 -5.582226318259505555e-11 -3.988961072989988647e-11 7.098665635368764456e-11 1.926116401947457466e-11 -2.889391595111581969e-10 1.799316385824621056e+00 0.000000000000000000e+00 0.000000000000000000e+00
0.000000000000000000e+00 0.000000000000000000e+00 0.000000000000000000e+00 0.000000000000000000e+00 0.000000000000000000e+00 0.000000000000000000e+00 6.988248515929696040e-10 1.166204696647500685e-09 -9.518595830971491395e-10 6.005390086493402162e-10 5.358734830559623430e-10 -1.875236002389440701e-10 -1.003910426803127390e-10 -1.332983552862323914e-10 3.855892140226710480e-12 4.964660968369768100e-11 5.435703697483639128e-10 -9.392947627897373962e+10 0.000000000000000000e+00 0.000000000000000000e+00
0.000000000000000000e+00 0.000000000000000000e+00 0.000000000000000000e+00 0.000000000000000000e+00 0.000000000000000000e+00 0.000000000000000000e+00 2.602328564334119158e-10 1.079087557757219044e-10 8.923691095601866531e-11 8.373301726879530755e-11 7.868659279302358401e-11 7.455574454612125937e-11 7.539159230578313225e-11 4.496662790453458091e-11 1.728481428118723200e-11 1.492356071873924270e-11 2.664676932832832951e-10 2.361391197269188340e-09 0.000000000000000000e+00 0.000000000000000000e+00
0.000000000000000000e+00 0.000000000000000000e+00 0.000000000000000000e+00 0.000000000000000000e+00 0.000000000000000000e+00 0.000000000000000000e+00 -4.977352573090569336e-11 -6.999327718474075408e-12 1.127564559415814255e-11 2.032214055880427496e-11 1.097750119719611855e-11 1.656025110934200827e-11 1.214204808102298966e-11 7.574031304777856744e-12 8.156825289504464405e-12 2.493527996475980768e-11 2.722761774032016747e-08 2.298807123620581781e-09 0.000000000000000000e+00 0.000000000000000000e+00
0.000000000000000000e+00 0.000000000000000000e+00 0.000000000000000000e+00 0.000000000000000000e+00 0.000000000000000000e+00 0.000000000000000000e+00 7.702587876449775799e-10 3.420118411219435473e-10 2.847001173553879068e-10 3.883621096633867922e-10 4.959471817661902322e-10 5.783405814417103459e-10 4.569514402814500779e-10 3.090325262946780678e-10 1.498706361426961009e-10 1.221446385540852334e-10 1.785650828499528196e-07 2.384403161562359065e-09 0.000000000000000000e+00 0.000000000000000000e+00
0.000000000000000000e+00 0.000000000000000000e+00 0.000000000000000000e+00 0.000000000000000000e+00 0.000000000000000000e+00 0.000000000000000000e+00 -6.133430253431743141e-12 1.612266477039328518e-12 9.326206087634750735e-12 1.256176355911646902e-11 7.328603013327039871e-12 1.318424580165970729e-11 1.220466008283646018e-11 9.663489184201241269e-12 7.257000870129010422e-12 2.498829019409147237e-12 5.566692148156694902e-11 -2.368984447582558883e-03 0.000000000000000000e+00 0.000000000000000000e+00
0.000000000000000000e+00 0.000000000000000000e+00 0.000000000000000000e+00 0.000000000000000000e+00 0.000000000000000000e+00 0.000000000000000000e+00 -1.140312996926434790e-11 4.807557833636927728e-12 5.257170561066438873e-12 8.317029472136667714e-12 6.124321949970498788e-12 1.196123145222109783e-11 1.135071562492786749e-11 5.991026872939527812e-12 4.017766045683833659e-12 1.447576658906474852e-12 2.880088717723316073e-11 1.090054618411421776e+06 0.000000000000000000e+00 0.000000000000000000e+00
0.000000000000000000e+00 0.000000000000000000e+00 0.000000000000000000e+00 0.000000000000000000e+00 0.000000000000000000e+00 0.000000000000000000e+00 -1.922186305425302293e-09 -1.976366313851836598e-10 -1.803362413294088641e-09 -9.123342119513946796e-10 -5.000878457826156288e-10 -1.930867934695598595e-10 -2.143342686708175043e-10 -1.287316584792097608e-10 -5.241896775298372959e-11 1.833308315515600808e-11 8.433162028312032245e-11 1.595977100465088048e-10 0.000000000000000000e+00 0.000000000000000000e+00
0.000000000000000000e+00 0.000000000000000000e+00 0.000000000000000000e+00 0.000000000000000000e+00 0.000000000000000000e+00 0.000000000000000000e+00 -2.515581089536080816e-11 3.181581321975051885e-10 -3.503822256209044323e-10 -6.216879949380357744e-12 -2.600032060812075677e-11 1.325027985178636160e-10 3.295738332217435362e-11 -1.663541863091403101e-12 -2.311574249412012035e-11 -2.671228845296959636e-11 5.966122454248329498e-11 1.535219177187505129e-10 0.000000000000000000e+00 0.000000000000000000e+00
0.000000000000000000e+00 0.000000000000000000e+00 0.000000000000000000e+00 0.000000000000000000e+00 0.000000000000000000e+00 0.000000000000000000e+00 -3.723602764563703231e-09 -6.859337824598256722e-10 -3.329428385571753745e-09 -1.934565857070924948e-09 -1.272262380175756403e-09 -7.121774337263896642e-10 -5.548005885537383184e-10 -3.315222153800227501e-10 -1.707510032265947509e-10 -8.626649167874393058e-11 -9.696519888366464322e-12 1.582486207772397392e-10 0.000000000000000000e+00 0.000000000000000000e+00
0.000000000000000000e+00 0.000000000000000000e+00 0.000000000000000000e+00 0.000000000000000000e+00 0.000000000000000000e+00 0.000000000000000000e+00 -2.076185487356754550e-10 1.994971419257901124e-10 -3.589219176481424109e-10 -2.563658132983351431e-10 -1.193106659371459407e-10 7.335875678795394857e-11 -3.018711150799091152e-11 -3.079129661383800456e-11 -2.019187675356926448e-11 -2.415206285064198304e-12 2.221284862915458149e-11 1.674555935657451838e-08 0.000000000000000000e+00 0.000000000000000000e+00
0.000000000000000000e+00 0.000000000000000000e+00 0.000000000000000000e+00 0.000000000000000000e+00 0.000000000000000000e+00 0.000000000000000000e+00 1.068867004064071734e-10 1.936997110816117671e-10 -3.047632998239272732e-10 -6.202711106488700459e-11 -2.754137402765546313e-11 9.921808829005081941e-11 -2.481762755968874808e-12 -2.571864419899585318e-11 -1.013515383320444894e-11 -3.206534773861935590e-12 8.249084087711151344e-12 6.167022485268895031e-04 0.000000000000000000e+00 0.000000000000000000e+00
0.000000000000000000e+00 0.000000000000000000e+00 0.000000000000000000e+00 0.000000000000000000e+00 0.000000000000000000e+00 0.000000000000000000e+00 -9.663028573034692316e-09 -6.283728645566281059e-09 -8.417581659344847470e-09 -2.766791708778548798e-09 -2.282008193980774504e-09 -1.239126861409905689e-09 -3.314025510044200331e-10 -1.452976998572326026e-10 -1.830726642226625265e-11 1.026625191833210446e-11 3.009214936584463211e-12 -2.759458015245709193e-10 0.000000000000000000e+00 0.000000000000000000e+00
0.000000000000000000e+00 0.000000000000000000e+00 0.000000000000000000e+00 0.000000000000000000e+00 0.000000000000000000e+00 0.000000000000000000e+00 4.774498098940049955e-10 3.294289279625162591e-09 -1.579818009068484053e-09 1.433407209985589372e-09 -1.260117753138096073e-09 -1.937362388850723544e-10 1.134605689552759474e-10 -2.312789045185094968e-11 2.616109472523803279e-12 2.735517860717049367e-12 5.486455924649111264e-10 -3.092538834689164276e-10 0.000000000000000000e+00 0.000000000000000000e+00
0.000000000000000000e+00 0.000000000000000000e+00 0.000000000000000000e+00 0.000000000000000000e+00 0.000000000000000000e+00 0.000000000000000000e+00 -1.924830762735567365e-08 -1.548793416949587690e-08 -1.566797860318741298e-08 -7.531875028320257810e-09 -4.243207937976235419e-09 -3.225168302453741761e-09 -8.953170771532030029e-10 -2.488778998506591324e-10 -3.882568548326803347e-11 -2.347453292559490706e-11 -1.144709198928529816e-09 -3.112861155305860907e-10 0.000000000000000000e+00 0.000000000000000000e+00
0.000000000000000000e+00 0.000000000000000000e+00 0.000000000000000000e+00 0.000000000000000000e+00 0.000000000000000000e+00 0.000000000000000000e+00 -1.360691663803156359e-09 2.037619844872038337e-10 -1.301095944919558148e-09 4.466639328221829491e-10 -1.240639839628667745e-09 -2.736942962135478538e-10 3.495227569326294159e-11 -5.094051948888789479e-11 6.038809950872257680e-12 6.877564199920390359e-12 -1.408594176606289092e-11 -6.719222712983265691e-07 0.000000000000000000e+00 0.000000000000000000e+00
0.000000000000000000e+00 0.000000000000000000e+00 0.000000000000000000e+00 0.000000000000000000e+00 0.000000000000000000e+00 0.000000000000000000e+00 3.412638183015309465e-10 2.190935006694558341e-09 -1.201735681567197292e-09 9.316076076622636719e-10 -1.033176868642346660e-09 -9.956373638351735511e-11 -3.099316766839904860e-11 -1.180447565361365381e-10 -4.695005160915717935e-12 5.800832166816042107e-13 2.432474138882815036e-11 -3.128795584102706667e-02 0.000000000000000000e+00 0.000000000000000000e+00
0.000000000000000000e+00 0.000000000000000000e+00 0.000000000000000000e+00 0.000000000000000000e+00 0.000000000000000000e+00 0.000000000000000000e+00 1.730618817808523088e-10 -3.764365506203507500e-10 -4.564375194805781827e-11 1.486686118704698125e-10 -1.479965207730418098e-10 -3.535498368971054909e-11 -1.196962600571139491e-10 -3.885618985768733009e-11 -4.544531963953343154e-11 -2.126469978129810626e-12 -3.289377179283816085e-10 4.343024244334421873e-07 0.000000000000000000e+00 0.000000000000000000e+00
0.000000000000000000e+00 0.000000000000000000e+00 0.000000000000000000e+00 0.000000000000000000e+00 0.000000000000000000e+00 0.000000000000000000e+00 1.944273287092837519e-10 5.684953624135611993e-10 -7.226454918099062849e-10 3.755177107981697427e-11 -5.806707380124985142e-10 -3.658384153255592862e-10 -1.669788533882654012e-10 -7.103433334031495077e-11 -3.817777258443130198e-11 -9.640290232615954450e-11 -1.002556312454494865e-06 4.360620334956782987e-07 0.000000000000000000e+00 0.000000000000000000e+00
0.000000000000000000e+00 0.000000000000000000e+00 0.000000000000000000e+00 0.000000000000000000e+00 0.000000000000000000e+00 0.000000000000000000e+00 3.052089043325342181e-10 -3.344038387145816427e-10 6.666176135209118785e-10 4.508101309181721627e-10 -2.357953577871866668e-10 -4.313306046591899088e-10 -9.729245767900673878e-11 -5.711332132781253120e-11 -8.378252193866726113e-11 -3.167115795539522560e-10 -2.793303415987699926e-06 4.378577295872791753e-07 0.000000000000000000e+00 0.000000000000000000e+00
0.000000000000000000e+00 0.000000000000000000e+00 0.000000000000000000e+00 0.000000000000000000e+00 0.000000000000000000e+00 0.000000000000000000e+00 8.027341747796486131e-11 2.767693799651599751e-10 6.255281089730575362e-11 -3.905213130338039259e-11 -1.486980820782731081e-10 -7.746361060246066208e-11 -9.198266602464507369e-11 -5.760847280879221824e-11 -6.907311649711259644e-11 -1.704752543291602228e-11 -6.130227483769845427e-10 7.274422128486111028e-01 0.000000000000000000e+00 0.000000000000000000e+00
0.000000000000000000e+00 0.000000000000000000e+00 0.000000000000000000e+00 0.000000000000000000e+00 0.000000000000000000e+00 0.000000000000000000e+00 1.085657642636429504e-10 6.451752871030841415e-11 -1.452930937422595546e-10 1.965659635566968194e-10 -3.473229138533634288e-10 -1.479102526403501353e-10 -1.479528421556562266e-10 -9.248357582252902938e-11 -5.731323370576388766e-11 -1.122260416456193654e-11 2.277564629507214428e-10 -1.950409978692038727e+10 0.000000000000000000e+00 0.000000000000000000e+00
0.000000000000000000e+00 0.000000000000000000e+00 0.000000000000000000e+00 0.000000000000000000e+00 0.000000000000000000e+00 0.000000000000000000e+00 8.505756376345327100e-12 1.141204842582980264e-11 7.937368674222415667e-12 3.957056355117305621e-12 3.061958941864730587e-12 2.652648591404137802e-12 1.351284860397190009e-12 5.195716647852436862e-13 3.892187466003001193e-13 2.270508542245471106e-13 2.774731410369695933e-12 -8.826944666399967329e-10 0.000000000000000000e+00 0.000000000000000000e+00
0.000000000000000000e+00 0.000000000000000000e+00 0.000000000000000000e+00 0.000000000000000000e+00 0.000000000000000000e+00 0.000000000000000000e+00 2.667957883917627246e-12 1.323361594379857120e-11 7.186743035870387012e-13 2.305576233359783931e-12 5.369399922950855598e-13 3.391584430404135836e-13 8.001937782540471490e-13 6.945951354094527750e-13 3.266703403448603769e-13 3.428718532524640608e-13 -4.636475900778710760e-09 -8.731501176648130333e-10 0.000000000000000000e+00 0.000000000000000000e+00
0.000000000000000000e+00 0.000000000000000000e+00 0.000000000000000000e+00 0.000000000000000000e+00 0.000000000000000000e+00 0.000000000000000000e+00 1.816293116189513740e-11 2.873075008895557230e-11 2.569530794784700388e-11 2.022878125559698521e-11 1.428087651735326862e-11 1.636727489893329687e-11 7.183429734421092464e-12 3.311581842648016867e-12 1.247819072977425565e-12 9.336410488094813620e-13 -4.925071784111499065e-09 -8.658298581193555507e-10 0.000000000000000000e+00 0.000000000000000000e+00
0.000000000000000000e+00 0.000000000000000000e+00 0.000000000000000000e+00 0.000000000000000000e+00 0.000000000000000000e+00 0.000000000000000000e+00 1.114897612345981495e-12 3.104216568161780590e-12 1.490057605089702936e-12 -5.960412217816654626e-13 -4.158170339479891566e-13 7.532927707367619136e-13 9.936887470669981555e-14 5.549612806837310778e-13 3.962290324842947016e-13 9.423064664692126672e-14 4.322487779761804157e-12 9.223314124356257748e-04 0.000000000000000000e+00 0.000000000000000000e+00
0.000000000000000000e+00 0.000000000000000000e+00 0.000000000000000000e+00 0.000000000000000000e+00 0.000000000000000000e+00 0.000000000000000000e+00 7.570499077365158954e-13 6.353333707008948985e-12 4.527099015081412387e-13 9.275057444101968784e-13 -2.539592134214046936e-13 7.504030554058941539e-13 8.096661278178330719e-13 3.148788225193860097e-13 1.917946319630862147e-13 8.483379682181954028e-14 3.462824374373113097e-12 -1.931659914350032806e+06 0.000000000000000000e+00 0.000000000000000000e+00
0.000000000000000000e+00 0.000000000000000000e+00 0.000000000000000000e+00 0.000000000000000000e+00 0.000000000000000000e+00 0.000000000000000000e+00 -2.501944777793128696e-10 7.562855249572178067e-10 -3.956027145514576482e-10 -1.114187497788460549e-10 -3.546913769397787750e-11 -4.554043269359965729e-11 -1.595726191247167199e-11 -1.369558469375590030e-11 -3.953451909382130266e-12 1.052449930836316782e-12 8.107190835561908545e-12 1.016931340686127896e-11 0.000000000000000000e+00 0.000000000000000000e+00
0.000000000000000000e+00 0.000000000000000000e+00 0.000000000000000000e+00 0.000000000000000000e+00 0.000000000000000000e+00 0.000000000000000000e+00 -9.811363729391912432e-11 9.674436643339196472e-10 -1.913895729509456080e-11 -2.839942176410762106e-11 2.670172018903991823e-11 5.887400828863945270e-11 9.073330847954250835e-12 3.437858172601972113e-12 -1.979221716547674942e-12 -1.673315129578927545e-12 1.499399349265089084e-11 1.020275462022029411e-11 0.000000000000000000e+00 0.000000000000000000e+00
0.000000000000000000e+00 0.000000000000000000e+00 0.000000000000000000e+00 0.000000000000000000e+00 0.000000000000000000e+00 0.000000000000000000e+00 -3.906788635813976048e-10 5.907830501344344698e-10 -7.796763369313864422e-10 -2.215474165620178712e-10 -1.436139141760046019e-10 -2.042640172578106254e-10 -7.046852454828416216e-11 -4.470016297564129049e-11 -1.120975584270359059e-11 -5.454988552895309388e-12 -1.139822247430896460e-11 1.051701472030705475e-11 0.000000000000000000e+00 0.000000000000000000e+00
0.000000000000000000e+00 0.000000000000000000e+00 0.000000000000000000e+00 0.000000000000000000e+00 0.000000000000000000e+00 0.000000000000000000e+00 -1.521592813715255222e-10 4.814630019698316100e-10 -7.766050004068706041e-11 -5.073049403661846151e-11 2.408208140422203194e-11 2.573192532622510974e-11 1.288736864341080028e-11 -1.418595032565350251e-12 -2.287221347257100587e-12 2.878537665012987358e-13 4.147094133614948160e-12 -9.261569369193038355e-09 0.000000000000000000e+00 0.000000000000000000e+00
0.000000000000000000e+00 0.000000000000000000e+00 0.000000000000000000e+00 0.000000000000000000e+00 0.000000000000000000e+00 0.000000000000000000e+00 -1.097003340115854323e-10 6.416530549102535028e-10 1.000060360899712122e-11 -3.327937291416693197e-11 1.854663811424792224e-11 3.607026424980082422e-11 7.086550033635059931e-12 3.279786685639290643e-13 2.583030738644244810e-13 -1.443815889175830662e-13 1.928776372606066721e-12 3.103222410565423337e-03 0.000000000000000000e+00 0.000000000000000000e+00
0.000000000000000000e+00 0.000000000000000000e+00 0.000000000000000000e+00 0.000000000000000000e+00 0.000000000000000000e+00 0.000000000000000000e+00 -1.479441127887788804e-09 9.878341038271278662e-10 -1.717763934925221347e-09 -9.829241224013804919e-10 -4.076161469247449843e-10 9.536766637619970312e-12 -2.776553282884398621e-11 -2.379268155639963269e-11 -1.370779383631656333e-11 2.259755745470105345e-12 2.526801965288427157e-11 4.955082769442838384e-10 0.000000000000000000e+00 0.000000000000000000e+00
0.000000000000000000e+00 0.000000000000000000e+00 0.000000000000000000e+00 0.000000000000000000e+00 0.000000000000000000e+00 0.000000000000000000e+00 2.613211543398485661e-10 4.852517096363041132e-09 1.178805547166879947e-09 -7.783340076447459108e-10 -3.010981683392939793e-10 1.484029339198306631e-10 1.501722186491799632e-10 3.616421603865469779e-11 -5.199987520726150559e-12 -1.706320600755011009e-12 -2.101616517355057857e-11 4.871445817329806758e-10 0.000000000000000000e+00 0.000000000000000000e+00
0.000000000000000000e+00 0.000000000000000000e+00 0.000000000000000000e+00 0.000000000000000000e+00 0.000000000000000000e+00 0.000000000000000000e+00 -3.116485333628904563e-09 -2.468701993393472417e-09 -4.533152598988629226e-09 -1.269119580440364124e-09 -7.434545490384222401e-10 -4.490893996097989878e-11 -2.716330560447025753e-10 -9.053669263025638172e-11 -1.478118688100638518e-11 -1.018973286733204954e-11 -2.043524776068397556e-10 4.921382274595585525e-10 0.000000000000000000e+00 0.000000000000000000e+00
0.000000000000000000e+00 0.000000000000000000e+00 0.000000000000000000e+00 0.000000000000000000e+00 0.000000000000000000e+00 0.000000000000000000e+00 -5.209600198315946241e-10 1.032248988815567191e-09 6.426324609161668222e-11 -6.112975647278476086e-10 -2.936759826545717303e-10 -1.166987580365003739e-11 1.352079540346232851e-10 5.920209067247757958e-12 -1.298449287199123532e-11 1.750803633635196953e-12 2.668607292146055644e-11 1.479820390724859467e-07 0.000000000000000000e+00 0.000000000000000000e+00
0.000000000000000000e+00 0.000000000000000000e+00 0.000000000000000000e+00 0.000000000000000000e+00 0.000000000000000000e+00 0.000000000000000000e+00 1.084185991133504572e-10 2.291404796094121439e-09 5.969592903825410639e-10 -6.998374314936918988e-10 -3.601957626759171219e-10 8.349873231136095504e-11 9.338525649400368884e-11 1.774229544343301982e-11 5.397410342869081644e-13 -1.843154441817260407e-12 3.912534237705348105e-12 1.194218875168121807e-01 0.000000000000000000e+00 0.000000000000000000e+00
0.000000000000000000e+00 0.000000000000000000e+00 0.000000000000000000e+00 0.000000000000000000e+00 0.000000000000000000e+00 0.000000000000000000e+00 -2.843066436348675623e-10 2.720078715688552576e-12 -1.666480040015657227e-10 -1.461329032400078885e-11 2.522215197245386401e-11 7.481233448195235199e-11 3.391736238759786798e-11 1.748285093392723781e-11 -4.756651116027425458e-12 1.875066846159164990e-11 -3.601083856306977158e-11 -9.764097405394549581e-09 0.000000000000000000e+00 0.000000000000000000e+00
0.000000000000000000e+00 0.000000000000000000e+00 0.000000000000000000e+00 0.000000000000000000e+00 0.000000000000000000e+00 0.000000000000000000e+00 -7.419498780506401020e-10 -3.939882426541566663e-10 -1.761869977050297718e-10 -1.925730464125699800e-10 -2.043426795833839299e-10 1.258199981359049445e-10 -3.496296266879875601e-11 -2.797152659726465318e-11 -6.717322146598953133e-12 -1.837427523760381571e-10 -1.264991582108098938e-05 -9.814913678602762727e-09 0.000000000000000000e+00 0.000000000000000000e+00
0.000000000000000000e+00 0.000000000000000000e+00 0.000000000000000000e+00 0.000000000000000000e+00 0.000000000000000000e+00 0.000000000000000000e+00 7.439301533022586341e-10 9.070916371772843993e-11 -1.116490098832853138e-10 -1.994400535407681201e-10 4.850460090200135942e-10 2.080805428826728606e-10 -4.900340617031149315e-11 5.439457689643653952e-11 1.993708567609319647e-11 -2.843303695337764328e-10 -2.075692670575973270e-06 -8.930616447607411537e-09 0.000000000000000000e+00 0.000000000000000000e+00
0.000000000000000000e+00 0.000000000000000000e+00 0.000000000000000000e+00 0.000000000000000000e+00 0.000000000000000000e+00 0.000000000000000000e+00 -4.470437469908670210e-11 -6.110654828644210647e-11 -4.574077611422593687e-11 -7.112793084650199891e-11 -5.071565015241826088e-11 5.036929531596512863e-11 4.171828702907438943e-11 -9.238184966502023152e-12 -1.238743817353714455e-11 5.917997455290252761e-12 -1.319450732917445727e-10 1.965975644655759136e-01 0.000000000000000000e+00 0.000000000000000000e+00
0.000000000000000000e+00 0.000000000000000000e+00 0.000000000000000000e+00 0.000000000000000000e+00 0.000000000000000000e+00 0.000000000000000000e+00 -3.778985390367590001e-10 -3.098424921979621086e-10 -9.571495871380556160e-11 -4.551895416076396601e-11 6.618939699819416188e-11 9.701404074992206176e-11 4.030852721721871815e-11 -4.028142383495314525e-12 6.894958556855334761e-12 6.346851827031401705e-12 3.694356681524093975e-10 -5.876883510832337189e+10 0.000000000000000000e+00 0.000000000000000000e+00
0.000000000000000000e+00 0.000000000000000000e+00 0.000000000000000000e+00 0.000000000000000000e+00 0.000000000000000000e+00 0.000000000000000000e+00 2.771140836758884703e-07 1.787780574157736755e-07 1.164684353235592115e-07 5.347076789587964128e-08 5.983177818970945772e-08 3.818615047441952420e-08 2.699622276215060461e-08 1.329933924867042491e-08 7.040312198278041511e-09 7.274678760953347789e-09 1.291140162541883794e-08 7.193134201094667449e-07 0.000000000000000000e+00 0.000000000000000000e+00
0.000000000000000000e+00 0.000000000000000000e+00 0.000000000000000000e+00 0.000000000000000000e+00 0.000000000000000000e+00 0.000000000000000000e+00 3.884312800493887731e-07 2.735070514834054766e-07 1.989037368506859232e-07 1.000362362766735240e-07 1.108290043017606695e-07 6.088749697811964092e-08 3.059442258677742021e-08 1.515515862973161082e-08 8.462921360010887177e-09 2.829497201782552772e-08 3.135765639439311610e-06 7.375014361902654649e-07 0.000000000000000000e+00 0.000000000000000000e+00
0.000000000000000000e+00 0.000000000000000000e+00 0.000000000000000000e+00 0.000000000000000000e+00 0.000000000000000000e+00 0.000000000000000000e+00 2.323677887570712242e-07 1.266973393420170265e-07 7.906656902026923451e-08 4.220613762075129315e-08 6.328492166805179369e-08 4.887804285532593200e-08 2.408115158767297175e-08 1.289821872377952122e-08 8.034662679468785428e-09 3.964539016550344894e-08 2.285947241095011000e-05 6.816781862092740324e-07 0.000000000000000000e+00 0.000000000000000000e+00
0.000000000000000000e+00 0.000000000000000000e+00 0.000000000000000000e+00 0.000000000000000000e+00 0.000000000000000000e+00 0.000000000000000000e+00 1.623094191272081878e-07 1.182020072497760277e-07 8.742927026091608006e-08 4.425584638910077051e-08 5.197677934125061069e-08 3.713875103242869206e-08 2.743606193173095255e-08 1.355092781234828803e-08 7.013657013087872332e-09 7.962268581099109964e-09 2.509176031318457271e-08 -3.524037700254161604e-02 0.000000000000000000e+00 0.000000000000000000e+00
0.000000000000000000e+00 0.000000000000000000e+00 0.000000000000000000e+00 0.000000000000000000e+00 0.000000000000000000e+00 0.000000000000000000e+00 1.715674642066987826e-07 1.212514705232017058e-07 8.784750748182933710e-08 4.408812170257370783e-08 5.348090528376951748e-08 3.939986845896048099e-08 2.943965249990304217e-08 1.461264161763745087e-08 7.302128188600269259e-09 8.685949092306965013e-09 3.386260141241368362e-08 -1.356587918906934559e+06 0.000000000000000000e+00 0.000000000000000000e+00
0.000000000000000000e+00 0.000000000000000000e+00 0.000000000000000000e+00 0.000000000000000000e+00 0.000000000000000000e+00 0.000000000000000000e+00 -6.378865681152697965e-08 4.031175622858533269e-08 -4.378861610633307437e-08 -1.060113998752124764e-08 -2.539328469143251989e-09 -2.103104643013221996e-09 -1.052962703296418070e-10 -1.279839749027495201e-10 4.683650611658670894e-11 4.204065878518468150e-11 -1.443167904386259654e-11 6.841323998440736980e-11 0.000000000000000000e+00 0.000000000000000000e+00
0.000000000000000000e+00 0.000000000000000000e+00 0.000000000000000000e+00 0.000000000000000000e+00 0.000000000000000000e+00 0.000000000000000000e+00 -8.032519538266041405e-08 6.055557129328999730e-08 -5.365127467399988198e-08 -9.626759779378048490e-09 -4.138770127037171941e-09 -2.213487042551105268e-09 -1.779463883446291624e-10 -1.795577757043942712e-10 8.643764826851625903e-12 1.468463604153100224e-11 3.424936152584997810e-10 7.391838280265287033e-11 0.000000000000000000e+00 0.000000000000000000e+00
0.000000000000000000e+00 0.000000000000000000e+00 0.000000000000000000e+00 0.000000000000000000e+00 0.000000000000000000e+00 0.000000000000000000e+00 -4.995988057404101139e-08 2.285441146548898046e-08 -3.904226773299313182e-08 -1.410650283969863150e-08 -1.643523754568075447e-09 -2.155065010532028079e-09 5.007761974321085766e-11 -1.199195824698225247e-10 1.170425912950431625e-11 1.661856561472317091e-11 -1.597668085129030017e-09 6.866863780550609145e-11 0.000000000000000000e+00 0.000000000000000000e+00
0.000000000000000000e+00 0.000000000000000000e+00 0.000000000000000000e+00 0.000000000000000000e+00 0.000000000000000000e+00 0.000000000000000000e+00 -5.256468279958888395e-08 4.181718640229454247e-08 -3.546213821414180853e-08 -6.549233805901671152e-09 -3.159285599950813358e-09 -2.162172874629756311e-09 -1.750148591265582899e-10 -1.353239865286192747e-10 4.649730029617006003e-11 4.559380939046458141e-11 -2.949577972572446885e-11 2.120096352625954673e-10 0.000000000000000000e+00 0.000000000000000000e+00
0.000000000000000000e+00 0.000000000000000000e+00 0.000000000000000000e+00 0.000000000000000000e+00 0.000000000000000000e+00 0.000000000000000000e+00 -5.331840520745969163e-08 4.013647640004056083e-08 -3.590602833216510155e-08 -6.909981171393139032e-09 -2.789991152109102271e-09 -2.199804461318528593e-09 -1.769133081213748314e-10 -1.505822234065154909e-10 4.406240957327432677e-11 4.351680459479616067e-11 -3.512986442522030232e-11 -2.715020472052421738e-04 0.000000000000000000e+00 0.000000000000000000e+00
0.000000000000000000e+00 0.000000000000000000e+00 0.000000000000000000e+00 0.000000000000000000e+00 0.000000000000000000e+00 0.000000000000000000e+00 -2.842270501139551977e-07 1.862815154150166710e-07 -7.761121165468733283e-08 9.217018030061645838e-09 -1.606468500732286735e-09 -5.768107546623286088e-09 3.178553671988168266e-09 1.462420977857679373e-10 -2.341431356950594338e-10 2.804578008598763770e-10 -3.207286899128275649e-10 -4.792520454131392704e-10 0.000000000000000000e+00 0.000000000000000000e+00
0.000000000000000000e+00 0.000000000000000000e+00 0.000000000000000000e+00 0.000000000000000000e+00 0.000000000000000000e+00 0.000000000000000000e+00 -2.706010465060443069e-07 2.349816927708929179e-07 -1.017683054368808103e-07 3.415895957167535262e-08 -4.382927628113759236e-09 -4.427563040098569177e-09 2.972379509273621805e-09 2.333103657137534362e-10 -2.660586543722320206e-10 5.818641899492535515e-10 -1.229382362338083817e-08 -4.585960626804596192e-10 0.000000000000000000e+00 0.000000000000000000e+00
0.000000000000000000e+00 0.000000000000000000e+00 0.000000000000000000e+00 0.000000000000000000e+00 0.000000000000000000e+00 0.000000000000000000e+00 -3.032486010811898282e-07 1.480053000426091293e-07 -6.458301348696486374e-08 -1.366957120595819017e-08 2.126484271946937570e-09 -9.118806119254919909e-09 3.717441671338669948e-09 -1.299431942645696231e-10 -2.592312076650599575e-10 6.272052387642854716e-10 3.874301712281999112e-09 -5.471843752893669227e-10 0.000000000000000000e+00 0.000000000000000000e+00
0.000000000000000000e+00 0.000000000000000000e+00 0.000000000000000000e+00 0.000000000000000000e+00 0.000000000000000000e+00 0.000000000000000000e+00 -1.853963838894611064e-07 1.602223263251911504e-07 -6.442362897840793827e-08 2.162840872470679278e-08 -5.275310579453418235e-09 -4.405092225585725373e-09 2.667013473857045822e-09 2.494154543346926588e-10 -2.228051801210711050e-10 3.000286483645605632e-10 -6.155287637441458796e-10 1.253994261151746236e-07 0.000000000000000000e+00 0.000000000000000000e+00
0.000000000000000000e+00 0.000000000000000000e+00 0.000000000000000000e+00 0.000000000000000000e+00 0.000000000000000000e+00 0.000000000000000000e+00 -1.813022477440445542e-07 1.564831301483942505e-07 -6.785223687864968301e-08 2.159136216391170887e-08 -2.665552949884112691e-09 -4.519162386315718973e-09 2.881599695667923159e-09 2.938130654782955240e-10 -2.237835609889064569e-10 3.134525252132515735e-10 -7.288173526814735165e-10 6.279661691531680627e-03 0.000000000000000000e+00 0.000000000000000000e+00
0.000000000000000000e+00 0.000000000000000000e+00 0.000000000000000000e+00 0.000000000000000000e+00 0.000000000000000000e+00 0.000000000000000000e+00 -5.242617678940556446e-11 8.219828030580193632e-10 9.730834168684354404e-11 3.290355760722623051e-10 1.265983367703138099e-10 8.388997456662031431e-11 1.372905740016631050e-10 -1.123103462784770002e-10 -3.116848544148084466e-11 -1.795650325051950353e-10 -2.278269399431651901e-10 3.573878628457205486e-07 0.000000000000000000e+00 0.000000000000000000e+00
0.000000000000000000e+00 0.000000000000000000e+00 0.000000000000000000e+00 0.000000000000000000e+00 0.000000000000000000e+00 0.000000000000000000e+00 -5.867015094198032720e-10 1.037588106981945083e-09 8.011934106418285581e-10 1.667909870321177815e-09 -1.136253854724272566e-09 1.895330037499900863e-09 1.104886755334116852e-10 -1.814516244227773212e-10 -4.187715773350681100e-11 -9.351312275377742308e-10 6.306686815682053030e-05 3.428925638154583664e-07 0.000000000000000000e+00 0.000000000000000000e+00
0.000000000000000000e+00 0.000000000000000000e+00 0.000000000000000000e+00 0.000000000000000000e+00 0.000000000000000000e+00 0.000000000000000000e+00 -1.015305958586269804e-10 1.646821417068300707e-09 3.965330056134824652e-11 2.277521236869219766e-09 -1.487195985257075218e-10 9.291555137877474791e-10 6.485669535148390047e-11 -1.777891425183511765e-10 -3.776849181672261319e-10 -1.962030542065051460e-09 -8.266618145172088805e-05 3.390506018325055563e-07 0.000000000000000000e+00 0.000000000000000000e+00
0.000000000000000000e+00 0.000000000000000000e+00 0.000000000000000000e+00 0.000000000000000000e+00 0.000000000000000000e+00 0.000000000000000000e+00 -8.512681517268467805e-10 3.560790770437739619e-10 -4.994806629443646512e-10 2.611378991986675330e-10 -1.496051073137104449e-11 6.113328237343592428e-10 -1.178114017120140177e-12 -6.458676528894622752e-11 -8.458489791027583896e-11 -1.734598262859976234e-10 -4.362597063923012874e-11 2.787835826001502371e-01 0.000000000000000000e+00 0.000000000000000000e+00
0.000000000000000000e+00 0.000000000000000000e+00 0.000000000000000000e+00 0.000000000000000000e+00 0.000000000000000000e+00 0.000000000000000000e+00 -3.752832251555691657e-10 7.296862931524024849e-10 -1.324697937715712852e-11 7.430970680856728913e-10 -5.620737945399664272e-11 9.972646979870133551e-10 2.286947428211520150e-10 -2.795770607943416083e-10 -7.585140048832569222e-12 -1.693618419577390202e-10 1.318497455369571768e-10 -9.962930711676449776e+08 0.000000000000000000e+00 0.000000000000000000e+00
0.000000000000000000e+00 0.000000000000000000e+00 0.000000000000000000e+00 0.000000000000000000e+00 0.000000000000000000e+00 0.000000000000000000e+00 1.187619220815516130e-12 3.661819911645756578e-13 8.531606882712112365e-14 6.916354272373132316e-14 3.406392705070992458e-14 2.412430135955741207e-14 1.962749128487543288e-14 1.310589985452888226e-14 9.777239746924394170e-15 1.100544906890002572e-14 3.579855903716591015e-14 4.338654830132375654e-12 0.000000000000000000e+00 0.000000000000000000e+00
0.000000000000000000e+00 0.000000000000000000e+00 0.000000000000000000e+00 0.000000000000000000e+00 0.000000000000000000e+00 0.000000000000000000e+00 3.341794260881915550e-13 1.487186706833647780e-13 7.084544847312259206e-14 6.283773077769671100e-14 6.038141641750094976e-14 3.647392564711336214e-14 2.429921608690909345e-14 1.745443845180704207e-14 1.344033487606363174e-14 1.807613841726500547e-13 1.275812270707029570e-10 4.306996774718488669e-12 0.000000000000000000e+00 0.000000000000000000e+00
0.000000000000000000e+00 0.000000000000000000e+00 0.000000000000000000e+00 0.000000000000000000e+00 0.000000000000000000e+00 0.000000000000000000e+00 3.119143782967869488e-12 9.499136188823254793e-13 2.040080889447515048e-13 3.018680373801301325e-13 1.200686523213603522e-13 7.422988131656733694e-14 3.442443176093084683e-14 1.925935952097880591e-14 1.701883151306199537e-14 2.680245290268704595e-13 7.126871138388101813e-10 4.176731514850894335e-12 0.000000000000000000e+00 0.000000000000000000e+00
0.000000000000000000e+00 0.000000000000000000e+00 0.000000000000000000e+00 0.000000000000000000e+00 0.000000000000000000e+00 0.000000000000000000e+00 1.941893519262862562e-13 8.809015960685082435e-14 4.031945769627078179e-14 2.696957793986242689e-14 2.850484415183367127e-14 2.351035431282664948e-14 2.198087986282793772e-14 1.625666749579368519e-14 1.050556838283558610e-14 1.170323451080656120e-14 7.873510622073210223e-14 1.093640904508471061e-06 0.000000000000000000e+00 0.000000000000000000e+00
0.000000000000000000e+00 0.000000000000000000e+00 0.000000000000000000e+00 0.000000000000000000e+00 0.000000000000000000e+00 0.000000000000000000e+00 1.484098061076992215e-13 7.062359463603318080e-14 3.687364397601798974e-14 2.569205743646198180e-14 2.876653261388674094e-14 2.655310044046999211e-14 2.216831177143271456e-14 1.604391198257523924e-14 9.152168776758456942e-15 1.282091326416550478e-14 1.149640167835448469e-13 -7.183831043967675214e+02 0.000000000000000000e+00 0.000000000000000000e+00
0.000000000000000000e+00 0.000000000000000000e+00 0.000000000000000000e+00 0.000000000000000000e+00 0.000000000000000000e+00 0.000000000000000000e+00 -4.383638958656070990e-11 -1.068920843339301699e-10 -2.657759759767512124e-11 -2.013485511900963203e-11 -2.161170618073581458e-12 -3.791870323517302444e-12 4.232554526778375472e-13 3.833197609335892086e-13 -5.301907404091101480e-14 5.240431320529254588e-14 -5.680140313779858406e-14 1.033118623051061259e-13 0.000000000000000000e+00 0.000000000000000000e+00
0.000000000000000000e+00 0.000000000000000000e+00 0.000000000000000000e+00 0.000000000000000000e+00 0.000000000000000000e+00 0.000000000000000000e+00 -6.897373477490630595e-11 -7.183947590744091008e-12 -2.484978128943882603e-11 -7.041343343960793808e-12 -4.223641346657586435e-12 -2.783393842632659852e-12 -7.070573014334698656e-15 5.165585371514057093e-13 -2.123366659519999989e-14 5.499821275846952056e-14 2.506843551548296192e-12 9.978484508243444726e-14 0.000000000000000000e+00 0.000000000000000000e+00
0.000000000000000000e+00 0.000000000000000000e+00 0.000000000000000000e+00 0.000000000000000000e+00 0.000000000000000000e+00 0.000000000000000000e+00 -2.152702676409740325e-11 -2.044100126382850037e-10 -2.823246546994690043e-11 -3.607011299602106596e-11 3.228086834311110517e-12 -3.691516516856282085e-12 7.446900628402766446e-13 1.735249632430372892e-13 -3.044301128521603173e-14 8.067437165116844061e-14 -3.192673267381689417e-12 9.794941810507406925e-14 0.000000000000000000e+00 0.000000000000000000e+00
0.000000000000000000e+00 0.000000000000000000e+00 0.000000000000000000e+00 0.000000000000000000e+00 0.000000000000000000e+00 0.000000000000000000e+00 -4.267627541153473976e-11 -1.221649218060712721e-11 -2.448478828917762501e-11 -7.317439930799576458e-12 -4.988957168017840509e-12 -4.234911109295056013e-12 9.479866762454737672e-15 4.984881197815563774e-13 -4.352548706908912293e-14 4.019520056133053180e-14 -4.702802810673396383e-14 -8.105301672037407282e-11 0.000000000000000000e+00 0.000000000000000000e+00
0.000000000000000000e+00 0.000000000000000000e+00 0.000000000000000000e+00 0.000000000000000000e+00 0.000000000000000000e+00 0.000000000000000000e+00 -4.601443895674010974e-11 4.959808686871309309e-12 -2.660319658687930074e-11 -4.329797945200297437e-12 -5.153475738296250936e-12 -3.271882733134396347e-12 1.455575885469753879e-14 4.669272003214456070e-13 -8.430897211148237042e-14 4.205573282739200634e-14 -1.275179612430683187e-13 -4.060814579033424547e-06 0.000000000000000000e+00 0.000000000000000000e+00
0.000000000000000000e+00 0.000000000000000000e+00 0.000000000000000000e+00 0.000000000000000000e+00 0.000000000000000000e+00 0.000000000000000000e+00 -2.772487937829598151e-10 -1.934199102489442470e-10 -3.013214388311974171e-11 -6.463477442928832380e-11 -1.607826126958796054e-11 -6.455557676233487732e-12 1.477447907018926512e-12 -3.984918783312116486e-13 -9.241126914039557663e-13 3.490382184973980814e-13 -7.810156624504873621e-13 -2.102592910312230766e-12 0.000000000000000000e+00 0.000000000000000000e+00
0.000000000000000000e+00 0.000000000000000000e+00 0.000000000000000000e+00 0.000000000000000000e+00 0.000000000000000000e+00 0.000000000000000000e+00 -1.035676783470502576e-10 -4.385039946439990132e-11 -1.099133199530325285e-11 4.041740380685316714e-11 -1.888242520421929766e-11 -6.620437936465886133e-12 -1.358382448003018904e-12 -3.822741257630625072e-13 -4.542348433126630300e-13 4.192427638092070062e-13 -2.492556066069470482e-11 -1.926441533859522889e-12 0.000000000000000000e+00 0.000000000000000000e+00
0.000000000000000000e+00 0.000000000000000000e+00 0.000000000000000000e+00 0.000000000000000000e+00 0.000000000000000000e+00 0.000000000000000000e+00 -4.431597244081989176e-10 -3.403540500026000012e-10 -5.148471843727201791e-11 -1.686990443481015774e-10 -6.987731143837592901e-12 -8.828416165842003611e-13 8.244077334027107063e-12 1.170815137448713664e-12 3.653319104763245556e-13 4.719626236433200354e-13 -7.103059063548585209e-11 -2.067870888668726093e-12 0.000000000000000000e+00 0.000000000000000000e+00
0.000000000000000000e+00 0.000000000000000000e+00 0.000000000000000000e+00 0.000000000000000000e+00 0.000000000000000000e+00 0.000000000000000000e+00 -1.160084764831515374e-10 -3.674805445163246240e-11 -2.032055921676007219e-11 -6.926216480831593360e-12 -1.943343155894232932e-11 -8.060010076043671861e-12 -1.580469440447042279e-12 -8.772751035297757380e-13 -1.010822047939722407e-12 4.829685167076969888e-13 -8.568888832871311346e-13 3.416523618105917803e-09 0.000000000000000000e+00 0.000000000000000000e+00
0.000000000000000000e+00 0.000000000000000000e+00 0.000000000000000000e+00 0.000000000000000000e+00 0.000000000000000000e+00 0.000000000000000000e+00 -1.135193947422319409e-10 -2.690939281148423868e-11 -1.990507603163106346e-11 2.073687082181064676e-11 -1.852938788557547753e-11 -7.387779738564678081e-12 -7.698104176298708975e-13 -3.298939292735575134e-13 -1.268250687441867506e-12 5.630263740196719282e-13 -1.256235156339953001e-12 6.425590499998544750e-05 0.000000000000000000e+00 0.000000000000000000e+00
0.000000000000000000e+00 0.000000000000000000e+00 0.000000000000000000e+00 0.000000000000000000e+00 0.000000000000000000e+00 0.000000000000000000e+00 -3.676243627380712405e-12 -5.541295933066202363e-13 1.204575071259963129e-12 -3.987287278581006952e-13 7.041353985797213328e-13 3.494161920548891371e-13 1.014900694301609530e-13 -1.461134260970574846e-12 -3.775912129130537827e-13 -4.532652735010570909e-13 -3.214228781352896775e-13 3.075604008863795965e-10 0.000000000000000000e+00 0.000000000000000000e+00
0.000000000000000000e+00 0.000000000000000000e+00 0.000000000000000000e+00 0.000000000000000000e+00 0.000000000000000000e+00 0.000000000000000000e+00 4.003968109880405508e-12 3.701945982053813059e-12 -3.999500002658302996e-13 -2.435252735599444413e-12 6.197092177089848387e-14 3.626994606836362518e-12 -1.026486186116176536e-12 -2.091725937630438963e-12 -1.361430007446907516e-12 -2.626002835134308302e-11 5.359156225392469538e-07 2.555943643300811551e-10 0.000000000000000000e+00 0.000000000000000000e+00
0.000000000000000000e+00 0.000000000000000000e+00 0.000000000000000000e+00 0.000000000000000000e+00 0.000000000000000000e+00 0.000000000000000000e+00 -7.196491138595400403e-12 -4.633223925127516037e-12 -6.723583549304328930e-13 -1.099376759120655244e-12 2.293509886279525222e-12 -3.277465790338576658e-12 -6.835839159322811791e-13 -2.538844290979307616e-12 -1.328285448965839842e-12 -4.938818250623103960e-11 -6.651349067684328257e-07 2.629930713509267318e-10 0.000000000000000000e+00 0.000000000000000000e+00
0.000000000000000000e+00 0.000000000000000000e+00 0.000000000000000000e+00 0.000000000000000000e+00 0.000000000000000000e+00 0.000000000000000000e+00 -2.281951728042274743e-12 1.831316175099533223e-12 4.155074777406436741e-12 -5.510106871284401243e-14 2.194449735528290261e-12 4.437476489553289555e-13 -3.072358921733237914e-13 -1.048594848280132019e-12 -4.776585771097811943e-13 -5.773961224619038563e-13 2.713640469933418590e-12 -2.220631656901016476e-03 0.000000000000000000e+00 0.000000000000000000e+00
0.000000000000000000e+00 0.000000000000000000e+00 0.000000000000000000e+00 0.000000000000000000e+00 0.000000000000000000e+00 0.000000000000000000e+00 -7.101400802081596043e-12 1.323910260964246206e-12 2.484375496767892518e-12 -4.535721763868788006e-16 3.809088759280703096e-12 1.991098031197458827e-12 -1.184909614756734378e-13 -1.867052865751875435e-12 -6.751909064675919118e-13 -4.627359461855675657e-13 4.144049837547301114e-14 -5.254479530221689492e+07 0.000000000000000000e+00 0.000000000000000000e+00
0.000000000000000000e+00 0.000000000000000000e+00 0.000000000000000000e+00 0.000000000000000000e+00 0.000000000000000000e+00 0.000000000000000000e+00 7.106134992270999054e-17 4.585028369837130323e-17 3.802151728904410844e-17 1.737057448185060317e-17 1.853791010431139057e-17 1.110731472225790778e-17 8.257196146368686566e-18 4.086841830235324360e-18 2.137121362010348379e-18 2.199827940134935413e-18 3.611594572109371378e-18 1.627697713328761707e-16 0.000000000000000000e+00 0.000000000000000000e+00
0.000000000000000000e+00 0.000000000000000000e+00 0.000000000000000000e+00 0.000000000000000000e+00 0.000000000000000000e+00 0.000000000000000000e+00 1.480188050445508756e-16 7.906255501250918215e-17 6.235403249557602484e-17 3.126240200603776566e-17 3.452984356006433977e-17 1.756767830499822941e-17 9.374287594242859832e-18 4.626220668591600271e-18 2.475903585967923554e-18 5.420623379608269087e-18 -1.220467692535966842e-15 1.675105182320557364e-16 0.000000000000000000e+00 0.000000000000000000e+00
0.000000000000000000e+00 0.000000000000000000e+00 0.000000000000000000e+00 0.000000000000000000e+00 0.000000000000000000e+00 0.000000000000000000e+00 3.762086489090486938e-17 2.803391204043800558e-17 2.793790979400123081e-17 1.362228638178281310e-17 1.875019084340096024e-17 1.281920593983481491e-17 6.895871252735584929e-18 3.856398835683414493e-18 2.315979078828330428e-18 8.218191501101658338e-18 8.965298991369223646e-15 1.533624982867850031e-16 0.000000000000000000e+00 0.000000000000000000e+00
0.000000000000000000e+00 0.000000000000000000e+00 0.000000000000000000e+00 0.000000000000000000e+00 0.000000000000000000e+00 0.000000000000000000e+00 5.942932908920605650e-17 3.426787838162426110e-17 2.692174975981659953e-17 1.362249046171537747e-17 1.598520644039524867e-17 1.085580844296329363e-17 8.343285144140691309e-18 4.166788010287866066e-18 2.138110789010862691e-18 2.410648885543251112e-18 6.930139782024892417e-18 1.053483462634594211e-11 0.000000000000000000e+00 0.000000000000000000e+00
0.000000000000000000e+00 0.000000000000000000e+00 0.000000000000000000e+00 0.000000000000000000e+00 0.000000000000000000e+00 0.000000000000000000e+00 6.438304103313681740e-17 3.399233193712652893e-17 2.746564821912011651e-17 1.389227845817036404e-17 1.650204031731333588e-17 1.150406360599638984e-17 9.115436176292545269e-18 4.517961053516808303e-18 2.233003834381520614e-18 2.635082582201960655e-18 9.004087239367155108e-18 1.177986478707815365e-03 0.000000000000000000e+00 0.000000000000000000e+00
0.000000000000000000e+00 0.000000000000000000e+00 0.000000000000000000e+00 0.000000000000000000e+00 0.000000000000000000e+00 0.000000000000000000e+00 -5.181778691515404505e-13 1.101953845414010281e-12 -6.187958001175518845e-13 -1.503452050388768166e-13 -9.560460541012462119e-14 -3.344616243280226457e-14 2.552469893789837534e-15 -3.302777429046519667e-15 9.330547332168917261e-16 3.054566611770073879e-16 -1.979780655418289577e-16 4.644453504320292718e-16 0.000000000000000000e+00 0.000000000000000000e+00
0.000000000000000000e+00 0.000000000000000000e+00 0.000000000000000000e+00 0.000000000000000000e+00 0.000000000000000000e+00 0.000000000000000000e+00 -1.112928298001021935e-12 1.584198174343812333e-12 -7.196528810561373344e-13 -2.269208487179732889e-13 -1.362983903585782612e-13 -3.670217354667572034e-14 7.084651019220561516e-15 -3.678902977274484921e-15 6.043878411916130910e-16 2.000465419612843527e-17 -5.924442043514272891e-15 4.717608915110998796e-16 0.000000000000000000e+00 0.000000000000000000e+00
0.000000000000000000e+00 0.000000000000000000e+00 0.000000000000000000e+00 0.000000000000000000e+00 0.000000000000000000e+00 0.000000000000000000e+00 1.844118580248484496e-14 6.949873322545676617e-13 -5.920575345838228099e-13 -1.060408018461079191e-13 -9.038399824173207521e-14 -3.480639130989695595e-14 -2.074681281009354417e-15 -3.053647602792995432e-15 2.863171682718320147e-16 -2.270707896300703006e-16 1.299785357996385254e-14 4.500725983105620352e-16 0.000000000000000000e+00 0.000000000000000000e+00
0.000000000000000000e+00 0.000000000000000000e+00 0.000000000000000000e+00 0.000000000000000000e+00 0.000000000000000000e+00 0.000000000000000000e+00 -6.505344044395950447e-13 1.030728395583382490e-12 -4.835105308966474965e-13 -1.456911738102309253e-13 -9.007840662251552531e-14 -3.397809803920644302e-14 5.387835208897227355e-15 -3.441498933677600325e-15 9.029558338944464906e-16 3.525320225131426317e-16 -2.456127315257578790e-16 -5.531417665034356326e-13 0.000000000000000000e+00 0.000000000000000000e+00
0.000000000000000000e+00 0.000000000000000000e+00 0.000000000000000000e+00 0.000000000000000000e+00 0.000000000000000000e+00 0.000000000000000000e+00 -7.196154487158453322e-13 1.054067337022210349e-12 -4.760105204685101366e-13 -1.518511250642696944e-13 -9.438731220334325580e-14 -3.649474127084891297e-14 5.300520131566797241e-15 -3.549842178251444163e-15 1.146253851571700766e-15 3.856933755283198653e-16 -1.380191584675555029e-16 9.394853700789114856e-08 0.000000000000000000e+00 0.000000000000000000e+00
0.000000000000000000e+00 0.000000000000000000e+00 0.000000000000000000e+00 0.000000000000000000e+00 0.000000000000000000e+00 0.000000000000000000e+00 -2.594655960062331718e-12 2.225692461632985661e-12 -9.011572450063372962e-13 -1.421956275034603202e-14 8.998079335513531677e-15 -5.940216034709457677e-14 7.085904234517548856e-14 1.727180386334836314e-14 3.141907257002859275e-16 5.175424738697394936e-15 -3.195669712443932669e-15 -1.504502220149272646e-14 0.000000000000000000e+00 0.000000000000000000e+00
0.000000000000000000e+00 0.000000000000000000e+00 0.000000000000000000e+00 0.000000000000000000e+00 0.000000000000000000e+00 0.000000000000000000e+00 -4.224110900866897375e-12 3.341767344242523136e-12 -8.154011582666571449e-13 -1.480490311476827276e-13 5.888435193776005754e-14 -4.417376997949775034e-14 8.574593696480189109e-14 2.354522294403834610e-14 3.756610795359182839e-16 6.319072587576759594e-15 -2.419812096776463588e-14 -1.866344300427315348e-14 0.000000000000000000e+00 0.000000000000000000e+00
0.000000000000000000e+00 0.000000000000000000e+00 0.000000000000000000e+00 0.000000000000000000e+00 0.000000000000000000e+00 0.000000000000000000e+00 -1.147385740750070967e-12 1.283332182089511978e-12 -1.106647527315425068e-12 1.223356750624710327e-13 -5.892122035420313858e-14 -8.760759836142489915e-14 6.354557632180796124e-14 2.096788986257019958e-14 5.308638467136605008e-15 8.140327258760199365e-15 -1.745085053501024938e-13 -1.843347005428083429e-14 0.000000000000000000e+00 0.000000000000000000e+00
0.000000000000000000e+00 0.000000000000000000e+00 0.000000000000000000e+00 0.000000000000000000e+00 0.000000000000000000e+00 0.000000000000000000e+00 -2.689557141181894064e-12 2.085824854520798587e-12 -5.729947811453976987e-13 -9.033037321656255831e-14 3.460203378743235915e-14 -4.560071867899256725e-14 7.723036677394146275e-14 1.903944555733145926e-14 -6.842145080936212883e-16 6.858121595285800372e-15 -7.375174976762284678e-15 -1.728552574257956278e-11 0.000000000000000000e+00 0.000000000000000000e+00
0.000000000000000000e+00 0.000000000000000000e+00 0.000000000000000000e+00 0.000000000000000000e+00 0.000000000000000000e+00 0.000000000000000000e+00 -2.731730282727298605e-12 2.166736890728278262e-12 -5.437615559317989938e-13 -8.439734912001741452e-14 4.110697914538511065e-14 -5.877185196064035264e-14 7.849069544957124586e-14 1.785938412584267577e-14 9.910827710868418887e-16 6.504563532547238457e-15 -4.724011844180318776e-15 1.036563732458305067e-06 0.000000000000000000e+00 0.000000000000000000e+00
0.000000000000000000e+00 0.000000000000000000e+00 0.000000000000000000e+00 0.000000000000000000e+00 0.000000000000000000e+00 0.000000000000000000e+00 9.277298285295849002e-14 2.677108220013509395e-14 -1.675926779708159121e-15 1.029100608236555549e-14 9.933494323434760758e-15 -2.186228884738086575e-15 2.233297152734678765e-16 -2.674286525390943539e-16 -1.418022569182446839e-16 1.762400901124527569e-15 -1.211836597112923118e-15 6.649141983779989875e-12 0.000000000000000000e+00 0.000000000000000000e+00
0.000000000000000000e+00 0.000000000000000000e+00 0.000000000000000000e+00 0.000000000000000000e+00 0.000000000000000000e+00 0.000000000000000000e+00 2.981336869644542803e-14 -1.308633932203710124e-14 -1.311779068750522146e-14 3.502435391902921883e-14 2.348182567802865630e-14 6.130279130773208693e-14 6.337400597808511947e-15 2.080082362227124373e-15 4.094555598407843633e-15 3.611553348671630291e-14 -4.685082993948497435e-09 6.446598377300282137e-12 0.000000000000000000e+00 0.000000000000000000e+00
0.000000000000000000e+00 0.000000000000000000e+00 0.000000000000000000e+00 0.000000000000000000e+00 0.000000000000000000e+00 0.000000000000000000e+00 1.739845316431856653e-13 1.246283535243081157e-13 2.294774055371476881e-14 3.353790881950033798e-14 3.651465695680608813e-15 4.391258374361760669e-14 -2.207214032041200046e-14 8.207814625295245693e-15 3.253064184625055286e-15 6.178324585582613914e-14 3.389575519963368402e-09 6.336931739074015586e-12 0.000000000000000000e+00 0.000000000000000000e+00
0.000000000000000000e+00 0.000000000000000000e+00 0.000000000000000000e+00 0.000000000000000000e+00 0.000000000000000000e+00 0.000000000000000000e+00 3.920662684213215142e-14 -1.341502315226853779e-14 -1.409657769881611109e-14 3.656111964277911244e-15 2.477121528760197515e-14 1.944450756121841435e-14 -3.919438118381496434e-15 3.115725703547958947e-15 -4.515031140872383049e-16 2.504201026745760384e-15 1.726906905253672164e-14 -1.951707395380591176e-05 0.000000000000000000e+00 0.000000000000000000e+00
0.000000000000000000e+00 0.000000000000000000e+00 0.000000000000000000e+00 0.000000000000000000e+00 0.000000000000000000e+00 0.000000000000000000e+00 6.223443415526208905e-14 -2.104738492476431277e-14 -1.876520199841328295e-14 8.785619190903491380e-15 1.785896116366122335e-14 2.940286344642868790e-14 8.198000997973775375e-16 -3.690961141645623919e-15 1.237937976926430798e-15 4.367034387145475540e-15 4.633118446811288024e-14 -8.708277119479696266e+05 0.000000000000000000e+00 0.000000000000000000e+00
0.000000000000000000e+00 0.000000000000000000e+00 0.000000000000000000e+00 0.000000000000000000e+00 0.000000000000000000e+00 0.000000000000000000e+00 9.053749079051336669e-11 4.349849764264189050e-10 3.758886940517857094e-10 2.526925899616643058e-10 1.304702411175571959e-10 1.279574006170606473e-10 9.895723240654587295e-11 5.300617733004732917e-11 2.016436190593279684e-11 1.987461727125626660e-11 3.272431155072664628e-10 -3.969216812255040395e-08 0.000000000000000000e+00 0.000000000000000000e+00
0.000000000000000000e+00 0.000000000000000000e+00 0.000000000000000000e+00 0.000000000000000000e+00 0.000000000000000000e+00 0.000000000000000000e+00 -1.950445847147207449e-10 3.573635959999887577e-10 1.079303573123935229e-10 1.796920061102570331e-10 9.243471521366434418e-11 7.987129379795223201e-11 3.828552022840827407e-11 6.364840930483238006e-12 1.245938340237139849e-11 3.104646169395340821e-11 1.605388439835260254e-08 -4.013214782318863446e-08 0.000000000000000000e+00 0.000000000000000000e+00
0.000000000000000000e+00 0.000000000000000000e+00 0.000000000000000000e+00 0.000000000000000000e+00 0.000000000000000000e+00 0.000000000000000000e+00 1.455950359805529914e-09 1.047085867017155233e-09 7.910007036139455554e-10 9.200563220495654474e-10 7.680222341144173653e-10 1.003248485079579735e-09 5.477145902716541150e-10 3.558734605359036828e-10 1.971056327676981747e-10 1.567574756225511796e-10 -1.819129689611039716e-07 -3.991371704131374254e-08 0.000000000000000000e+00 0.000000000000000000e+00
0.000000000000000000e+00 0.000000000000000000e+00 0.000000000000000000e+00 0.000000000000000000e+00 0.000000000000000000e+00 0.000000000000000000e+00 -1.581015844127656706e-10 1.504901081743633139e-10 9.616402348409192745e-11 7.661908528374143037e-11 5.890990344094631514e-11 6.222776139652882198e-11 1.809604996074350923e-11 6.824177367480579879e-12 9.881841299683780091e-12 4.136873053623387999e-12 1.392997668635000005e-10 3.778695626276188380e-01 0.000000000000000000e+00 0.000000000000000000e+00
0.000000000000000000e+00 0.000000000000000000e+00 0.000000000000000000e+00 0.000000000000000000e+00 0.000000000000000000e+00 0.000000000000000000e+00 -8.640212930323258782e-11 1.404332861474109750e-10 7.417420233747272936e-11 1.303312786793727478e-10 3.825092457601816741e-11 4.826131353333082482e-11 3.544725451756623308e-11 1.009437067543380243e-11 6.528322120297241342e-12 2.630004293095446646e-12 5.963839545185526576e-11 -3.467665923292160034e+07 0.000000000000000000e+00 0.000000000000000000e+00
0.000000000000000000e+00 0.000000000000000000e+00 0.000000000000000000e+00 0.000000000000000000e+00 0.000000000000000000e+00 0.000000000000000000e+00 -2.349134783044370340e-09 3.898343121156583210e-09 -5.217075438683855447e-09 -1.414834909511966455e-09 -6.448624411659184886e-11 -5.516008991788751925e-10 -2.604047659337129238e-10 -1.237192783483900147e-10 -5.899981749522285535e-11 2.406468139200551264e-11 9.872805453295830321e-11 2.142516456612817824e-10 0.000000000000000000e+00 0.000000000000000000e+00
0.000000000000000000e+00 0.000000000000000000e+00 0.000000000000000000e+00 0.000000000000000000e+00 0.000000000000000000e+00 0.000000000000000000e+00 3.698427583162766318e-10 6.838161974058707029e-09 -3.515333871933303249e-09 -1.984621566197115749e-10 8.144292923799431619e-10 6.146068438178826931e-11 4.804946554778386186e-11 7.788518281980093312e-11 -2.187206813533446040e-11 -2.630925429625768634e-11 1.106457234423423742e-10 2.043948227732718396e-10 0.000000000000000000e+00 0.000000000000000000e+00
0.000000000000000000e+00 0.000000000000000000e+00 0.000000000000000000e+00 0.000000000000000000e+00 0.000000000000000000e+00 0.000000000000000000e+00 -4.889750263939889293e-09 1.149081340767592899e-09 -7.157947743369511480e-09 -2.686760588300732666e-09 -1.125369204547942163e-09 -1.358117673966273778e-09 -6.240596492000622768e-10 -4.527744113408754154e-10 -2.038609128159969666e-10 -9.994535381602600500e-11 -7.824311980314317385e-11 2.106047889578142221e-10 0.000000000000000000e+00 0.000000000000000000e+00
0.000000000000000000e+00 0.000000000000000000e+00 0.000000000000000000e+00 0.000000000000000000e+00 0.000000000000000000e+00 0.000000000000000000e+00 -4.040711297530030418e-10 4.526582321393012985e-09 -3.457787449783042026e-09 -9.401177356526426060e-10 8.286041657341901641e-10 4.788882322238308706e-12 -1.024160580691912859e-10 2.519192433001960098e-11 -1.950731640249237038e-11 -2.145806705450113156e-12 2.089135401343554383e-11 5.535908671990528661e-08 0.000000000000000000e+00 0.000000000000000000e+00
0.000000000000000000e+00 0.000000000000000000e+00 0.000000000000000000e+00 0.000000000000000000e+00 0.000000000000000000e+00 0.000000000000000000e+00 -1.768808328494437939e-10 4.727185573456513160e-09 -3.512645714118206341e-09 -6.542509723795586045e-10 7.005026145092196564e-10 -1.235079529966980722e-10 1.929047973219003186e-12 3.379420653324610341e-11 -9.402837800095026706e-12 -4.624456881681297832e-12 7.325491090284752749e-12 1.491451466093135676e-02 0.000000000000000000e+00 0.000000000000000000e+00
0.000000000000000000e+00 0.000000000000000000e+00 0.000000000000000000e+00 0.000000000000000000e+00 0.000000000000000000e+00 0.000000000000000000e+00 -1.022580345515921590e-08 4.516053551483227717e-09 -2.308140507320797576e-08 -5.970769139333068617e-09 -2.383687249026348467e-09 -2.640257505203373201e-09 -4.988226472276279286e-10 -3.758848427390598102e-10 -3.220023576739170310e-11 3.992554612224446573e-11 3.669133271528776507e-10 2.432583387602480165e-09 0.000000000000000000e+00 0.000000000000000000e+00
0.000000000000000000e+00 0.000000000000000000e+00 0.000000000000000000e+00 0.000000000000000000e+00 0.000000000000000000e+00 0.000000000000000000e+00 1.359598226655281373e-08 3.271781269213836998e-08 -1.275167194740506439e-08 7.046206184176046916e-10 -4.258353201661670782e-10 5.540887088825225629e-10 9.896581724362164642e-10 2.409875147649375583e-10 3.220099099108153843e-11 -1.023639467875652003e-10 -1.050954886944691819e-09 2.358691206789030924e-09 0.000000000000000000e+00 0.000000000000000000e+00
0.000000000000000000e+00 0.000000000000000000e+00 0.000000000000000000e+00 0.000000000000000000e+00 0.000000000000000000e+00 0.000000000000000000e+00 -3.258969093785674632e-08 -2.282799587661768992e-08 -3.468439810640379831e-08 -1.444590136743568347e-08 -5.478803660829727409e-09 -7.002168902622202749e-09 -1.780188204832216337e-09 -1.227148926446356026e-09 -4.034170440588521049e-10 -2.226334732201140206e-10 -1.252771709879556272e-09 2.384004289996496394e-09 0.000000000000000000e+00 0.000000000000000000e+00
0.000000000000000000e+00 0.000000000000000000e+00 0.000000000000000000e+00 0.000000000000000000e+00 0.000000000000000000e+00 0.000000000000000000e+00 9.637474548306131406e-09 2.479403341325409124e-08 -1.408814921490493411e-08 9.795962716694011661e-10 2.939550666374876968e-10 6.114553706062692898e-11 4.179346923760030825e-10 8.672867354539583423e-11 7.303509747990022625e-11 3.098994761865894882e-11 1.473883875706963845e-10 -1.365052970689288663e-06 0.000000000000000000e+00 0.000000000000000000e+00
0.000000000000000000e+00 0.000000000000000000e+00 0.000000000000000000e+00 0.000000000000000000e+00 0.000000000000000000e+00 0.000000000000000000e+00 1.250536832834209142e-08 2.654797748040816598e-08 -1.323932770484434905e-08 7.440982908073215339e-10 3.753673278465309973e-11 -4.430447331275316189e-10 2.142825056467877986e-10 -2.755952545525510953e-11 4.096416136690313833e-11 -1.663432621531037127e-11 3.899500511358914591e-11 2.399518921831203799e-01 0.000000000000000000e+00 0.000000000000000000e+00
0.000000000000000000e+00 0.000000000000000000e+00 0.000000000000000000e+00 0.000000000000000000e+00 0.000000000000000000e+00 0.000000000000000000e+00 1.396945556427726527e-09 1.409583162804318487e-09 -1.565880861259438193e-09 6.644600973568837891e-11 8.762158094651106340e-10 4.124865777969086684e-10 1.100356527761675823e-10 -1.051839054607944837e-10 1.418743987250034209e-11 2.982676754755116930e-11 -4.657901027660774226e-10 2.616479952587489213e-07 0.000000000000000000e+00 0.000000000000000000e+00
0.000000000000000000e+00 0.000000000000000000e+00 0.000000000000000000e+00 0.000000000000000000e+00 0.000000000000000000e+00 0.000000000000000000e+00 1.992156124079203511e-09 2.126083663590563080e-09 -1.755710763441836701e-09 2.505568721338174484e-09 5.011308488632061674e-10 1.371755630903418644e-10 -1.817580575907667492e-11 -4.385974553609357114e-10 1.274979952062884906e-10 -7.458719245907430070e-10 4.191711164056739476e-05 2.628214748893778914e-07 0.000000000000000000e+00 0.000000000000000000e+00
0.000000000000000000e+00 0.000000000000000000e+00 0.000000000000000000e+00 0.000000000000000000e+00 0.000000000000000000e+00 0.000000000000000000e+00 -1.415761714664864847e-09 1.878144051433533716e-09 -2.240644421508454084e-09 -1.769080687748632778e-09 1.201056507240067788e-09 -8.619528155960314363e-10 -1.884207984491262850e-10 3.170373113783016731e-10 1.195650240236974099e-10 -1.551718537674643928e-09 3.223960944993123682e-05 2.622664090239561320e-07 0.000000000000000000e+00 0.000000000000000000e+00
0.000000000000000000e+00 0.000000000000000000e+00 0.000000000000000000e+00 0.000000000000000000e+00 0.000000000000000000e+00 0.000000000000000000e+00 2.759896306506752017e-09 3.455373816310454751e-10 -7.267461893129375620e-10 2.002505012724995616e-10 6.028613728433042399e-10 3.030753027961661904e-10 1.761736730015048142e-10 -2.637337538908300589e-10 3.652097456183866450e-12 4.137774439488192362e-11 -5.451723193423700981e-10 1.484236909223887735e-01 0.000000000000000000e+00 0.000000000000000000e+00
0.000000000000000000e+00 0.000000000000000000e+00 0.000000000000000000e+00 0.000000000000000000e+00 0.000000000000000000e+00 0.000000000000000000e+00 2.167589818576798515e-09 -1.053003782822018418e-10 -1.153272684962063385e-09 9.987559885107182751e-10 5.385013654183363919e-10 -2.415016086525395957e-11 2.609257902061177991e-11 -3.890807626842059876e-10 -1.858103178287061450e-11 1.401973140708224851e-10 2.241072690595021399e-09 -1.855464118681622314e+11 0.000000000000000000e+00 0.000000000000000000e+00
