0.000000000000000000e+00 0.000000000000000000e+00 0.000000000000000000e+00 0.000000000000000000e+00 0.000000000000000000e+00 0.000000000000000000e+00 1.000232069194959205e-12 3.696320880587072950e-13 3.182575858437739024e-13 1.674490004136789229e-13 2.582194557386251954e-13 3.142249720663849666e-13 2.186051765555616156e-13 8.089158761493712650e-14 1.659578430772293413e-14 3.883086061193528621e-13 7.460044869438695281e-12 4.164639586185403290e-12 0.000000000000000000e+00 0.000000000000000000e+00
0.000000000000000000e+00 0.000000000000000000e+00 0.000000000000000000e+00 0.000000000000000000e+00 0.000000000000000000e+00 0.000000000000000000e+00 -1.869896411245302658e-14 9.374936990414892354e-14 6.096543002512050591e-14 8.598218371004306839e-14 8.401186683212228189e-14 4.997806372993812682e-14 4.226253839708462107e-14 2.499406303278520750e-14 9.183970023132888525e-15 1.359098273720944703e-11 6.489786617593010021e-12 3.970864382024003370e-12 0.000000000000000000e+00 0.000000000000000000e+00
0.000000000000000000e+00 0.000000000000000000e+00 0.000000000000000000e+00 0.000000000000000000e+00 0.000000000000000000e+00 0.000000000000000000e+00 3.896488238926558474e-12 2.272331185780699595e-12 1.369630383166542249e-12 1.059280408013810325e-12 2.734788994660146997e-12 5.396310962261643348e-12 2.657652736909201247e-12 1.689650899917591010e-12 7.894416764260359240e-13 1.778329205552352413e-10 7.413798353712315939e-12 4.073173077849852748e-12 0.000000000000000000e+00 0.000000000000000000e+00
0.000000000000000000e+00 0.000000000000000000e+00 0.000000000000000000e+00 0.000000000000000000e+00 0.000000000000000000e+00 0.000000000000000000e+00 2.559076000311613639e-14 4.247358841612618362e-14 1.137511158085172767e-14 2.894076239812073384e-14 1.932417084748410647e-15 7.989519402179064774e-15 1.675059487184760671e-14 1.307577563229336187e-14 4.560460427711412629e-15 1.085220967898063290e-14 9.927356823856817011e-12 1.006058083158248729e-03 0.000000000000000000e+00 0.000000000000000000e+00
0.000000000000000000e+00 0.000000000000000000e+00 0.000000000000000000e+00 0.000000000000000000e+00 0.000000000000000000e+00 0.000000000000000000e+00 3.209774623571992991e-15 2.513969095918595816e-14 6.701371681127848598e-15 2.970909065130394134e-14 -8.863227263019282243e-16 1.761660074264271697e-14 2.163380286340376924e-14 1.291178444648497241e-14 4.279372626033799335e-15 1.048055766353109334e-14 4.025675222573485967e-11 2.901262163370847702e+02 0.000000000000000000e+00 0.000000000000000000e+00
0.000000000000000000e+00 0.000000000000000000e+00 0.000000000000000000e+00 0.000000000000000000e+00 0.000000000000000000e+00 0.000000000000000000e+00 -3.535314527524069014e-11 4.860258408746643115e-11 -5.997844912697940914e-11 1.862118195365841461e-11 -4.451679581364407632e-12 4.782221516958823649e-12 3.630468496640740289e-12 -1.093276160243405819e-12 4.582073697697879260e-14 1.664324395289668556e-13 1.633930903674003067e-12 -1.226921545526981935e-12 0.000000000000000000e+00 0.000000000000000000e+00
0.000000000000000000e+00 0.000000000000000000e+00 0.000000000000000000e+00 0.000000000000000000e+00 0.000000000000000000e+00 0.000000000000000000e+00 1.361974389655111054e-11 -6.684376074149824407e-11 -7.598989871488581994e-12 -4.510117460045297933e-13 1.349551001371590312e-11 4.723363997385235299e-12 -1.487537773534820866e-12 -2.773537701582996600e-13 -1.355620876799015579e-13 1.001841775809132399e-12 1.521342650557222438e-12 -1.172440727800778639e-12 0.000000000000000000e+00 0.000000000000000000e+00
0.000000000000000000e+00 0.000000000000000000e+00 0.000000000000000000e+00 0.000000000000000000e+00 0.000000000000000000e+00 0.000000000000000000e+00 -8.069379158054913157e-11 1.559391407951396951e-10 -1.111318764225740101e-10 4.030276176780252179e-11 -2.914447680818505717e-11 1.217284987484254781e-11 1.651787750636182434e-11 -4.780020228902601569e-12 -1.089043070892463952e-12 -6.875061287791715185e-12 1.677725157118541251e-12 -1.144124581028245717e-12 0.000000000000000000e+00 0.000000000000000000e+00
0.000000000000000000e+00 0.000000000000000000e+00 0.000000000000000000e+00 0.000000000000000000e+00 0.000000000000000000e+00 0.000000000000000000e+00 1.186151145190172866e-11 -2.134689421099905911e-11 -1.138637780373486843e-12 3.366101853315175734e-12 4.748204982206542038e-12 1.796373498700288574e-12 -1.479770821332183558e-12 5.296897822392328754e-14 -7.242259449225817477e-14 6.304068391204767500e-15 1.340741336702603105e-13 -4.586847417359813007e-09 0.000000000000000000e+00 0.000000000000000000e+00
0.000000000000000000e+00 0.000000000000000000e+00 0.000000000000000000e+00 0.000000000000000000e+00 0.000000000000000000e+00 0.000000000000000000e+00 9.451931057700114760e-12 -1.551648415533999340e-11 -6.653184794773484416e-12 4.172324594948140182e-12 7.624469555827495763e-12 9.169951188799968452e-13 -1.388533536264639242e-12 6.738010699416053486e-14 -3.060525400479042190e-14 -4.174209923923257219e-14 -4.224214555835755720e-13 -2.030193172812469861e-04 0.000000000000000000e+00 0.000000000000000000e+00
0.000000000000000000e+00 0.000000000000000000e+00 0.000000000000000000e+00 0.000000000000000000e+00 0.000000000000000000e+00 0.000000000000000000e+00 -3.441421267411654219e-10 4.934439915824014688e-10 -7.310726228419860761e-11 -8.805796032341646805e-11 -6.597408354468370330e-11 1.468297839929575102e-11 8.928145390635521252e-12 -6.788655479096477170e-12 2.683505507755937411e-12 1.866460023278151379e-12 1.825937957452272471e-11 1.685989080733843824e-11 0.000000000000000000e+00 0.000000000000000000e+00
0.000000000000000000e+00 0.000000000000000000e+00 0.000000000000000000e+00 0.000000000000000000e+00 0.000000000000000000e+00 0.000000000000000000e+00 -2.391903031227064573e-10 -5.739755382319664799e-10 1.228333375566500668e-10 -4.438201237441378945e-12 3.251858215181650659e-11 -1.164761701816931850e-11 1.709021066491246298e-13 -5.538464180277626370e-13 1.283765919162385592e-13 -8.987836889157752363e-12 1.802492556129505864e-11 1.737346190255221615e-11 0.000000000000000000e+00 0.000000000000000000e+00
0.000000000000000000e+00 0.000000000000000000e+00 0.000000000000000000e+00 0.000000000000000000e+00 0.000000000000000000e+00 0.000000000000000000e+00 -4.448301702468020907e-10 1.493269503667893991e-09 -2.606264366064161819e-10 -1.829465993027172726e-10 -2.179221914733853189e-10 1.071890661209071782e-10 3.652325296013200525e-11 -2.483925728885956966e-11 -1.616430269506151974e-11 -6.696138541263244287e-11 2.075478245204064724e-11 1.734009792907648097e-11 0.000000000000000000e+00 0.000000000000000000e+00
0.000000000000000000e+00 0.000000000000000000e+00 0.000000000000000000e+00 0.000000000000000000e+00 0.000000000000000000e+00 0.000000000000000000e+00 -1.608606508238732096e-10 -2.900610038551331863e-10 8.994813441147090701e-11 -3.273844286487375999e-11 4.882640632201803010e-12 -1.465108811489855079e-11 -1.231722576171469701e-12 -1.233217057109534145e-12 6.390789456350743736e-13 6.600858355941333462e-13 1.228509195489341070e-11 -6.597032209879940977e-08 0.000000000000000000e+00 0.000000000000000000e+00
0.000000000000000000e+00 0.000000000000000000e+00 0.000000000000000000e+00 0.000000000000000000e+00 0.000000000000000000e+00 0.000000000000000000e+00 -1.621846630569636501e-10 -2.700985241073367439e-10 6.410746563678601063e-11 -4.784970387806481341e-11 8.520590049291445262e-12 -1.607027687199243740e-11 1.187813891917640443e-12 -3.769798226190205603e-12 1.088056769491558143e-13 -3.748173867540631939e-13 -5.351375327537192646e-12 -2.320835820735573513e-03 0.000000000000000000e+00 0.000000000000000000e+00
0.000000000000000000e+00 0.000000000000000000e+00 0.000000000000000000e+00 0.000000000000000000e+00 0.000000000000000000e+00 0.000000000000000000e+00 3.933483333890455614e-11 -7.851503806423506175e-12 -9.169876998559824416e-12 -5.270149233168129529e-12 3.856706516595700831e-12 -1.241846681691779462e-11 4.349216905941096460e-12 -4.098259158898107826e-13 -3.757005350489467269e-13 -1.153750699277511864e-12 -5.711163964775754424e-11 -9.987116643514631347e-09 0.000000000000000000e+00 0.000000000000000000e+00
0.000000000000000000e+00 0.000000000000000000e+00 0.000000000000000000e+00 0.000000000000000000e+00 0.000000000000000000e+00 0.000000000000000000e+00 1.403467116860063986e-11 9.147755305492812060e-11 -4.492375119529950637e-12 -9.753705314533064308e-12 5.017675098752914075e-11 -1.367909750985423083e-11 1.792175398571159465e-11 -4.366561238565862844e-12 1.139411571342313747e-12 9.195440976272205914e-08 -2.230741562892741011e-11 -9.827320922539764081e-09 0.000000000000000000e+00 0.000000000000000000e+00
0.000000000000000000e+00 0.000000000000000000e+00 0.000000000000000000e+00 0.000000000000000000e+00 0.000000000000000000e+00 0.000000000000000000e+00 1.967017875775851513e-10 -3.728820018876775596e-11 -1.242264686360611334e-11 -1.541610830383557759e-11 5.504852967164280197e-11 -3.137660623247773270e-11 -1.969908892645662347e-11 -2.610690354784660107e-12 1.286180368358660942e-11 1.920382499627462493e-08 -8.011804828706002404e-12 -9.748781844937342893e-09 0.000000000000000000e+00 0.000000000000000000e+00
0.000000000000000000e+00 0.000000000000000000e+00 0.000000000000000000e+00 0.000000000000000000e+00 0.000000000000000000e+00 0.000000000000000000e+00 -3.845576133689215319e-12 2.857513143687071352e-11 -9.037076548507752572e-12 -2.578523490649704042e-12 1.176793541367677450e-11 -1.815757480570343061e-11 1.165405896550793398e-11 -3.717205444681778233e-12 -1.295596482087622194e-12 -9.296519677329324719e-13 -2.541795539408616771e-09 -1.758045063471941338e-02 0.000000000000000000e+00 0.000000000000000000e+00
0.000000000000000000e+00 0.000000000000000000e+00 0.000000000000000000e+00 0.000000000000000000e+00 0.000000000000000000e+00 0.000000000000000000e+00 8.781578221448805400e-12 1.925389368893566785e-11 -6.087951567388889268e-12 -3.876727637496199261e-13 5.443078582193570797e-12 -2.280352640487399840e-11 1.327721928575050436e-11 -2.074618740743121108e-12 -5.646118600865036826e-13 1.052710221464351164e-12 -2.609775022369256663e-08 -2.444543161679319763e+10 0.000000000000000000e+00 0.000000000000000000e+00
0.000000000000000000e+00 0.000000000000000000e+00 0.000000000000000000e+00 0.000000000000000000e+00 0.000000000000000000e+00 0.000000000000000000e+00 1.687499675415561027e-10 1.056321385062850393e-10 4.048021802413589133e-11 9.326146623817614249e-12 9.544350786367962810e-12 6.122620286100153304e-12 4.607348149405077703e-12 2.182044586326662560e-12 1.437285513437978449e-12 5.704548439312962878e-12 1.721500520275430197e-10 1.516142678719682863e-09 0.000000000000000000e+00 0.000000000000000000e+00
0.000000000000000000e+00 0.000000000000000000e+00 0.000000000000000000e+00 0.000000000000000000e+00 0.000000000000000000e+00 0.000000000000000000e+00 2.745589709120988253e-11 1.494590495060042043e-11 1.607213501489446024e-11 -3.026810670030818786e-13 4.771950259642831960e-12 1.005192870257063704e-11 4.857213679508613926e-12 2.469431810454962489e-12 2.028691254983306612e-12 -2.571080318049720655e-09 1.700998453917783746e-10 1.507486498277868956e-09 0.000000000000000000e+00 0.000000000000000000e+00
0.000000000000000000e+00 0.000000000000000000e+00 0.000000000000000000e+00 0.000000000000000000e+00 0.000000000000000000e+00 0.000000000000000000e+00 5.977060493105263262e-10 3.496171393464432090e-10 1.207043316801871085e-10 6.400731340341409808e-11 6.514450702211825841e-11 6.154372660639927681e-11 3.847847836830279408e-11 2.181295305974223317e-11 1.055240420262276369e-11 -1.214309212743537352e-09 1.895711377187253191e-10 1.526737197554106317e-09 0.000000000000000000e+00 0.000000000000000000e+00
0.000000000000000000e+00 0.000000000000000000e+00 0.000000000000000000e+00 0.000000000000000000e+00 0.000000000000000000e+00 0.000000000000000000e+00 5.288387162218670769e-12 8.349087529494519488e-12 6.722166442775406744e-12 1.836344089589228981e-12 8.312848787645002350e-13 3.577780915272594959e-12 3.772058458461176665e-12 2.038825839109297378e-12 1.369624382449417825e-12 3.615402097798540916e-12 1.647040933283768829e-09 1.930644836339592829e-02 0.000000000000000000e+00 0.000000000000000000e+00
0.000000000000000000e+00 0.000000000000000000e+00 0.000000000000000000e+00 0.000000000000000000e+00 0.000000000000000000e+00 0.000000000000000000e+00 6.039111177946896337e-12 1.179100233176170216e-11 7.357608319907361616e-12 1.063534888381082665e-12 1.847040651724671320e-12 5.885177131169412425e-12 3.052904785215621573e-12 1.691224768837216526e-12 1.086512288442088934e-12 4.087672593872494394e-12 6.184083484017821173e-09 -3.800540301589965820e+05 0.000000000000000000e+00 0.000000000000000000e+00
0.000000000000000000e+00 0.000000000000000000e+00 0.000000000000000000e+00 0.000000000000000000e+00 0.000000000000000000e+00 0.000000000000000000e+00 -8.581304004964899713e-10 2.400955833174469159e-10 -8.537097164570702882e-10 4.195746233583017009e-11 5.373001341319817672e-11 1.182395143267952535e-11 1.318472650237520198e-11 -7.779907140182034262e-12 -3.876786863825707070e-12 1.152336600836829274e-11 2.484684083252709927e-11 4.155429427400221125e-13 0.000000000000000000e+00 0.000000000000000000e+00
0.000000000000000000e+00 0.000000000000000000e+00 0.000000000000000000e+00 0.000000000000000000e+00 0.000000000000000000e+00 0.000000000000000000e+00 5.610323595571324687e-11 1.206247751724253389e-09 -6.888970186178729416e-10 -5.503403505902410508e-11 -8.433698679927661304e-11 2.182570211067032717e-11 6.408756248267245987e-11 6.822436916135358215e-12 -5.454267107153440857e-12 -6.696500723139040810e-11 1.901296792228184970e-11 1.496308066660896201e-13 0.000000000000000000e+00 0.000000000000000000e+00
0.000000000000000000e+00 0.000000000000000000e+00 0.000000000000000000e+00 0.000000000000000000e+00 0.000000000000000000e+00 0.000000000000000000e+00 -1.718928901941268654e-09 -6.726565162741692843e-10 -1.024144371184556106e-09 1.310493788592184991e-10 1.651728580877571602e-10 5.040552620764584307e-11 -5.050654808807987139e-11 -4.407319907767319765e-11 -1.983557455685479633e-11 3.034676318835883163e-11 2.019704413816580497e-11 6.250059414343629925e-14 0.000000000000000000e+00 0.000000000000000000e+00
0.000000000000000000e+00 0.000000000000000000e+00 0.000000000000000000e+00 0.000000000000000000e+00 0.000000000000000000e+00 0.000000000000000000e+00 -4.843172461773739682e-11 7.172782075587495268e-10 -3.987511787108829356e-10 -8.728671087663000328e-11 4.090734727822138241e-11 9.877912384549763034e-12 4.364571350227420044e-11 6.843599218112686614e-12 -2.710486568454386665e-12 1.616630363017544610e-12 3.182362074621416002e-12 3.713535048321288784e-08 0.000000000000000000e+00 0.000000000000000000e+00
0.000000000000000000e+00 0.000000000000000000e+00 0.000000000000000000e+00 0.000000000000000000e+00 0.000000000000000000e+00 0.000000000000000000e+00 2.610840703391736700e-11 6.197920061317644634e-10 -4.392446664600231258e-10 -8.927657984321456227e-11 8.364730275080913006e-11 2.010679880536895715e-11 4.045504506905634395e-11 1.477572837421854410e-12 -1.811150518740836298e-12 -3.353684827763925327e-13 -5.425222845453717499e-11 -1.043541028027108325e-02 0.000000000000000000e+00 0.000000000000000000e+00
0.000000000000000000e+00 0.000000000000000000e+00 0.000000000000000000e+00 0.000000000000000000e+00 0.000000000000000000e+00 0.000000000000000000e+00 -3.103181555961410550e-09 7.604159587791928587e-09 -5.167952857903419176e-10 -5.766179008945875325e-10 8.873580395730512750e-11 -9.249794133388671507e-12 -3.583612309165917312e-11 -2.587175619009607226e-11 -1.727770450277920241e-12 8.016550123249347073e-11 1.536558498966521167e-10 7.484897415182034934e-11 0.000000000000000000e+00 0.000000000000000000e+00
0.000000000000000000e+00 0.000000000000000000e+00 0.000000000000000000e+00 0.000000000000000000e+00 0.000000000000000000e+00 0.000000000000000000e+00 -5.103481587996063242e-10 4.707291209834504733e-09 -3.558129475533527187e-10 -9.712721074957402545e-10 9.755944953080739113e-11 2.221764790887445812e-10 1.932760385270372138e-11 -2.094695807786441209e-11 -1.204130868459301042e-11 -2.933580714637088048e-10 1.083503463808317814e-10 6.809238620702821302e-11 0.000000000000000000e+00 0.000000000000000000e+00
0.000000000000000000e+00 0.000000000000000000e+00 0.000000000000000000e+00 0.000000000000000000e+00 0.000000000000000000e+00 0.000000000000000000e+00 -5.586494558867816239e-09 1.031183212475684013e-08 -7.825363803495599843e-10 -7.320180512862180002e-10 1.930366230111460346e-10 -6.201087584059003298e-10 1.223640393647727592e-10 -6.836248651264299789e-11 -1.859845323225741687e-10 3.477328003682459307e-10 1.043240122278201172e-10 6.629943212220850531e-11 0.000000000000000000e+00 0.000000000000000000e+00
0.000000000000000000e+00 0.000000000000000000e+00 0.000000000000000000e+00 0.000000000000000000e+00 0.000000000000000000e+00 0.000000000000000000e+00 -8.581996550582842910e-10 3.403227273972580057e-09 1.475220510748318696e-11 -3.655515205514526141e-10 2.332836916529806529e-10 2.655221375689123012e-10 -1.772567450134199766e-11 -1.502956866529401071e-11 -5.048511395971660167e-12 -1.428936621615807253e-11 5.442103512723854474e-11 3.056076505431544183e-07 0.000000000000000000e+00 0.000000000000000000e+00
0.000000000000000000e+00 0.000000000000000000e+00 0.000000000000000000e+00 0.000000000000000000e+00 0.000000000000000000e+00 0.000000000000000000e+00 -4.937346866928222227e-10 3.046852193159116201e-09 2.117387060419674736e-10 -1.688900033432441847e-10 1.675345263469007862e-10 1.621884272692369635e-10 1.514025169412431195e-11 1.002627368025539342e-11 -1.011202661485601005e-11 1.764864626015209488e-11 1.197839466422488920e-10 3.183216720396357946e-01 0.000000000000000000e+00 0.000000000000000000e+00
0.000000000000000000e+00 0.000000000000000000e+00 0.000000000000000000e+00 0.000000000000000000e+00 0.000000000000000000e+00 0.000000000000000000e+00 6.582698595482333588e-11 -8.116232688063490355e-11 1.402880533027481768e-10 -2.786472302632017679e-10 1.576621996656580474e-10 -1.325364943926731259e-10 -1.756210575189156915e-11 -7.501669549357920301e-11 3.445219102451080852e-11 -1.099807637366177147e-11 -1.327474333976009074e-09 -1.801399323710205366e-07 0.000000000000000000e+00 0.000000000000000000e+00
0.000000000000000000e+00 0.000000000000000000e+00 0.000000000000000000e+00 0.000000000000000000e+00 0.000000000000000000e+00 0.000000000000000000e+00 -1.781482472109808189e-10 9.883970602451855903e-10 1.024842888171072828e-10 -1.472203883937250737e-10 -1.799968874129854998e-10 -2.394799766866385638e-10 -1.106820985231004717e-10 -8.528191819150673318e-11 -1.361610000930276368e-11 -3.438112428690602836e-06 -1.383110545608222432e-09 -1.776471855600271210e-07 0.000000000000000000e+00 0.000000000000000000e+00
0.000000000000000000e+00 0.000000000000000000e+00 0.000000000000000000e+00 0.000000000000000000e+00 0.000000000000000000e+00 0.000000000000000000e+00 9.249439029494532140e-10 -3.674105297169425522e-11 -5.321830454371460686e-10 5.405657077507851168e-10 4.520946306377759335e-10 -1.630418329624138483e-10 -1.972709437412291435e-10 -1.162058530301524093e-10 1.076405719373611116e-10 5.912483392222807818e-07 -1.835252735208050947e-09 -1.773816060817953974e-07 0.000000000000000000e+00 0.000000000000000000e+00
0.000000000000000000e+00 0.000000000000000000e+00 0.000000000000000000e+00 0.000000000000000000e+00 0.000000000000000000e+00 0.000000000000000000e+00 -5.479797551476469296e-10 3.364010642843366518e-12 3.728587628672064752e-10 -2.632089162298615847e-10 7.059346051505206613e-11 -1.543001664322745636e-10 -1.012612521948716484e-10 -7.089086889788829291e-11 3.088388274247993448e-11 7.300459229571427521e-12 -3.917168110690618807e-08 -6.986824958674843877e+00 0.000000000000000000e+00 0.000000000000000000e+00
0.000000000000000000e+00 0.000000000000000000e+00 0.000000000000000000e+00 0.000000000000000000e+00 0.000000000000000000e+00 0.000000000000000000e+00 -3.219144972467909718e-10 1.980215703885916867e-10 4.112267713255278974e-10 -2.858508398722271368e-10 4.951606173434119671e-11 -1.838119572328066441e-10 -5.530682408443008227e-11 -3.020752159790163890e-11 1.715213418873348455e-11 -5.116045947257017188e-11 -2.744742977503995825e-07 -4.017665233872350464e+11 0.000000000000000000e+00 0.000000000000000000e+00
0.000000000000000000e+00 0.000000000000000000e+00 0.000000000000000000e+00 0.000000000000000000e+00 0.000000000000000000e+00 0.000000000000000000e+00 4.428701701124210824e-11 8.764657413934334874e-12 1.133970151279990780e-11 8.485495512897463492e-12 7.298445228512182967e-12 6.721768244656298681e-12 5.891698080781758754e-12 3.258994497869690645e-12 9.802847588234922306e-13 1.221145949602918073e-11 1.342371031983129149e-10 7.511704139983371042e-11 0.000000000000000000e+00 0.000000000000000000e+00
0.000000000000000000e+00 0.000000000000000000e+00 0.000000000000000000e+00 0.000000000000000000e+00 0.000000000000000000e+00 0.000000000000000000e+00 1.538430065723004218e-12 2.711712170879674436e-12 -9.639435928133224492e-13 1.293526796797761517e-12 2.538436168866989355e-12 2.182752995112791848e-12 2.298224437206558902e-12 1.409946315317944598e-12 2.116444262195077976e-12 2.097696338025081613e-09 1.220048958592427862e-10 5.640704499797731964e-11 0.000000000000000000e+00 0.000000000000000000e+00
0.000000000000000000e+00 0.000000000000000000e+00 0.000000000000000000e+00 0.000000000000000000e+00 0.000000000000000000e+00 0.000000000000000000e+00 1.533869376232827457e-10 4.365144581980373154e-11 4.750442706229819710e-11 4.399823271278385096e-11 6.579224165416881551e-11 9.625859815022868228e-11 5.405888534405707225e-11 4.099392301857555718e-11 2.674757313595833879e-11 1.492268938166313060e-08 1.366248639284220508e-10 5.964355851876576461e-11 0.000000000000000000e+00 0.000000000000000000e+00
0.000000000000000000e+00 0.000000000000000000e+00 0.000000000000000000e+00 0.000000000000000000e+00 0.000000000000000000e+00 0.000000000000000000e+00 8.513374289716812694e-13 8.228096719910723799e-13 4.729124132136175907e-13 3.161740693212606860e-13 1.136567821904923024e-12 1.524518942079511627e-12 1.896802792212264731e-12 1.264249880573514612e-12 6.604412391324012242e-13 3.038268479618855842e-12 4.206164443329122595e-10 4.891268114558634111e-03 0.000000000000000000e+00 0.000000000000000000e+00
0.000000000000000000e+00 0.000000000000000000e+00 0.000000000000000000e+00 0.000000000000000000e+00 0.000000000000000000e+00 0.000000000000000000e+00 5.952678929275558273e-13 1.366396547570208388e-12 7.872626497540086177e-14 1.010768789788130865e-13 8.364599669458896342e-13 1.086335368727918504e-12 1.399039161727065538e-12 9.794972585321067421e-13 5.181622118804182450e-13 1.065964924740369139e-12 1.572340900222632610e-09 -2.438421331882476807e+04 0.000000000000000000e+00 0.000000000000000000e+00
0.000000000000000000e+00 0.000000000000000000e+00 0.000000000000000000e+00 0.000000000000000000e+00 0.000000000000000000e+00 0.000000000000000000e+00 -4.992186475574904813e-10 -7.035731666570930067e-11 -1.051740613810480602e-10 -2.414470969996036788e-10 -1.190111886236812042e-10 -3.582460129949464655e-11 -2.280770092052549570e-11 -2.698011796194262242e-11 -2.639220423539541926e-12 1.653222203649759642e-11 4.237744951815562353e-11 6.032818111651430081e-12 0.000000000000000000e+00 0.000000000000000000e+00
0.000000000000000000e+00 0.000000000000000000e+00 0.000000000000000000e+00 0.000000000000000000e+00 0.000000000000000000e+00 0.000000000000000000e+00 1.661732688657194283e-10 -8.975427017042562084e-11 -1.132077850413832097e-10 4.151249540885066457e-11 6.813018992885593522e-11 -2.594284256803697215e-12 -8.844867092124221533e-12 -9.115927241974681924e-12 -9.276331130599457145e-12 -1.045909490204162192e-11 3.639809168082308273e-11 6.508872818836326600e-12 0.000000000000000000e+00 0.000000000000000000e+00
0.000000000000000000e+00 0.000000000000000000e+00 0.000000000000000000e+00 0.000000000000000000e+00 0.000000000000000000e+00 0.000000000000000000e+00 -1.116651727228361702e-09 -5.382304122217619435e-11 -8.933267152022510651e-11 -5.760250705658006228e-10 -4.186383962226617629e-10 -1.122581334035786002e-10 -7.121042582844230721e-11 -8.164865112606925342e-11 -4.671812753681494902e-11 4.532564155717771719e-11 4.044269625433158498e-11 6.581230086983098015e-12 0.000000000000000000e+00 0.000000000000000000e+00
0.000000000000000000e+00 0.000000000000000000e+00 0.000000000000000000e+00 0.000000000000000000e+00 0.000000000000000000e+00 0.000000000000000000e+00 -2.178453054814073243e-12 -9.802051521359293107e-11 -2.202948054407871752e-11 -1.417958809627209679e-11 1.987087877810721909e-11 -1.857239094003470871e-11 -5.423813520786338834e-12 -1.213221009108699856e-11 -2.988084581223978087e-12 3.078962118056631856e-12 7.117715263665449197e-12 1.243003010706370632e-08 0.000000000000000000e+00 0.000000000000000000e+00
0.000000000000000000e+00 0.000000000000000000e+00 0.000000000000000000e+00 0.000000000000000000e+00 0.000000000000000000e+00 0.000000000000000000e+00 2.962923678070772882e-11 -8.201387215728279277e-11 -4.656900485369975871e-11 -4.581879115104800386e-12 8.834477719093149325e-12 -1.483497955024952704e-12 -6.371816834942180233e-12 -9.230063959148100395e-12 -8.815923939343982195e-13 1.930861788455796834e-13 3.097563154921592269e-11 -7.022333532102342617e-03 0.000000000000000000e+00 0.000000000000000000e+00
0.000000000000000000e+00 0.000000000000000000e+00 0.000000000000000000e+00 0.000000000000000000e+00 0.000000000000000000e+00 0.000000000000000000e+00 -8.015288378029045072e-10 1.426897670166317965e-09 -1.637783325859825016e-09 -1.211981957993638301e-09 -3.233574778542522883e-10 -2.711507392991874362e-10 -9.083257971160348052e-11 -1.169115433501638698e-11 1.583902866824746885e-11 -1.232023426985401040e-11 3.197248948380214897e-11 1.140955262102947099e-10 0.000000000000000000e+00 0.000000000000000000e+00
0.000000000000000000e+00 0.000000000000000000e+00 0.000000000000000000e+00 0.000000000000000000e+00 0.000000000000000000e+00 0.000000000000000000e+00 1.873648853032003324e-09 -1.512828103941913338e-09 -9.555346040524071683e-10 8.954331694180621392e-10 -1.552962123467935140e-10 -2.910498744724894299e-13 -3.870826277779652083e-11 2.162432750358115485e-11 1.103305274028018604e-11 1.029723251413061126e-11 2.748591771257442401e-11 1.090440853995653605e-10 0.000000000000000000e+00 0.000000000000000000e+00
0.000000000000000000e+00 0.000000000000000000e+00 0.000000000000000000e+00 0.000000000000000000e+00 0.000000000000000000e+00 0.000000000000000000e+00 -3.293201206975852056e-09 4.193956565475809345e-09 -2.333380423722912742e-09 -3.628302663979660879e-09 -7.670682754064863627e-10 -8.351485313370491820e-10 -2.361878912732835089e-10 -7.912367260109423164e-11 -3.716419540835921028e-12 1.587802744446450864e-11 2.927449347949202005e-11 1.042030393847613713e-10 0.000000000000000000e+00 0.000000000000000000e+00
0.000000000000000000e+00 0.000000000000000000e+00 0.000000000000000000e+00 0.000000000000000000e+00 0.000000000000000000e+00 0.000000000000000000e+00 7.233262079621205110e-10 -8.759555087689682005e-10 -8.269273581552129919e-10 3.678271719413002204e-10 1.062356898678185249e-11 -1.045073512493686775e-10 -1.253413281429364749e-11 5.547813452142630368e-12 1.383294222342901145e-11 4.194354027584237539e-12 1.075698824665653886e-10 -6.210960430945281777e-08 0.000000000000000000e+00 0.000000000000000000e+00
0.000000000000000000e+00 0.000000000000000000e+00 0.000000000000000000e+00 0.000000000000000000e+00 0.000000000000000000e+00 0.000000000000000000e+00 1.043484471569564104e-09 -1.040999972836912581e-09 -8.839822196485948017e-10 3.562868371596310930e-10 -5.637892374418450427e-11 -6.683821663114503994e-11 -2.191419691210899146e-11 1.064553102445658875e-11 1.160133937046076638e-11 -1.186997597285216574e-12 3.654324552261578749e-10 -9.069656378915486039e-02 0.000000000000000000e+00 0.000000000000000000e+00
0.000000000000000000e+00 0.000000000000000000e+00 0.000000000000000000e+00 0.000000000000000000e+00 0.000000000000000000e+00 0.000000000000000000e+00 -8.068727124193473183e-11 9.426719763246471845e-11 -2.305025705215474924e-11 -6.291226319259371579e-11 -7.048282935551410724e-11 -7.066352101561846401e-11 -6.000524009819355078e-11 1.168436038700186352e-11 1.593194453419292087e-11 -8.732137655648829172e-12 -4.960008261054291757e-10 8.121604417243705984e-09 0.000000000000000000e+00 0.000000000000000000e+00
0.000000000000000000e+00 0.000000000000000000e+00 0.000000000000000000e+00 0.000000000000000000e+00 0.000000000000000000e+00 0.000000000000000000e+00 -6.380703071032404667e-11 1.044467017496047719e-10 -1.066435257905315019e-10 -1.673808968455364175e-10 -5.296015583592131975e-12 -1.427782849275153090e-10 -1.049758112999924951e-10 -2.539506037636929739e-11 9.757464342919975742e-12 -5.146198100527238147e-08 -5.041251449481821789e-10 8.263905521061499117e-09 0.000000000000000000e+00 0.000000000000000000e+00
0.000000000000000000e+00 0.000000000000000000e+00 0.000000000000000000e+00 0.000000000000000000e+00 0.000000000000000000e+00 0.000000000000000000e+00 -3.885121769724219996e-10 4.379788683383055115e-11 -7.134611048834620606e-11 -1.457841820278840097e-10 -5.804162037495118649e-11 -4.063091691055860854e-10 -2.925116109439495688e-11 5.619265432685059867e-11 5.995978590372907376e-11 -7.695896855722686398e-06 -5.657500257572121376e-10 8.605175207140730497e-09 0.000000000000000000e+00 0.000000000000000000e+00
0.000000000000000000e+00 0.000000000000000000e+00 0.000000000000000000e+00 0.000000000000000000e+00 0.000000000000000000e+00 0.000000000000000000e+00 2.712613331511774054e-10 5.333000420433301192e-11 -3.947032048109593868e-11 -1.555638704105321695e-10 -3.691579308292297089e-11 -1.049271689571377824e-10 -7.699958782712475823e-11 -1.993461539230125990e-11 1.095570914612697870e-11 -3.435084481023429154e-11 -9.024412994302243858e-09 -1.525154946816368540e+00 0.000000000000000000e+00 0.000000000000000000e+00
0.000000000000000000e+00 0.000000000000000000e+00 0.000000000000000000e+00 0.000000000000000000e+00 0.000000000000000000e+00 0.000000000000000000e+00 1.468060587487046896e-10 4.463936207353705488e-11 -2.823484944347148215e-11 -1.510310503239503907e-10 -5.275191385003822816e-11 -7.547398864279582476e-11 -1.117324715916130382e-10 -3.133894901277655994e-11 2.277421370612910326e-11 5.562832967285495157e-11 -9.833762732162460439e-08 -6.341048793641202545e+10 0.000000000000000000e+00 0.000000000000000000e+00
0.000000000000000000e+00 0.000000000000000000e+00 0.000000000000000000e+00 0.000000000000000000e+00 0.000000000000000000e+00 0.000000000000000000e+00 1.155932608879559177e-11 3.489021216202890879e-12 3.381758863403153669e-12 9.448306186417785606e-13 4.374287462178670708e-13 5.948293207926197425e-13 5.036881868181396440e-13 3.314181738254661060e-13 1.736498708001498788e-13 6.363724549642182660e-13 1.264434207817748609e-11 9.841485052384828059e-11 0.000000000000000000e+00 0.000000000000000000e+00
0.000000000000000000e+00 0.000000000000000000e+00 0.000000000000000000e+00 0.000000000000000000e+00 0.000000000000000000e+00 0.000000000000000000e+00 1.328852693039112255e-12 2.999650402693621047e-12 1.875884982061232877e-12 8.494897500262057374e-13 -2.803018416543657680e-14 6.683866449425000265e-13 4.248721715219866662e-13 3.423732440752852808e-13 2.104397398208802900e-13 -2.584872427632178392e-11 1.148226928018511795e-11 9.710427317287396004e-11 0.000000000000000000e+00 0.000000000000000000e+00
0.000000000000000000e+00 0.000000000000000000e+00 0.000000000000000000e+00 0.000000000000000000e+00 0.000000000000000000e+00 0.000000000000000000e+00 5.543964399931758177e-11 1.918244745431758014e-11 8.791827015781904110e-12 4.677803611243724479e-12 4.856586276871859117e-12 5.764056882792451519e-12 2.492307467967416320e-12 2.063412591153443376e-12 1.130946466207676062e-12 -7.517335642830644763e-10 1.197555395061331005e-11 9.698492795191822582e-11 0.000000000000000000e+00 0.000000000000000000e+00
0.000000000000000000e+00 0.000000000000000000e+00 0.000000000000000000e+00 0.000000000000000000e+00 0.000000000000000000e+00 0.000000000000000000e+00 -1.040287510544910943e-13 7.379440833633282416e-13 9.950543280521833274e-13 1.720944342572917161e-13 -6.324851664184651268e-14 3.347225624838912599e-13 4.277548226014357559e-13 3.197779386541521208e-13 1.594512358137289091e-13 3.832951799967648644e-13 1.424270576082321021e-10 5.434297376382905137e-04 0.000000000000000000e+00 0.000000000000000000e+00
0.000000000000000000e+00 0.000000000000000000e+00 0.000000000000000000e+00 0.000000000000000000e+00 0.000000000000000000e+00 0.000000000000000000e+00 2.451040424418926691e-13 1.321355186018913307e-12 7.669202871956320597e-13 2.563754547152101623e-13 2.274565840850740732e-14 4.528883322072860132e-13 4.587976554215447740e-13 3.539965394964463786e-13 1.479637721291778640e-13 3.520306760633948515e-13 5.414399532079206991e-10 -2.935508283936977386e+04 0.000000000000000000e+00 0.000000000000000000e+00
0.000000000000000000e+00 0.000000000000000000e+00 0.000000000000000000e+00 0.000000000000000000e+00 0.000000000000000000e+00 0.000000000000000000e+00 -1.817158465606779730e-10 2.691786057156212293e-10 -1.665692739457135911e-10 5.151165430743860279e-11 -3.712737972520973301e-11 -1.747060990300527516e-11 5.182639703066884855e-12 -1.602968526189721739e-12 -6.478256614569072716e-14 2.060432300700950802e-12 5.176192604456969771e-12 -4.132515286555093523e-12 0.000000000000000000e+00 0.000000000000000000e+00
0.000000000000000000e+00 0.000000000000000000e+00 0.000000000000000000e+00 0.000000000000000000e+00 0.000000000000000000e+00 0.000000000000000000e+00 1.848564648386681314e-10 2.595605337603499999e-10 -1.231410521386955582e-10 1.166060807810088487e-11 -4.823699123458113966e-11 -1.847386614248409733e-11 9.010360301827818092e-12 -1.331421406927776970e-12 9.087680335367845174e-15 -1.014384274619489632e-13 4.322825003212640263e-12 -3.900639980736896813e-12 0.000000000000000000e+00 0.000000000000000000e+00
0.000000000000000000e+00 0.000000000000000000e+00 0.000000000000000000e+00 0.000000000000000000e+00 0.000000000000000000e+00 0.000000000000000000e+00 -5.222673381018977410e-10 2.827953769971841823e-10 -2.187970474929770960e-10 9.866542267567914940e-11 -2.951256079077013300e-11 -3.023466847540619372e-11 -7.810203431761671938e-12 -7.116900566998377019e-12 -6.716918570614476209e-12 2.455611825870738980e-12 4.798405381064414181e-12 -3.948238781533537208e-12 0.000000000000000000e+00 0.000000000000000000e+00
0.000000000000000000e+00 0.000000000000000000e+00 0.000000000000000000e+00 0.000000000000000000e+00 0.000000000000000000e+00 0.000000000000000000e+00 2.420381985697635815e-11 1.571542513951911208e-10 -7.069005176909937687e-11 1.634944207975423253e-11 -2.318884953010853844e-11 -1.250823388985789705e-11 9.222764658177722036e-12 -5.504900547828511360e-13 1.843023071328814886e-13 2.346031834693670321e-13 -3.106782373139572528e-13 1.207002431843712729e-09 0.000000000000000000e+00 0.000000000000000000e+00
0.000000000000000000e+00 0.000000000000000000e+00 0.000000000000000000e+00 0.000000000000000000e+00 0.000000000000000000e+00 0.000000000000000000e+00 7.515324889340716863e-11 1.528945298035602361e-10 -8.489463436669382168e-11 2.415338648043655039e-11 -3.372913051290633266e-11 -1.444072483450373962e-11 9.737673571336401407e-12 -1.438232205403524413e-13 -8.912586576451167553e-13 3.302125993400147328e-13 -2.792652207347978544e-12 -1.632226274012230950e-03 0.000000000000000000e+00 0.000000000000000000e+00
0.000000000000000000e+00 0.000000000000000000e+00 0.000000000000000000e+00 0.000000000000000000e+00 0.000000000000000000e+00 0.000000000000000000e+00 -5.587321309833215717e-10 2.178367139036878741e-09 -3.496330413401741524e-10 -2.594914398926596715e-10 9.327971811745107018e-11 -4.061067673036461979e-11 4.469958250787163114e-11 -2.088654541248801787e-11 -4.178955990396099783e-12 5.270947389854205681e-12 6.747165185097846362e-12 6.103237070233092709e-11 0.000000000000000000e+00 0.000000000000000000e+00
0.000000000000000000e+00 0.000000000000000000e+00 0.000000000000000000e+00 0.000000000000000000e+00 0.000000000000000000e+00 0.000000000000000000e+00 9.769342188148315801e-10 2.230145826800220371e-10 2.300962919797535565e-10 -2.237507774301555082e-10 -3.740373118733637867e-11 2.426650907484241163e-11 5.781194191907858319e-11 -2.486518976419822649e-11 -3.313900804460787844e-12 -5.841123125241209746e-11 8.867805706673999232e-12 6.261675367838783476e-11 0.000000000000000000e+00 0.000000000000000000e+00
0.000000000000000000e+00 0.000000000000000000e+00 0.000000000000000000e+00 0.000000000000000000e+00 0.000000000000000000e+00 0.000000000000000000e+00 -1.994169423201560635e-09 4.043231570613325545e-09 -9.640149730327506743e-10 -1.898669330656113131e-10 3.133933944559608472e-10 -1.871240422085217533e-10 4.794934510616847309e-11 -1.781874697481590794e-11 -1.725898907217362000e-11 2.299183814537366208e-10 8.913141527188758470e-12 6.103793042707590673e-11 0.000000000000000000e+00 0.000000000000000000e+00
0.000000000000000000e+00 0.000000000000000000e+00 0.000000000000000000e+00 0.000000000000000000e+00 0.000000000000000000e+00 0.000000000000000000e+00 2.218813593506054688e-10 3.720990508963809858e-10 1.486015675882850508e-10 -1.918416466538966530e-10 -1.183122731974652376e-11 -8.915777671205738356e-12 4.999513510703486875e-11 -2.120403752760851605e-11 -2.257641663316754634e-12 1.884235554770974525e-12 -1.978201820903213084e-11 7.202166747745314054e-08 0.000000000000000000e+00 0.000000000000000000e+00
0.000000000000000000e+00 0.000000000000000000e+00 0.000000000000000000e+00 0.000000000000000000e+00 0.000000000000000000e+00 0.000000000000000000e+00 3.451107468330144738e-10 1.528158059347165192e-10 1.425050730968950323e-10 -1.446440980580713922e-10 -2.494155081455640791e-11 1.155299601412912764e-11 2.563332663583952001e-11 -1.336628917413032048e-11 -6.516000063575308683e-12 8.186928856654828653e-12 2.291925897674400527e-10 -4.735932053542828840e-02 0.000000000000000000e+00 0.000000000000000000e+00
0.000000000000000000e+00 0.000000000000000000e+00 0.000000000000000000e+00 0.000000000000000000e+00 0.000000000000000000e+00 0.000000000000000000e+00 7.524087633239096650e-11 1.910100460157300111e-10 -4.902700741429678497e-11 4.526852434078609205e-11 4.497512413119480556e-11 6.388422477939938606e-12 -3.840946702760467362e-11 -6.071922365178732317e-12 4.073585762143869050e-12 -3.095734677016220078e-12 -2.757146470909524094e-10 -5.590824268899641636e-08 0.000000000000000000e+00 0.000000000000000000e+00
0.000000000000000000e+00 0.000000000000000000e+00 0.000000000000000000e+00 0.000000000000000000e+00 0.000000000000000000e+00 0.000000000000000000e+00 -2.163078895784210393e-11 3.864789452797445195e-10 -8.970816070285133773e-11 -1.325271198734894446e-10 1.157205535338342608e-10 1.686711307486137027e-11 -8.384780874282256355e-11 1.434160276375365016e-11 3.398005778909691584e-11 -3.202393567409018439e-07 -2.676070055694842965e-10 -5.612047029406054373e-08 0.000000000000000000e+00 0.000000000000000000e+00
0.000000000000000000e+00 0.000000000000000000e+00 0.000000000000000000e+00 0.000000000000000000e+00 0.000000000000000000e+00 0.000000000000000000e+00 -1.392663685894853761e-10 -1.996957121978634627e-10 2.033907474184352386e-10 8.495420249189309430e-11 2.609820782798096595e-11 8.227869866161041937e-11 6.326343723090546140e-11 8.642732104651759095e-11 -1.143992870793827358e-11 8.509787859295822378e-07 -3.262142429603632666e-10 -5.602779578362056813e-08 0.000000000000000000e+00 0.000000000000000000e+00
0.000000000000000000e+00 0.000000000000000000e+00 0.000000000000000000e+00 0.000000000000000000e+00 0.000000000000000000e+00 0.000000000000000000e+00 1.218620556781200136e-10 3.488171803962301030e-10 -1.039651491518988224e-10 -2.300617396690822822e-12 4.666829919538647053e-11 -8.648785378610770704e-12 -5.713580597223522228e-11 -3.264087544824842925e-12 4.975748656107208663e-12 -1.256850066495540971e-11 -8.023549187156725441e-09 -1.303074004778440376e+00 0.000000000000000000e+00 0.000000000000000000e+00
0.000000000000000000e+00 0.000000000000000000e+00 0.000000000000000000e+00 0.000000000000000000e+00 0.000000000000000000e+00 0.000000000000000000e+00 1.829942838394747946e-10 3.535517981481845993e-10 -7.557328389731435406e-11 1.286389353731816612e-11 7.777991736375351359e-11 9.190492180911782283e-12 -5.566633183739223004e-11 1.040166825019535139e-11 1.747094953075464596e-12 -2.179795427555566592e-11 -7.316088449384039662e-08 -8.288008746132118225e+10 0.000000000000000000e+00 0.000000000000000000e+00
0.000000000000000000e+00 0.000000000000000000e+00 0.000000000000000000e+00 0.000000000000000000e+00 0.000000000000000000e+00 0.000000000000000000e+00 5.725193807184806312e-08 4.121508883177178629e-08 4.964740959758837082e-08 2.979192184636245217e-08 2.722685777235938980e-08 2.777732918788183073e-08 2.721526312719757480e-08 2.848089211719056253e-08 2.896327889516763460e-08 1.090682342542003673e-07 2.355953643474716654e-07 4.739263454815784503e-07 0.000000000000000000e+00 0.000000000000000000e+00
0.000000000000000000e+00 0.000000000000000000e+00 0.000000000000000000e+00 0.000000000000000000e+00 0.000000000000000000e+00 0.000000000000000000e+00 1.170880283288000666e-08 1.864369563858181834e-08 2.006386798108422017e-08 1.518147005616528204e-08 2.292324885970238880e-08 4.799148429039923550e-08 4.178878126575770970e-08 6.380348074747489141e-08 2.159308913000047015e-07 1.719720983237281193e-03 2.633373877654112892e-07 5.195259859293907958e-07 0.000000000000000000e+00 0.000000000000000000e+00
0.000000000000000000e+00 0.000000000000000000e+00 0.000000000000000000e+00 0.000000000000000000e+00 0.000000000000000000e+00 0.000000000000000000e+00 2.046825903890020537e-07 1.585695656248356184e-07 1.449967078254840127e-07 1.459762522388656707e-07 2.168305128042770744e-07 3.076621980933023957e-07 1.177688789489934081e-07 1.421555856418249975e-07 2.772025530124438310e-07 1.333852813077919617e-03 2.408312660578663327e-07 4.928149615661264613e-07 0.000000000000000000e+00 0.000000000000000000e+00
0.000000000000000000e+00 0.000000000000000000e+00 0.000000000000000000e+00 0.000000000000000000e+00 0.000000000000000000e+00 0.000000000000000000e+00 8.709594284754002142e-09 8.412122238979308499e-09 1.537254160418710641e-08 8.179884630098171690e-09 9.460114559457431520e-09 1.972066860925265897e-08 2.809742925030704489e-08 2.642362440400152422e-08 2.900110723348784182e-08 1.533693109435854534e-07 1.280066616688144026e-06 -2.920114374510840993e-01 0.000000000000000000e+00 0.000000000000000000e+00
0.000000000000000000e+00 0.000000000000000000e+00 0.000000000000000000e+00 0.000000000000000000e+00 0.000000000000000000e+00 0.000000000000000000e+00 5.221709928735068017e-09 6.493793466217801145e-09 1.066257786696749717e-08 6.296463994908241373e-09 7.839371805750547360e-09 1.884946870464500734e-08 2.646928948850276681e-08 2.641015865191175141e-08 2.838220081102083513e-08 2.174948643017471886e-07 2.015076620150791648e-06 -1.586741848602294922e+05 0.000000000000000000e+00 0.000000000000000000e+00
0.000000000000000000e+00 0.000000000000000000e+00 0.000000000000000000e+00 0.000000000000000000e+00 0.000000000000000000e+00 0.000000000000000000e+00 7.549554059480794180e-09 5.098249873360100590e-09 -9.036197668561922975e-09 1.183969029559167966e-09 2.171662178913604679e-09 -4.430722615489614972e-10 2.521404000230044028e-10 -1.220753209494758731e-10 -7.484033323374146486e-12 -5.354148479520273465e-11 -1.867163167977114005e-11 4.085451742002528976e-11 0.000000000000000000e+00 0.000000000000000000e+00
0.000000000000000000e+00 0.000000000000000000e+00 0.000000000000000000e+00 0.000000000000000000e+00 0.000000000000000000e+00 0.000000000000000000e+00 -4.024351745206854589e-09 2.460424527124314898e-08 -1.719523625860124518e-09 -2.082220257182266104e-09 2.367908144724727375e-09 2.014580773218611672e-09 3.083883191903484501e-10 -5.437834058380299421e-10 3.311300951420157260e-10 -1.520418828831816214e-09 -2.156938119997065873e-11 4.750927220593638367e-11 0.000000000000000000e+00 0.000000000000000000e+00
0.000000000000000000e+00 0.000000000000000000e+00 0.000000000000000000e+00 0.000000000000000000e+00 0.000000000000000000e+00 0.000000000000000000e+00 1.835588438869061653e-08 -1.281546720833554632e-08 -1.760529343136346485e-08 4.820772014496081232e-09 8.402930595805106387e-10 -4.942142627425522753e-09 1.185246129598887241e-09 -3.586367863553234530e-10 4.527999544464971429e-10 2.036505848387105786e-08 -1.014726552710869430e-11 4.944709709682985852e-11 0.000000000000000000e+00 0.000000000000000000e+00
0.000000000000000000e+00 0.000000000000000000e+00 0.000000000000000000e+00 0.000000000000000000e+00 0.000000000000000000e+00 0.000000000000000000e+00 2.703144540434643804e-10 1.185168005885575818e-08 -3.898449457635477324e-09 -4.373580721896354474e-10 2.140755985555291061e-09 7.202379184032892573e-10 3.538024663893124107e-11 -8.848192405916481726e-11 -2.269947178857235952e-11 -4.014526325738142616e-11 -1.956555373704519343e-10 -2.794620528484416041e-08 0.000000000000000000e+00 0.000000000000000000e+00
0.000000000000000000e+00 0.000000000000000000e+00 0.000000000000000000e+00 0.000000000000000000e+00 0.000000000000000000e+00 0.000000000000000000e+00 -1.356324826818771658e-09 1.331082188751282061e-08 -2.125869896929936724e-09 -7.972700722793215929e-10 2.236386391435163135e-09 1.366350148830183174e-09 -1.284372706782251449e-10 -6.237594450461914804e-11 -4.626594200219635416e-11 6.098724951971148739e-11 -5.050774511928231914e-11 6.125127127381509162e-03 0.000000000000000000e+00 0.000000000000000000e+00
0.000000000000000000e+00 0.000000000000000000e+00 0.000000000000000000e+00 0.000000000000000000e+00 0.000000000000000000e+00 0.000000000000000000e+00 1.694673154648149108e-07 6.950794251074550560e-08 -3.524617575929860762e-08 -1.537492463319157117e-08 8.542453545770042676e-09 -4.594204468583328684e-10 -4.424545145640806658e-09 -1.458946708061243366e-09 -4.632390917223250977e-10 2.034209536228877660e-10 1.305814450704628050e-09 5.420636763880477599e-10 0.000000000000000000e+00 0.000000000000000000e+00
0.000000000000000000e+00 0.000000000000000000e+00 0.000000000000000000e+00 0.000000000000000000e+00 0.000000000000000000e+00 0.000000000000000000e+00 7.645609682293738182e-09 2.332526028010974139e-08 -5.059287018231580837e-08 1.550971086901981635e-08 1.201008791494725747e-08 9.747539344711232391e-09 -5.001015856030569028e-09 -6.862495347914760184e-10 -5.329037985818238225e-10 -9.346028076566805855e-09 1.097806832754170330e-09 4.874457188550313484e-10 0.000000000000000000e+00 0.000000000000000000e+00
0.000000000000000000e+00 0.000000000000000000e+00 0.000000000000000000e+00 0.000000000000000000e+00 0.000000000000000000e+00 0.000000000000000000e+00 3.203797957305344825e-07 1.143593673665142993e-07 -2.502381682401207126e-08 -5.215016122216319829e-08 1.226882557437818429e-08 -1.544789524296690440e-08 -5.671176537750801768e-09 2.588833502815468741e-11 -8.517988368604584198e-10 1.285987613022921942e-07 1.076172526713522625e-09 4.344859779929869642e-10 0.000000000000000000e+00 0.000000000000000000e+00
0.000000000000000000e+00 0.000000000000000000e+00 0.000000000000000000e+00 0.000000000000000000e+00 0.000000000000000000e+00 0.000000000000000000e+00 5.465645594408076712e-08 3.311523546620843090e-08 -3.366863724009149752e-08 3.106034033384337344e-10 7.889210485446772537e-09 3.070343979413522240e-09 -4.210019359497776824e-09 -1.629049233056908775e-09 -5.334123549785122957e-10 2.388049962351268651e-11 2.688580590156552799e-09 1.802323628981185747e-07 0.000000000000000000e+00 0.000000000000000000e+00
0.000000000000000000e+00 0.000000000000000000e+00 0.000000000000000000e+00 0.000000000000000000e+00 0.000000000000000000e+00 0.000000000000000000e+00 2.871799300156212783e-08 2.313675302251214852e-08 -3.151813605298823223e-08 6.020825032437660494e-09 8.123347844608551138e-09 5.092099587389942272e-09 -3.275429587824211583e-09 -1.675638048309918856e-09 -5.001064539979770528e-10 1.421219494256701192e-09 2.494857856351801164e-09 2.852622346026324404e-02 0.000000000000000000e+00 0.000000000000000000e+00
0.000000000000000000e+00 0.000000000000000000e+00 0.000000000000000000e+00 0.000000000000000000e+00 0.000000000000000000e+00 0.000000000000000000e+00 3.216391334532054566e-09 2.904972057580254576e-09 1.040892880467558587e-09 5.728126351297286611e-10 1.152019591194049563e-10 1.466338274455250274e-09 5.262712944306904232e-10 -9.079264551932571418e-11 -1.236099450396785648e-09 -2.206522699771454111e-09 -1.370003090600692706e-10 6.817639890654594763e-08 0.000000000000000000e+00 0.000000000000000000e+00
0.000000000000000000e+00 0.000000000000000000e+00 0.000000000000000000e+00 0.000000000000000000e+00 0.000000000000000000e+00 0.000000000000000000e+00 1.058250063741813787e-08 6.684176762168634727e-09 2.640702237621020536e-09 2.868445104134383991e-09 2.592039107881876698e-09 5.607675968044419872e-11 -8.581906592271581788e-10 3.596987414981745537e-09 2.729792871527148814e-09 4.356122351940641918e-05 -3.271396945110326075e-09 6.589357016607693888e-08 0.000000000000000000e+00 0.000000000000000000e+00
0.000000000000000000e+00 0.000000000000000000e+00 0.000000000000000000e+00 0.000000000000000000e+00 0.000000000000000000e+00 0.000000000000000000e+00 1.283599599259911445e-09 1.292323182182371745e-09 1.470636453736810033e-09 -7.787718212690403655e-10 2.868466456463827355e-09 2.493372198538672044e-09 -4.572428534047525396e-09 4.550671327234684850e-10 3.575369830704273669e-09 5.301967465454057526e-05 -8.086278051185939925e-10 6.721552632639904974e-08 0.000000000000000000e+00 0.000000000000000000e+00
0.000000000000000000e+00 0.000000000000000000e+00 0.000000000000000000e+00 0.000000000000000000e+00 0.000000000000000000e+00 0.000000000000000000e+00 4.557674130259104435e-09 3.264059827951980900e-09 1.120109776361644653e-09 1.178360598258664081e-09 1.433772130395193891e-09 1.549325577564063134e-09 3.432888367015911095e-10 1.158274389551004333e-10 -1.196532718680763888e-09 -3.197650975265957505e-09 6.323051666765063583e-08 8.749958414736141998e-02 0.000000000000000000e+00 0.000000000000000000e+00
0.000000000000000000e+00 0.000000000000000000e+00 0.000000000000000000e+00 0.000000000000000000e+00 0.000000000000000000e+00 0.000000000000000000e+00 4.843625133046517126e-09 3.610569548650156770e-09 1.293527864697204210e-09 1.101565774504049026e-09 1.291701372501070433e-09 1.626891870505933658e-09 9.197810653466753140e-10 -1.752368214068909195e-10 -6.390255099349769559e-10 -5.915791894994409669e-09 8.083489731341199801e-07 1.392822445010297241e+11 0.000000000000000000e+00 0.000000000000000000e+00
0.000000000000000000e+00 0.000000000000000000e+00 0.000000000000000000e+00 0.000000000000000000e+00 0.000000000000000000e+00 0.000000000000000000e+00 1.151253214169073977e-12 7.770523957690379895e-13 5.198114148022884980e-13 4.339514312742812669e-13 3.875036166786726323e-13 8.918161435447002000e-13 6.065096356374185733e-13 1.812560157551356943e-13 2.061383261268480299e-13 6.409067071426075086e-13 4.325655172821392473e-12 5.711741297963275343e-12 0.000000000000000000e+00 0.000000000000000000e+00
0.000000000000000000e+00 0.000000000000000000e+00 0.000000000000000000e+00 0.000000000000000000e+00 0.000000000000000000e+00 0.000000000000000000e+00 7.464177556040548227e-13 4.533667015196809634e-13 5.645912389860426204e-13 5.088730895530654072e-13 7.720550845918538327e-13 1.116632255300411549e-12 4.145420894788603950e-13 1.736657472785666227e-13 6.363053981144928988e-13 7.484153076863584771e-09 3.356585147659012593e-12 5.802809680065873189e-12 0.000000000000000000e+00 0.000000000000000000e+00
0.000000000000000000e+00 0.000000000000000000e+00 0.000000000000000000e+00 0.000000000000000000e+00 0.000000000000000000e+00 0.000000000000000000e+00 3.476963378491525416e-12 2.025527667606514307e-12 2.045289232792861704e-12 2.478685975760856633e-12 2.638375952632881959e-12 1.594136008113082792e-12 4.832759009427739460e-13 3.844718030033644212e-13 5.424435856057331832e-13 3.217431016564279805e-09 2.515427597616823330e-12 5.566185537932659468e-12 0.000000000000000000e+00 0.000000000000000000e+00
0.000000000000000000e+00 0.000000000000000000e+00 0.000000000000000000e+00 0.000000000000000000e+00 0.000000000000000000e+00 0.000000000000000000e+00 4.245670531241782141e-13 2.513854753358532165e-13 3.925131788302409703e-13 3.233278272719237016e-13 6.742237493753374480e-13 1.405432324052027521e-12 6.393412429375193029e-13 1.777263906181410274e-13 2.093978163535131697e-13 8.731436052808480677e-13 4.629116461776008096e-11 -3.682064179247191961e-05 0.000000000000000000e+00 0.000000000000000000e+00
0.000000000000000000e+00 0.000000000000000000e+00 0.000000000000000000e+00 0.000000000000000000e+00 0.000000000000000000e+00 0.000000000000000000e+00 6.574143176037213312e-13 4.316775538418119648e-13 7.134223481074193887e-13 6.493450670077515776e-13 1.077600903674594257e-12 1.756173114114955598e-12 6.324419220819043849e-13 1.925507727463164979e-13 2.119685821577961320e-13 1.558891137499468356e-12 1.538926990819393598e-10 -1.615342250093817711e+02 0.000000000000000000e+00 0.000000000000000000e+00
0.000000000000000000e+00 0.000000000000000000e+00 0.000000000000000000e+00 0.000000000000000000e+00 0.000000000000000000e+00 0.000000000000000000e+00 -6.050864270059418840e-11 1.135098378314281402e-10 -4.453667256734420894e-11 6.518290021138755333e-12 2.207242930900122866e-12 3.657524791446649032e-12 -1.128730095597017195e-12 1.089474525416911538e-12 -6.581898353906792927e-13 1.272569557409478457e-13 5.756039878103853273e-15 3.367055825019360117e-14 0.000000000000000000e+00 0.000000000000000000e+00
0.000000000000000000e+00 0.000000000000000000e+00 0.000000000000000000e+00 0.000000000000000000e+00 0.000000000000000000e+00 0.000000000000000000e+00 -5.130805200960602423e-11 5.459830545943740057e-11 -3.469963676865577180e-11 3.038720936710418641e-11 6.631113051030001571e-12 2.047782186875061801e-13 -1.351426481210969451e-12 1.249820825829205843e-12 -4.235265172998304331e-13 3.505638103286885961e-11 -8.531900443240694769e-14 5.989040033836371140e-14 0.000000000000000000e+00 0.000000000000000000e+00
0.000000000000000000e+00 0.000000000000000000e+00 0.000000000000000000e+00 0.000000000000000000e+00 0.000000000000000000e+00 0.000000000000000000e+00 -6.944504795356629476e-11 1.711775644886606560e-10 -5.500119913430465486e-11 -1.915142818257411913e-11 2.971930795093211354e-12 -1.024799034064149184e-11 3.469106219109963805e-13 7.182412765835130905e-13 -3.430262542780258687e-13 1.026483591046181382e-11 -8.387997262225139644e-14 6.168372900354604924e-14 0.000000000000000000e+00 0.000000000000000000e+00
0.000000000000000000e+00 0.000000000000000000e+00 0.000000000000000000e+00 0.000000000000000000e+00 0.000000000000000000e+00 0.000000000000000000e+00 -3.338361532110445511e-11 3.181690731990471329e-11 -1.815831856522781234e-11 2.047033605981142506e-11 4.492275082817147093e-12 5.180686550264416521e-12 -1.691087711829913132e-12 1.143645752735550555e-12 -6.580135687042617998e-13 1.505401633592075077e-13 -2.156237111748481683e-13 -2.739359103616458621e-10 0.000000000000000000e+00 0.000000000000000000e+00
0.000000000000000000e+00 0.000000000000000000e+00 0.000000000000000000e+00 0.000000000000000000e+00 0.000000000000000000e+00 0.000000000000000000e+00 -2.536751675238208132e-11 5.783154821644820947e-12 -1.721523077001689636e-11 2.492976950233086009e-11 6.088246474891355822e-12 7.918732662973160282e-12 -1.566854171814585743e-12 1.123900763590053525e-12 -7.347903224886837276e-13 3.071112053601105047e-13 5.034485662491602994e-13 7.026193311452786272e-05 0.000000000000000000e+00 0.000000000000000000e+00
0.000000000000000000e+00 0.000000000000000000e+00 0.000000000000000000e+00 0.000000000000000000e+00 0.000000000000000000e+00 0.000000000000000000e+00 -2.821763124067915978e-10 5.197851695920111664e-10 -3.435730914913760865e-10 -3.741317640368853554e-11 -6.945961360712627890e-12 3.756930787816938248e-11 1.690237477340465893e-11 5.046339000607543017e-14 -4.776145514105977858e-12 -8.742694977096045202e-13 -4.526496405136048929e-12 5.373235176300204204e-12 0.000000000000000000e+00 0.000000000000000000e+00
0.000000000000000000e+00 0.000000000000000000e+00 0.000000000000000000e+00 0.000000000000000000e+00 0.000000000000000000e+00 0.000000000000000000e+00 8.741810444496990482e-12 -7.918767348649082669e-12 -3.293258160301532699e-10 1.599408491575534900e-10 -2.639149736727148723e-12 3.867480677710890407e-11 8.053875757760503877e-12 -5.928209472966558561e-13 -1.140476597151221858e-11 -1.169084036786939401e-10 -3.305363607781279562e-12 5.866092826433870451e-12 0.000000000000000000e+00 0.000000000000000000e+00
0.000000000000000000e+00 0.000000000000000000e+00 0.000000000000000000e+00 0.000000000000000000e+00 0.000000000000000000e+00 0.000000000000000000e+00 -5.691666999241191994e-10 1.037618302133868786e-09 -4.016366322759567481e-10 -2.402859577339777951e-10 2.018719366305482032e-11 -5.456557414697793085e-12 1.316110164110014475e-11 8.739302553287408604e-13 -1.021439279080341126e-11 1.147114827644761214e-10 -2.476070709491052143e-12 5.839378963271815160e-12 0.000000000000000000e+00 0.000000000000000000e+00
0.000000000000000000e+00 0.000000000000000000e+00 0.000000000000000000e+00 0.000000000000000000e+00 0.000000000000000000e+00 0.000000000000000000e+00 2.400737190164131367e-10 -1.694248541863883155e-10 -1.860622145678179766e-10 6.200495593542550943e-11 5.735305643428316239e-12 4.417141562741945151e-11 1.590369565513333151e-11 5.550692437980473032e-13 -4.913746774217657076e-12 -5.114962214038155589e-13 -7.690136194497173719e-12 -4.970744440182708553e-09 0.000000000000000000e+00 0.000000000000000000e+00
0.000000000000000000e+00 0.000000000000000000e+00 0.000000000000000000e+00 0.000000000000000000e+00 0.000000000000000000e+00 0.000000000000000000e+00 4.355034396875206495e-10 -4.176707437121326491e-10 -1.519409952820548177e-10 1.002180127550429993e-10 9.965616793380561738e-12 5.809713938841960211e-11 1.305763460372724938e-11 1.767800287086423794e-12 -4.950044601692781916e-12 -9.542978854895868726e-13 3.502395094190066766e-11 4.807667109758456507e-03 0.000000000000000000e+00 0.000000000000000000e+00
0.000000000000000000e+00 0.000000000000000000e+00 0.000000000000000000e+00 0.000000000000000000e+00 0.000000000000000000e+00 0.000000000000000000e+00 -1.403990031982131195e-11 3.328688497180868678e-12 -9.477824490633849950e-13 -9.814795292681191824e-13 -4.108138976639607801e-12 -4.884896495192521918e-12 -2.800442211386271376e-12 -3.573658425677390786e-13 -8.324206970994468559e-13 1.391607876872744328e-12 -5.887688807120478757e-11 2.928460222714799104e-09 0.000000000000000000e+00 0.000000000000000000e+00
0.000000000000000000e+00 0.000000000000000000e+00 0.000000000000000000e+00 0.000000000000000000e+00 0.000000000000000000e+00 0.000000000000000000e+00 -4.852385462240834835e-11 -1.966025167033469864e-11 -3.899045380466622550e-11 -6.853645630816547752e-12 -1.451538896939312770e-11 -2.061852059506886094e-11 -2.660448054859979452e-12 -1.188883066162632392e-12 -1.812789208417247122e-13 3.886395601560052146e-07 -4.781892736893235373e-11 2.881439490550482836e-09 0.000000000000000000e+00 0.000000000000000000e+00
0.000000000000000000e+00 0.000000000000000000e+00 0.000000000000000000e+00 0.000000000000000000e+00 0.000000000000000000e+00 0.000000000000000000e+00 -3.288667578338098040e-12 1.250851271587402401e-11 9.381392805083739231e-12 5.261652582149127127e-12 -1.839584946496303398e-11 -2.571477918099201350e-11 -1.965771445443905223e-11 -4.276704795887544445e-12 1.744553528312626959e-13 -3.434116957368638554e-07 -3.965250238324935055e-11 2.846266740786498102e-09 0.000000000000000000e+00 0.000000000000000000e+00
0.000000000000000000e+00 0.000000000000000000e+00 0.000000000000000000e+00 0.000000000000000000e+00 0.000000000000000000e+00 0.000000000000000000e+00 -5.018183059980394203e-12 -2.552171134960855483e-12 -1.158070447737770712e-11 3.842445146651552764e-12 -1.235899848684562832e-12 -4.626969112121988877e-12 1.894579052419414483e-12 -3.350540698990856393e-13 -1.488237510685606090e-12 1.323922141234034951e-12 -8.915899691303581284e-10 3.006203171597931698e-02 0.000000000000000000e+00 0.000000000000000000e+00
0.000000000000000000e+00 0.000000000000000000e+00 0.000000000000000000e+00 0.000000000000000000e+00 0.000000000000000000e+00 0.000000000000000000e+00 -8.467132972091260766e-12 -4.018037155481468115e-13 -1.396869088584816114e-11 2.751500027755140866e-12 -3.146919824715871118e-12 -6.622458579159029810e-12 9.576634083826591566e-13 3.024361388121180371e-13 -1.319582062405979591e-12 1.097585026371286254e-12 2.974685062461284297e-09 -1.689955333055066109e+10 0.000000000000000000e+00 0.000000000000000000e+00
0.000000000000000000e+00 0.000000000000000000e+00 0.000000000000000000e+00 0.000000000000000000e+00 0.000000000000000000e+00 0.000000000000000000e+00 1.403688923932892625e-18 1.238786291677289701e-18 9.385018674670729452e-19 4.598435334650635789e-19 5.345272551677593346e-19 3.994686986728748499e-19 3.157153043199671448e-19 2.020051316339780865e-19 1.589255521016467514e-19 1.773635035951653687e-19 9.441667937910206660e-19 4.550634614325745641e-18 0.000000000000000000e+00 0.000000000000000000e+00
0.000000000000000000e+00 0.000000000000000000e+00 0.000000000000000000e+00 0.000000000000000000e+00 0.000000000000000000e+00 0.000000000000000000e+00 2.564255736968662585e-18 1.379610788237022451e-18 1.507793560492700039e-18 8.145200285596694951e-19 1.164721787300963794e-18 7.539117930648870353e-19 3.642498009683381710e-19 2.419483761038798879e-19 2.323581776430398535e-19 6.152755705929928758e-17 1.198425698609834535e-18 4.798616632974439083e-18 0.000000000000000000e+00 0.000000000000000000e+00
0.000000000000000000e+00 0.000000000000000000e+00 0.000000000000000000e+00 0.000000000000000000e+00 0.000000000000000000e+00 0.000000000000000000e+00 1.880851158832600560e-18 1.335963270990073066e-18 8.185756739216555429e-19 3.874590118471899619e-19 6.478786838452721765e-19 8.573610413173258376e-19 3.182601255889068991e-19 2.727572860895250199e-19 2.916719074365027966e-19 2.647891837538389506e-16 9.136792863338313917e-19 4.756388278981065943e-18 0.000000000000000000e+00 0.000000000000000000e+00
0.000000000000000000e+00 0.000000000000000000e+00 0.000000000000000000e+00 0.000000000000000000e+00 0.000000000000000000e+00 0.000000000000000000e+00 1.050037139530775674e-18 7.273221761697197833e-19 7.052084750216755661e-19 3.621903306304279790e-19 4.479368012790692259e-19 3.621170411236558966e-19 3.212772667936869609e-19 1.981684727640446816e-19 1.615081557184586779e-19 2.758954918069069537e-19 1.446346489765968835e-17 2.960395818436603154e-12 0.000000000000000000e+00 0.000000000000000000e+00
0.000000000000000000e+00 0.000000000000000000e+00 0.000000000000000000e+00 0.000000000000000000e+00 0.000000000000000000e+00 0.000000000000000000e+00 1.031739962750603186e-18 6.424033335048854690e-19 6.430842310838734956e-19 3.332567491105628601e-19 4.223172049524840247e-19 3.620285110037407746e-19 3.282008937631178953e-19 2.003289379803528896e-19 1.609115908373667395e-19 4.657985813330581049e-19 1.174486279659114107e-17 1.785379496288541645e-03 0.000000000000000000e+00 0.000000000000000000e+00
0.000000000000000000e+00 0.000000000000000000e+00 0.000000000000000000e+00 0.000000000000000000e+00 0.000000000000000000e+00 0.000000000000000000e+00 -1.573955339129935579e-14 1.939562577475578644e-13 -6.464407287367714884e-15 1.321887329988481563e-14 1.516504783409279987e-14 6.268834787865920300e-15 -1.885517671051738492e-15 1.524599177839532009e-16 -3.174992145465247634e-16 -9.012141629971989568e-17 1.759329299896007387e-16 -3.572496604903048591e-16 0.000000000000000000e+00 0.000000000000000000e+00
0.000000000000000000e+00 0.000000000000000000e+00 0.000000000000000000e+00 0.000000000000000000e+00 0.000000000000000000e+00 0.000000000000000000e+00 -4.457702302799395095e-14 2.036839148464888338e-13 -1.012095017536020225e-14 2.318744905256634153e-14 2.204301038677523044e-14 9.333637049550333193e-15 -1.757657174776531842e-15 1.359661421846736820e-16 -2.941405042314299688e-16 8.568984840495499090e-15 1.924291933022992005e-16 -3.565901591430045009e-16 0.000000000000000000e+00 0.000000000000000000e+00
0.000000000000000000e+00 0.000000000000000000e+00 0.000000000000000000e+00 0.000000000000000000e+00 0.000000000000000000e+00 0.000000000000000000e+00 1.039968101621974306e-14 1.896294017495322348e-13 -6.153601233231997266e-15 3.485133616843571518e-15 1.696093924608432875e-14 9.445843625551661288e-15 -7.541497822181892799e-16 -2.428592945779282012e-16 -1.121095185472334602e-16 2.416226176668062671e-15 1.960918002833065935e-16 -3.549810363675957046e-16 0.000000000000000000e+00 0.000000000000000000e+00
0.000000000000000000e+00 0.000000000000000000e+00 0.000000000000000000e+00 0.000000000000000000e+00 0.000000000000000000e+00 0.000000000000000000e+00 -1.445533046567381310e-14 1.491109372618632074e-13 1.703937496149381277e-15 1.536708416376340577e-14 1.531094654732369616e-14 6.177366413442100182e-15 -2.014614151080479367e-15 1.755732026518959823e-16 -2.952520931147726976e-16 -1.460520718263447095e-16 2.074980567276668884e-16 -6.444776564319091098e-13 0.000000000000000000e+00 0.000000000000000000e+00
0.000000000000000000e+00 0.000000000000000000e+00 0.000000000000000000e+00 0.000000000000000000e+00 0.000000000000000000e+00 0.000000000000000000e+00 -1.501838768009318843e-14 1.383770334951752450e-13 7.939615334300077517e-16 1.605067459772937444e-14 1.362940120714271734e-14 5.694966540741591725e-15 -1.954672472953665838e-15 2.094973816648262348e-16 -2.423883057586840073e-16 -2.389442648687775389e-16 6.189789657754120505e-16 1.799980040435937776e-07 0.000000000000000000e+00 0.000000000000000000e+00
0.000000000000000000e+00 0.000000000000000000e+00 0.000000000000000000e+00 0.000000000000000000e+00 0.000000000000000000e+00 0.000000000000000000e+00 5.820259284092204167e-13 5.488934783561198219e-13 -4.438424257279028755e-13 2.303502440052421808e-13 9.571145753248497286e-14 4.111775114894662004e-14 -4.150042832569118185e-15 -6.990794152902297553e-15 -6.942862109856879124e-15 1.924880481123051715e-15 2.922642004360158994e-15 8.083430551371027224e-15 0.000000000000000000e+00 0.000000000000000000e+00
0.000000000000000000e+00 0.000000000000000000e+00 0.000000000000000000e+00 0.000000000000000000e+00 0.000000000000000000e+00 0.000000000000000000e+00 8.486532344669034545e-13 8.169606245201326971e-13 -5.822604539178848723e-13 3.078062282692607448e-13 1.399963610764289863e-13 7.471068864903123956e-14 -2.903043517073133650e-15 -7.217968157621325188e-15 -7.275508031221400563e-15 4.712238833647802124e-14 3.217480814046218871e-15 8.305100027947499091e-15 0.000000000000000000e+00 0.000000000000000000e+00
0.000000000000000000e+00 0.000000000000000000e+00 0.000000000000000000e+00 0.000000000000000000e+00 0.000000000000000000e+00 0.000000000000000000e+00 3.452642999885370491e-13 3.121097405977646054e-13 -3.461354885480757494e-13 1.891977389688929814e-13 1.199293986282658843e-13 4.805201143037988401e-14 6.190621059203623034e-16 -9.028095082022840728e-15 -4.410909785938199926e-15 1.096948313979420372e-13 3.552206376423599740e-15 8.005388590647289524e-15 0.000000000000000000e+00 0.000000000000000000e+00
0.000000000000000000e+00 0.000000000000000000e+00 0.000000000000000000e+00 0.000000000000000000e+00 0.000000000000000000e+00 0.000000000000000000e+00 6.055534836018901319e-13 5.196535974657098182e-13 -3.785556595422631728e-13 2.135256456101391738e-13 8.887111082349907425e-14 4.053092900779572094e-14 -4.714673017802960847e-15 -6.679749341786711422e-15 -6.947536407686100511e-15 7.340223766489484660e-16 1.665865604644231810e-15 3.127466818240401593e-12 0.000000000000000000e+00 0.000000000000000000e+00
0.000000000000000000e+00 0.000000000000000000e+00 0.000000000000000000e+00 0.000000000000000000e+00 0.000000000000000000e+00 0.000000000000000000e+00 5.925857873895433114e-13 5.234432414700507145e-13 -3.592062154929815680e-13 2.084197803301907184e-13 8.242878603997661777e-14 3.835563526041730767e-14 -3.598745582704019112e-15 -6.704381976371735172e-15 -6.762647892669617258e-15 2.180248048052700932e-16 1.200888699946619905e-14 -4.001593065039488340e-06 0.000000000000000000e+00 0.000000000000000000e+00
0.000000000000000000e+00 0.000000000000000000e+00 0.000000000000000000e+00 0.000000000000000000e+00 0.000000000000000000e+00 0.000000000000000000e+00 4.530603611890109190e-15 -8.471658688247632595e-15 3.402547567440262013e-15 3.618618087397730068e-15 1.804008098239332914e-15 -2.930573837802577963e-16 2.176940893304669004e-16 -2.063465536823772848e-16 4.659268847875070315e-16 -2.504441793468166424e-15 1.655360524337875798e-14 -7.341619171641369136e-13 0.000000000000000000e+00 0.000000000000000000e+00
0.000000000000000000e+00 0.000000000000000000e+00 0.000000000000000000e+00 0.000000000000000000e+00 0.000000000000000000e+00 0.000000000000000000e+00 -5.705605817102311946e-15 7.464517072450944871e-15 1.486651899399497249e-14 -9.136216772824158892e-15 1.514593306861650739e-14 3.179852056556750550e-15 -3.943996975165384634e-15 -6.625133330912906993e-17 -1.731301387610037514e-15 -1.483728249449037446e-10 2.087397761084715030e-14 -6.167606577443913048e-13 0.000000000000000000e+00 0.000000000000000000e+00
0.000000000000000000e+00 0.000000000000000000e+00 0.000000000000000000e+00 0.000000000000000000e+00 0.000000000000000000e+00 0.000000000000000000e+00 5.906810518590003405e-14 2.736016345718414701e-14 -3.227793388321868934e-15 -1.301041860279479373e-14 1.137642015631035590e-14 3.473752647596343908e-14 3.343405441305567226e-15 -1.527955662195421470e-15 5.930869650603507914e-15 8.287815644955922403e-10 2.316914334589645150e-14 -5.970750778123875272e-13 0.000000000000000000e+00 0.000000000000000000e+00
0.000000000000000000e+00 0.000000000000000000e+00 0.000000000000000000e+00 0.000000000000000000e+00 0.000000000000000000e+00 0.000000000000000000e+00 -5.895232166999736119e-15 -1.262957928111920326e-14 5.623599434337962895e-15 -3.340662935957066559e-15 5.365689446949159263e-15 -1.697422626878733185e-15 -1.622233610628582785e-15 3.222873127643198741e-16 6.767774703889087087e-16 -4.098749994198396421e-15 2.189527954044567600e-13 -1.379211087295062772e-05 0.000000000000000000e+00 0.000000000000000000e+00
0.000000000000000000e+00 0.000000000000000000e+00 0.000000000000000000e+00 0.000000000000000000e+00 0.000000000000000000e+00 0.000000000000000000e+00 -5.514236640101222744e-15 -1.180562900410002280e-14 3.566350309276850422e-15 -1.247464542926626559e-15 6.073142107070670271e-15 -1.716606130557861536e-15 -2.574067638413578303e-15 1.208497304636864356e-15 9.734889432104938467e-16 -1.067729138650096342e-15 2.979229131050043347e-12 -7.906939241826468147e+06 0.000000000000000000e+00 0.000000000000000000e+00
0.000000000000000000e+00 0.000000000000000000e+00 0.000000000000000000e+00 0.000000000000000000e+00 0.000000000000000000e+00 0.000000000000000000e+00 4.278277056061088624e-10 1.337366297055333710e-10 3.871097848645157709e-11 2.613083277268216038e-11 1.911503734726289872e-11 1.575937753613578412e-11 1.241923164925215918e-11 8.856350847230361018e-12 3.815439898720503952e-12 2.382958574188444540e-11 4.049205514540206173e-10 2.825439885109888794e-09 0.000000000000000000e+00 0.000000000000000000e+00
0.000000000000000000e+00 0.000000000000000000e+00 0.000000000000000000e+00 0.000000000000000000e+00 0.000000000000000000e+00 0.000000000000000000e+00 6.742782313542921225e-11 2.881690868578271639e-11 -6.207130012294858435e-13 7.005658253142067830e-12 8.840972825532310572e-12 1.840234417803470848e-11 1.145907941212988327e-11 7.616719003025201156e-12 6.372108157257072144e-12 -8.899807378653219694e-09 3.721684043871838598e-10 2.876228192492960761e-09 0.000000000000000000e+00 0.000000000000000000e+00
0.000000000000000000e+00 0.000000000000000000e+00 0.000000000000000000e+00 0.000000000000000000e+00 0.000000000000000000e+00 0.000000000000000000e+00 1.383174439108225495e-09 6.162819185566853652e-10 2.029668809520180191e-10 1.461678396288463514e-10 1.798392995056994124e-10 2.112031594948364767e-10 1.151846637389657747e-10 7.660020421522524861e-11 4.242460951342013527e-11 3.758642508485786800e-08 4.138372776678922394e-10 2.889736727264132904e-09 0.000000000000000000e+00 0.000000000000000000e+00
0.000000000000000000e+00 0.000000000000000000e+00 0.000000000000000000e+00 0.000000000000000000e+00 0.000000000000000000e+00 0.000000000000000000e+00 7.207230041326916569e-12 1.628076815340736056e-11 -4.305006982274048512e-12 5.491368040653503638e-13 -2.988972799635732697e-12 7.464254861193302833e-12 8.432709095603787285e-12 5.991941887134578719e-12 3.460758389662706288e-12 1.248503422599536867e-11 3.447147946806918434e-09 -6.602754177384323464e-02 0.000000000000000000e+00 0.000000000000000000e+00
0.000000000000000000e+00 0.000000000000000000e+00 0.000000000000000000e+00 0.000000000000000000e+00 0.000000000000000000e+00 0.000000000000000000e+00 9.471933323415772534e-12 2.134776450387398860e-11 -3.525270980537315991e-12 1.476245452422133563e-13 -1.816128249941033550e-12 7.500926515619859945e-12 7.718187855577374558e-12 6.045850390115750633e-12 2.930261924251945975e-12 8.560080798477162583e-12 1.740741407416348964e-08 8.311257352447509766e+04 0.000000000000000000e+00 0.000000000000000000e+00
0.000000000000000000e+00 0.000000000000000000e+00 0.000000000000000000e+00 0.000000000000000000e+00 0.000000000000000000e+00 0.000000000000000000e+00 -1.531572224007889088e-09 6.674108703618690003e-10 -1.015430008124532074e-09 -2.733203889684377647e-10 -1.410508388839096922e-10 -3.871908891677353346e-11 1.785908534912029395e-11 -3.747978122955135611e-11 -4.232568256056442575e-12 2.106134238167168961e-11 4.441080985179175619e-11 -7.777270317805962376e-13 0.000000000000000000e+00 0.000000000000000000e+00
0.000000000000000000e+00 0.000000000000000000e+00 0.000000000000000000e+00 0.000000000000000000e+00 0.000000000000000000e+00 0.000000000000000000e+00 -3.559952407326339498e-11 1.067970844558886422e-09 -3.015343577477921013e-10 -4.194577467758418895e-11 -1.134080858357755995e-10 -3.280531368808725522e-11 8.082880497494717627e-11 -4.233610107088417054e-12 -1.216546000747434075e-11 -1.144667367810577586e-12 3.495028679695869304e-11 5.657229619858644669e-13 0.000000000000000000e+00 0.000000000000000000e+00
0.000000000000000000e+00 0.000000000000000000e+00 0.000000000000000000e+00 0.000000000000000000e+00 0.000000000000000000e+00 0.000000000000000000e+00 -2.938799034257413668e-09 2.888539110786148112e-10 -1.680925809096111262e-09 -4.831180476032551160e-10 -4.317954106133677861e-10 -7.424239956808109961e-11 -1.000930238183187622e-10 -1.398967280847582516e-10 -5.911261278872772473e-11 2.073963461238010848e-11 3.743750945055668343e-11 8.961144274565535870e-13 0.000000000000000000e+00 0.000000000000000000e+00
0.000000000000000000e+00 0.000000000000000000e+00 0.000000000000000000e+00 0.000000000000000000e+00 0.000000000000000000e+00 0.000000000000000000e+00 -4.015920089006123843e-11 7.792951904600538317e-10 -2.736823847231940430e-10 -2.293410923925724386e-10 1.897721402909200309e-11 -1.200207097345283432e-11 6.498388838269631254e-11 -9.788963195888755798e-12 -4.017289673991639726e-12 2.431519813497958286e-12 -1.280495048943085660e-11 -5.591203300974280316e-08 0.000000000000000000e+00 0.000000000000000000e+00
0.000000000000000000e+00 0.000000000000000000e+00 0.000000000000000000e+00 0.000000000000000000e+00 0.000000000000000000e+00 0.000000000000000000e+00 1.286625808642063425e-10 7.696574354348358786e-10 -3.528499959329974908e-10 -1.947343223477521673e-10 7.331876400345647353e-11 -3.160903091655563300e-12 6.180611204696331722e-11 -6.941957120373966973e-12 -1.269320189845390448e-12 1.147785278702447697e-12 -2.224797066890541054e-11 -4.309324552727950008e-03 0.000000000000000000e+00 0.000000000000000000e+00
0.000000000000000000e+00 0.000000000000000000e+00 0.000000000000000000e+00 0.000000000000000000e+00 0.000000000000000000e+00 0.000000000000000000e+00 -3.917067885735053358e-09 1.089742754193117874e-08 -1.513422426332006747e-09 -8.897209998813403340e-10 -7.864938027742400198e-10 4.603396093713187959e-13 -1.060262700320610423e-10 -5.030645144293966168e-11 4.283128017125142641e-11 1.047616961150422297e-10 1.330099535405078395e-10 2.427566311722261096e-10 0.000000000000000000e+00 0.000000000000000000e+00
0.000000000000000000e+00 0.000000000000000000e+00 0.000000000000000000e+00 0.000000000000000000e+00 0.000000000000000000e+00 0.000000000000000000e+00 3.664468846635326544e-09 1.476183712168528161e-09 2.485653218785311395e-10 2.114959098820659109e-10 1.909665297572337227e-10 2.853454301940110386e-10 -1.029784629398662967e-10 -2.443804462571284529e-11 4.244711622039048234e-11 4.266513568659776085e-10 1.121606696220430990e-10 2.400793073855606776e-10 0.000000000000000000e+00 0.000000000000000000e+00
0.000000000000000000e+00 0.000000000000000000e+00 0.000000000000000000e+00 0.000000000000000000e+00 0.000000000000000000e+00 0.000000000000000000e+00 -1.101366270535027227e-08 1.996197829580626878e-08 -3.426267091829784789e-09 -2.550190093264304141e-09 -2.237155353329376657e-09 -9.351721282394366057e-10 2.843314650447453024e-10 -7.666890212444710469e-11 -1.647577793449529001e-10 -3.747977103626917478e-11 1.094030729356660165e-10 2.275494731339286368e-10 0.000000000000000000e+00 0.000000000000000000e+00
0.000000000000000000e+00 0.000000000000000000e+00 0.000000000000000000e+00 0.000000000000000000e+00 0.000000000000000000e+00 0.000000000000000000e+00 8.972575984074028224e-10 1.388152728840649886e-09 3.176343370797857921e-10 -1.393426065623709394e-10 2.099052865284550180e-10 2.651276459682930730e-10 -1.566136450338718763e-10 -3.540921841396595422e-11 4.012201834916609509e-11 8.728335316584708404e-12 -1.404638279816508255e-11 -2.315864391240910126e-07 0.000000000000000000e+00 0.000000000000000000e+00
0.000000000000000000e+00 0.000000000000000000e+00 0.000000000000000000e+00 0.000000000000000000e+00 0.000000000000000000e+00 0.000000000000000000e+00 1.951763530268032262e-09 6.994138071783943709e-10 6.016345473065904507e-10 3.957435845894979369e-10 -1.421709686770628395e-11 3.713035615180919950e-10 -1.708243242989923677e-10 -1.941973185956157250e-11 2.882502531982538320e-11 4.796117712888928224e-11 1.828718541747722080e-11 3.960014211581080468e-01 0.000000000000000000e+00 0.000000000000000000e+00
0.000000000000000000e+00 0.000000000000000000e+00 0.000000000000000000e+00 0.000000000000000000e+00 0.000000000000000000e+00 0.000000000000000000e+00 2.288721709221946160e-10 -2.228617495174770195e-10 -7.450308871419196747e-11 -2.262150059890337252e-10 -3.075999642869670181e-11 -3.316381891059781858e-10 -1.071855584611336122e-10 6.793700520587158970e-12 1.449241815151980210e-11 -2.162258088846699135e-11 -2.365568631162618924e-09 -3.257492853232421878e-07 0.000000000000000000e+00 0.000000000000000000e+00
0.000000000000000000e+00 0.000000000000000000e+00 0.000000000000000000e+00 0.000000000000000000e+00 0.000000000000000000e+00 0.000000000000000000e+00 6.343854963904460551e-10 1.409097591351537683e-09 1.185534209331358351e-10 -4.689594743414457801e-10 -5.597203027380375166e-10 -5.045337658537444165e-10 -2.397171461199197540e-10 -6.685764168240775015e-11 6.256403996740162071e-11 -4.081738218452765965e-06 -2.597819805024952616e-09 -3.230240023626729871e-07 0.000000000000000000e+00 0.000000000000000000e+00
0.000000000000000000e+00 0.000000000000000000e+00 0.000000000000000000e+00 0.000000000000000000e+00 0.000000000000000000e+00 0.000000000000000000e+00 -2.543270788476570248e-10 -9.533169106212261432e-10 -1.249991499553509003e-09 1.868589519108988484e-10 2.411800542705070660e-10 -1.266401746434115814e-09 -2.620379900482942651e-10 -2.037268979455782978e-10 4.613170549694381862e-10 1.248736147554491343e-05 -3.231568353379158254e-09 -3.228856222123957901e-07 0.000000000000000000e+00 0.000000000000000000e+00
0.000000000000000000e+00 0.000000000000000000e+00 0.000000000000000000e+00 0.000000000000000000e+00 0.000000000000000000e+00 0.000000000000000000e+00 5.026996434421826448e-10 3.407827387333047658e-10 9.982324106210385528e-11 -3.635633972510218112e-10 6.367853755046315410e-11 -1.875729921828154715e-10 -1.460774225456646572e-10 -3.658980078517978090e-11 1.281959636110471265e-11 -1.480641074053523398e-11 -3.404512935584780181e-08 -7.905591549181775868e+00 0.000000000000000000e+00 0.000000000000000000e+00
0.000000000000000000e+00 0.000000000000000000e+00 0.000000000000000000e+00 0.000000000000000000e+00 0.000000000000000000e+00 0.000000000000000000e+00 5.917557077820052975e-10 3.844931153968189125e-10 2.645858889481715118e-10 -3.229932584739878755e-10 1.247042355193051147e-10 -2.779573332931825043e-10 -2.069825924216636302e-10 5.078798312616757637e-11 2.695276385159672248e-11 -1.716874851196218061e-11 -2.598126723887924637e-07 -5.425844135636654663e+11 0.000000000000000000e+00 0.000000000000000000e+00
