0.000000000000000000e+00 0.000000000000000000e+00 0.000000000000000000e+00 0.000000000000000000e+00 0.000000000000000000e+00 0.000000000000000000e+00 5.563957359658499840e-11 1.809518687451760706e-11 2.522043617654796041e-11 2.821373168500643794e-11 2.718014010738672630e-11 2.446933543755721946e-11 1.884593081480125152e-11 1.073445570302713998e-11 3.194516988363794948e-12 2.554719698512280602e-13 6.944512906023345770e-12 2.922496117922648671e-09 1.295839722260334239e-09 0.000000000000000000e+00
0.000000000000000000e+00 0.000000000000000000e+00 0.000000000000000000e+00 0.000000000000000000e+00 0.000000000000000000e+00 0.000000000000000000e+00 -2.506762862529546413e-12 -3.933515575526245859e-12 2.509269665960380924e-12 5.641679414191688470e-13 -2.993855856232090570e-13 6.163075954142783559e-13 9.710017284880986548e-13 7.473748561888415971e-13 1.086037680077791933e-13 4.814712789087815982e-14 2.606263450663799948e-09 2.834005906965510254e-09 1.294591807655786451e-09 0.000000000000000000e+00
0.000000000000000000e+00 0.000000000000000000e+00 0.000000000000000000e+00 0.000000000000000000e+00 0.000000000000000000e+00 0.000000000000000000e+00 1.714320977285630397e-10 8.447137345400489484e-11 1.010968906557908768e-10 1.300242234665849461e-10 1.568681355621389029e-10 1.628909845380432404e-10 1.077378009964178796e-10 6.730612570996406987e-11 2.467212305152463587e-11 5.705949802183608407e-12 7.607205431924642651e-07 2.962728952581766598e-09 1.295338561629471766e-09 0.000000000000000000e+00
0.000000000000000000e+00 0.000000000000000000e+00 0.000000000000000000e+00 0.000000000000000000e+00 0.000000000000000000e+00 0.000000000000000000e+00 -2.197221114793730679e-12 -1.967499277652346791e-12 1.234923754482512234e-12 -3.686145155246922975e-13 -8.629832951044178885e-14 -9.254064112043453051e-14 4.516900301794072395e-14 3.800280637558629661e-14 1.041726003154331247e-14 -2.655049502208605148e-17 -1.854093980740999484e-14 1.292194787762063823e-08 -4.176375509804353126e-02 0.000000000000000000e+00
0.000000000000000000e+00 0.000000000000000000e+00 0.000000000000000000e+00 0.000000000000000000e+00 0.000000000000000000e+00 0.000000000000000000e+00 -1.216610698273810178e-12 -2.728448982602773687e-12 2.735463283808166929e-12 1.788029928322676643e-13 -5.270176878025394794e-13 -1.635551030757190007e-14 7.983361835667960009e-14 4.033279339837946411e-14 3.418976727506744357e-14 1.985701853648771400e-14 1.765654548041253733e-14 -2.262748577705878171e-08 3.505955704364955425e+06 0.000000000000000000e+00
0.000000000000000000e+00 0.000000000000000000e+00 0.000000000000000000e+00 0.000000000000000000e+00 0.000000000000000000e+00 0.000000000000000000e+00 -5.304332395184282236e-10 6.066871757799319834e-10 -8.359245430771091685e-11 -3.946477785032168335e-12 -2.125892910342244918e-10 -1.023889074404593076e-10 -3.104054359461756866e-11 -1.984734247961210660e-11 -4.368420389722680250e-12 4.284535588591595797e-13 2.159650077877479466e-12 2.054728629338696249e-11 1.093802603520139526e-12 0.000000000000000000e+00
0.000000000000000000e+00 0.000000000000000000e+00 0.000000000000000000e+00 0.000000000000000000e+00 0.000000000000000000e+00 0.000000000000000000e+00 -1.806008585783110399e-10 1.195745492639292316e-10 -5.011643205373850489e-11 2.599415807696591355e-10 6.293596879134441173e-11 2.512704711500155008e-11 1.349178927041881183e-11 1.866353873353695137e-12 1.303775618287588690e-12 -1.540644142008807687e-13 -5.291731238703188341e-12 1.977328201186272104e-11 1.244167404015628106e-12 0.000000000000000000e+00
0.000000000000000000e+00 0.000000000000000000e+00 0.000000000000000000e+00 0.000000000000000000e+00 0.000000000000000000e+00 0.000000000000000000e+00 -8.534493223857673043e-10 1.045976597155756517e-09 -1.084137529509937156e-10 -2.539890834470621057e-10 -5.173755314564514062e-10 -2.624478673987477381e-10 -7.329956385439472026e-11 -4.607136793083176814e-11 -1.304044925922105425e-11 -1.559072769233225871e-13 8.014125191687418351e-11 2.101945396425307353e-11 1.234859245957782838e-12 0.000000000000000000e+00
0.000000000000000000e+00 0.000000000000000000e+00 0.000000000000000000e+00 0.000000000000000000e+00 0.000000000000000000e+00 0.000000000000000000e+00 -1.102581158947925915e-10 1.668209567220720724e-10 -8.764189090208432388e-11 1.356917533953666863e-10 1.910001809084604589e-11 -3.272131854144239059e-12 -1.172811015287712267e-12 -3.128075173290549856e-12 4.777609070393350740e-13 -2.346669684547812609e-14 1.664855560577512803e-13 -1.554395654117156914e-11 1.769234552677242496e-08 0.000000000000000000e+00
0.000000000000000000e+00 0.000000000000000000e+00 0.000000000000000000e+00 0.000000000000000000e+00 0.000000000000000000e+00 0.000000000000000000e+00 -8.648949699753629794e-11 1.492414533383250891e-10 -8.673147374807805225e-11 1.644135124657792918e-10 3.700873767236963588e-11 -1.389962284927133439e-12 5.681946801588737902e-12 2.796872182816338710e-13 4.446586227208953797e-13 3.180225060622959621e-13 -6.214387135719444256e-14 -9.188607551883660054e-11 6.097200792448062567e-04 0.000000000000000000e+00
0.000000000000000000e+00 0.000000000000000000e+00 0.000000000000000000e+00 0.000000000000000000e+00 0.000000000000000000e+00 0.000000000000000000e+00 -3.840893120451449330e-09 2.454690604774670661e-09 -2.925878629272243736e-09 -5.060761301679415499e-10 -6.018277236288073875e-10 -5.943934144791288813e-10 -1.781007223097000928e-10 -1.281215943164092459e-10 -2.991016037853198010e-11 -5.096440165412029302e-13 2.303915948781910457e-11 3.011356774692131479e-10 5.167869345964585305e-11 0.000000000000000000e+00
0.000000000000000000e+00 0.000000000000000000e+00 0.000000000000000000e+00 0.000000000000000000e+00 0.000000000000000000e+00 0.000000000000000000e+00 -1.537258935338098532e-09 1.490469069250672817e-10 9.359829375627788867e-10 1.289480918042039027e-09 -1.431253320792113013e-10 1.433011936658835687e-10 7.861182150023500514e-11 4.504104902429491340e-11 4.917396004326048118e-12 -2.341867920991641493e-12 -1.118265074638228100e-10 2.954290778834659992e-10 5.048620355223218477e-11 0.000000000000000000e+00
0.000000000000000000e+00 0.000000000000000000e+00 0.000000000000000000e+00 0.000000000000000000e+00 0.000000000000000000e+00 0.000000000000000000e+00 -5.942584374137151479e-09 4.547101413433863315e-09 -6.503922928877356716e-09 -2.267906157113168753e-09 -1.137048621203745459e-09 -1.519201924000379816e-09 -4.842099273569487947e-10 -3.416844483376596095e-10 -8.206266847848369909e-11 -2.952392996127971328e-11 2.497983580906737102e-09 3.030424776494861610e-10 5.038878981421850377e-11 0.000000000000000000e+00
0.000000000000000000e+00 0.000000000000000000e+00 0.000000000000000000e+00 0.000000000000000000e+00 0.000000000000000000e+00 0.000000000000000000e+00 -1.087487914197215066e-09 1.225258651226685325e-10 3.043924861746596732e-10 7.278624651355594208e-10 -7.101865896361949691e-11 1.379664944795670704e-11 2.883297607726867728e-11 1.088191693092929484e-11 1.365342969808744750e-12 9.779515785810291704e-14 -2.232625129986552868e-12 1.110953724140879797e-09 3.680308714489943020e-07 0.000000000000000000e+00
0.000000000000000000e+00 0.000000000000000000e+00 0.000000000000000000e+00 0.000000000000000000e+00 0.000000000000000000e+00 0.000000000000000000e+00 -1.229725983033973513e-09 3.726550346509597076e-10 2.149723935722785869e-10 8.952889262337738865e-10 -1.374012402198154706e-10 5.596832271802979682e-11 3.109222244571599401e-11 7.615049468347968257e-12 -1.183129020730954858e-12 1.396593862480988192e-12 3.995981951830681173e-12 3.642011604804743638e-10 5.880881691395292710e-03 0.000000000000000000e+00
0.000000000000000000e+00 0.000000000000000000e+00 0.000000000000000000e+00 0.000000000000000000e+00 0.000000000000000000e+00 0.000000000000000000e+00 1.742775229560340738e-10 -1.054357610331859325e-11 -7.154399454453259442e-11 3.525299406889333100e-11 -1.053771359525790279e-11 2.712531642134975953e-11 1.607609502597781602e-11 2.472290992860299526e-12 -1.145988501037340700e-11 -2.448957316289222460e-12 3.796900209027888607e-12 -3.256309702079130676e-09 4.649291267950328675e-08 0.000000000000000000e+00
0.000000000000000000e+00 0.000000000000000000e+00 0.000000000000000000e+00 0.000000000000000000e+00 0.000000000000000000e+00 0.000000000000000000e+00 1.673145003449275187e-10 -1.825410672079619165e-10 -2.021993152096756375e-10 8.203992750192369449e-11 -6.811369673777683711e-11 -3.564591255751123474e-11 3.195586092782244975e-11 -5.066759557437243343e-12 -9.593608986435304424e-12 -2.828242911025684185e-13 -5.676848258259549472e-06 -2.342230318401900566e-09 4.740369300127797113e-08 0.000000000000000000e+00
0.000000000000000000e+00 0.000000000000000000e+00 0.000000000000000000e+00 0.000000000000000000e+00 0.000000000000000000e+00 0.000000000000000000e+00 5.804473283814619569e-11 -1.790050138518149504e-10 -1.961492793486105580e-10 4.864296436930012687e-11 1.660511244701493046e-11 2.176483466789689569e-10 -6.358518321432119293e-11 -2.180207891421974173e-11 -2.768485107048723916e-12 8.018950210822604942e-12 -2.685502699953876945e-06 -2.491072102317004456e-09 4.734649693272337140e-08 0.000000000000000000e+00
0.000000000000000000e+00 0.000000000000000000e+00 0.000000000000000000e+00 0.000000000000000000e+00 0.000000000000000000e+00 0.000000000000000000e+00 4.566692748845160479e-11 -7.202762721039225386e-11 -1.332327308960115270e-10 -9.139188706361652638e-12 5.120706165879591901e-12 -3.809964126796702946e-11 2.140566383478524017e-11 3.673572709164781939e-12 -1.077735466290933463e-11 -3.791153720018367957e-12 1.734381565633513944e-11 -1.763415310521387932e-07 -2.014253786660603840e+00 0.000000000000000000e+00
0.000000000000000000e+00 0.000000000000000000e+00 0.000000000000000000e+00 0.000000000000000000e+00 0.000000000000000000e+00 0.000000000000000000e+00 1.761668024683247437e-10 -2.042634297015286039e-10 -9.999303436390834142e-11 9.370625501357667872e-11 -4.205203440838638943e-12 -5.746157460605641663e-12 3.969353177781147847e-11 -1.099779208419610626e-11 -2.658415509854838980e-11 -8.236754398431390234e-12 1.260285520930050936e-11 -2.871123200441483536e-05 1.323367233283440351e+09 0.000000000000000000e+00
0.000000000000000000e+00 0.000000000000000000e+00 0.000000000000000000e+00 0.000000000000000000e+00 0.000000000000000000e+00 0.000000000000000000e+00 2.842960394971829408e-10 6.149161384443373993e-10 2.787553927197325438e-10 3.590278582460517404e-10 4.349498301977968756e-10 3.033180071459971057e-10 1.883609745662133134e-10 9.921902817991191451e-11 3.041760413549357682e-11 4.301725258520225036e-12 5.641326339830038196e-11 2.530919714373239062e-08 -1.290526052941915700e-07 0.000000000000000000e+00
0.000000000000000000e+00 0.000000000000000000e+00 0.000000000000000000e+00 0.000000000000000000e+00 0.000000000000000000e+00 0.000000000000000000e+00 -2.026475201140119930e-10 7.143544210359736777e-10 -9.014200461007202138e-11 -1.074134330015556731e-10 1.598476982407176475e-10 -6.055682662716070061e-11 2.876183296817560014e-11 5.578246890225039703e-11 1.325242476622588938e-11 4.111653564191361594e-12 -2.334259114466767731e-07 2.473957806134980194e-08 -1.249920808065868436e-07 0.000000000000000000e+00
0.000000000000000000e+00 0.000000000000000000e+00 0.000000000000000000e+00 0.000000000000000000e+00 0.000000000000000000e+00 0.000000000000000000e+00 3.425386316052294219e-09 7.168627290374240923e-10 3.082968669211768660e-09 1.846414756047006158e-09 2.079347349597969381e-09 2.104123607548075490e-09 1.124807705669352875e-09 5.700999319753176678e-10 1.764387912840789418e-10 4.439871240479603491e-11 1.869515604993871101e-05 2.581284174217082412e-08 -1.247578411902545222e-07 0.000000000000000000e+00
0.000000000000000000e+00 0.000000000000000000e+00 0.000000000000000000e+00 0.000000000000000000e+00 0.000000000000000000e+00 0.000000000000000000e+00 1.122907904673275111e-10 5.343769298850617472e-11 -9.426669187356487915e-11 -1.377451125928601829e-10 8.228403110973745683e-11 -6.302215671350809229e-11 1.800238332739873429e-11 3.353855881229950659e-11 2.301019565803215130e-11 4.524354752307241916e-12 1.584251046137578882e-11 5.265547083455155309e-07 -5.105400407700869891e+00 0.000000000000000000e+00
0.000000000000000000e+00 0.000000000000000000e+00 0.000000000000000000e+00 0.000000000000000000e+00 0.000000000000000000e+00 0.000000000000000000e+00 -1.566125451874935187e-11 1.544839267123094437e-10 -2.120546401435673255e-10 -1.175036288641045159e-10 1.513741735728524189e-10 2.581260320761734099e-11 2.360339207480865839e-11 6.171071527155798465e-11 1.441656836850986428e-11 3.609351189823547153e-12 8.923284417294022623e-12 7.452704057729457598e-06 -2.424509444338287354e+09 0.000000000000000000e+00
0.000000000000000000e+00 0.000000000000000000e+00 0.000000000000000000e+00 0.000000000000000000e+00 0.000000000000000000e+00 0.000000000000000000e+00 -5.502793080270247608e-09 -1.997430432635044898e-09 -2.095350149273162861e-09 -3.960053458373584137e-09 -1.455226617084143453e-09 -1.110973867345481889e-09 -3.953010292754401973e-10 -1.141770142879797721e-10 -6.032490737363909865e-11 -2.004789290091213926e-12 3.849948051957862530e-11 3.172636690141282610e-10 8.330277268650586705e-11 0.000000000000000000e+00
0.000000000000000000e+00 0.000000000000000000e+00 0.000000000000000000e+00 0.000000000000000000e+00 0.000000000000000000e+00 0.000000000000000000e+00 7.621362110816998355e-09 1.813019866067559639e-09 1.155759756733132386e-09 3.842732985499235124e-10 5.343380822749570629e-10 7.074010410371597266e-10 1.066356807415716264e-10 1.651349836150866342e-10 1.045655432486897667e-11 -3.752484455885385540e-12 1.502482505173743403e-10 3.057218548427792770e-10 8.265419569109018770e-11 0.000000000000000000e+00
0.000000000000000000e+00 0.000000000000000000e+00 0.000000000000000000e+00 0.000000000000000000e+00 0.000000000000000000e+00 0.000000000000000000e+00 -1.737472505175345840e-08 -5.470067610704299019e-09 -5.118024108355208407e-09 -8.087742122552182612e-09 -3.904812988318804378e-09 -3.467232474125831178e-09 -1.003381129060108348e-09 -4.589419115496030379e-10 -1.729150527493527356e-10 -4.128104656975129276e-11 2.376558117710577282e-10 3.243595273532260224e-10 8.276797851917092693e-11 0.000000000000000000e+00
0.000000000000000000e+00 0.000000000000000000e+00 0.000000000000000000e+00 0.000000000000000000e+00 0.000000000000000000e+00 0.000000000000000000e+00 4.438639078511796534e-09 2.493953659252437201e-10 4.158943860982136193e-10 -7.881846554902811334e-10 1.392508927755249234e-10 3.705844801459445187e-10 4.338405394689223454e-12 1.268058684621930533e-10 3.492973847108655105e-13 7.164110518113706209e-13 -7.855338312294372880e-13 3.369271884476403161e-10 -2.332172261018919646e-07 0.000000000000000000e+00
0.000000000000000000e+00 0.000000000000000000e+00 0.000000000000000000e+00 0.000000000000000000e+00 0.000000000000000000e+00 0.000000000000000000e+00 4.903046285202945697e-09 -3.847735349894116340e-11 1.349558795055075080e-09 -4.843605001290038049e-10 5.756224278142670409e-10 2.019062339041886660e-10 2.628041981737408735e-11 9.965223503496061151e-11 2.353605282024618300e-12 1.615063641983692793e-12 3.415683180940784964e-12 4.245886632477282129e-11 1.909142166639572757e-02 0.000000000000000000e+00
0.000000000000000000e+00 0.000000000000000000e+00 0.000000000000000000e+00 0.000000000000000000e+00 0.000000000000000000e+00 0.000000000000000000e+00 -3.057156959609812867e-08 7.306764319392417143e-09 -1.441459843505261695e-08 -1.306405177701331453e-08 -7.261792513044611764e-09 -4.811126926511042633e-09 -2.475825924218748657e-09 -5.373610434100084146e-10 -1.749359140515254154e-10 -2.664690737800734648e-11 3.004297435189089875e-10 2.220784718237357723e-09 9.234053916788790216e-10 0.000000000000000000e+00
0.000000000000000000e+00 0.000000000000000000e+00 0.000000000000000000e+00 0.000000000000000000e+00 0.000000000000000000e+00 0.000000000000000000e+00 2.158288298678837501e-08 1.562539008341839657e-08 1.157176245726971374e-08 1.122345067279778006e-09 -4.098652816051598781e-09 1.975086956434184597e-09 6.837193330437858120e-10 6.780991276551769698e-10 1.224153627581390266e-10 -1.751101442964135510e-11 3.026583685476279308e-09 2.096543681425717476e-09 9.225906079810636181e-10 0.000000000000000000e+00
0.000000000000000000e+00 0.000000000000000000e+00 0.000000000000000000e+00 0.000000000000000000e+00 0.000000000000000000e+00 0.000000000000000000e+00 -7.807937471050973919e-08 -9.035014422488972247e-10 -3.797239057455266155e-08 -2.693559090911877364e-08 -1.279385805759237704e-08 -1.343411969250037177e-08 -6.265066035953640786e-09 -2.053812825610879122e-09 -7.003787205885448998e-10 -3.376712362306550728e-10 -1.496179803111532555e-09 2.249337886934399497e-09 9.227318543707033954e-10 0.000000000000000000e+00
0.000000000000000000e+00 0.000000000000000000e+00 0.000000000000000000e+00 0.000000000000000000e+00 0.000000000000000000e+00 0.000000000000000000e+00 5.400768359140858254e-09 4.403095633344691569e-09 2.431089775742485650e-09 -4.373512189957807338e-09 -3.052727635840726909e-09 8.023443271115638803e-10 -4.667032200030107813e-11 4.229771089784971567e-10 1.262064748162803526e-10 1.845403910631107816e-11 1.332222499717820159e-11 1.750718195832770547e-09 -8.425247336427775361e-07 0.000000000000000000e+00
0.000000000000000000e+00 0.000000000000000000e+00 0.000000000000000000e+00 0.000000000000000000e+00 0.000000000000000000e+00 0.000000000000000000e+00 1.515214250463895433e-08 1.173242898678020116e-08 8.341771662161610073e-09 -1.493308034658183659e-09 -1.901501583721918715e-09 -8.459312509251383435e-11 2.056500612670776835e-10 4.706290486250950905e-10 3.686017866045059399e-11 -2.180934771265637879e-11 2.988244448187255359e-11 -4.687071187047332227e-09 8.942356349115197778e-02 0.000000000000000000e+00
0.000000000000000000e+00 0.000000000000000000e+00 0.000000000000000000e+00 0.000000000000000000e+00 0.000000000000000000e+00 0.000000000000000000e+00 -4.432031784648523862e-10 1.052441727522992963e-09 9.818340424172117072e-10 5.578738772956448366e-10 -2.219572205991622017e-10 -1.667887368694293476e-10 -5.660766211961200313e-11 -9.798091853769114461e-12 -4.292005109156234991e-11 -4.420590444565220403e-11 -1.354216739687127782e-10 -3.717668366898589797e-08 3.844574449430827070e-07 0.000000000000000000e+00
0.000000000000000000e+00 0.000000000000000000e+00 0.000000000000000000e+00 0.000000000000000000e+00 0.000000000000000000e+00 0.000000000000000000e+00 -3.866927571578797175e-09 4.685901827047634614e-09 2.567299444362176668e-09 1.270558550908304239e-09 -9.625730726951191922e-10 3.222041983371476923e-10 2.271954082495878816e-10 1.067718952415767006e-10 -3.876345308750867141e-11 -5.651898363835771929e-11 -1.464589314496644548e-05 -2.839342672341934618e-08 3.856629807312913849e-07 0.000000000000000000e+00
0.000000000000000000e+00 0.000000000000000000e+00 0.000000000000000000e+00 0.000000000000000000e+00 0.000000000000000000e+00 0.000000000000000000e+00 -2.727566140380729410e-09 -1.182777206205369845e-09 3.243821709872455822e-09 3.639173051067276090e-09 9.305153007846024824e-10 -3.939471524991580350e-10 -7.873207093451093066e-10 1.585426676462879200e-10 -3.681397575335367069e-11 -5.352128350824403814e-12 5.007162112641390904e-03 -2.584827254520051042e-08 3.858830776650338927e-07 0.000000000000000000e+00
0.000000000000000000e+00 0.000000000000000000e+00 0.000000000000000000e+00 0.000000000000000000e+00 0.000000000000000000e+00 0.000000000000000000e+00 -7.346788069571208498e-10 3.355854793820511280e-09 2.484380915822471576e-09 -9.938399529824685483e-11 -6.571969578682719830e-10 -1.873796746494082634e-10 6.083720122874968970e-11 3.412980049000574587e-11 -1.212776301641820736e-10 -4.000450123411074229e-11 -7.723239267881794277e-12 -2.723499038943429062e-06 -1.924015396752416507e+00 0.000000000000000000e+00
0.000000000000000000e+00 0.000000000000000000e+00 0.000000000000000000e+00 0.000000000000000000e+00 0.000000000000000000e+00 0.000000000000000000e+00 1.007178097607010374e-09 1.040297539655938792e-09 2.501040009863950009e-09 -6.743222745645077919e-11 6.169547267658365887e-11 -6.685703164123074521e-10 1.657208960467436122e-10 -2.087076165179142889e-10 -3.525076086424117362e-11 -7.887886810535232954e-11 1.020810914692124519e-10 -1.498326949954449812e-04 2.983247558505595703e+11 0.000000000000000000e+00
0.000000000000000000e+00 0.000000000000000000e+00 0.000000000000000000e+00 0.000000000000000000e+00 0.000000000000000000e+00 0.000000000000000000e+00 1.244581771009466283e-09 6.698197283509657206e-10 7.130592594290325111e-10 6.095443762043990584e-10 7.132195731124314480e-10 6.668812035891734323e-10 5.449084609022564538e-10 4.910496589340353094e-10 2.458774296739153321e-10 6.526368100198046569e-11 5.350469903514125459e-10 4.086560447864231382e-08 2.912690428989029215e-09 0.000000000000000000e+00
0.000000000000000000e+00 0.000000000000000000e+00 0.000000000000000000e+00 0.000000000000000000e+00 0.000000000000000000e+00 0.000000000000000000e+00 2.951683802528463614e-10 1.702677874643557692e-10 1.473987669761199374e-10 2.128339542967200495e-10 1.572140758543367445e-10 1.724401797601505303e-10 1.335503116753681535e-10 1.291263991030732634e-10 1.540784251667125799e-10 2.531049206501399541e-10 1.965459135711386296e-06 3.943140278069750238e-08 2.740730369462256604e-09 0.000000000000000000e+00
0.000000000000000000e+00 0.000000000000000000e+00 0.000000000000000000e+00 0.000000000000000000e+00 0.000000000000000000e+00 0.000000000000000000e+00 3.793903062529035532e-09 2.148887956438482078e-09 2.483117719509345185e-09 2.676413912367915873e-09 3.844927174122524539e-09 4.065970313460695492e-09 2.681827549210817249e-09 2.261076755344536785e-09 1.189813651288187160e-09 6.274105738640303676e-10 1.360867600839631879e-04 4.078149648702065025e-08 2.793899364195681836e-09 0.000000000000000000e+00
0.000000000000000000e+00 0.000000000000000000e+00 0.000000000000000000e+00 0.000000000000000000e+00 0.000000000000000000e+00 0.000000000000000000e+00 1.272346575064587296e-10 9.696150828518499038e-11 1.089099606002646446e-10 1.252425804695562755e-10 1.061148625823354077e-10 1.078223006057173034e-10 1.263266018921632113e-10 1.677083325126750682e-10 1.143727950835005542e-10 5.241424739413096539e-11 2.586752078281983657e-10 -4.127410012278292644e-08 7.069778346504174138e-01 0.000000000000000000e+00
0.000000000000000000e+00 0.000000000000000000e+00 0.000000000000000000e+00 0.000000000000000000e+00 0.000000000000000000e+00 0.000000000000000000e+00 1.527883662277485138e-10 9.955476041274452963e-11 8.324660703807186286e-11 1.130228649786627539e-10 7.253557681083975760e-11 1.199994821531917272e-10 1.274411392617465898e-10 1.009566464341840619e-10 5.960053986635023891e-11 3.117626613823764093e-11 9.030438921403779927e-11 5.333300353113526286e-06 2.618209772938365936e+08 0.000000000000000000e+00
0.000000000000000000e+00 0.000000000000000000e+00 0.000000000000000000e+00 0.000000000000000000e+00 0.000000000000000000e+00 0.000000000000000000e+00 -8.621265996689898138e-09 -2.647523601029543612e-09 -3.282364654569339975e-09 -2.801395546206599023e-09 -1.673772919003408539e-09 -1.031072532290845209e-09 -5.719575415075511000e-10 -4.416668658698227858e-10 -1.797030279385837528e-10 -2.968406859049574399e-11 8.506138607631379653e-11 5.095142719357710968e-10 3.105879450578206937e-11 0.000000000000000000e+00
0.000000000000000000e+00 0.000000000000000000e+00 0.000000000000000000e+00 0.000000000000000000e+00 0.000000000000000000e+00 0.000000000000000000e+00 -1.699159633501911060e-09 -1.128665696409684658e-09 -7.720490623432280231e-10 5.187653386831862452e-10 -2.891140535667384322e-10 -1.219822295051993337e-10 8.175527446146930005e-11 -4.762365366716335816e-11 -6.529091257079078401e-11 -5.082822239051799820e-11 2.962316451961057119e-10 4.790824723953044388e-10 3.047390540018310249e-11 0.000000000000000000e+00
0.000000000000000000e+00 0.000000000000000000e+00 0.000000000000000000e+00 0.000000000000000000e+00 0.000000000000000000e+00 0.000000000000000000e+00 -1.494531165013369231e-08 -4.047974254640485865e-09 -5.696779770440020647e-09 -6.179984750114643778e-09 -3.490821567745427746e-09 -2.330997776269996894e-09 -1.324754832000530945e-09 -9.756543080634401174e-10 -4.130458584371650163e-10 -1.531862416672319395e-10 2.421603839239535367e-09 5.042940192668716244e-10 2.990745163348459984e-11 0.000000000000000000e+00
0.000000000000000000e+00 0.000000000000000000e+00 0.000000000000000000e+00 0.000000000000000000e+00 0.000000000000000000e+00 0.000000000000000000e+00 -3.067144393660752871e-09 -8.570523492282705536e-10 -5.963214764968303841e-10 -3.771388861829619528e-10 -5.775010849931690347e-10 -3.061400711122672641e-10 -1.113516721041095894e-10 -1.591587164557707837e-10 -7.930118890100641854e-11 -2.184849252969128596e-11 2.569116360537414096e-11 -2.423391911758806074e-11 1.980719250831333400e-07 0.000000000000000000e+00
0.000000000000000000e+00 0.000000000000000000e+00 0.000000000000000000e+00 0.000000000000000000e+00 0.000000000000000000e+00 0.000000000000000000e+00 -1.975909531202248476e-10 -1.353335798063302911e-09 -4.963768679772171041e-11 2.289580131231196952e-10 -3.744636359350736863e-10 -1.896770117084570315e-10 -3.160450470951151436e-12 -3.502051402409040595e-11 -2.314372669322455683e-11 -7.509254144135072271e-12 2.514730891478753929e-12 -5.151535991665491355e-11 4.616009036717270628e-03 0.000000000000000000e+00
0.000000000000000000e+00 0.000000000000000000e+00 0.000000000000000000e+00 0.000000000000000000e+00 0.000000000000000000e+00 0.000000000000000000e+00 -5.243825114472610745e-08 -1.299425861786319376e-08 -2.744600091116364445e-08 -8.401723932413601097e-09 -7.013204156168139641e-09 -3.702442906730584577e-09 -1.435614817809390751e-09 -1.878912869783852373e-11 -7.806053116645521161e-11 3.539312249318261284e-11 -1.830767778115152949e-11 -2.990988723243337972e-11 -9.447900925571848829e-11 0.000000000000000000e+00
0.000000000000000000e+00 0.000000000000000000e+00 0.000000000000000000e+00 0.000000000000000000e+00 0.000000000000000000e+00 0.000000000000000000e+00 -1.833880621201216538e-08 -1.127136371510604905e-08 -4.031938664209758983e-09 4.289615133524470529e-10 -3.177668465169151337e-09 -2.974493532083728700e-10 7.314783602907090595e-11 -8.808992973203331671e-11 -8.911121965832960318e-12 2.874927110676255388e-11 3.555360775872396221e-09 -4.575163996401258366e-11 -1.062618744014014891e-10 0.000000000000000000e+00
0.000000000000000000e+00 0.000000000000000000e+00 0.000000000000000000e+00 0.000000000000000000e+00 0.000000000000000000e+00 0.000000000000000000e+00 -8.364985081059895970e-08 -1.451956168672870058e-08 -4.967392397445152183e-08 -1.770206486197502122e-08 -1.285974552138851062e-08 -8.218396850239936456e-09 -3.095732173196010374e-09 9.554980688265252066e-11 -1.390621357918780244e-10 1.700004867140076842e-11 4.327412740949051299e-08 -1.397278579698615479e-11 -1.117333698355993058e-10 0.000000000000000000e+00
0.000000000000000000e+00 0.000000000000000000e+00 0.000000000000000000e+00 0.000000000000000000e+00 0.000000000000000000e+00 0.000000000000000000e+00 -1.819167184967241050e-08 -8.652448203475021408e-09 -6.557249920533028084e-09 -1.999004854955721477e-09 -2.793301609548539501e-09 -1.165993914261023507e-09 -3.557030714719854244e-10 -6.269961435747885590e-11 -4.097919603493213921e-11 3.467964354400496920e-11 4.445687879835698868e-12 -4.314449051547211384e-09 1.405825405522759450e-08 0.000000000000000000e+00
0.000000000000000000e+00 0.000000000000000000e+00 0.000000000000000000e+00 0.000000000000000000e+00 0.000000000000000000e+00 0.000000000000000000e+00 -9.126645783594949620e-09 -1.178224923547979901e-08 -9.081543865776749689e-10 -3.031717447066629535e-10 -2.424510683207867694e-09 -7.776607080397005863e-10 -7.052759115302485878e-11 -4.329855801793296841e-11 2.786904718199856904e-12 3.810571190454208216e-11 8.874385204160305466e-12 -6.519464531760661235e-09 5.155760280674221568e-02 0.000000000000000000e+00
0.000000000000000000e+00 0.000000000000000000e+00 0.000000000000000000e+00 0.000000000000000000e+00 0.000000000000000000e+00 0.000000000000000000e+00 4.659043374039757576e-10 1.536404217247979170e-09 4.690144520804894063e-10 5.210194950967216606e-10 -2.298973941282095154e-10 -1.867761868370318770e-10 -1.452372932611313441e-10 -1.108234814040204838e-10 -4.466851324650102493e-11 -7.494605985418905805e-11 -4.405753628321642627e-10 -3.445842330394328332e-08 7.938124467874886134e-08 0.000000000000000000e+00
0.000000000000000000e+00 0.000000000000000000e+00 0.000000000000000000e+00 0.000000000000000000e+00 0.000000000000000000e+00 0.000000000000000000e+00 1.673105501313095288e-09 1.131695558523478886e-09 2.634275654071503418e-10 8.150068852723771761e-10 -1.101438516774896718e-09 4.643041939227106148e-11 -4.506094230112395670e-10 -2.351187257937987232e-10 -6.463396195976292368e-11 -4.476054441688006145e-11 -1.035971226018852423e-05 -3.472922680402398122e-08 8.234652211809878888e-08 0.000000000000000000e+00
0.000000000000000000e+00 0.000000000000000000e+00 0.000000000000000000e+00 0.000000000000000000e+00 0.000000000000000000e+00 0.000000000000000000e+00 1.172790837565009880e-09 2.977835061335562967e-09 3.701311305767874176e-10 4.633995893483040028e-10 4.226011619224744150e-10 -2.611253369001290018e-10 1.073598760547293172e-10 5.476809493317853338e-12 -9.557304275325922695e-11 -2.069614555108114109e-11 3.484841022836617820e-03 -3.510262508839057768e-08 8.165661015074027557e-08 0.000000000000000000e+00
0.000000000000000000e+00 0.000000000000000000e+00 0.000000000000000000e+00 0.000000000000000000e+00 0.000000000000000000e+00 0.000000000000000000e+00 9.936856876479071094e-10 -1.346413130030644861e-10 9.867519070191911335e-10 1.967026424623690339e-10 -4.652538038278317853e-10 -1.879924041653230121e-10 -3.407338600598552038e-10 -1.653549307482698751e-10 -6.069102914692325693e-11 -8.133462037196290383e-11 -2.574754410332066203e-10 -6.155347410579321824e-07 -4.891952136220528047e+00 0.000000000000000000e+00
0.000000000000000000e+00 0.000000000000000000e+00 0.000000000000000000e+00 0.000000000000000000e+00 0.000000000000000000e+00 0.000000000000000000e+00 1.143785320302585020e-09 8.214842751079746341e-10 1.063126736068959159e-09 4.976257092862547847e-10 -6.926427274366762218e-10 -2.150882105439959676e-10 -5.417867538198336755e-10 -2.509667377156905056e-10 -1.125774155926176665e-10 -8.780140930977465676e-11 -8.294093757886341411e-11 -2.813212578415754888e-05 7.052364106399928284e+10 0.000000000000000000e+00
0.000000000000000000e+00 0.000000000000000000e+00 0.000000000000000000e+00 0.000000000000000000e+00 0.000000000000000000e+00 0.000000000000000000e+00 2.337441127106462390e-11 1.460850669846732079e-11 1.882432058040452977e-11 1.441177245038232132e-11 4.737030238267868973e-12 4.618436141910002011e-12 2.413495478488340579e-12 1.820260318175906103e-12 8.903248523985036475e-13 1.151093711919580751e-13 1.265236992404474866e-12 9.117192973294341733e-10 2.125379008139165282e-09 0.000000000000000000e+00
0.000000000000000000e+00 0.000000000000000000e+00 0.000000000000000000e+00 0.000000000000000000e+00 0.000000000000000000e+00 0.000000000000000000e+00 -1.628793727723766109e-12 -1.485761221278895443e-11 1.410247553024147049e-11 1.927964467977790458e-11 -6.606723209487657192e-12 4.403319051714332344e-12 1.364818161014791943e-12 6.577460992776987298e-14 6.699943864105358481e-13 1.400800416753823237e-13 -9.279185995235707320e-09 9.367242758512629065e-10 2.090292966970286006e-09 0.000000000000000000e+00
0.000000000000000000e+00 0.000000000000000000e+00 0.000000000000000000e+00 0.000000000000000000e+00 0.000000000000000000e+00 0.000000000000000000e+00 1.220702278031134114e-10 1.186428926177595284e-10 9.629039641073908605e-11 5.670226953062615235e-11 3.550930823593906219e-11 2.296940522679939010e-11 1.847212226055188823e-11 7.775499979484810636e-12 2.613989280749394212e-12 9.169019612966402052e-13 1.338334567825201405e-06 9.629202632628901718e-10 2.094713450338656388e-09 0.000000000000000000e+00
0.000000000000000000e+00 0.000000000000000000e+00 0.000000000000000000e+00 0.000000000000000000e+00 0.000000000000000000e+00 0.000000000000000000e+00 2.492104195839291873e-12 -9.377662921028973987e-12 5.423192434261653163e-12 5.293736527593954019e-12 1.993370332245026794e-13 2.263572531024941709e-12 1.698163577586469526e-12 7.696684862058264809e-14 9.457269746468731641e-13 8.713585372642361567e-14 3.787479766104219191e-13 3.812161372239231497e-08 -2.501186650888660434e-01 0.000000000000000000e+00
0.000000000000000000e+00 0.000000000000000000e+00 0.000000000000000000e+00 0.000000000000000000e+00 0.000000000000000000e+00 0.000000000000000000e+00 4.315743033406719036e-12 -3.087040743555003042e-12 8.915849794976530632e-12 1.037128258321410067e-11 -3.657518730313380145e-13 2.397774693471064311e-12 4.503628618778290623e-13 4.257346308772873724e-13 6.023623248172908269e-13 1.813851976517905020e-13 5.766605637763594863e-13 1.305923562522034228e-06 -1.375877966691136360e+06 0.000000000000000000e+00
0.000000000000000000e+00 0.000000000000000000e+00 0.000000000000000000e+00 0.000000000000000000e+00 0.000000000000000000e+00 0.000000000000000000e+00 -1.435573599411547379e-09 -4.690318977800786586e-11 -3.182368145852254371e-10 -4.147506894707873830e-10 -1.313733278229324414e-10 -8.289108579428827663e-11 -8.561867005406241037e-11 -3.456061563317875205e-11 -1.691769593616918249e-11 -3.196481006473778712e-12 7.064055366253269669e-12 5.477847108596708444e-11 -5.331162385235160540e-13 0.000000000000000000e+00
0.000000000000000000e+00 0.000000000000000000e+00 0.000000000000000000e+00 0.000000000000000000e+00 0.000000000000000000e+00 0.000000000000000000e+00 1.475443854320669426e-10 6.267778032080844541e-10 -2.161530030120541538e-11 -3.319234194290297152e-11 9.778916884633765377e-11 5.297375474434233507e-12 -3.379905622755959026e-11 -5.479359870963637015e-12 -5.596227372359766687e-12 -3.482418913039323978e-12 -8.910947770000688439e-12 5.102966467331801703e-11 -4.525761194901355619e-13 0.000000000000000000e+00
0.000000000000000000e+00 0.000000000000000000e+00 0.000000000000000000e+00 0.000000000000000000e+00 0.000000000000000000e+00 0.000000000000000000e+00 -2.881424191997391799e-09 -6.441242916256916904e-10 -5.886223154053823521e-10 -8.098205741765338199e-10 -3.796050507717825372e-10 -2.265121745472408534e-10 -1.439997583998966378e-10 -7.581725896981213788e-11 -3.440629312717974914e-11 -1.057539085944926938e-11 1.066753194174560114e-10 5.299222826974382669e-11 -5.123743627152142411e-13 0.000000000000000000e+00
0.000000000000000000e+00 0.000000000000000000e+00 0.000000000000000000e+00 0.000000000000000000e+00 0.000000000000000000e+00 0.000000000000000000e+00 1.103073684520189825e-10 1.944193485309853015e-10 -1.409951167407381213e-10 -1.744412098319845551e-10 3.851413957464240662e-12 1.599821187834262294e-11 -4.950687698911156216e-11 -7.389173903401010782e-12 -7.910755167687602772e-12 -2.551077270954207635e-12 2.396061423241682009e-12 8.708422059550542188e-11 7.276782681988481103e-08 0.000000000000000000e+00
0.000000000000000000e+00 0.000000000000000000e+00 0.000000000000000000e+00 0.000000000000000000e+00 0.000000000000000000e+00 0.000000000000000000e+00 3.871171179990646723e-10 3.583589692916102303e-10 -3.371514189227086752e-11 -1.383762228714115058e-10 1.345491085198083963e-11 -2.125123459393206752e-11 -2.853701447636997139e-11 -1.471043008072720832e-11 -5.104392686853892131e-12 -1.962092245835142647e-12 1.246050920721863731e-12 5.984618084418801197e-10 -2.969516989538000537e-04 0.000000000000000000e+00
0.000000000000000000e+00 0.000000000000000000e+00 0.000000000000000000e+00 0.000000000000000000e+00 0.000000000000000000e+00 0.000000000000000000e+00 -7.982192950648237693e-09 1.719453933811120546e-09 -4.523917710563145968e-09 -1.472199933524939440e-09 -8.768377592929398604e-10 -5.438136801635176439e-10 -2.455728666496147119e-10 -7.551446722060557295e-11 -2.786579443965337963e-11 -1.494229569083601112e-11 2.122454458549698919e-11 4.010488816660920941e-10 3.068310726167437583e-10 0.000000000000000000e+00
0.000000000000000000e+00 0.000000000000000000e+00 0.000000000000000000e+00 0.000000000000000000e+00 0.000000000000000000e+00 0.000000000000000000e+00 3.416886677000963499e-09 1.520492427454309332e-09 -4.329339342679510270e-10 -6.612481693078024239e-10 -2.257773343504046356e-10 -4.683512349814231381e-10 -4.538797891650859683e-11 -1.180261056298871819e-11 -1.663457987815978462e-11 -1.268688786743033073e-11 3.869175211948285416e-11 3.978038786214661595e-10 3.063717854380900913e-10 0.000000000000000000e+00
0.000000000000000000e+00 0.000000000000000000e+00 0.000000000000000000e+00 0.000000000000000000e+00 0.000000000000000000e+00 0.000000000000000000e+00 -1.832551964955609322e-08 1.869077702393510395e-09 -8.408239172769523666e-09 -2.471642242171616709e-09 -1.522318277001447906e-09 -6.618696146282463713e-10 -4.020983347495584176e-10 -1.490729386547269854e-10 -3.622232313525235568e-11 -1.602912051575611828e-11 1.164791716160245874e-09 4.002888003756046735e-10 3.049392173417425772e-10 0.000000000000000000e+00
0.000000000000000000e+00 0.000000000000000000e+00 0.000000000000000000e+00 0.000000000000000000e+00 0.000000000000000000e+00 0.000000000000000000e+00 2.247101159905215879e-09 1.989447031955086661e-09 -4.852429167216334773e-10 -7.793166562142884648e-10 -4.427835064548281964e-10 -3.131900598247349447e-10 -1.487306685621206254e-10 -1.513833966968972434e-11 -1.235702666308009473e-11 -1.539024733075553992e-11 -3.907445762262114744e-12 9.555745274600070534e-10 1.716087810549318449e-07 0.000000000000000000e+00
0.000000000000000000e+00 0.000000000000000000e+00 0.000000000000000000e+00 0.000000000000000000e+00 0.000000000000000000e+00 0.000000000000000000e+00 3.018565707502165979e-09 2.114537565941514581e-09 -3.053214199678029295e-10 -6.620769430809867747e-10 -3.877863470329999090e-10 -4.356159728371872411e-10 -4.285426191975063742e-11 -5.529373032636240958e-11 -4.569370081932059643e-11 -9.091996006329548632e-12 1.334308675994331437e-11 -3.087053068320983242e-09 -2.216771753891103383e-02 0.000000000000000000e+00
0.000000000000000000e+00 0.000000000000000000e+00 0.000000000000000000e+00 0.000000000000000000e+00 0.000000000000000000e+00 0.000000000000000000e+00 1.291178560117802077e-10 -8.491297519976087291e-11 -9.711652946208639603e-11 2.716578350019323386e-10 -3.015755722837108109e-11 -7.972974278215861801e-11 6.140767323419979417e-11 -3.550534833818128241e-11 2.400162521659902269e-11 2.283686744124364532e-12 -4.975971073351706986e-11 -6.183353066769857620e-09 -7.091125002509357517e-08 0.000000000000000000e+00
0.000000000000000000e+00 0.000000000000000000e+00 0.000000000000000000e+00 0.000000000000000000e+00 0.000000000000000000e+00 0.000000000000000000e+00 4.991150817329372128e-10 1.056876892848418438e-10 2.561240086258198068e-10 1.801732986918367397e-10 2.964618796422197015e-10 -2.233568418127513227e-11 6.405609643159601658e-11 1.837431221801050231e-11 9.057282393576826753e-12 9.757740682634565616e-13 5.307658047667646177e-07 -5.975839423866256054e-09 -6.997630190403958550e-08 0.000000000000000000e+00
0.000000000000000000e+00 0.000000000000000000e+00 0.000000000000000000e+00 0.000000000000000000e+00 0.000000000000000000e+00 0.000000000000000000e+00 -1.292735644639270114e-10 1.282350649479421918e-10 -3.388119839180106323e-10 2.934441517737293860e-10 -3.077754376921045697e-10 -2.195075345083705847e-10 1.363870422750472395e-10 -1.548494213507910859e-11 3.725570864006256738e-11 1.235824474506107377e-12 1.138769233732626115e-03 -5.918240693296735362e-09 -6.972094230280467752e-08 0.000000000000000000e+00
0.000000000000000000e+00 0.000000000000000000e+00 0.000000000000000000e+00 0.000000000000000000e+00 0.000000000000000000e+00 0.000000000000000000e+00 5.309313888447484251e-10 -3.581463586021013201e-11 1.188596132723431097e-10 1.341048458684158823e-10 6.420204994749241271e-11 -9.739967503404957885e-11 2.431414573461867195e-11 -1.337372849898807876e-11 1.292202258135013407e-11 1.991135567258921322e-12 -1.766068931760934798e-11 -9.773360648193157839e-08 -1.736095466069637183e+01 0.000000000000000000e+00
0.000000000000000000e+00 0.000000000000000000e+00 0.000000000000000000e+00 0.000000000000000000e+00 0.000000000000000000e+00 0.000000000000000000e+00 5.947356746898323156e-10 3.431580397893224619e-10 -1.116892977144381106e-10 3.006677775362322496e-10 1.306283221246134083e-10 -1.081345804206631010e-10 7.606857943317764835e-11 1.175668424350647586e-11 3.883241366372710651e-11 -1.944403842075863657e-12 -4.990172029347422161e-11 9.072305665345694532e-06 -9.353545889641019821e+09 0.000000000000000000e+00
0.000000000000000000e+00 0.000000000000000000e+00 0.000000000000000000e+00 0.000000000000000000e+00 0.000000000000000000e+00 0.000000000000000000e+00 2.212744286334713152e-07 1.292866663624712237e-07 7.086336777999117475e-08 2.958371229035385779e-08 3.622871682690929912e-08 1.976108556268140410e-08 1.404489327809724183e-08 6.388567926594047511e-09 2.701761375630965522e-09 1.341712095061219883e-09 2.138679276603514100e-09 5.800329114788979342e-07 5.578958798190770147e-07 0.000000000000000000e+00
0.000000000000000000e+00 0.000000000000000000e+00 0.000000000000000000e+00 0.000000000000000000e+00 0.000000000000000000e+00 0.000000000000000000e+00 2.990071306892806779e-07 1.837295291412948929e-07 9.867429730920997898e-08 5.395608077051798875e-08 5.780480455455058875e-08 3.015972188629748425e-08 1.590518856526671888e-08 7.066701336177194500e-09 2.841165595616199041e-09 1.756323318272698086e-09 5.945069251040109974e-06 6.133085786986040890e-07 5.847418371761448692e-07 0.000000000000000000e+00
0.000000000000000000e+00 0.000000000000000000e+00 0.000000000000000000e+00 0.000000000000000000e+00 0.000000000000000000e+00 0.000000000000000000e+00 2.007735955630757479e-07 1.107604705326464960e-07 7.635822309377451749e-08 3.064464628495143286e-08 4.897015217551714129e-08 2.583672271985652449e-08 1.314565829096150596e-08 5.688167420116795730e-09 2.473570538248926158e-09 1.761356576890001768e-09 4.504288364478496384e-03 5.612709251770755361e-07 5.828544046093266458e-07 0.000000000000000000e+00
0.000000000000000000e+00 0.000000000000000000e+00 0.000000000000000000e+00 0.000000000000000000e+00 0.000000000000000000e+00 0.000000000000000000e+00 1.292329762269526270e-07 8.347570666171176489e-08 4.803170544983195906e-08 2.589641984032262681e-08 2.692377646690973476e-08 1.750993032816025743e-08 1.306732733532002875e-08 6.414648455396955100e-09 2.710381577463485713e-09 1.345833741124679229e-09 2.494913972362971416e-09 3.058762314964273032e-05 -6.902685971788200980e+00 0.000000000000000000e+00
0.000000000000000000e+00 0.000000000000000000e+00 0.000000000000000000e+00 0.000000000000000000e+00 0.000000000000000000e+00 0.000000000000000000e+00 1.580463670779600314e-07 9.713434393988980919e-08 5.093821051105224986e-08 2.790742826973015157e-08 3.197234876564205604e-08 2.084846077021610187e-08 1.604210770370657836e-08 7.431341281743032110e-09 2.998717130566873487e-09 1.370167299857137639e-09 3.241693199995910406e-09 1.791862409729296141e-04 -5.463739782709479332e+06 0.000000000000000000e+00
0.000000000000000000e+00 0.000000000000000000e+00 0.000000000000000000e+00 0.000000000000000000e+00 0.000000000000000000e+00 0.000000000000000000e+00 3.422015610757009541e-08 -6.745030505382357515e-09 1.181361460463465361e-08 8.478696310678383637e-10 -1.360871296844463869e-08 3.128709795571976018e-09 -2.583997896649291436e-10 -6.776009216256572365e-11 5.619335053652116843e-11 1.506505251727977971e-12 -3.041129760359149796e-12 -4.822410331556498282e-11 -3.864798329754271556e-12 0.000000000000000000e+00
0.000000000000000000e+00 0.000000000000000000e+00 0.000000000000000000e+00 0.000000000000000000e+00 0.000000000000000000e+00 0.000000000000000000e+00 3.603332919252887312e-08 1.038826952759662582e-09 1.269241323604480692e-08 2.604544247097011598e-09 -1.643210257158831874e-08 2.655523165930864273e-09 -4.490495843372638004e-10 -9.305733606212364204e-11 6.210204569379931101e-11 -2.005646084805070812e-12 -2.925356925813843587e-11 -4.900792763820528802e-11 -3.186079788521475533e-12 0.000000000000000000e+00
0.000000000000000000e+00 0.000000000000000000e+00 0.000000000000000000e+00 0.000000000000000000e+00 0.000000000000000000e+00 0.000000000000000000e+00 3.303429423935258925e-08 -1.383781918828507096e-08 1.184960793901858361e-08 -6.078830384523896083e-10 -1.391907961598711590e-08 4.530447118448831000e-09 3.231308667763983231e-11 -2.584510818853228474e-11 5.410858348782313969e-11 -4.156081194018079907e-12 -1.268730964471654430e-08 -4.455205442543835070e-11 -4.555173404124146244e-12 0.000000000000000000e+00
0.000000000000000000e+00 0.000000000000000000e+00 0.000000000000000000e+00 0.000000000000000000e+00 0.000000000000000000e+00 0.000000000000000000e+00 2.543256719394720961e-08 -2.185802673800246553e-09 9.313171174392207507e-09 1.969324442196591670e-09 -1.204915818783054533e-08 2.094045263232734124e-09 -4.449865399994705777e-10 -8.874916940129364185e-11 5.669416763158518929e-11 1.676180712484300169e-12 -3.055413454921045872e-12 -3.570019464439932590e-10 -3.883235897257949725e-08 0.000000000000000000e+00
0.000000000000000000e+00 0.000000000000000000e+00 0.000000000000000000e+00 0.000000000000000000e+00 0.000000000000000000e+00 0.000000000000000000e+00 2.652660323515915888e-08 1.001642454045230028e-09 9.889613168097389456e-09 2.021749816468520290e-09 -1.227735646923414457e-08 2.374818421238785962e-09 -4.258280740267012651e-10 -8.783461497247746862e-11 6.422509951122902767e-11 1.861398518326463612e-12 -3.864875975018573280e-12 7.299099389524219928e-12 -1.131653585289957601e-03 0.000000000000000000e+00
0.000000000000000000e+00 0.000000000000000000e+00 0.000000000000000000e+00 0.000000000000000000e+00 0.000000000000000000e+00 0.000000000000000000e+00 1.238216181638870044e-07 2.222559080017605569e-08 1.108528653394215802e-07 2.659476192669918933e-08 -2.314076191517707060e-08 1.483490751169526394e-08 6.223760127111543909e-11 -1.475648470171678622e-09 -3.664034034360101475e-11 2.329074181646458250e-10 1.293338181038177597e-10 -2.329883838255790796e-09 1.714893963081353579e-09 0.000000000000000000e+00
0.000000000000000000e+00 0.000000000000000000e+00 0.000000000000000000e+00 0.000000000000000000e+00 0.000000000000000000e+00 0.000000000000000000e+00 1.421579456006531987e-07 9.590647265154437393e-09 1.614676083086708575e-07 4.096248531303209553e-08 -2.030050411745858983e-08 1.774037017636738464e-08 -7.962543495695468485e-10 -1.717229107102717434e-09 -4.606926853594968624e-11 2.296286010131982093e-10 -4.952440535021093433e-09 -2.353018518818568362e-09 1.730319000876516941e-09 0.000000000000000000e+00
0.000000000000000000e+00 0.000000000000000000e+00 0.000000000000000000e+00 0.000000000000000000e+00 0.000000000000000000e+00 0.000000000000000000e+00 1.090895774043128936e-07 3.415797830730369237e-08 7.204513310641071129e-08 1.579306668954627104e-08 -3.196424564775469824e-08 1.591832690760067212e-08 1.189447755546777439e-09 -1.353900269540048714e-09 -1.195157439157773167e-11 2.226000562311596214e-10 7.989174571765939781e-08 -2.213874576062200138e-09 1.714712294393752043e-09 0.000000000000000000e+00
0.000000000000000000e+00 0.000000000000000000e+00 0.000000000000000000e+00 0.000000000000000000e+00 0.000000000000000000e+00 0.000000000000000000e+00 9.793591619385140178e-08 -1.039499200709653687e-08 1.130498900240775943e-07 2.882795886149459716e-08 -1.474315551104905511e-08 1.344402970152567907e-08 -6.199072711075054230e-10 -1.403618003835820901e-09 -3.438076195832004485e-11 2.312968835636157268e-10 1.549468078960541169e-10 -1.541115446198401926e-08 1.648073704231324171e-07 0.000000000000000000e+00
0.000000000000000000e+00 0.000000000000000000e+00 0.000000000000000000e+00 0.000000000000000000e+00 0.000000000000000000e+00 0.000000000000000000e+00 1.044598475491678403e-07 4.530511206590735933e-09 1.187460971972666590e-07 2.931451625335032990e-08 -1.629537531941704598e-08 1.449061532624810378e-08 -6.503255140976924085e-10 -1.654440459353228625e-09 -7.407559917389368577e-11 2.431349980403900091e-10 1.574705398319765357e-10 1.225014792763858879e-08 -2.613114089336064649e-02 0.000000000000000000e+00
0.000000000000000000e+00 0.000000000000000000e+00 0.000000000000000000e+00 0.000000000000000000e+00 0.000000000000000000e+00 0.000000000000000000e+00 -1.501777977390608978e-09 -2.035515830653087892e-09 -4.641558401389893544e-10 -2.732143897718238244e-10 -9.918760949418355208e-11 -2.738019115888110435e-10 -3.708856246947241348e-11 -1.831867101568439037e-10 -1.064259095146046962e-10 1.734261796077135762e-11 -1.012209999936966601e-11 3.071874977707600782e-08 -2.345585919335764755e-07 0.000000000000000000e+00
0.000000000000000000e+00 0.000000000000000000e+00 0.000000000000000000e+00 0.000000000000000000e+00 0.000000000000000000e+00 0.000000000000000000e+00 -3.681334251028627065e-09 -2.970057261077939044e-10 1.489618776053327882e-11 -5.335932510243760420e-10 3.206558365135791308e-10 -2.600715943464362581e-10 -2.285197260710134425e-10 1.890160339092144933e-11 -5.832848919738339582e-11 1.373774637001315487e-10 -1.446015651817026642e-05 3.814884691309017837e-08 -2.310012762935344374e-07 0.000000000000000000e+00
0.000000000000000000e+00 0.000000000000000000e+00 0.000000000000000000e+00 0.000000000000000000e+00 0.000000000000000000e+00 0.000000000000000000e+00 -2.859517469017543683e-11 -1.587899645994087501e-09 -1.322472410632457610e-09 -9.702473920442114374e-10 -2.118190398176436526e-10 3.540530557811150735e-10 -1.040636997840873428e-10 1.383726496068144826e-11 1.722043890765802819e-10 6.931316940981965982e-11 -1.063588510320916114e-02 3.852603474019559099e-08 -2.310212082135845470e-07 0.000000000000000000e+00
0.000000000000000000e+00 0.000000000000000000e+00 0.000000000000000000e+00 0.000000000000000000e+00 0.000000000000000000e+00 0.000000000000000000e+00 -6.744493508669900052e-10 -7.403324076704604059e-10 -1.151292055604849162e-09 -6.096283853060734065e-10 -1.609950627390477551e-11 2.331061742054047772e-10 -1.477165842166242824e-10 -1.879046432704460456e-10 -6.655093803351742710e-11 2.363102558125283435e-11 2.875400540303884786e-11 3.704877424574255773e-07 -1.736136071853750451e+01 0.000000000000000000e+00
0.000000000000000000e+00 0.000000000000000000e+00 0.000000000000000000e+00 0.000000000000000000e+00 0.000000000000000000e+00 0.000000000000000000e+00 -1.818312107377609354e-10 4.641864801817352631e-10 -4.263987952479082572e-10 -1.939125394020391986e-10 3.029652537748123846e-10 -3.637188306992062805e-10 -3.086037736296800998e-10 1.021878491582187556e-10 -1.130907859594968124e-10 -3.241655724905848528e-11 -6.524713541226009781e-11 -1.671723332342895188e-04 -8.116955178817697525e+09 0.000000000000000000e+00
0.000000000000000000e+00 0.000000000000000000e+00 0.000000000000000000e+00 0.000000000000000000e+00 0.000000000000000000e+00 0.000000000000000000e+00 3.903525675287092939e-11 1.055703318412206633e-11 9.793966367233937722e-12 9.480144371713992032e-12 4.867290482603014268e-12 1.977429435086900153e-12 1.050040259798096305e-12 5.529238181225396966e-13 9.897723107645201997e-13 3.514815577526541323e-13 8.613892577495079080e-13 4.757262183056835575e-10 1.194437263150089121e-09 0.000000000000000000e+00
0.000000000000000000e+00 0.000000000000000000e+00 0.000000000000000000e+00 0.000000000000000000e+00 0.000000000000000000e+00 0.000000000000000000e+00 9.661067534375958488e-12 5.997258221548110700e-12 6.640368839939955052e-12 5.756667436816825233e-12 4.645129638851981285e-12 2.998155058788860036e-12 1.229400732055124223e-12 6.358615788147613770e-13 8.783652660622523123e-13 6.420858016650439339e-13 6.381502705997262069e-09 4.940122036955100485e-10 1.240143780815421315e-09 0.000000000000000000e+00
0.000000000000000000e+00 0.000000000000000000e+00 0.000000000000000000e+00 0.000000000000000000e+00 0.000000000000000000e+00 0.000000000000000000e+00 1.052559627013038492e-10 3.207019320767830456e-11 3.379223932495355492e-11 3.382423197694169368e-11 2.267698767001722531e-11 1.096877598978671995e-11 2.931179069814042755e-12 9.829217978548812065e-13 1.058301340098778340e-12 6.713626250597922534e-13 4.516250988580691003e-06 4.661897356165986042e-10 1.237644074251315658e-09 0.000000000000000000e+00
0.000000000000000000e+00 0.000000000000000000e+00 0.000000000000000000e+00 0.000000000000000000e+00 0.000000000000000000e+00 0.000000000000000000e+00 5.568040412327590203e-12 3.328702379985730472e-12 2.535687202520020753e-12 2.626683539000671930e-12 1.960769004927890294e-12 1.529789077113882228e-12 9.880163980150016044e-13 5.824680017815793189e-13 8.642144072818146444e-13 3.474530359555912280e-13 9.432641388268416535e-13 3.126635582741133062e-08 -4.451116613313601048e-05 0.000000000000000000e+00
0.000000000000000000e+00 0.000000000000000000e+00 0.000000000000000000e+00 0.000000000000000000e+00 0.000000000000000000e+00 0.000000000000000000e+00 5.407396869796706361e-12 2.903014401116452178e-12 3.234219729057815848e-12 3.017903091430612082e-12 2.254078297805624991e-12 1.716066996683901852e-12 1.189752895585802675e-12 6.811211474227599562e-13 1.025591728066009424e-12 3.516907768319774932e-13 1.087782393509983937e-12 7.606993015992019408e-08 1.660437750702699122e+04 0.000000000000000000e+00
0.000000000000000000e+00 0.000000000000000000e+00 0.000000000000000000e+00 0.000000000000000000e+00 0.000000000000000000e+00 0.000000000000000000e+00 -4.971730021142967814e-10 -5.881869208128825300e-10 -6.249943345755771496e-11 2.938764357508472363e-11 2.241851931919202493e-11 3.090923965059589828e-11 5.051157953800676088e-12 -6.999706937173727047e-13 -4.628300074306236816e-13 1.006722071838161418e-13 1.200269674369091775e-13 -8.882693781797965303e-13 -2.624413530604626599e-13 0.000000000000000000e+00
0.000000000000000000e+00 0.000000000000000000e+00 0.000000000000000000e+00 0.000000000000000000e+00 0.000000000000000000e+00 0.000000000000000000e+00 4.489367388929502797e-10 1.733310806785265506e-10 -1.074424511519123712e-10 -1.596051775208506157e-10 -7.946033642771877366e-11 1.154304188564753219e-11 1.024734782324314099e-11 -2.772584770857931671e-13 -4.259850474557680859e-13 1.794164288735784512e-13 1.131983138312306046e-11 -1.044474640402599128e-12 -2.637138895206189851e-13 0.000000000000000000e+00
0.000000000000000000e+00 0.000000000000000000e+00 0.000000000000000000e+00 0.000000000000000000e+00 0.000000000000000000e+00 0.000000000000000000e+00 -1.346885582653639707e-09 -1.279657815608638244e-09 -2.814861241461771094e-11 2.089720513788055566e-10 1.307286417155834607e-10 6.249294411487787611e-11 -3.043196904106360058e-12 -1.499628724772969430e-12 -4.239434820815029132e-13 2.449959810855788384e-13 8.676390693130764501e-11 -9.622505773233889769e-13 -2.805813805439474185e-13 0.000000000000000000e+00
0.000000000000000000e+00 0.000000000000000000e+00 0.000000000000000000e+00 0.000000000000000000e+00 0.000000000000000000e+00 0.000000000000000000e+00 3.075726510502403811e-10 5.463067707471141771e-11 -7.894152815764274104e-11 -9.774762838805014767e-11 -4.411225889172850272e-11 1.265595758766463110e-11 9.270223515987416144e-12 -5.147430938224556039e-13 -5.150277385918918221e-13 8.447534343283087227e-14 5.299097895447138872e-14 -4.099078977861584227e-12 1.098020243273535565e-09 0.000000000000000000e+00
0.000000000000000000e+00 0.000000000000000000e+00 0.000000000000000000e+00 0.000000000000000000e+00 0.000000000000000000e+00 0.000000000000000000e+00 2.508312379670465254e-10 4.183725722542964622e-11 -7.299036589716888971e-11 -9.846178120389248822e-11 -4.269329425018636460e-11 8.840655868412695551e-12 8.908087171979271957e-12 -1.075071657111877673e-13 -3.222691107462272473e-13 3.766226102265593745e-14 5.115964162056215302e-14 2.487989184200791621e-11 -4.566627321522459173e-06 0.000000000000000000e+00
0.000000000000000000e+00 0.000000000000000000e+00 0.000000000000000000e+00 0.000000000000000000e+00 0.000000000000000000e+00 0.000000000000000000e+00 -2.155353837269866556e-09 -8.322971070842820803e-10 -1.087687397774406034e-09 5.841519732049287383e-10 8.056032419738550563e-11 1.379459996907918904e-10 2.325288439682762491e-11 -6.038115689466995166e-12 -1.505478839191463889e-12 -2.288689254593387242e-12 6.571262630457512017e-13 -2.198695817860111707e-11 -2.360018661111073753e-11 0.000000000000000000e+00
0.000000000000000000e+00 0.000000000000000000e+00 0.000000000000000000e+00 0.000000000000000000e+00 0.000000000000000000e+00 0.000000000000000000e+00 3.515704276960896872e-09 9.994174319593424852e-10 -2.513494071247163378e-10 -3.219447687122373925e-10 1.084557463711944236e-10 1.763198746710157467e-10 9.920197205729891894e-12 -8.438834404618027802e-12 -1.639146282011723294e-12 -3.888403108016068016e-12 1.360658560318304921e-10 -1.973354406719171297e-11 -2.420708339623610145e-11 0.000000000000000000e+00
0.000000000000000000e+00 0.000000000000000000e+00 0.000000000000000000e+00 0.000000000000000000e+00 0.000000000000000000e+00 0.000000000000000000e+00 -7.242182432514215654e-09 -2.481133668400315521e-09 -1.906828760477938318e-09 1.476262044309117802e-09 6.258601161012976881e-11 1.095284593473518455e-10 3.603557465088798683e-11 -3.056882492000928030e-12 -2.802976929529506213e-12 -4.081123255705972786e-12 6.822428289298146366e-09 -1.924871886069770082e-11 -2.404346434809309656e-11 0.000000000000000000e+00
0.000000000000000000e+00 0.000000000000000000e+00 0.000000000000000000e+00 0.000000000000000000e+00 0.000000000000000000e+00 0.000000000000000000e+00 2.413531078475001025e-09 5.451908959710318831e-10 -2.748364356520589754e-10 -1.432926552046936408e-10 7.633405423339795104e-11 1.330917857145231293e-10 4.719241892008757826e-12 -8.920028636651222956e-12 -1.053946440020588691e-12 -2.263479160310143014e-12 -7.142401065684438914e-13 -1.419973269266716946e-10 -7.430903679982001281e-09 0.000000000000000000e+00
0.000000000000000000e+00 0.000000000000000000e+00 0.000000000000000000e+00 0.000000000000000000e+00 0.000000000000000000e+00 0.000000000000000000e+00 2.120108123941726894e-09 4.090935026633353118e-10 -2.378923406974597955e-10 -1.187336797493112232e-10 6.634638369392623125e-11 1.481376355776574998e-10 1.639132545849216129e-11 -3.334606804121731371e-12 -1.520316422762507427e-12 -2.188229414578582823e-12 -7.575149080771179518e-13 -6.229575443233392831e-10 2.223179314979168656e-04 0.000000000000000000e+00
0.000000000000000000e+00 0.000000000000000000e+00 0.000000000000000000e+00 0.000000000000000000e+00 0.000000000000000000e+00 0.000000000000000000e+00 -1.922127994697463198e-11 -3.972585882058256902e-11 -2.106469868045793331e-11 -1.417245768942177993e-11 -9.197328898132730765e-12 -1.530327021094300234e-12 -3.306952429051951850e-12 -1.967374700690397952e-12 -1.590264850787743630e-12 -1.387346458011869577e-12 -1.174633220328804359e-13 -6.060834332864829935e-10 8.502428998516842067e-09 0.000000000000000000e+00
0.000000000000000000e+00 0.000000000000000000e+00 0.000000000000000000e+00 0.000000000000000000e+00 0.000000000000000000e+00 0.000000000000000000e+00 -5.757330112230063794e-12 -5.168097230293540406e-11 -2.616837232796873348e-11 -4.152983922724071377e-11 -7.464372213097566195e-12 -1.042259338798607307e-11 -6.859939995587138803e-12 -7.469282732832387846e-13 -2.516931679045216943e-12 -2.883841929086542997e-13 -1.187596129973007612e-06 -8.436413396585726900e-10 8.717894463782128654e-09 0.000000000000000000e+00
0.000000000000000000e+00 0.000000000000000000e+00 0.000000000000000000e+00 0.000000000000000000e+00 0.000000000000000000e+00 0.000000000000000000e+00 -1.050871016560691709e-11 -2.756575908017330724e-11 -1.355440432060613751e-11 -1.555807106208030275e-11 -1.311378277400977017e-11 1.093580764405928081e-11 -6.171184716026096325e-12 -3.302472099797899504e-12 -6.097429942424214633e-13 -2.581973014318296102e-14 -6.925438926006692673e-05 -9.138793075103817561e-10 8.719803767184965885e-09 0.000000000000000000e+00
0.000000000000000000e+00 0.000000000000000000e+00 0.000000000000000000e+00 0.000000000000000000e+00 0.000000000000000000e+00 0.000000000000000000e+00 -8.438247843189938629e-12 -1.534686828676268908e-11 -1.111644769979473545e-11 -2.350896452678561861e-11 -9.497332536660585893e-12 -5.605647403312549133e-12 -4.541227275278691678e-12 -1.756044853095929662e-12 -2.594295394132488567e-12 -1.468195703200917841e-12 -1.672724175019798972e-12 -1.761534707531905046e-08 -3.267176758334663228e-02 0.000000000000000000e+00
0.000000000000000000e+00 0.000000000000000000e+00 0.000000000000000000e+00 0.000000000000000000e+00 0.000000000000000000e+00 0.000000000000000000e+00 -3.620947812093182825e-12 -2.148226024147528414e-11 -2.746211488836498817e-11 -3.047806808773041111e-11 -1.067955557197216843e-11 -6.070026230068099644e-12 -7.583039312500729412e-12 -7.668446515890270333e-13 7.360221259475173606e-13 -2.186780285314455801e-12 -7.828743176114397509e-13 -1.706011797161486588e-06 6.345563234115159512e+07 0.000000000000000000e+00
0.000000000000000000e+00 0.000000000000000000e+00 0.000000000000000000e+00 0.000000000000000000e+00 0.000000000000000000e+00 0.000000000000000000e+00 2.507275271933478803e-15 1.573997110607638912e-15 1.308402733690703122e-15 5.620506062894827064e-16 5.567287536888793566e-16 3.199049642985121700e-16 2.209150101690736830e-16 9.835889946602092662e-17 4.093125022671125028e-17 1.929568828599042262e-17 2.619693445948002299e-17 5.888111523841463753e-15 5.097050248498943851e-15 0.000000000000000000e+00
0.000000000000000000e+00 0.000000000000000000e+00 0.000000000000000000e+00 0.000000000000000000e+00 0.000000000000000000e+00 0.000000000000000000e+00 4.279891562456837799e-15 2.491309178486329748e-15 1.888078212528535497e-15 8.990272141281570860e-16 9.856850960267956963e-16 4.968747236022652490e-16 2.596041348838690379e-16 1.092953339848632537e-16 4.333176796570310682e-17 2.399396905807729425e-17 1.435887849786310025e-14 6.151389509437738643e-15 5.384967564365924708e-15 0.000000000000000000e+00
0.000000000000000000e+00 0.000000000000000000e+00 0.000000000000000000e+00 0.000000000000000000e+00 0.000000000000000000e+00 0.000000000000000000e+00 2.517595337507271107e-15 9.963539732455573555e-16 1.050710841457887444e-15 4.575419689160148666e-16 4.735613789704941132e-16 3.239461026536026369e-16 1.744661584564532505e-16 7.956447824295337907e-17 3.550491381585217352e-17 2.381682545761156396e-17 7.891086194399597776e-13 5.464675199451056506e-15 5.363261760928395394e-15 0.000000000000000000e+00
0.000000000000000000e+00 0.000000000000000000e+00 0.000000000000000000e+00 0.000000000000000000e+00 0.000000000000000000e+00 0.000000000000000000e+00 1.900806684474906593e-15 1.205209530214051490e-15 9.174811727685409300e-16 4.363596647659493238e-16 4.783533140954125762e-16 2.874498071816826459e-16 2.116997220532467644e-16 9.833553846757430008e-17 4.138695377125809968e-17 1.934854069133169309e-17 3.066102400131984542e-17 3.435600734398815715e-13 -6.914779866352887081e-09 0.000000000000000000e+00
0.000000000000000000e+00 0.000000000000000000e+00 0.000000000000000000e+00 0.000000000000000000e+00 0.000000000000000000e+00 0.000000000000000000e+00 2.174950894364996758e-15 1.282617686319877049e-15 9.836260005617528810e-16 4.734197090735282878e-16 5.406968805294819208e-16 3.486678785945791086e-16 2.598727441589073512e-16 1.152287658048656124e-16 4.594531112430384584e-17 1.973931555771928106e-17 3.891876533451300311e-17 1.339049130545912322e-12 1.315746824778538659e-01 0.000000000000000000e+00
0.000000000000000000e+00 0.000000000000000000e+00 0.000000000000000000e+00 0.000000000000000000e+00 0.000000000000000000e+00 0.000000000000000000e+00 5.807184501109361154e-12 6.513197778422678275e-14 1.308036389097225262e-12 3.344119697626539650e-14 -1.502212512860963317e-12 2.814393695046846735e-13 -7.145628096703663278e-14 -1.401813790336232616e-14 1.017175859974061119e-14 -1.815200525489512939e-15 2.046708641299767686e-16 -2.789486747953685037e-15 -2.370466032522497095e-15 0.000000000000000000e+00
0.000000000000000000e+00 0.000000000000000000e+00 0.000000000000000000e+00 0.000000000000000000e+00 0.000000000000000000e+00 0.000000000000000000e+00 4.019899511328079738e-12 -5.070704887857943236e-14 5.559682361834208813e-13 -4.154470316727082404e-13 -1.980792615284321019e-12 3.567785854507731870e-13 -8.035708703254699846e-14 -1.623291722278784944e-14 9.973862669069015778e-15 -2.861186510123068703e-15 -1.196199949871897194e-14 -2.805440608559623582e-15 -2.372211647528569430e-15 0.000000000000000000e+00
0.000000000000000000e+00 0.000000000000000000e+00 0.000000000000000000e+00 0.000000000000000000e+00 0.000000000000000000e+00 0.000000000000000000e+00 7.479625076268473888e-12 1.650089019481422571e-13 2.082983842064801330e-12 4.672224372083040223e-13 -1.351220448256885919e-12 2.690262954048760389e-13 -5.547269656853234769e-14 -1.116106867642787530e-14 9.234998452722650729e-15 -2.705529987556217786e-15 -2.751532363514470924e-13 -2.796761921472255210e-15 -2.293519213162042429e-15 0.000000000000000000e+00
0.000000000000000000e+00 0.000000000000000000e+00 0.000000000000000000e+00 0.000000000000000000e+00 0.000000000000000000e+00 0.000000000000000000e+00 3.445615040754059036e-12 -6.057429382680032272e-14 5.692052711727736946e-13 -2.404090685204771206e-13 -1.383316895277947419e-12 2.669841107542441933e-13 -7.240138369236476008e-14 -1.508493471323379674e-14 1.003719605041426932e-14 -1.850758455163986043e-15 2.751968663690872677e-16 -1.974344071163642595e-14 -9.736033000593327385e-13 0.000000000000000000e+00
0.000000000000000000e+00 0.000000000000000000e+00 0.000000000000000000e+00 0.000000000000000000e+00 0.000000000000000000e+00 0.000000000000000000e+00 2.789388199865729627e-12 1.160610024754200620e-14 4.294405115352476787e-13 -2.692400453376430774e-13 -1.470395031253777479e-12 2.962930981379053341e-13 -8.236935221780785024e-14 -1.539956524508765936e-14 1.035502072249981802e-14 -1.813829981762167879e-15 1.039619417479996806e-16 2.870486572456495163e-15 -7.707781879336945805e-09 0.000000000000000000e+00
0.000000000000000000e+00 0.000000000000000000e+00 0.000000000000000000e+00 0.000000000000000000e+00 0.000000000000000000e+00 0.000000000000000000e+00 2.468458323676972116e-11 3.635759045058119398e-12 9.737987297011052171e-12 3.827851824150868441e-13 -4.712839285365556085e-13 2.391879858397377652e-12 1.189928944174214716e-13 -1.406857714640474296e-13 -6.458986230225396050e-15 4.060716119623806584e-15 2.358885981295697225e-15 -1.722319561543450567e-13 7.334821293373434388e-14 0.000000000000000000e+00
0.000000000000000000e+00 0.000000000000000000e+00 0.000000000000000000e+00 0.000000000000000000e+00 0.000000000000000000e+00 0.000000000000000000e+00 1.025377073957415969e-11 5.866894702808692317e-12 8.911941714426045496e-12 -1.408161003980418454e-12 -7.744318374500044580e-13 2.835566047082794437e-12 1.381525224377538704e-13 -1.684951914264701230e-13 -1.331527601113664169e-14 -9.382390729588604762e-16 -3.032290159071081694e-13 -1.769675634963517793e-13 7.584428572559422294e-14 0.000000000000000000e+00
0.000000000000000000e+00 0.000000000000000000e+00 0.000000000000000000e+00 0.000000000000000000e+00 0.000000000000000000e+00 0.000000000000000000e+00 3.789985332542852299e-11 1.725998556744254644e-12 1.111755040679364795e-11 2.170952051728358474e-12 -2.069185152196163889e-13 2.491371887981126286e-12 1.001041810527847616e-13 -1.287883593339120968e-13 -1.850521253020194241e-14 -4.128787883068742454e-15 -3.212265387781642646e-12 -1.621900236253203872e-13 7.654032028389565430e-14 0.000000000000000000e+00
0.000000000000000000e+00 0.000000000000000000e+00 0.000000000000000000e+00 0.000000000000000000e+00 0.000000000000000000e+00 0.000000000000000000e+00 1.109290011956624105e-11 3.953655735651576772e-12 6.981670073880046039e-12 -7.381661525273793495e-13 -4.894128201046508722e-13 2.191465517264797805e-12 1.277556272948810671e-13 -1.372055765326074972e-13 -3.541496673207036966e-15 4.286508401164361657e-15 -5.996472996879949457e-16 -7.287508172613733446e-13 -3.629102723563727037e-11 0.000000000000000000e+00
0.000000000000000000e+00 0.000000000000000000e+00 0.000000000000000000e+00 0.000000000000000000e+00 0.000000000000000000e+00 0.000000000000000000e+00 6.927198072278844282e-12 4.308666218778881947e-12 6.582820231941118234e-12 -9.016194041624349478e-13 -5.697205541496559848e-13 2.384265284562799990e-12 1.296091112431539969e-13 -1.616939714826711348e-13 -5.373165068935460412e-15 5.337078769555552379e-15 -1.761344776284565586e-15 2.063410140615860997e-12 -6.449586259139038837e-07 0.000000000000000000e+00
0.000000000000000000e+00 0.000000000000000000e+00 0.000000000000000000e+00 0.000000000000000000e+00 0.000000000000000000e+00 0.000000000000000000e+00 -3.232147115316810262e-13 -1.596071304474334869e-13 -1.275282592257329186e-13 -1.036967676724588469e-13 -4.352705957694413685e-14 -6.127023420734227800e-14 -4.198436770600690513e-14 -4.630484601723511566e-14 -1.932010215347176316e-14 -1.257140082502310314e-15 -2.067117209974637393e-14 -2.130880335788517770e-12 1.531790498481499722e-11 0.000000000000000000e+00
0.000000000000000000e+00 0.000000000000000000e+00 0.000000000000000000e+00 0.000000000000000000e+00 0.000000000000000000e+00 0.000000000000000000e+00 -4.519638654496530933e-13 -7.681988389502238478e-13 -3.633509423034056544e-13 -2.176478965614230789e-13 -1.309920383451383634e-13 -8.520276347335440246e-14 -9.978929605870908331e-14 -4.193386767162992900e-14 -2.127413436170153593e-14 9.913756895972739805e-15 -4.695866493140972823e-09 -1.976191547679406557e-12 1.567151497416143170e-11 0.000000000000000000e+00
0.000000000000000000e+00 0.000000000000000000e+00 0.000000000000000000e+00 0.000000000000000000e+00 0.000000000000000000e+00 0.000000000000000000e+00 -2.301963151994911664e-13 -1.245440814290876325e-13 -1.352706796277173203e-13 -2.209723091999825237e-13 1.012558215113731153e-13 -4.810369203583349793e-14 -1.043104548153076181e-13 3.665683627483043312e-16 1.440204934051586841e-14 1.475112154995731502e-14 5.819667025082265614e-07 -1.757744006830739184e-12 1.569858550592910369e-11 0.000000000000000000e+00
0.000000000000000000e+00 0.000000000000000000e+00 0.000000000000000000e+00 0.000000000000000000e+00 0.000000000000000000e+00 0.000000000000000000e+00 -2.520012054789800499e-13 -5.615414614790766228e-14 -1.463694714839703426e-13 -1.072730785155487431e-13 -8.527587418569482969e-14 -2.810681804871079282e-14 -7.902732362467798716e-14 -4.612654164217189737e-14 -1.394088429222743106e-14 -2.240922091035048768e-15 -2.567759075244222882e-14 -2.003822282333280349e-10 -1.785921301572961149e-04 0.000000000000000000e+00
0.000000000000000000e+00 0.000000000000000000e+00 0.000000000000000000e+00 0.000000000000000000e+00 0.000000000000000000e+00 0.000000000000000000e+00 -2.732651589104334651e-13 -9.139770346890091389e-14 -1.114596585362406051e-13 -1.837583367644723686e-13 -1.031933052222250119e-13 -5.544999363333133684e-14 -7.949366316607901328e-14 -2.880150546025409340e-14 -1.499105400116878319e-14 -8.063850054964986668e-15 -3.601019096910214823e-14 -2.888496933171849574e-09 3.096966037069596932e+05 0.000000000000000000e+00
0.000000000000000000e+00 0.000000000000000000e+00 0.000000000000000000e+00 0.000000000000000000e+00 0.000000000000000000e+00 0.000000000000000000e+00 2.867213536778843426e-09 1.824707682984615719e-09 6.743558967941474593e-10 1.350648523205632490e-09 8.923795126153892381e-10 8.145545796383479266e-10 5.739034778395482172e-10 5.362625400294748338e-10 2.462541004627101177e-10 6.642973365392845198e-11 5.174064627235105960e-10 6.582102222159408065e-08 -6.849020970167410589e-07 0.000000000000000000e+00
0.000000000000000000e+00 0.000000000000000000e+00 0.000000000000000000e+00 0.000000000000000000e+00 0.000000000000000000e+00 0.000000000000000000e+00 5.185401155848054699e-10 2.748747441339623774e-09 -2.425290061278165134e-10 5.066083963586033722e-10 -1.002284101301559637e-10 2.898381248224118973e-10 1.153574516018668096e-10 2.197077844259602464e-10 1.707561700276258544e-10 2.433720914618625060e-10 1.684148427362766332e-06 6.162940006623363274e-08 -6.823020855989582337e-07 0.000000000000000000e+00
0.000000000000000000e+00 0.000000000000000000e+00 0.000000000000000000e+00 0.000000000000000000e+00 0.000000000000000000e+00 0.000000000000000000e+00 6.836216205165552905e-09 2.029479896941280767e-09 5.597056680109779070e-09 5.643178507501444844e-09 4.824010980426380580e-09 5.317444570663940326e-09 3.056374776497352145e-09 2.557522447816019461e-09 1.172516987153539403e-09 5.935103216145892744e-10 1.156619670047929880e-04 6.328748146626146256e-08 -6.821924311213249496e-07 0.000000000000000000e+00
0.000000000000000000e+00 0.000000000000000000e+00 0.000000000000000000e+00 0.000000000000000000e+00 0.000000000000000000e+00 0.000000000000000000e+00 4.564622697445070423e-10 1.218402866788597433e-09 1.419448171940327500e-10 -1.760805998311106682e-10 3.612522722902291774e-11 1.186837467904585771e-10 1.168245052126798450e-10 2.347434455519423643e-10 1.450578821668552217e-10 5.663634682508758227e-11 2.641011632827763231e-10 -8.605863855321331177e-08 8.063515710342140608e+01 0.000000000000000000e+00
0.000000000000000000e+00 0.000000000000000000e+00 0.000000000000000000e+00 0.000000000000000000e+00 0.000000000000000000e+00 0.000000000000000000e+00 -2.696756971030132320e-10 1.607926735253601046e-09 -1.423001876263153108e-10 8.211324284812925756e-11 1.623839756187462327e-10 1.061937595060857222e-10 1.176771262068152215e-10 1.887948949423725142e-10 7.817020886381961211e-11 3.638741386705554147e-11 9.930162568206465674e-11 -1.175401412659669853e-05 -2.508472036962066650e+09 0.000000000000000000e+00
0.000000000000000000e+00 0.000000000000000000e+00 0.000000000000000000e+00 0.000000000000000000e+00 0.000000000000000000e+00 0.000000000000000000e+00 -1.368173092777237394e-08 1.385851116190427497e-10 -4.655143555034044615e-09 -3.378316089265906290e-09 -3.001798182533029151e-09 -2.284799240286291899e-09 -6.825245401558374114e-10 -5.079537258753042611e-10 -1.967031412286776221e-10 -2.107152161554076317e-11 9.861529451383212603e-11 6.098219676126921873e-10 -1.996151983452104176e-11 0.000000000000000000e+00
0.000000000000000000e+00 0.000000000000000000e+00 0.000000000000000000e+00 0.000000000000000000e+00 0.000000000000000000e+00 0.000000000000000000e+00 -3.455258062561247059e-10 5.758278601461777512e-09 5.925513099027885245e-10 3.359989176905601455e-09 1.192657472943433489e-09 3.075163451466698678e-10 3.481906756815781328e-10 1.813704743510321215e-11 -2.195732342191131036e-11 -4.120953097666772916e-11 1.726495400785179861e-10 5.738651829169629276e-10 -2.292604405999562249e-11 0.000000000000000000e+00
0.000000000000000000e+00 0.000000000000000000e+00 0.000000000000000000e+00 0.000000000000000000e+00 0.000000000000000000e+00 0.000000000000000000e+00 -2.598103596650114833e-08 -4.968039493755307071e-09 -9.504961572318783700e-09 -9.881074707272146702e-09 -7.841967997750536653e-09 -5.905204271371009715e-09 -1.884160009030309897e-09 -1.202603686548675605e-09 -5.379544564190903606e-10 -1.578549325546083222e-10 2.782862950838570635e-09 6.044418554797893900e-10 -2.271489925770214126e-11 0.000000000000000000e+00
0.000000000000000000e+00 0.000000000000000000e+00 0.000000000000000000e+00 0.000000000000000000e+00 0.000000000000000000e+00 0.000000000000000000e+00 -2.611463145671770173e-10 2.816638521027596889e-09 -1.955783719275899295e-10 5.149165982135498888e-10 1.216195149224255549e-10 -3.977760618590695697e-13 3.192510752199531696e-11 -1.035337937304684282e-10 -3.095437433459519613e-11 -1.096197412276138264e-11 2.268624069626684269e-11 7.797439658636471751e-11 6.447714705445742186e-08 0.000000000000000000e+00
0.000000000000000000e+00 0.000000000000000000e+00 0.000000000000000000e+00 0.000000000000000000e+00 0.000000000000000000e+00 0.000000000000000000e+00 1.460170941546535941e-09 2.410208662173929829e-09 3.910965209658054653e-10 1.179236095584560918e-09 6.173375591668095563e-10 -2.224722721659814945e-10 2.151405278993510808e-10 1.111147412745001170e-11 -6.124132396358868730e-12 -4.926443497367294702e-13 1.042926656731211118e-11 -7.665707437004374058e-10 1.115044335287904143e-02 0.000000000000000000e+00
0.000000000000000000e+00 0.000000000000000000e+00 0.000000000000000000e+00 0.000000000000000000e+00 0.000000000000000000e+00 0.000000000000000000e+00 -7.426055698443714614e-08 4.573314678924313199e-09 -3.101961333415275884e-08 -1.148357136869064586e-08 -1.241118370389450207e-08 -7.318784888256210106e-09 -2.300999780148993910e-09 -6.490914390404770894e-10 -1.844128067988899408e-10 2.059217028902198128e-11 2.727867719882361669e-10 2.871351100472373849e-09 8.826340870418725746e-10 0.000000000000000000e+00
0.000000000000000000e+00 0.000000000000000000e+00 0.000000000000000000e+00 0.000000000000000000e+00 0.000000000000000000e+00 0.000000000000000000e+00 -1.532756832268091160e-08 6.772469750014302165e-09 1.135252048940471980e-08 1.014035831278081086e-08 -1.730725032752396821e-09 1.316743754731499678e-09 1.822241964330480707e-09 7.652974185113387873e-10 1.908728881563070945e-10 6.361163584752557137e-12 4.776485652998414922e-09 2.839742412434688819e-09 8.587335965878859712e-10 0.000000000000000000e+00
0.000000000000000000e+00 0.000000000000000000e+00 0.000000000000000000e+00 0.000000000000000000e+00 0.000000000000000000e+00 0.000000000000000000e+00 -1.289131998664219730e-07 2.155369236870263820e-09 -6.998045881591700901e-08 -3.235647672388953206e-08 -2.633953828233023396e-08 -1.841449580646322985e-08 -6.953414496876986285e-09 -2.511271566404967508e-09 -9.174268358830867198e-10 -3.839528872346606664e-10 1.114184153932805957e-08 2.886577471304794567e-09 8.583112598398693466e-10 0.000000000000000000e+00
0.000000000000000000e+00 0.000000000000000000e+00 0.000000000000000000e+00 0.000000000000000000e+00 0.000000000000000000e+00 0.000000000000000000e+00 -1.698154892060344077e-08 -1.440266497132365978e-09 -3.291620737810529682e-10 -9.544107173966079621e-10 -2.261456341216872013e-09 -2.355321369282318318e-11 8.953629240237355911e-10 6.414098203641999571e-10 2.307531984370363295e-10 4.481127273602478792e-11 -7.826964701984767020e-11 7.651017051287863763e-09 -4.956850779975902439e-06 0.000000000000000000e+00
0.000000000000000000e+00 0.000000000000000000e+00 0.000000000000000000e+00 0.000000000000000000e+00 0.000000000000000000e+00 0.000000000000000000e+00 -2.036966064106881507e-09 4.379992575756483846e-09 7.562982597475440507e-09 3.301495628588062661e-09 -2.050014553813962548e-09 -1.050048136443391884e-09 1.221610381005419961e-09 5.105419897583265183e-10 7.761540493188666822e-11 3.676209743926427322e-11 1.419699464230629814e-10 4.790884163382212305e-08 2.412904402156721140e-01 0.000000000000000000e+00
0.000000000000000000e+00 0.000000000000000000e+00 0.000000000000000000e+00 0.000000000000000000e+00 0.000000000000000000e+00 0.000000000000000000e+00 -2.678083150711244313e-09 4.214254530806497909e-09 6.333233012738620293e-10 1.315555351125205434e-09 -1.689379059151686745e-09 -4.389907576860854089e-10 -5.137031055600931658e-10 -3.807199649483138300e-10 -3.894682615593437159e-11 -6.283796777044033510e-11 -4.750702804740912276e-10 -8.955404889496222500e-08 8.679751092994184310e-07 0.000000000000000000e+00
0.000000000000000000e+00 0.000000000000000000e+00 0.000000000000000000e+00 0.000000000000000000e+00 0.000000000000000000e+00 0.000000000000000000e+00 -1.287046680234487416e-09 2.715876078531038328e-09 5.246311061671169347e-10 2.593156625278519495e-09 -2.671895822421215388e-09 -1.158360107026755943e-09 -3.399120181516902749e-10 -2.657632703915833236e-11 -7.411327960392649348e-11 -5.608083586885117272e-11 4.980153134026981022e-05 -7.719042018119189474e-08 8.700915964011163138e-07 0.000000000000000000e+00
0.000000000000000000e+00 0.000000000000000000e+00 0.000000000000000000e+00 0.000000000000000000e+00 0.000000000000000000e+00 0.000000000000000000e+00 -6.781124517958805406e-09 4.102932375645257073e-09 4.130016891727415515e-09 1.545238557764702104e-09 -2.220054259244786690e-10 6.990669412931830086e-11 -4.643003742499765254e-10 -4.883203685490558457e-10 -1.911177990397122538e-11 -1.125690075563580812e-10 1.855979513980042170e-02 -7.426255372257634601e-08 8.692955120463572735e-07 0.000000000000000000e+00
0.000000000000000000e+00 0.000000000000000000e+00 0.000000000000000000e+00 0.000000000000000000e+00 0.000000000000000000e+00 0.000000000000000000e+00 8.374906517974517565e-10 1.056967949784880193e-09 9.873239818923917579e-10 5.720932667122753482e-10 -1.724045124736199648e-09 -1.002453530834212470e-09 -2.209208850234809031e-10 -4.696242734695412624e-11 -8.657433951682532436e-11 -7.085903317354814601e-11 -1.922982536854107386e-10 3.390891640916295855e-06 7.579818568859943539e+00 0.000000000000000000e+00
0.000000000000000000e+00 0.000000000000000000e+00 0.000000000000000000e+00 0.000000000000000000e+00 0.000000000000000000e+00 0.000000000000000000e+00 3.451924911506847171e-09 5.088117759283200271e-12 -9.139387721778931927e-10 1.246366147906797665e-09 -9.443720492925225023e-10 -1.673415140876966193e-09 -2.853950948528407791e-10 -4.824038743348129947e-10 -9.683915123804999767e-11 -1.051202047048469422e-10 6.182190336491687561e-12 -1.912212382178809318e-04 3.699862492779058838e+10 0.000000000000000000e+00
