0.000000000000000000e+00 0.000000000000000000e+00 0.000000000000000000e+00 0.000000000000000000e+00 0.000000000000000000e+00 0.000000000000000000e+00 7.171491033123353657e-11 8.792275794398355603e-11 5.276502840452634692e-11 2.615340074702679788e-11 2.817902370700672884e-11 3.165736648241250403e-11 2.288913586086612077e-11 1.246677419916406351e-11 3.985377323324661384e-12 3.199251401426842355e-13 7.917918400942592237e-12 3.437649473522167237e-09 1.037733206192373410e-09 0.000000000000000000e+00
0.000000000000000000e+00 0.000000000000000000e+00 0.000000000000000000e+00 0.000000000000000000e+00 0.000000000000000000e+00 0.000000000000000000e+00 -3.707190434437108448e-12 2.466393512914998253e-12 -1.207450909191458285e-12 1.706245753155524294e-12 5.328969366858913154e-12 3.879187619175791414e-12 2.682831002717576656e-12 1.655245444544897784e-12 3.492747547751029438e-13 9.475849119075453620e-14 6.948664948984996653e-10 3.386526051941213266e-09 1.037266988047664029e-09 0.000000000000000000e+00
0.000000000000000000e+00 0.000000000000000000e+00 0.000000000000000000e+00 0.000000000000000000e+00 0.000000000000000000e+00 0.000000000000000000e+00 2.188569564379345498e-10 3.743664360543236453e-10 1.909322976297405697e-10 1.137319853531241853e-10 1.478252230042241628e-10 2.134633152965313633e-10 1.239606359456137888e-10 7.609232664568054326e-11 2.931809216625625823e-11 6.526457455799939416e-12 6.606977467471358499e-07 3.541582936151011928e-09 1.037274552031527749e-09 0.000000000000000000e+00
0.000000000000000000e+00 0.000000000000000000e+00 0.000000000000000000e+00 0.000000000000000000e+00 0.000000000000000000e+00 0.000000000000000000e+00 -2.614637813214686678e-12 6.379350552270310069e-13 -2.987472121920037829e-13 9.323319489142263312e-13 1.644138636321312784e-12 1.246852570011467147e-12 1.283173659507351186e-12 9.888324002521189460e-13 3.806867871806341987e-13 6.277289870754907614e-14 1.899559283829396966e-13 2.329948461429686531e-08 1.607953827717611972e-02 0.000000000000000000e+00
0.000000000000000000e+00 0.000000000000000000e+00 0.000000000000000000e+00 0.000000000000000000e+00 0.000000000000000000e+00 0.000000000000000000e+00 6.183597137527840594e-13 1.352349307055650684e-12 6.073245364706404466e-14 9.535335286752893687e-13 2.536698164400000783e-12 1.923222839688522375e-12 1.734899636108741180e-12 8.800180719224218425e-13 2.687916253297645962e-13 5.535426308271663001e-14 1.444132412313750275e-13 5.899595094969625308e-07 9.201134655322134495e+05 0.000000000000000000e+00
0.000000000000000000e+00 0.000000000000000000e+00 0.000000000000000000e+00 0.000000000000000000e+00 0.000000000000000000e+00 0.000000000000000000e+00 8.909878088193434046e-10 5.612900402360538805e-10 -8.787748178417846819e-10 -8.219206405644462572e-11 -2.008114050205973975e-10 -9.045576218152783547e-11 -1.739188044176684746e-11 -2.147281252338000424e-11 -1.268402584782125438e-12 4.963640294333714469e-13 1.835251703384822312e-12 1.483340962656378019e-11 -6.596740302887798380e-13 0.000000000000000000e+00
0.000000000000000000e+00 0.000000000000000000e+00 0.000000000000000000e+00 0.000000000000000000e+00 0.000000000000000000e+00 0.000000000000000000e+00 4.944836425606922842e-10 5.778058781280269356e-10 -4.328497695136234024e-10 1.038179540052080501e-10 2.419111253951236135e-11 4.278300923847394604e-11 -2.007183199005225007e-12 3.606757854676326494e-12 1.099583562438742270e-12 2.186448743133699926e-13 -3.157144305425318577e-12 1.377011308741430839e-11 -6.030257547014685978e-13 0.000000000000000000e+00
0.000000000000000000e+00 0.000000000000000000e+00 0.000000000000000000e+00 0.000000000000000000e+00 0.000000000000000000e+00 0.000000000000000000e+00 1.251307854087631316e-09 5.617471168550716578e-10 -1.325983226571577816e-09 -2.731499497908628063e-10 -4.361691895096571707e-10 -2.696955976182589020e-10 -3.981414713000984997e-11 -5.335339723821376524e-11 -5.452457537305174091e-12 4.668265339988168566e-13 -8.168065630103003709e-11 1.510850353713482169e-11 -6.288975256509866600e-13 0.000000000000000000e+00
0.000000000000000000e+00 0.000000000000000000e+00 0.000000000000000000e+00 0.000000000000000000e+00 0.000000000000000000e+00 0.000000000000000000e+00 1.752176708885203227e-11 2.688337922558416987e-10 -3.585933008666808823e-10 4.145243170106241119e-11 -1.105822807076669231e-11 1.851175978618516345e-11 -5.343290893956865689e-12 -2.318579004104814956e-12 1.333874261367536717e-12 3.483306309501617722e-13 -2.419605466764484040e-13 -2.507986087077602505e-11 -2.719541382487394228e-08 0.000000000000000000e+00
0.000000000000000000e+00 0.000000000000000000e+00 0.000000000000000000e+00 0.000000000000000000e+00 0.000000000000000000e+00 0.000000000000000000e+00 3.850852311786611943e-10 2.739979073852500621e-10 -2.909155309788089775e-10 7.966153874741652505e-11 -1.177235454515044587e-11 1.458808996435126926e-11 -4.583806671215592690e-12 8.565132681776022458e-13 -5.028051851210254320e-13 2.493945790565787706e-13 2.224923121064139352e-13 3.711404532215391374e-11 -2.603956037465482353e-05 0.000000000000000000e+00
0.000000000000000000e+00 0.000000000000000000e+00 0.000000000000000000e+00 0.000000000000000000e+00 0.000000000000000000e+00 0.000000000000000000e+00 7.566902003735717441e-09 -1.147919273365347468e-09 -5.781430894864134671e-09 -2.848149186120041863e-10 -3.981785294784074932e-10 -4.902289568219551202e-10 -1.645360483166063016e-10 -9.760938885058134046e-11 -3.070312141261633979e-11 4.311108595944084044e-13 3.428082562008682277e-11 1.741011246770103162e-10 -1.834916637339762161e-10 0.000000000000000000e+00
0.000000000000000000e+00 0.000000000000000000e+00 0.000000000000000000e+00 0.000000000000000000e+00 0.000000000000000000e+00 0.000000000000000000e+00 3.097418117899956075e-09 2.066777475583612931e-09 -9.858798175758834557e-10 7.317607129349318078e-11 4.146000075823983328e-10 -1.601175048482878503e-10 8.262293000208985528e-12 3.700202701512653745e-11 8.813038240559293134e-12 -1.679103643507022831e-12 -7.093379234535281627e-11 1.698285884373285375e-10 -1.834806194219041932e-10 0.000000000000000000e+00
0.000000000000000000e+00 0.000000000000000000e+00 0.000000000000000000e+00 0.000000000000000000e+00 0.000000000000000000e+00 0.000000000000000000e+00 1.160883277269336630e-08 -4.047239352737432616e-09 -1.024540671638868863e-08 -6.569204278340919771e-10 -1.275579206838484318e-09 -9.857091738658560191e-10 -3.621414310937893130e-10 -2.567197941142194162e-10 -9.862044229611349623e-11 -2.720168569008379529e-11 1.074889693590368413e-09 1.887937927855494845e-10 -1.831952664327127241e-10 0.000000000000000000e+00
0.000000000000000000e+00 0.000000000000000000e+00 0.000000000000000000e+00 0.000000000000000000e+00 0.000000000000000000e+00 0.000000000000000000e+00 4.620729244437849787e-10 1.065468853314723943e-09 -1.093227835421528893e-09 6.511719254897819949e-11 1.940698498867147578e-10 -1.648634091829770399e-10 -1.332917397631701180e-11 9.717733855828127424e-12 3.863420275302712832e-12 8.644913772724921034e-13 -1.447537150278923324e-12 4.788268954265539972e-10 -2.003140876514354382e-07 0.000000000000000000e+00
0.000000000000000000e+00 0.000000000000000000e+00 0.000000000000000000e+00 0.000000000000000000e+00 0.000000000000000000e+00 0.000000000000000000e+00 2.374992194565196070e-09 1.334151229206551491e-09 -1.121723066577349298e-09 5.538787517952496321e-11 2.014282006541007635e-10 -2.029861827916228787e-10 -4.719755362660831844e-11 2.066263408237440473e-11 1.193952909735706505e-11 -1.565995223402531082e-13 4.628868472439594663e-13 -7.864366804822146595e-09 1.292011618059360012e-03 0.000000000000000000e+00
0.000000000000000000e+00 0.000000000000000000e+00 0.000000000000000000e+00 0.000000000000000000e+00 0.000000000000000000e+00 0.000000000000000000e+00 2.914376522909011643e-10 -1.222952119131851287e-10 3.088092790593561883e-11 2.463345270521161203e-11 -1.531489973173689207e-11 2.629789614461290655e-11 1.052805123813887552e-11 2.069844740095685635e-11 2.752552430558214081e-12 -7.017596714927585697e-12 -1.122234903724255658e-11 -7.006560868997487492e-09 1.643061781432389884e-07 0.000000000000000000e+00
0.000000000000000000e+00 0.000000000000000000e+00 0.000000000000000000e+00 0.000000000000000000e+00 0.000000000000000000e+00 0.000000000000000000e+00 5.563114760244073227e-10 7.679998371277291851e-11 -4.672236162834059816e-11 2.490681441684111427e-10 -1.843963682329790141e-10 7.652121778131743733e-11 -2.096399051579617147e-11 2.943317555382639681e-11 7.629231084787110546e-12 -2.590897041131318146e-12 3.221312974622281463e-06 -8.105769707323265841e-09 1.637325696738358583e-07 0.000000000000000000e+00
0.000000000000000000e+00 0.000000000000000000e+00 0.000000000000000000e+00 0.000000000000000000e+00 0.000000000000000000e+00 0.000000000000000000e+00 -5.390643286548457406e-11 -1.019189918465598269e-10 4.691634269034118964e-11 6.316238828452769373e-11 -7.949791948337639791e-11 -7.888006568976657291e-11 1.802576057800346459e-11 -2.428379053330733265e-12 -5.334789434776178464e-12 -7.293454404176028090e-12 4.346174652119590056e-04 -8.823367551958430696e-09 1.636414608993100510e-07 0.000000000000000000e+00
0.000000000000000000e+00 0.000000000000000000e+00 0.000000000000000000e+00 0.000000000000000000e+00 0.000000000000000000e+00 0.000000000000000000e+00 2.359787901465842450e-10 -1.176410864558998842e-10 -1.249686404949368756e-10 1.499494686951538364e-11 -1.033121866245123523e-10 -2.749188655664769468e-12 -5.989477533108486246e-12 2.523823587363277238e-11 7.057225680852858331e-12 -6.640347016597903207e-12 -3.904778743872642582e-12 -3.893296085597306612e-07 -2.437916818006361286e+00 0.000000000000000000e+00
0.000000000000000000e+00 0.000000000000000000e+00 0.000000000000000000e+00 0.000000000000000000e+00 0.000000000000000000e+00 0.000000000000000000e+00 5.171381898698183533e-10 -1.172937805287761378e-10 -3.647829372969832387e-11 7.178701105305800603e-11 -7.792763365107312963e-11 4.000796206062254748e-11 -2.929313675110668311e-11 3.489236523020540191e-11 1.687503170361963776e-11 -7.311920890729689054e-12 -7.935795838327927006e-14 1.798629049408416087e-05 1.196917808675230980e+10 0.000000000000000000e+00
0.000000000000000000e+00 0.000000000000000000e+00 0.000000000000000000e+00 0.000000000000000000e+00 0.000000000000000000e+00 0.000000000000000000e+00 7.557723658981089678e-09 1.265788185396480851e-08 1.841856771282656833e-09 7.452258126090706181e-10 2.834353949334032398e-10 3.161555238347744448e-10 1.259370243957134029e-10 1.150155904167968019e-10 3.778328256484916588e-11 6.838527515733536378e-12 6.203739892715948744e-11 7.279614971863405175e-08 2.854702109146975344e-07 0.000000000000000000e+00
0.000000000000000000e+00 0.000000000000000000e+00 0.000000000000000000e+00 0.000000000000000000e+00 0.000000000000000000e+00 0.000000000000000000e+00 -6.318730713190745624e-10 -6.385981930833312938e-10 -2.633723571181845943e-10 -2.630371402085723835e-10 -1.111615755886535107e-10 7.455752316359931351e-11 3.133145958705967620e-11 7.175147516723011194e-11 2.379527949385474929e-11 5.544910260761765365e-12 -1.184634037507466088e-08 7.220747057410412537e-08 2.876401189055464644e-07 0.000000000000000000e+00
0.000000000000000000e+00 0.000000000000000000e+00 0.000000000000000000e+00 0.000000000000000000e+00 0.000000000000000000e+00 0.000000000000000000e+00 3.367363237009575616e-08 4.920504423930468497e-08 1.016012690367346815e-08 3.335404933749460122e-09 1.822609475466374990e-09 1.991556659442023360e-09 9.440350732865448480e-10 6.372211610854754055e-10 2.054811646172800400e-10 4.593454496704230352e-11 1.263714062812694916e-06 7.386216947099281014e-08 2.875701146326787829e-07 0.000000000000000000e+00
0.000000000000000000e+00 0.000000000000000000e+00 0.000000000000000000e+00 0.000000000000000000e+00 0.000000000000000000e+00 0.000000000000000000e+00 -2.326470713553212110e-10 -1.460474886280606872e-10 -1.035832824181343071e-10 -1.625384575489894033e-10 -3.300460329266005850e-11 2.346127078621895038e-11 3.415024055842194386e-11 6.621386440906203953e-11 2.959429540145029580e-11 6.829100342055766941e-12 3.259301784221644649e-11 4.424586781394114444e-06 -3.363118930933232775e+01 0.000000000000000000e+00
0.000000000000000000e+00 0.000000000000000000e+00 0.000000000000000000e+00 0.000000000000000000e+00 0.000000000000000000e+00 0.000000000000000000e+00 5.567128265808553758e-12 -1.818399222246442721e-10 -2.883483816733208898e-10 -6.567015667784117017e-11 -5.537117988545117044e-11 -9.698382873339551811e-12 -3.678510938741957547e-13 5.575781713529376104e-11 2.633060617454281432e-11 7.055923893455155060e-12 2.433691120650716233e-11 8.024300482832331244e-05 -9.521917790090942383e+07 0.000000000000000000e+00
0.000000000000000000e+00 0.000000000000000000e+00 0.000000000000000000e+00 0.000000000000000000e+00 0.000000000000000000e+00 0.000000000000000000e+00 1.739647251673161300e-08 1.545441520803744993e-08 -4.589421982236601859e-09 -2.885147775249593709e-09 -1.143380899017960127e-09 -6.451821279107627498e-10 -4.770558615527940631e-10 -1.527905229933046915e-10 -5.005739897602286190e-11 -5.806855670898224282e-12 3.529477129866077501e-11 3.110353241453467567e-10 2.178884856210148738e-10 0.000000000000000000e+00
0.000000000000000000e+00 0.000000000000000000e+00 0.000000000000000000e+00 0.000000000000000000e+00 0.000000000000000000e+00 0.000000000000000000e+00 -6.357817049133701978e-10 -1.380653329082268888e-09 4.065178050437225355e-09 -8.476639124455327966e-10 -5.921596068701537754e-10 8.757184262147168655e-10 6.514871853696992896e-11 9.928083154807274878e-11 -1.104294142129917517e-11 -6.473924637378620732e-12 -8.384688656883622169e-11 3.042249167063037579e-10 2.177446739373551687e-10 0.000000000000000000e+00
0.000000000000000000e+00 0.000000000000000000e+00 0.000000000000000000e+00 0.000000000000000000e+00 0.000000000000000000e+00 0.000000000000000000e+00 3.365877264134602154e-08 3.095224630660863932e-08 -1.249607138901507236e-08 -4.879470060326404811e-09 -2.049855465403454194e-09 -2.399251335427570293e-09 -1.120984041589620689e-09 -4.477400281767416521e-10 -1.063735902076679269e-10 -5.066784496146200541e-11 7.886628020922769562e-10 3.260570410380887729e-10 2.176285668687785061e-10 0.000000000000000000e+00
0.000000000000000000e+00 0.000000000000000000e+00 0.000000000000000000e+00 0.000000000000000000e+00 0.000000000000000000e+00 0.000000000000000000e+00 1.818732368906616325e-09 -2.344203004280446212e-09 2.396842878333474851e-09 -4.088905360303478305e-10 -4.810467044078456075e-10 4.754426463971679834e-10 -7.298187646860302580e-12 5.502354268217901486e-11 -2.126404624660736467e-11 -1.449398285918119148e-12 1.942068232361012223e-12 4.143801621953981532e-10 9.201437685470156667e-08 0.000000000000000000e+00
0.000000000000000000e+00 0.000000000000000000e+00 0.000000000000000000e+00 0.000000000000000000e+00 0.000000000000000000e+00 0.000000000000000000e+00 -3.175448156127361232e-10 -2.523215711263215655e-09 2.239192957570055157e-09 -1.314647742975141259e-09 -2.238888203888767402e-10 3.898984453830290519e-10 -8.083595831719045965e-12 7.119225586196804678e-11 -6.732814857350296467e-12 -1.283449340404025719e-12 1.494546988044899782e-12 -4.593582737571582159e-09 -3.518942831157116386e-03 0.000000000000000000e+00
0.000000000000000000e+00 0.000000000000000000e+00 0.000000000000000000e+00 0.000000000000000000e+00 0.000000000000000000e+00 0.000000000000000000e+00 1.196225503088442473e-07 -7.866840654317589871e-09 -2.805650335765961046e-08 -5.379717132589295703e-09 -5.305459931610338567e-09 -2.417681661499860659e-09 -2.755704928135513131e-09 -4.894177263606934445e-10 -3.543363644142031785e-10 -5.294614181885434557e-11 2.471720473940423064e-10 3.223405429749636674e-09 1.781611009069793592e-09 0.000000000000000000e+00
0.000000000000000000e+00 0.000000000000000000e+00 0.000000000000000000e+00 0.000000000000000000e+00 0.000000000000000000e+00 0.000000000000000000e+00 -1.503104033372828816e-08 3.659816912646358371e-09 1.424070742568865075e-08 -2.155694171434021603e-09 -2.012176547679646826e-09 4.639519764524857746e-09 -1.469547031504663260e-10 3.651582627749093125e-10 -1.601293035371776931e-10 -5.534841450288183970e-11 -6.280044778662331233e-10 2.831372466742128846e-09 1.825211128534772811e-09 0.000000000000000000e+00
0.000000000000000000e+00 0.000000000000000000e+00 0.000000000000000000e+00 0.000000000000000000e+00 0.000000000000000000e+00 0.000000000000000000e+00 2.407648014851402828e-07 -1.728370167327014190e-08 -6.823656445903600368e-08 -8.356091580441473165e-09 -1.060659700651190248e-08 -1.025005452251925265e-08 -5.679098084623761875e-09 -1.661313038474790229e-09 -7.524931435832554050e-10 -2.942852515468433169e-10 3.834531280523624257e-09 2.975029938494492774e-09 1.824112739904635614e-09 0.000000000000000000e+00
0.000000000000000000e+00 0.000000000000000000e+00 0.000000000000000000e+00 0.000000000000000000e+00 0.000000000000000000e+00 0.000000000000000000e+00 3.600327083101846166e-09 -6.491530926621481730e-09 7.293822571756608213e-09 -2.599006384211470362e-10 -1.154378403167985533e-09 2.367805281757828264e-09 -7.485000196593580657e-10 1.603143258011782634e-10 -1.953803746723116942e-10 -2.831003806112171929e-11 5.382612957002871150e-11 1.638542220639155484e-08 -4.113543836553279240e-06 0.000000000000000000e+00
0.000000000000000000e+00 0.000000000000000000e+00 0.000000000000000000e+00 0.000000000000000000e+00 0.000000000000000000e+00 0.000000000000000000e+00 -8.114565596904857935e-09 -8.451832501023346218e-09 1.617294947392667888e-08 -1.865470832783430032e-09 -3.120523622942412020e-10 2.916433168430691436e-09 -1.476439638283330175e-10 4.393753025467255699e-10 -1.654759908362963291e-10 -3.575812369120715453e-11 7.096292433993108057e-12 7.893851990902143075e-08 5.523181416685882250e-02 0.000000000000000000e+00
0.000000000000000000e+00 0.000000000000000000e+00 0.000000000000000000e+00 0.000000000000000000e+00 0.000000000000000000e+00 0.000000000000000000e+00 -4.255427324631830008e-10 1.130620873415477262e-09 7.219286458490244571e-10 7.587067074330434766e-10 -1.001494669692502578e-09 1.759717337606763765e-10 2.989160747734046014e-10 7.699130813430586788e-11 -6.507033063186422970e-11 -3.853303892424928568e-11 -2.127343048795282738e-10 -2.236518375489675729e-08 2.043744967722097891e-06 0.000000000000000000e+00
0.000000000000000000e+00 0.000000000000000000e+00 0.000000000000000000e+00 0.000000000000000000e+00 0.000000000000000000e+00 0.000000000000000000e+00 -9.990059029201526850e-10 4.392493265639865939e-09 6.370930551540928718e-10 1.663451741391112625e-09 -1.722562256416889779e-09 2.870891212896237890e-10 3.552382352599736139e-10 5.766470458022586565e-11 -2.933805535157035962e-11 -5.085651056185505204e-11 2.811425886283595076e-05 -3.096919400032391057e-08 2.038585896516869597e-06 0.000000000000000000e+00
0.000000000000000000e+00 0.000000000000000000e+00 0.000000000000000000e+00 0.000000000000000000e+00 0.000000000000000000e+00 0.000000000000000000e+00 -4.023801885495765864e-09 9.815222340230910805e-10 2.595894362426514269e-09 -2.599741297644440624e-10 -1.974712021250758712e-09 -1.590465568347842698e-09 1.609243416805016023e-10 6.884649286325441562e-11 -1.731567136141375402e-10 -6.447782506938684173e-11 4.891803902308474589e-03 -3.863500446252886844e-08 2.036703870780796006e-06 0.000000000000000000e+00
0.000000000000000000e+00 0.000000000000000000e+00 0.000000000000000000e+00 0.000000000000000000e+00 0.000000000000000000e+00 0.000000000000000000e+00 1.120057694675482908e-09 1.330677402464312904e-09 1.203935612817870960e-09 8.415151714660128163e-10 -3.443530142995220483e-10 2.594074212208294192e-11 3.936716973304810790e-10 1.423578254937690602e-11 -3.711753785484699622e-11 -4.379825095981305045e-11 -1.101072214367447848e-10 -4.555378495652861191e-07 4.820239383227426089e+01 0.000000000000000000e+00
0.000000000000000000e+00 0.000000000000000000e+00 0.000000000000000000e+00 0.000000000000000000e+00 0.000000000000000000e+00 0.000000000000000000e+00 5.153009477128772066e-10 2.920543917544050734e-09 9.225921698321343082e-10 1.464824513708894589e-09 -1.287251589684939650e-09 -3.035168807615305551e-10 3.708736453841286001e-10 8.202619311692389849e-11 -6.447146857320699890e-11 -3.956045194919524478e-11 -3.449844086317779521e-10 -7.043503002243747360e-06 -2.247601823368853092e+09 0.000000000000000000e+00
0.000000000000000000e+00 0.000000000000000000e+00 0.000000000000000000e+00 0.000000000000000000e+00 0.000000000000000000e+00 0.000000000000000000e+00 3.498472795605609903e-09 5.832097095106681625e-09 3.043272327417511745e-09 2.486822566934457455e-09 3.039248994389837660e-09 2.407141714271901471e-09 2.089443786969383429e-09 1.484839713741320295e-09 4.625652783312313576e-10 2.978593411089203969e-10 7.574162005479056037e-10 1.856405580461096141e-07 4.401400410077479285e-08 0.000000000000000000e+00
0.000000000000000000e+00 0.000000000000000000e+00 0.000000000000000000e+00 0.000000000000000000e+00 0.000000000000000000e+00 0.000000000000000000e+00 8.190362751170759109e-11 -7.067534662244191793e-11 1.998068814703931692e-10 2.258697014346391251e-10 3.560611194201300374e-10 3.594281792380468982e-10 2.051501978586737965e-10 2.318189277830311543e-10 2.803863846278295491e-10 6.210273270017746528e-10 9.351291196300263417e-06 1.813724343723706958e-07 4.426081959002875840e-08 0.000000000000000000e+00
0.000000000000000000e+00 0.000000000000000000e+00 0.000000000000000000e+00 0.000000000000000000e+00 0.000000000000000000e+00 0.000000000000000000e+00 1.120679621605312087e-08 2.254007725080098643e-08 1.202162094558640991e-08 1.128024116456978464e-08 1.667519518398720753e-08 1.588402955838711889e-08 1.072163162965255389e-08 7.550370463255555661e-09 2.481994017249327658e-09 6.662296737180535644e-10 2.112677250831376916e-04 1.878604597322741311e-07 4.429511280498358136e-08 0.000000000000000000e+00
0.000000000000000000e+00 0.000000000000000000e+00 0.000000000000000000e+00 0.000000000000000000e+00 0.000000000000000000e+00 0.000000000000000000e+00 2.217719954629904583e-10 1.176359725816337489e-10 2.006133812158924332e-10 1.100636693632525249e-10 1.814991591368711777e-10 1.780378802633092739e-10 2.058684475876321550e-10 2.642865195785332608e-10 2.383153439413073589e-10 2.909979598635390726e-10 7.137410826429188931e-10 7.657297358856569151e-07 4.985413994678422611e-02 0.000000000000000000e+00
0.000000000000000000e+00 0.000000000000000000e+00 0.000000000000000000e+00 0.000000000000000000e+00 0.000000000000000000e+00 0.000000000000000000e+00 4.528467068176525166e-11 -4.470140039404590747e-11 8.577443781659612623e-11 8.454661837342375417e-11 1.689007300837096967e-10 2.367567196902792658e-10 1.859586307799009277e-10 2.360527546758529360e-10 2.419364866906710939e-10 2.825289912370323768e-10 7.386685093625777991e-10 8.119207265953079468e-06 3.745502169740676880e+06 0.000000000000000000e+00
0.000000000000000000e+00 0.000000000000000000e+00 0.000000000000000000e+00 0.000000000000000000e+00 0.000000000000000000e+00 0.000000000000000000e+00 -3.393135392255537967e-09 -3.404215993137268362e-09 -4.287398848430837082e-09 -4.756349367025412925e-10 -2.128182541344669074e-09 -1.012458093248006367e-09 -7.341357774102692756e-10 -4.403154675380686179e-10 -1.828554677214265047e-10 -3.085656177506466928e-11 6.510260938299248227e-11 4.530306792938339627e-10 3.287179265788722322e-11 0.000000000000000000e+00
0.000000000000000000e+00 0.000000000000000000e+00 0.000000000000000000e+00 0.000000000000000000e+00 0.000000000000000000e+00 0.000000000000000000e+00 2.991695402758433620e-10 1.507957668316884471e-10 1.380355895923407766e-09 -2.484403035689963962e-10 -9.684110071338179575e-11 -2.769582270326292476e-11 6.774439483948274653e-11 -1.409451070734302557e-11 -5.729926355195904316e-11 -4.401648708330623339e-11 3.982132056475964147e-10 4.279455827663217830e-10 3.274676922861757281e-11 0.000000000000000000e+00
0.000000000000000000e+00 0.000000000000000000e+00 0.000000000000000000e+00 0.000000000000000000e+00 0.000000000000000000e+00 0.000000000000000000e+00 -6.752056862313849600e-09 -6.685674175042725760e-09 -9.472111474711160869e-09 -8.260616794154425010e-10 -4.683131914169389161e-09 -2.325533629610045730e-09 -1.645541521317607348e-09 -9.892589419095838609e-10 -4.101192489814105641e-10 -1.352695247904642866e-10 -2.006929218180876035e-09 4.529355341891560006e-10 3.339137732423423099e-11 0.000000000000000000e+00
0.000000000000000000e+00 0.000000000000000000e+00 0.000000000000000000e+00 0.000000000000000000e+00 0.000000000000000000e+00 0.000000000000000000e+00 -5.910205889211616120e-10 -4.441778437290991578e-10 -1.127011608431078266e-10 -4.155037114200774603e-11 -4.053858360736943824e-10 -2.649803180279375486e-10 -1.310051136188369368e-10 -1.329337622143855825e-10 -7.768303813209702738e-11 -2.228452144349684867e-11 2.088250297951274000e-11 1.063501321640065332e-10 4.260298117342893381e-09 0.000000000000000000e+00
0.000000000000000000e+00 0.000000000000000000e+00 0.000000000000000000e+00 0.000000000000000000e+00 0.000000000000000000e+00 0.000000000000000000e+00 3.198641883781501488e-10 2.705702597437655516e-10 8.267606661267154425e-10 8.159580784180761798e-13 -2.440065099777259722e-10 -1.693744117480263031e-10 -4.250595225093072514e-11 -2.272290081554298311e-11 -3.045745640193636771e-11 -1.098692982047001789e-11 8.749180283819415688e-12 -9.201641741778671972e-10 3.894047370357600797e-03 0.000000000000000000e+00
0.000000000000000000e+00 0.000000000000000000e+00 0.000000000000000000e+00 0.000000000000000000e+00 0.000000000000000000e+00 0.000000000000000000e+00 9.108055010000615816e-09 -2.511759879962222478e-08 -2.552322701076666479e-08 -4.047864735900215924e-09 -5.150987279790780065e-09 6.460869760648352445e-10 -6.615982121268642223e-10 8.558627744236750760e-11 1.566724592266886317e-10 -3.143615183160918697e-11 6.399045445984247910e-11 5.086847235913299269e-10 1.020038990774476566e-09 0.000000000000000000e+00
0.000000000000000000e+00 0.000000000000000000e+00 0.000000000000000000e+00 0.000000000000000000e+00 0.000000000000000000e+00 0.000000000000000000e+00 4.678140645807023066e-09 7.300301337543899221e-09 3.093987618934633278e-09 -1.567655303524728149e-09 -3.325715041252872364e-09 -1.043693615723673864e-09 1.963342322386562592e-10 -3.329129912318043047e-10 1.831170884215301634e-10 -5.474997073795101178e-11 2.814137601801505100e-09 4.510351586209910951e-10 1.037289019481411751e-09 0.000000000000000000e+00
0.000000000000000000e+00 0.000000000000000000e+00 0.000000000000000000e+00 0.000000000000000000e+00 0.000000000000000000e+00 0.000000000000000000e+00 1.305946863033930751e-08 -5.464105166547881918e-08 -5.214407977230851687e-08 -7.550882303171469813e-09 -8.888953718218482115e-09 2.917679644422827459e-09 -1.571103957239607661e-09 6.468234661638611896e-10 1.455123475314408360e-10 -6.317643838511365141e-11 3.087107508177907200e-08 4.928641644805499479e-10 1.020321942726477055e-09 0.000000000000000000e+00
0.000000000000000000e+00 0.000000000000000000e+00 0.000000000000000000e+00 0.000000000000000000e+00 0.000000000000000000e+00 0.000000000000000000e+00 3.820107617839149986e-09 1.160564814862227089e-09 -4.777514942649533183e-10 -9.133619715342115092e-10 -2.470201786557470252e-09 -5.339539798108086449e-10 1.688869422267606081e-10 -1.468955304750696485e-10 1.746438457490426184e-10 -3.471613770685573171e-11 6.083153966540148274e-11 -7.649431818786772503e-10 5.965656676361814356e-09 0.000000000000000000e+00
0.000000000000000000e+00 0.000000000000000000e+00 0.000000000000000000e+00 0.000000000000000000e+00 0.000000000000000000e+00 0.000000000000000000e+00 3.668035651784470884e-09 4.876919133376617228e-09 2.397286429901171893e-09 -5.090998510522908715e-10 -2.601919403391310501e-09 -1.080883086097871627e-09 4.203728530102819622e-11 -3.949494310701242411e-10 1.910404963342234596e-10 -1.763409826819613530e-11 3.558830590971891125e-11 7.645835745516097945e-09 -5.002473253087332677e-02 0.000000000000000000e+00
0.000000000000000000e+00 0.000000000000000000e+00 0.000000000000000000e+00 0.000000000000000000e+00 0.000000000000000000e+00 0.000000000000000000e+00 5.086051374746743821e-10 8.757900930797406792e-10 1.961119229346701157e-10 -1.986502166044104327e-10 -1.757561611400177116e-10 -2.268806694029607392e-10 -2.421132463961576084e-10 -1.544004507365910934e-10 -1.531408972295216510e-10 -5.465795072307721925e-11 -2.671211855253243737e-10 -3.791511920245853693e-08 4.914679273270474583e-07 0.000000000000000000e+00
0.000000000000000000e+00 0.000000000000000000e+00 0.000000000000000000e+00 0.000000000000000000e+00 0.000000000000000000e+00 0.000000000000000000e+00 1.447129827501915598e-09 -1.970825750296861677e-09 5.679841404878249825e-10 2.726999641973681483e-11 -4.414171059936650720e-10 -2.916300824075049849e-10 -4.736926537870937804e-10 -1.553370401974383969e-10 -1.427212162645298559e-10 -1.159342177799369724e-10 1.793719534047469633e-05 -3.679855536607006843e-08 4.885908595863098025e-07 0.000000000000000000e+00
0.000000000000000000e+00 0.000000000000000000e+00 0.000000000000000000e+00 0.000000000000000000e+00 0.000000000000000000e+00 0.000000000000000000e+00 -7.941989690270759228e-11 1.821159463840506753e-09 -5.438092815178580243e-10 -8.631574615122457045e-10 -2.922325437475888897e-10 -6.932185977950165695e-10 -5.676290285279508855e-10 -9.391288825739383176e-11 -1.704876342989412269e-10 -1.622761536395165733e-10 -1.286566616372661299e-03 -3.721298141186623126e-08 4.885745574384154657e-07 0.000000000000000000e+00
0.000000000000000000e+00 0.000000000000000000e+00 0.000000000000000000e+00 0.000000000000000000e+00 0.000000000000000000e+00 0.000000000000000000e+00 7.004921660946271866e-10 -8.305231476364380164e-10 1.884595317543490998e-10 7.466159630545933826e-11 -2.311358417677742968e-10 -1.907560281632318447e-10 -3.006910324842120907e-10 -8.729664149020389545e-11 -1.603988698599665847e-10 -3.816979063723294166e-11 -2.091433968854461390e-10 -1.720779925448935747e-06 3.492980428040971752e+00 0.000000000000000000e+00
0.000000000000000000e+00 0.000000000000000000e+00 0.000000000000000000e+00 0.000000000000000000e+00 0.000000000000000000e+00 0.000000000000000000e+00 1.883009111695469682e-09 -1.164685031648015121e-09 4.215918340893034533e-11 -1.258719348979139567e-10 -2.606681414041760824e-10 -3.387806534618904430e-10 -4.147986373547878072e-10 -2.647366311996883618e-10 -2.405906865042157892e-10 -6.259683488725266931e-11 -5.799773811799781165e-11 7.692178031710107287e-05 9.093513930107974243e+10 0.000000000000000000e+00
0.000000000000000000e+00 0.000000000000000000e+00 0.000000000000000000e+00 0.000000000000000000e+00 0.000000000000000000e+00 0.000000000000000000e+00 1.600979757552913495e-10 3.200334324332859381e-10 7.839735068821255446e-11 1.898377835938844217e-11 1.058859951218641742e-11 5.348227678662527947e-12 2.921723987638934106e-12 1.985776151153269755e-12 9.271984512303320461e-13 3.603131385993774594e-13 1.559027822263913553e-12 1.199572121127279835e-09 2.262045189886709692e-09 0.000000000000000000e+00
0.000000000000000000e+00 0.000000000000000000e+00 0.000000000000000000e+00 0.000000000000000000e+00 0.000000000000000000e+00 0.000000000000000000e+00 1.965965700878072470e-11 6.481080554393361414e-12 -1.962155209735381704e-12 1.699556571532340330e-11 4.015455558703860768e-12 5.904781964481040345e-12 1.595967608244820915e-12 1.488410628647639182e-12 6.364932354914835948e-13 3.802116596142643158e-13 4.145706427708333922e-09 1.214453187974812902e-09 2.276178709398402019e-09 0.000000000000000000e+00
0.000000000000000000e+00 0.000000000000000000e+00 0.000000000000000000e+00 0.000000000000000000e+00 0.000000000000000000e+00 0.000000000000000000e+00 4.431292844276830592e-10 1.258713863257111880e-09 3.201041550871039403e-10 8.117918912160895435e-11 4.520271846119417079e-11 2.777818560343175212e-11 1.495983455205251529e-11 7.905222331426103488e-12 3.263991782096020507e-12 1.176541911385574908e-12 8.234555858460271638e-07 1.227766735930035377e-09 2.275715976969930665e-09 0.000000000000000000e+00
0.000000000000000000e+00 0.000000000000000000e+00 0.000000000000000000e+00 0.000000000000000000e+00 0.000000000000000000e+00 0.000000000000000000e+00 2.099041294174532001e-11 1.149214986663697943e-12 -5.574021610136920517e-12 7.825875390668348461e-12 2.012350335301135622e-12 2.036782210671189490e-12 1.327371298089291717e-12 1.409744383595666834e-12 8.705454791347834351e-13 3.909050577223170396e-13 1.064363172443843821e-12 1.322588062840733084e-07 -2.541012425928383944e-01 0.000000000000000000e+00
0.000000000000000000e+00 0.000000000000000000e+00 0.000000000000000000e+00 0.000000000000000000e+00 0.000000000000000000e+00 0.000000000000000000e+00 1.287528108698090727e-11 3.109994282247380300e-12 -4.614535092827679925e-12 7.775148276287853428e-12 1.579477056533443623e-12 2.247761461127521715e-12 1.878517570315629915e-12 1.587631619322070616e-12 8.525394401069534033e-13 3.820884754172204990e-13 9.529768830534894713e-13 1.257258040282675283e-06 4.143332551096975803e+06 0.000000000000000000e+00
0.000000000000000000e+00 0.000000000000000000e+00 0.000000000000000000e+00 0.000000000000000000e+00 0.000000000000000000e+00 0.000000000000000000e+00 2.835809725904842809e-09 3.159609491046112587e-09 -1.449109190867370923e-09 -7.027101670250086639e-11 -9.725728094622480373e-11 -1.293007056518545072e-10 -4.523623814095658144e-11 -1.768460230355615740e-11 -7.889029277272660099e-12 -2.794604386782649763e-12 5.314889921283530157e-12 4.377717034917133906e-11 9.876392161483805509e-12 0.000000000000000000e+00
0.000000000000000000e+00 0.000000000000000000e+00 0.000000000000000000e+00 0.000000000000000000e+00 0.000000000000000000e+00 0.000000000000000000e+00 4.125190682515875447e-10 8.046317724880660101e-11 -2.876875291501824781e-10 5.611727166123752266e-11 -2.328911462173269449e-11 -2.592990720200563119e-11 -4.778327515442099357e-12 -1.493456417540916129e-12 -2.343437905346756093e-12 -3.145496060390150261e-12 -1.427095745525911715e-11 4.217195175002693391e-11 9.898978256703112310e-12 0.000000000000000000e+00
0.000000000000000000e+00 0.000000000000000000e+00 0.000000000000000000e+00 0.000000000000000000e+00 0.000000000000000000e+00 0.000000000000000000e+00 5.005385723052587815e-09 5.978089196818363237e-09 -2.542906204578920204e-09 -2.061523388710055196e-10 -1.248994400190639956e-10 -2.427571585152153103e-10 -1.012888602003714957e-10 -4.469627794118060989e-11 -1.811266220917937325e-11 -8.195560741856605078e-12 -1.126257305803348154e-10 4.387420271660986964e-11 9.980380029939634583e-12 0.000000000000000000e+00
0.000000000000000000e+00 0.000000000000000000e+00 0.000000000000000000e+00 0.000000000000000000e+00 0.000000000000000000e+00 0.000000000000000000e+00 7.188181462881118233e-10 5.763343180457401280e-10 -2.892370960510993974e-10 4.977885684384461867e-11 -8.033623569372260281e-11 -3.086629179173699960e-11 -2.711941506250432690e-11 -7.308569569655496382e-12 -3.234746060619165239e-12 -2.204400825865236827e-12 2.007634085935594602e-12 3.403795719170693567e-11 -3.178139551824672801e-08 0.000000000000000000e+00
0.000000000000000000e+00 0.000000000000000000e+00 0.000000000000000000e+00 0.000000000000000000e+00 0.000000000000000000e+00 0.000000000000000000e+00 5.690003987214846468e-10 -3.804608715625681220e-11 -2.051027980396377398e-10 2.318471280047431464e-11 -9.621725570050899462e-11 -6.924082442772447922e-11 4.349342351377791153e-12 3.046726541725366912e-12 -2.399748904548192841e-13 -1.964230337862646598e-12 4.730471687787164253e-13 -3.340069278917914142e-11 -1.563101167450089773e-04 0.000000000000000000e+00
0.000000000000000000e+00 0.000000000000000000e+00 0.000000000000000000e+00 0.000000000000000000e+00 0.000000000000000000e+00 0.000000000000000000e+00 1.889317682716181142e-08 1.592909084744810429e-09 -8.112094345566362784e-09 -9.105049072998587933e-11 -5.098935312394969494e-10 -4.862735502502415859e-10 -8.234024093671690944e-11 -1.513281167846235729e-11 -2.018880150843771059e-11 -1.755382443710278988e-11 1.350311257309455036e-12 3.371150058671925280e-10 6.289671342804454411e-11 0.000000000000000000e+00
0.000000000000000000e+00 0.000000000000000000e+00 0.000000000000000000e+00 0.000000000000000000e+00 0.000000000000000000e+00 0.000000000000000000e+00 6.255451971344252279e-09 3.859162752186650075e-09 2.991668005090693865e-11 -1.649483575766186462e-11 -4.796880998882720314e-10 -2.492347016746449610e-10 9.085500528337048287e-11 -2.053921562588867925e-11 -2.570086000625949663e-11 -1.522033761471860098e-11 2.693533741016333571e-10 3.481449129003969449e-10 5.640426888778574698e-11 0.000000000000000000e+00
0.000000000000000000e+00 0.000000000000000000e+00 0.000000000000000000e+00 0.000000000000000000e+00 0.000000000000000000e+00 0.000000000000000000e+00 3.017542864770912234e-08 -4.394512413216533212e-10 -1.580394556380071322e-08 -2.008461599230106198e-10 -4.823518984376517404e-10 -7.147800683632253465e-10 -3.121400849978329788e-10 1.583970738684995183e-12 -7.160601817935244507e-12 -2.113028201997188194e-11 2.049064544261836259e-09 3.698789104132433274e-10 5.621711515040460552e-11 0.000000000000000000e+00
0.000000000000000000e+00 0.000000000000000000e+00 0.000000000000000000e+00 0.000000000000000000e+00 0.000000000000000000e+00 0.000000000000000000e+00 7.103008467013068043e-09 1.732924616171256140e-09 -5.038329369140055175e-10 -3.338669411371391959e-11 -5.672537378687596325e-10 -1.886924427291421558e-10 1.252369930920826873e-11 -1.658896455417857984e-11 -1.414815880130660234e-11 -1.756228042767756992e-11 -1.672628862574307781e-12 -8.501093035699908154e-10 -4.134504555070585350e-07 0.000000000000000000e+00
0.000000000000000000e+00 0.000000000000000000e+00 0.000000000000000000e+00 0.000000000000000000e+00 0.000000000000000000e+00 0.000000000000000000e+00 6.216523747455201087e-09 3.232728334669262574e-09 -2.856220904773462823e-10 -1.947802384770202671e-10 -4.499371512926830377e-10 -3.615393977908434023e-10 1.130478764580910352e-10 -3.508891597424282317e-11 -5.630429123818909769e-11 -1.453476559795095423e-11 9.002661957058563243e-13 -6.595965631684020711e-09 -7.840782036064034488e-04 0.000000000000000000e+00
0.000000000000000000e+00 0.000000000000000000e+00 0.000000000000000000e+00 0.000000000000000000e+00 0.000000000000000000e+00 0.000000000000000000e+00 -2.451124552788784337e-10 4.270237827542925732e-10 -1.781315928344825731e-11 1.065719684378235175e-10 7.144133483928872279e-11 -8.135148061641765195e-11 -1.980600888838163812e-11 9.940134817866820441e-12 -2.040235265651595504e-11 6.140831553039736364e-12 -2.934896022830719482e-11 -2.081510464059685310e-10 2.978299347415441385e-07 0.000000000000000000e+00
0.000000000000000000e+00 0.000000000000000000e+00 0.000000000000000000e+00 0.000000000000000000e+00 0.000000000000000000e+00 0.000000000000000000e+00 1.889154768541432153e-11 2.044522244436891793e-10 -4.312846388176604725e-10 1.075097601781772139e-10 -7.629021130705938377e-11 -9.326608652466302739e-11 -8.514720785187413299e-11 3.200414584001448237e-11 -1.450831980959196821e-11 -4.701068366253906113e-12 3.842248184846651479e-06 -8.732116994462728394e-10 2.967622547245330198e-07 0.000000000000000000e+00
0.000000000000000000e+00 0.000000000000000000e+00 0.000000000000000000e+00 0.000000000000000000e+00 0.000000000000000000e+00 0.000000000000000000e+00 -2.190354913999094776e-10 -8.935742630973014963e-10 7.561567677598851569e-11 1.276259731754133406e-10 6.898799437470914082e-10 -3.265246238390981787e-10 2.700867416178531175e-11 2.601262299474257937e-12 5.845165922437162518e-12 3.732702940113206249e-12 2.762514171979562846e-04 -1.059291068559365060e-09 2.966812802664373550e-07 0.000000000000000000e+00
0.000000000000000000e+00 0.000000000000000000e+00 0.000000000000000000e+00 0.000000000000000000e+00 0.000000000000000000e+00 0.000000000000000000e+00 -6.387489497861667992e-11 3.412706101971364539e-10 -1.918559730329005844e-10 1.209946684630712362e-10 -7.247236991953076586e-11 -4.453427899410317338e-11 -6.593102884248302503e-11 4.581625279035380258e-12 -1.869246469315301570e-11 5.202903734545908731e-12 -1.494447327483326202e-11 -4.631680054980842783e-07 1.117968330582625036e+01 0.000000000000000000e+00
0.000000000000000000e+00 0.000000000000000000e+00 0.000000000000000000e+00 0.000000000000000000e+00 0.000000000000000000e+00 0.000000000000000000e+00 -1.022844621599573936e-10 2.891459300521691899e-10 -2.919474554247951349e-10 1.186102402181630713e-10 -8.842393462160297832e-11 8.327062007859389024e-11 -1.099333854945567329e-10 4.627655995760604250e-11 -2.536792617967617271e-11 2.378069040850764403e-13 1.132261706416482134e-11 2.724640752115054592e-05 1.765530010449160385e+10 0.000000000000000000e+00
0.000000000000000000e+00 0.000000000000000000e+00 0.000000000000000000e+00 0.000000000000000000e+00 0.000000000000000000e+00 0.000000000000000000e+00 1.069148774230838462e-06 1.338775721565254431e-06 7.094170986892441728e-07 4.194045130810580051e-07 4.222140895182317275e-07 2.735996622480753630e-07 1.928721431959555906e-07 7.774124623868468640e-08 2.672686225631772590e-08 2.433498999909004440e-08 4.900038481257830587e-08 7.991425795825087089e-06 2.345639158945993496e-06 0.000000000000000000e+00
0.000000000000000000e+00 0.000000000000000000e+00 0.000000000000000000e+00 0.000000000000000000e+00 0.000000000000000000e+00 0.000000000000000000e+00 1.964180944677882254e-06 1.581137424220536471e-06 1.046352518443720087e-06 5.317600584960630360e-07 5.408379551397910462e-07 2.790570296247174850e-07 1.478609406834615119e-07 6.427789761717504425e-08 2.858919483223750619e-08 3.941810611879227138e-08 8.863818966422455279e-05 8.209260924293807388e-06 2.499119203436042206e-06 0.000000000000000000e+00
0.000000000000000000e+00 0.000000000000000000e+00 0.000000000000000000e+00 0.000000000000000000e+00 0.000000000000000000e+00 0.000000000000000000e+00 6.814612778849295080e-07 1.396255172865579892e-06 7.481910687059366220e-07 6.552749784324862044e-07 8.177899943388484870e-07 7.914648400105366685e-07 4.597525563343403469e-07 1.907324059544206349e-07 3.718118125781258482e-08 4.396924346788049547e-08 6.333356940912840405e-02 7.500630577538753698e-06 2.487921108921885516e-06 0.000000000000000000e+00
0.000000000000000000e+00 0.000000000000000000e+00 0.000000000000000000e+00 0.000000000000000000e+00 0.000000000000000000e+00 0.000000000000000000e+00 8.664268038627288980e-07 7.756237089891189758e-07 4.900276918528545416e-07 2.565737485998489512e-07 2.665748859273954855e-07 1.622009068618335121e-07 1.223558347256876365e-07 5.760311829782134460e-08 2.827648586670799429e-08 2.485051617158835761e-08 4.874459597873660865e-08 2.259526070496261643e-04 -2.340968317662964759e-01 0.000000000000000000e+00
0.000000000000000000e+00 0.000000000000000000e+00 0.000000000000000000e+00 0.000000000000000000e+00 0.000000000000000000e+00 0.000000000000000000e+00 1.038428382443159084e-06 7.993531422305357761e-07 5.446666527964458080e-07 2.785219312288909592e-07 2.986272929958921502e-07 1.948728820818788066e-07 1.474303855858206497e-07 6.764271347774531966e-08 3.082359767698468321e-08 2.436518488076835964e-08 6.564610879495652688e-08 3.251609402411226009e-04 -7.250790443667247891e+05 0.000000000000000000e+00
0.000000000000000000e+00 0.000000000000000000e+00 0.000000000000000000e+00 0.000000000000000000e+00 0.000000000000000000e+00 0.000000000000000000e+00 3.649921350050127975e-07 -2.041218353608466400e-07 9.434966096680026795e-09 -5.017780679959662481e-10 -5.567024577019908844e-08 6.747753401160282355e-09 -1.255273256913920857e-09 -4.833639457503251628e-10 -1.898714288327702691e-10 7.156894722643094523e-11 4.515106322813263265e-13 -3.135233252196981305e-10 1.336902496235474486e-10 0.000000000000000000e+00
0.000000000000000000e+00 0.000000000000000000e+00 0.000000000000000000e+00 0.000000000000000000e+00 0.000000000000000000e+00 0.000000000000000000e+00 4.566074881803655054e-07 -2.216789556857334209e-07 -1.676752457799021183e-08 1.566713412933986008e-08 -6.384546323643181586e-08 9.194570271095544252e-09 -1.702015540943613177e-09 -7.563901108314476080e-10 -1.623975856483423785e-10 1.008131086800578774e-10 -1.145630474060255873e-09 -3.252288135778877928e-10 1.392242031475906973e-10 0.000000000000000000e+00
0.000000000000000000e+00 0.000000000000000000e+00 0.000000000000000000e+00 0.000000000000000000e+00 0.000000000000000000e+00 0.000000000000000000e+00 2.874094504496587368e-07 -1.928172520195474951e-07 3.439728556938604416e-08 -1.578589319753281363e-08 -5.961734854484180908e-08 5.605111918876356372e-09 -5.261124475745853771e-10 -1.031413017798292660e-10 -2.683181585022036258e-10 9.536135211670096658e-11 -2.840207271791286433e-08 -3.088929093410116163e-10 1.410406404471949253e-10 0.000000000000000000e+00
0.000000000000000000e+00 0.000000000000000000e+00 0.000000000000000000e+00 0.000000000000000000e+00 0.000000000000000000e+00 0.000000000000000000e+00 3.117730410872431876e-07 -1.551488081543815751e-07 -5.120353277221351570e-09 8.660559114745325576e-09 -4.576508252422370102e-08 6.977920014306098446e-09 -1.550531186301688869e-09 -6.315444229812396972e-10 -1.436697009800142907e-10 7.727124828775951880e-11 -4.336717717757186385e-11 -1.865487223823538115e-09 -1.433940095278262382e-08 0.000000000000000000e+00
0.000000000000000000e+00 0.000000000000000000e+00 0.000000000000000000e+00 0.000000000000000000e+00 0.000000000000000000e+00 0.000000000000000000e+00 3.321268122481701977e-07 -1.546147034185282368e-07 -1.400737828357859122e-08 1.167533260959671997e-08 -4.726311180015543419e-08 7.656013269636133797e-09 -1.852135804404640686e-09 -8.140858892110933663e-10 -1.675987143021634579e-10 7.065388516175259344e-11 -4.835912241510523463e-11 1.361094389027638659e-09 -2.718819594921033990e-05 0.000000000000000000e+00
0.000000000000000000e+00 0.000000000000000000e+00 0.000000000000000000e+00 0.000000000000000000e+00 0.000000000000000000e+00 0.000000000000000000e+00 2.220353417046205496e-06 -8.208473982491162339e-07 -2.710205851278978511e-07 -7.788753127743344766e-08 -4.919347082290982622e-08 4.428981714263700595e-08 -1.726163839877307926e-08 -2.219540319602090296e-09 -6.843427288826250913e-10 8.553568464778183558e-11 2.436316914656961612e-10 -2.911092104878298874e-09 -1.153476005238931244e-09 0.000000000000000000e+00
0.000000000000000000e+00 0.000000000000000000e+00 0.000000000000000000e+00 0.000000000000000000e+00 0.000000000000000000e+00 0.000000000000000000e+00 2.830417571468196971e-06 -9.684533812216599483e-07 -2.655157570458071434e-07 -3.310858313554310388e-08 -6.371716418240788351e-08 5.673853065699988638e-08 -2.990326725766720888e-09 -2.699371919574822370e-09 -1.131146085635839261e-09 4.710804918630375956e-10 -3.879042685425832564e-08 -2.848563846974720418e-09 -1.179681514493618673e-09 0.000000000000000000e+00
0.000000000000000000e+00 0.000000000000000000e+00 0.000000000000000000e+00 0.000000000000000000e+00 0.000000000000000000e+00 0.000000000000000000e+00 1.701056894880866430e-06 -7.059298936563155428e-07 -2.855349256141140421e-07 -1.241814479027157010e-07 -4.660321536589151481e-08 4.142711617233854923e-08 -3.463038793104002790e-08 -1.632724016020962065e-09 6.102675592622957114e-10 6.778627622462742645e-10 -5.114357229861850801e-07 -2.787852178537191302e-09 -1.181235621009655081e-09 0.000000000000000000e+00
0.000000000000000000e+00 0.000000000000000000e+00 0.000000000000000000e+00 0.000000000000000000e+00 0.000000000000000000e+00 0.000000000000000000e+00 1.917769522156646739e-06 -6.726865027253743333e-07 -1.892528408096822975e-07 -3.294036873628342977e-08 -4.171500349720488998e-08 4.333099114320573600e-08 -6.609890945323385622e-09 -2.545365510366897538e-09 -1.279627330217310637e-09 1.238165525693194048e-10 -6.793616375081695707e-10 -1.304051294057442270e-08 5.549481081545585075e-08 0.000000000000000000e+00
0.000000000000000000e+00 0.000000000000000000e+00 0.000000000000000000e+00 0.000000000000000000e+00 0.000000000000000000e+00 0.000000000000000000e+00 2.057347071394695277e-06 -6.906647377352974395e-07 -1.919170718130851406e-07 -2.184076307541100321e-08 -4.582973585755108376e-08 4.849300407460687787e-08 -3.171104691921969813e-09 -2.893297430690479767e-09 -1.272218122580328169e-09 9.190936804500951381e-11 -1.103114084202778658e-09 5.193049019046776572e-08 2.386100979007978358e-03 0.000000000000000000e+00
0.000000000000000000e+00 0.000000000000000000e+00 0.000000000000000000e+00 0.000000000000000000e+00 0.000000000000000000e+00 0.000000000000000000e+00 -3.309128622606328322e-10 9.480874268512688679e-10 -5.725633440781624703e-10 -9.313474298138488164e-10 -1.751412652815753897e-09 -1.267657025856040145e-09 -4.889245448843096761e-10 1.329948096561231272e-10 1.220249005663704301e-10 3.181051123831572682e-10 7.779900918338942697e-11 -2.360765981297322225e-08 5.053362963383314367e-07 0.000000000000000000e+00
0.000000000000000000e+00 0.000000000000000000e+00 0.000000000000000000e+00 0.000000000000000000e+00 0.000000000000000000e+00 0.000000000000000000e+00 -6.308557951913381405e-09 -2.819938356850987740e-09 -4.735263212060277025e-09 -6.819108534502411805e-09 -6.110446316574498955e-09 -4.957369690586356778e-09 -2.144511418278645199e-09 -2.003575978939241835e-10 2.249750016699965839e-10 3.074529866558070525e-10 1.631716162439724501e-04 -1.141778395485073255e-08 5.070891777281759098e-07 0.000000000000000000e+00
0.000000000000000000e+00 0.000000000000000000e+00 0.000000000000000000e+00 0.000000000000000000e+00 0.000000000000000000e+00 0.000000000000000000e+00 3.602650625645596224e-09 2.301399158704510996e-09 2.755547726371569950e-11 1.245570078687451327e-09 8.862112200734035313e-10 4.580828898054520676e-09 2.857506452770638665e-09 2.203598899068766820e-10 -1.600743631542057845e-09 1.664126008704834130e-10 -6.443023765466687411e-03 -9.365078272795407697e-09 5.069682552927231672e-07 0.000000000000000000e+00
0.000000000000000000e+00 0.000000000000000000e+00 0.000000000000000000e+00 0.000000000000000000e+00 0.000000000000000000e+00 0.000000000000000000e+00 -1.418564598647891944e-09 4.850580500265074958e-10 -1.134924031950819043e-09 -1.875708682677260465e-09 -2.231935986364040941e-09 -1.952289106065034879e-09 -1.062897771128726940e-09 1.826115312595398742e-11 5.049143855166570712e-10 3.740239352469508118e-10 2.234155004188478947e-10 -2.437282274954900702e-06 7.121782018985083063e-02 0.000000000000000000e+00
0.000000000000000000e+00 0.000000000000000000e+00 0.000000000000000000e+00 0.000000000000000000e+00 0.000000000000000000e+00 0.000000000000000000e+00 -3.284053218952946012e-09 4.723803719477909023e-10 -1.456375236288652332e-09 -3.288301865279727505e-09 -3.838650185904590730e-09 -4.071188624326045348e-09 -2.854463721490843863e-09 -7.158048998973518078e-10 5.763952646996500942e-10 2.719437868885668697e-10 7.748025262678811749e-10 2.305748278540281052e-04 2.881712334471111774e+09 0.000000000000000000e+00
0.000000000000000000e+00 0.000000000000000000e+00 0.000000000000000000e+00 0.000000000000000000e+00 0.000000000000000000e+00 0.000000000000000000e+00 1.058749464851579094e-07 9.930704937475762704e-08 7.872459227494141625e-08 5.134885661921680460e-08 2.349055785026349397e-08 5.730712016477142675e-09 4.467303649501542199e-09 2.348226949916512791e-09 3.661586652381589195e-09 2.101763901543240254e-09 6.223197877319544637e-09 3.144179789694257595e-06 2.606292936088294772e-05 0.000000000000000000e+00
0.000000000000000000e+00 0.000000000000000000e+00 0.000000000000000000e+00 0.000000000000000000e+00 0.000000000000000000e+00 0.000000000000000000e+00 4.047292635949939016e-09 5.194527527753432680e-09 5.354738083222856332e-09 9.035771389548482534e-09 1.379678178001056275e-08 1.397524360354700437e-08 5.723202843154078224e-09 2.416248237053055974e-09 3.727510754860650504e-09 8.864111360049507347e-09 1.866298336805382100e-04 3.290932592154427845e-06 2.686515559442455615e-05 0.000000000000000000e+00
0.000000000000000000e+00 0.000000000000000000e+00 0.000000000000000000e+00 0.000000000000000000e+00 0.000000000000000000e+00 0.000000000000000000e+00 3.793853492212592739e-07 3.622204147187659969e-07 3.172485285609271008e-07 2.626982876988356092e-07 1.760977483550689112e-07 5.834188326020035514e-08 8.325898908355283977e-09 5.501828734082135230e-09 5.952382813245373217e-09 8.134394559235868041e-09 2.724855035924823171e-02 3.187508392946936595e-06 2.684083256695014939e-05 0.000000000000000000e+00
0.000000000000000000e+00 0.000000000000000000e+00 0.000000000000000000e+00 0.000000000000000000e+00 0.000000000000000000e+00 0.000000000000000000e+00 2.127260820031118831e-09 2.298291919702330581e-09 2.384015254295708091e-09 3.677804145807143005e-09 5.747338325021777195e-09 7.583592823192575558e-09 3.930665922642936827e-09 1.836660051462254483e-09 2.848992118074522921e-09 2.114273333959547046e-09 6.464619569821658519e-09 2.170988423950602703e-04 -5.513199375286748705e+01 0.000000000000000000e+00
0.000000000000000000e+00 0.000000000000000000e+00 0.000000000000000000e+00 0.000000000000000000e+00 0.000000000000000000e+00 0.000000000000000000e+00 2.764873867072900903e-09 3.352717314327896428e-09 2.793043293093505025e-09 2.994237861114263748e-09 5.034844889326349511e-09 8.325863696269383149e-09 5.975365095422794740e-09 2.568592240106007506e-09 3.963907681718145762e-09 2.165992681216919817e-09 8.790865608730596171e-09 6.275956517495852880e-04 -7.434182868602249026e+07 0.000000000000000000e+00
0.000000000000000000e+00 0.000000000000000000e+00 0.000000000000000000e+00 0.000000000000000000e+00 0.000000000000000000e+00 0.000000000000000000e+00 -7.587421077060605358e-08 -4.774946898218376068e-08 3.859946611015041279e-09 9.391834065103667688e-09 -3.033808627923447226e-09 2.042744313083031533e-11 1.945975178446510937e-10 7.412907149306731261e-11 -6.133169134512884195e-11 3.000063917438434944e-11 -2.076141019081385335e-11 1.403235522799776945e-11 -3.555754501015216588e-10 0.000000000000000000e+00
0.000000000000000000e+00 0.000000000000000000e+00 0.000000000000000000e+00 0.000000000000000000e+00 0.000000000000000000e+00 0.000000000000000000e+00 -2.134332823538169448e-08 -2.097008736949840717e-09 3.786535696131153346e-09 -5.119431952020435560e-09 1.348069572937139298e-09 7.672930645063334916e-10 3.341535871494220743e-10 1.552526703388434585e-10 -3.913432947957222530e-11 3.032222642459156270e-12 -5.646227366037584961e-10 1.503115459840002878e-11 -3.634022617265282286e-10 0.000000000000000000e+00
0.000000000000000000e+00 0.000000000000000000e+00 0.000000000000000000e+00 0.000000000000000000e+00 0.000000000000000000e+00 0.000000000000000000e+00 -1.252167854527315828e-07 -8.929482992023760589e-08 4.427973625012699994e-09 2.387555262162495745e-08 -7.668932455822125488e-09 -1.013444289236206910e-09 -2.396196466130903771e-11 -3.168206693157724663e-11 -1.062304574609372101e-10 1.325233468826441689e-12 -1.236027712289180671e-08 1.860609991076960238e-11 -3.608837348814017288e-10 0.000000000000000000e+00
0.000000000000000000e+00 0.000000000000000000e+00 0.000000000000000000e+00 0.000000000000000000e+00 0.000000000000000000e+00 0.000000000000000000e+00 -7.144049530452005950e-09 1.482812200657163614e-09 3.089048545760923269e-09 -3.101489115338704917e-09 1.284251786809638098e-09 6.712795569006767569e-10 2.531974974203966696e-10 1.599828399826363522e-10 -2.569639052593239616e-11 2.902381237487152675e-11 -1.260802978532499101e-11 -4.395132779960344524e-10 -1.597074813182532274e-08 0.000000000000000000e+00
0.000000000000000000e+00 0.000000000000000000e+00 0.000000000000000000e+00 0.000000000000000000e+00 0.000000000000000000e+00 0.000000000000000000e+00 -2.050141424140657276e-08 -5.926911233597001571e-09 2.716501304396317178e-09 -2.266423927907277354e-09 1.047738147441532715e-10 4.912671565529494436e-10 2.960109160304516521e-10 1.156414628561682054e-10 -4.922599111833341479e-11 2.963403105627554556e-11 -2.152983510293992982e-11 -1.126158219472975829e-09 -2.744327210993042555e-04 0.000000000000000000e+00
0.000000000000000000e+00 0.000000000000000000e+00 0.000000000000000000e+00 0.000000000000000000e+00 0.000000000000000000e+00 0.000000000000000000e+00 -4.385896163902954661e-07 -2.056840021906851271e-07 -4.443162630052418311e-08 2.360197723109211237e-08 1.368603275843405366e-09 3.789683734100755287e-09 2.499815179179887611e-12 8.278136479035258941e-11 3.997052460018928130e-10 1.234640013267000837e-10 5.875350593339445928e-11 1.561008724585006151e-09 3.483192456382567585e-09 0.000000000000000000e+00
0.000000000000000000e+00 0.000000000000000000e+00 0.000000000000000000e+00 0.000000000000000000e+00 0.000000000000000000e+00 0.000000000000000000e+00 -1.112398485859010938e-07 -5.164189627279164588e-08 5.771124207474565229e-09 -1.014389720953612029e-08 -6.442963251602013981e-09 1.493060401761766218e-09 5.535839056093677029e-12 3.706375555368082060e-10 3.255388099002181518e-10 -1.547993145573875675e-10 -2.708886853379475312e-08 1.505935363118265233e-09 3.591779776332402377e-09 0.000000000000000000e+00
0.000000000000000000e+00 0.000000000000000000e+00 0.000000000000000000e+00 0.000000000000000000e+00 0.000000000000000000e+00 0.000000000000000000e+00 -7.343436943498263041e-07 -3.467393804817037932e-07 -9.052126570202216615e-08 5.744869625453975620e-08 1.259091999530444741e-08 8.221549173101253797e-09 -9.732689723752421527e-11 -4.037902725198591925e-10 6.209585583450481578e-10 -1.117744994457975897e-10 1.172675794914466199e-07 1.621256457056903987e-09 3.561863617679513059e-09 0.000000000000000000e+00
0.000000000000000000e+00 0.000000000000000000e+00 0.000000000000000000e+00 0.000000000000000000e+00 0.000000000000000000e+00 0.000000000000000000e+00 -3.435407655525778648e-08 -2.016321872038656287e-08 9.262241340104002071e-09 -6.273913430135830994e-09 -2.934497640469290148e-09 1.604299752368497531e-09 1.177304871120229962e-10 3.598195942473889539e-10 1.522710265337749889e-10 1.203233257161320074e-10 7.671972279889759056e-11 -5.415964673829412276e-09 3.658651417900082899e-07 0.000000000000000000e+00
0.000000000000000000e+00 0.000000000000000000e+00 0.000000000000000000e+00 0.000000000000000000e+00 0.000000000000000000e+00 0.000000000000000000e+00 -1.093985193973574770e-07 -5.465824134520717208e-08 -2.910506652454913529e-09 -3.714583932806383667e-09 -5.689292608656926020e-09 1.210776713366710764e-09 -9.563858391477960318e-12 2.649660896674886662e-10 5.634282216740150556e-10 8.370352551487444125e-11 -6.689524287544262327e-11 -1.798347592062685613e-09 -5.667688312770680602e-03 0.000000000000000000e+00
0.000000000000000000e+00 0.000000000000000000e+00 0.000000000000000000e+00 0.000000000000000000e+00 0.000000000000000000e+00 0.000000000000000000e+00 9.173379746257530238e-10 7.281254518556515372e-10 4.867003837977281795e-10 7.228912735247660453e-10 2.599224732729672678e-10 1.055265250892792323e-10 3.919952050673536286e-10 -2.116513182806619026e-10 -2.852917720895973279e-10 -2.891025479176134955e-10 -6.980563853094698691e-11 -2.883240516043838965e-08 -1.276937444983811924e-06 0.000000000000000000e+00
0.000000000000000000e+00 0.000000000000000000e+00 0.000000000000000000e+00 0.000000000000000000e+00 0.000000000000000000e+00 0.000000000000000000e+00 1.388469871507593229e-09 1.326350569231347928e-09 1.290188604062130998e-09 1.372473322567766339e-09 7.419681947130904364e-10 5.965179757948902726e-10 -7.107089401915666057e-10 -2.789747683839134247e-10 -3.216236804262168320e-10 -1.064133160803592125e-10 -1.530803263543988933e-05 -2.336087029421112196e-08 -1.341789849445080379e-06 0.000000000000000000e+00
0.000000000000000000e+00 0.000000000000000000e+00 0.000000000000000000e+00 0.000000000000000000e+00 0.000000000000000000e+00 0.000000000000000000e+00 1.030169185638961619e-09 1.187357930822535998e-09 7.388915865812422308e-10 1.976632750423920216e-09 1.523546158821073687e-09 4.475120901185315622e-10 5.468110945037977332e-10 -9.155210806536286192e-10 -3.270908280814688550e-10 -2.022999078628566474e-10 -4.215495395594011201e-03 -2.965592269405182810e-08 -1.342093604143992550e-06 0.000000000000000000e+00
0.000000000000000000e+00 0.000000000000000000e+00 0.000000000000000000e+00 0.000000000000000000e+00 0.000000000000000000e+00 0.000000000000000000e+00 7.373265292937089664e-10 5.989921658942688314e-10 5.094392309105304673e-10 3.785456044803403401e-10 -6.826454771240974185e-11 -7.725958478415839853e-10 -1.026578534862038241e-09 -2.457187997304869120e-10 -2.335383957965416226e-10 -3.094785818409642611e-10 -9.532606450422598336e-11 -1.440095012137485916e-05 -5.203812103602723838e+00 0.000000000000000000e+00
0.000000000000000000e+00 0.000000000000000000e+00 0.000000000000000000e+00 0.000000000000000000e+00 0.000000000000000000e+00 0.000000000000000000e+00 1.265580024371244605e-09 1.038685508263827628e-09 5.927872696315692218e-10 5.426668318829514410e-10 1.316219958518674317e-10 2.148751967778204492e-10 -6.166124705660451165e-11 -5.092784737649092818e-10 -1.000697111813529197e-09 -3.088920973898589286e-10 1.588116393728783004e-10 3.040313404285809853e-05 3.509227387701914787e+09 0.000000000000000000e+00
0.000000000000000000e+00 0.000000000000000000e+00 0.000000000000000000e+00 0.000000000000000000e+00 0.000000000000000000e+00 0.000000000000000000e+00 2.316407290718929373e-15 1.525363769065837140e-15 1.179719300012908423e-15 5.983327509510043614e-16 5.762904016491007747e-16 3.382147503617373056e-16 2.282093233046940223e-16 1.043818068571595183e-16 4.384628910168819034e-17 2.145584926888159579e-17 3.204687608437266228e-17 6.513573488303499419e-15 3.311697372045493286e-15 0.000000000000000000e+00
0.000000000000000000e+00 0.000000000000000000e+00 0.000000000000000000e+00 0.000000000000000000e+00 0.000000000000000000e+00 0.000000000000000000e+00 2.148558193130443712e-15 1.746553137738575379e-15 1.736896506825168859e-15 8.586950880648778804e-16 8.809381389387775826e-16 5.318947146910462651e-16 2.726480604242032535e-16 1.191855144845835419e-16 4.604324994419940498e-17 2.892840304322474984e-17 7.765109013692769457e-14 6.807108620767471473e-15 3.552476304113637827e-15 0.000000000000000000e+00
0.000000000000000000e+00 0.000000000000000000e+00 0.000000000000000000e+00 0.000000000000000000e+00 0.000000000000000000e+00 0.000000000000000000e+00 3.584277428899008534e-15 1.746928827431951461e-15 1.052113983780241302e-15 5.605201465934419922e-16 6.299641543997422540e-16 3.920539707863576086e-16 1.856866885803549895e-16 8.423891992069255803e-17 3.931004169454508173e-17 2.975653971460372238e-17 1.871536657135621699e-11 6.094148812166687780e-15 3.530668894295931822e-15 0.000000000000000000e+00
0.000000000000000000e+00 0.000000000000000000e+00 0.000000000000000000e+00 0.000000000000000000e+00 0.000000000000000000e+00 0.000000000000000000e+00 1.104370432567149179e-15 8.782310946557737147e-16 8.360873497248435685e-16 4.237782804396778570e-16 4.385737132581437140e-16 2.998143919095732912e-16 2.208254168453980614e-16 1.066014630941796773e-16 4.397306416244361011e-17 2.148801095884360818e-17 3.667656754449253224e-17 3.609546679990160413e-13 7.590773185891531812e-10 0.000000000000000000e+00
0.000000000000000000e+00 0.000000000000000000e+00 0.000000000000000000e+00 0.000000000000000000e+00 0.000000000000000000e+00 0.000000000000000000e+00 1.098543817170071550e-15 8.972576166434833709e-16 9.029834099125312107e-16 4.522981800630818595e-16 4.887730731679092914e-16 3.701702364817554664e-16 2.729351031418325146e-16 1.251261664050737087e-16 4.882091810679017385e-17 2.179096751134279706e-17 4.741015417079829446e-17 1.179983218076311703e-12 -4.147283343341274797e-01 0.000000000000000000e+00
0.000000000000000000e+00 0.000000000000000000e+00 0.000000000000000000e+00 0.000000000000000000e+00 0.000000000000000000e+00 0.000000000000000000e+00 1.328408973140541003e-11 -7.920753700466853655e-12 -1.964795402501966937e-12 8.356394526709589755e-13 -1.213156096745140642e-12 3.673382750411710588e-13 -6.099044987260915755e-14 -3.274217761758047241e-14 -6.796136797732285826e-15 1.947029837378336385e-15 -1.777197334765312404e-16 -5.134164920792884580e-15 2.581237507669265260e-15 0.000000000000000000e+00
0.000000000000000000e+00 0.000000000000000000e+00 0.000000000000000000e+00 0.000000000000000000e+00 0.000000000000000000e+00 0.000000000000000000e+00 1.390815703590358331e-11 -6.499897343963435299e-12 -2.729918199936026299e-12 1.228983222651944962e-12 -1.536054657915854073e-12 4.290147011700985173e-13 -6.365822705785927521e-14 -3.141715152462793321e-14 -6.751787104500153015e-15 2.982813430502459649e-15 3.625973024991119751e-14 -4.982631066935760606e-15 2.551984293275012967e-15 0.000000000000000000e+00
0.000000000000000000e+00 0.000000000000000000e+00 0.000000000000000000e+00 0.000000000000000000e+00 0.000000000000000000e+00 0.000000000000000000e+00 1.287274245720402716e-11 -9.362741968137368019e-12 -1.326058859514284769e-12 5.695536493263182580e-13 -1.157632485779487962e-12 3.992465797328341674e-13 -4.669575355202385272e-14 -3.388635780067025475e-14 -7.066390019244694110e-15 3.419058122272525971e-15 -7.764061382181775418e-14 -4.890131906019732978e-15 2.593420382577007985e-15 0.000000000000000000e+00
0.000000000000000000e+00 0.000000000000000000e+00 0.000000000000000000e+00 0.000000000000000000e+00 0.000000000000000000e+00 0.000000000000000000e+00 1.003757971827132795e-11 -5.127981784403773654e-12 -1.784475765766841649e-12 8.198067895688753250e-13 -1.062825619068446281e-12 3.268963261558013345e-13 -6.146133143258693927e-14 -3.003526621393200080e-14 -6.369778447312259606e-15 1.912377679492389848e-15 -1.879855158036430914e-16 -1.728066844179207692e-14 2.328070182244515553e-12 0.000000000000000000e+00
0.000000000000000000e+00 0.000000000000000000e+00 0.000000000000000000e+00 0.000000000000000000e+00 0.000000000000000000e+00 0.000000000000000000e+00 9.980186010352919664e-12 -4.721422443825896131e-12 -1.934735836604904864e-12 8.788557906305524163e-13 -1.141870981007566430e-12 3.562445981797403769e-13 -6.534109852616058730e-14 -3.140343402286378048e-14 -6.808367712816738549e-15 2.028084336798783534e-15 -4.208496351898061379e-16 -9.941886575141462779e-14 -1.290412737722603047e-08 0.000000000000000000e+00
0.000000000000000000e+00 0.000000000000000000e+00 0.000000000000000000e+00 0.000000000000000000e+00 0.000000000000000000e+00 0.000000000000000000e+00 8.900127856955515004e-11 -4.236869338669890993e-11 -4.846415249791950290e-12 1.467587828807786168e-12 1.851648999887518300e-12 1.755161779834992839e-12 -3.809850623660547025e-13 2.731333608810075399e-14 -3.252282442328736266e-14 -1.613998905414558551e-14 8.209434530828710743e-15 -6.528798207060097075e-14 -9.752048252353143890e-14 0.000000000000000000e+00
0.000000000000000000e+00 0.000000000000000000e+00 0.000000000000000000e+00 0.000000000000000000e+00 0.000000000000000000e+00 0.000000000000000000e+00 7.506394029842198527e-11 -5.272257808020092658e-11 -6.502238593751073724e-12 1.895365999844290059e-12 2.629322071979245389e-12 1.868019366009453887e-12 -4.500579816769079431e-13 2.390459830687578094e-14 -2.924493819901185805e-14 -1.213524627408328447e-14 1.330563942443171754e-12 -5.857583190520055995e-14 -9.827032976334597992e-14 0.000000000000000000e+00
0.000000000000000000e+00 0.000000000000000000e+00 0.000000000000000000e+00 0.000000000000000000e+00 0.000000000000000000e+00 0.000000000000000000e+00 1.024060419454553110e-10 -3.397869423086058120e-11 -3.429593435076556792e-12 1.245177192296530923e-12 1.509439815734804261e-12 2.056849317050981802e-12 -2.971603390414436105e-13 5.231452549004676774e-14 -3.292869424324759506e-14 -1.412426430603319054e-14 5.837125762862919603e-12 -5.870552610219273427e-14 -9.886431441641234634e-14 0.000000000000000000e+00
0.000000000000000000e+00 0.000000000000000000e+00 0.000000000000000000e+00 0.000000000000000000e+00 0.000000000000000000e+00 0.000000000000000000e+00 5.822457061985467620e-11 -3.646144699433644721e-11 -4.196236525592865865e-12 1.267347114272221130e-12 1.807129545983856714e-12 1.496426909903030471e-12 -3.855594891336252975e-13 1.277966616004990527e-14 -2.933055864626152992e-14 -1.584379806168099589e-14 7.464892557193300772e-15 -6.099334274975855925e-13 1.005239157899299009e-11 0.000000000000000000e+00
0.000000000000000000e+00 0.000000000000000000e+00 0.000000000000000000e+00 0.000000000000000000e+00 0.000000000000000000e+00 0.000000000000000000e+00 5.425573251888975225e-11 -3.787309259168745767e-11 -4.447692676314302684e-12 1.358616194851824917e-12 1.906209604157115706e-12 1.633205166792989931e-12 -4.387489982720227314e-13 1.983735456781912653e-14 -3.216212121113818770e-14 -1.471587600010451494e-14 8.939718580125535679e-15 6.358561782996951471e-13 -6.627071503920601261e-07 0.000000000000000000e+00
0.000000000000000000e+00 0.000000000000000000e+00 0.000000000000000000e+00 0.000000000000000000e+00 0.000000000000000000e+00 0.000000000000000000e+00 -1.746516405266540675e-13 -1.581839119766212586e-13 -5.149286184139154982e-14 1.255431991188009147e-14 -5.398080215301278904e-14 -2.399849907169733436e-14 1.772842924268628533e-14 4.393415381519607759e-16 5.716335075884819734e-15 -9.922201993368492688e-15 -3.080823902443037462e-15 -2.393973416142616749e-12 3.624720518246863701e-11 0.000000000000000000e+00
0.000000000000000000e+00 0.000000000000000000e+00 0.000000000000000000e+00 0.000000000000000000e+00 0.000000000000000000e+00 0.000000000000000000e+00 -1.262386893144111567e-13 -3.487917862101242246e-14 -7.510215257301033003e-14 2.777899838379479947e-14 -4.623075332622044500e-14 8.024942099441353530e-14 -3.997523982891732070e-14 -2.576813283409215005e-14 -1.662954473873506545e-14 -3.237744083180183251e-14 -2.099162437158370859e-09 -3.259976539015747110e-12 3.633602739392815334e-11 0.000000000000000000e+00
0.000000000000000000e+00 0.000000000000000000e+00 0.000000000000000000e+00 0.000000000000000000e+00 0.000000000000000000e+00 0.000000000000000000e+00 -1.740789128172340942e-13 -2.987612463011555105e-13 -1.848469506379933407e-15 3.534587190742341211e-14 -3.816640973141765022e-14 8.791479388178942937e-14 5.916210033843387227e-14 -1.179710271064535631e-14 -9.027343130932833448e-15 -4.258748496598875731e-14 1.604004205459659605e-07 -3.811576618533216548e-12 3.629623689530674105e-11 0.000000000000000000e+00
0.000000000000000000e+00 0.000000000000000000e+00 0.000000000000000000e+00 0.000000000000000000e+00 0.000000000000000000e+00 0.000000000000000000e+00 -1.032302993375310599e-14 -1.313285037115625664e-14 -6.094026350545262877e-14 3.183840918517161979e-14 -4.086374877677312903e-14 -1.169092021248950482e-14 -3.371351310265123929e-14 6.142225047904716531e-15 2.929173873002096871e-15 -9.732447408493761099e-15 8.177728129637658834e-15 -2.530801305590966791e-10 7.611055412937468433e-06 0.000000000000000000e+00
0.000000000000000000e+00 0.000000000000000000e+00 0.000000000000000000e+00 0.000000000000000000e+00 0.000000000000000000e+00 0.000000000000000000e+00 -3.252018505795870378e-14 -3.095633110767481124e-14 -5.296815982536954945e-14 4.745783388989801999e-14 -5.440263162680340462e-14 9.558934689779813189e-15 -2.159148806707777964e-14 -7.840115890226760862e-16 2.960599293015547577e-15 -7.583126368215616833e-15 1.021011244217807190e-14 -2.570198752596009253e-09 9.210917520344470395e+05 0.000000000000000000e+00
0.000000000000000000e+00 0.000000000000000000e+00 0.000000000000000000e+00 0.000000000000000000e+00 0.000000000000000000e+00 0.000000000000000000e+00 1.412730606992482434e-08 3.274012853423286662e-08 5.821023006754239429e-09 2.627557587810136304e-09 2.793524402315239081e-09 2.113627318361629752e-09 2.164677168957324385e-09 1.413506024766523709e-09 4.453821544119167716e-10 2.492695449391806647e-10 7.898453752914292658e-10 2.579662940749203054e-07 2.919238006096253383e-07 0.000000000000000000e+00
0.000000000000000000e+00 0.000000000000000000e+00 0.000000000000000000e+00 0.000000000000000000e+00 0.000000000000000000e+00 0.000000000000000000e+00 -1.167238769233733686e-09 -2.114375231741242013e-10 1.808828251959096329e-10 5.653058084548461923e-10 6.322274836385267436e-10 2.513598090893585490e-10 2.964740106218338394e-10 3.003593940831810074e-10 2.668414607928073506e-10 5.058512330071314319e-10 7.695659179138180836e-06 2.585603085831181929e-07 2.972741948822473705e-07 0.000000000000000000e+00
0.000000000000000000e+00 0.000000000000000000e+00 0.000000000000000000e+00 0.000000000000000000e+00 0.000000000000000000e+00 0.000000000000000000e+00 5.049270348218683493e-08 1.251416250884619896e-07 2.695385290265641323e-08 1.415006903341625856e-08 1.624836334660519137e-08 1.416338316701807780e-08 1.093825789135604488e-08 7.105405091454347318e-09 2.394189136916803666e-09 6.656977906178879586e-10 1.786490221944561695e-04 2.678419064134325202e-07 2.968797791146502384e-07 0.000000000000000000e+00
0.000000000000000000e+00 0.000000000000000000e+00 0.000000000000000000e+00 0.000000000000000000e+00 0.000000000000000000e+00 0.000000000000000000e+00 1.882283036412794101e-11 -1.838614740871279000e-11 1.520584728044729404e-10 2.184686062109006631e-11 2.746563879956743822e-10 1.167260786597099277e-10 2.543013981994876160e-10 3.306151844459426357e-10 2.419331812359123819e-10 2.412377295333470981e-10 6.680895053250051389e-10 6.291053063974178829e-06 3.875053986112867221e+00 0.000000000000000000e+00
0.000000000000000000e+00 0.000000000000000000e+00 0.000000000000000000e+00 0.000000000000000000e+00 0.000000000000000000e+00 0.000000000000000000e+00 -7.928853779642942794e-10 -1.773720144402832339e-10 -3.739345985205762954e-11 2.623564735294869297e-10 2.682808567742254981e-10 2.061961814827499032e-10 2.503422150487466105e-10 2.910592275500316552e-10 2.397487555512108371e-10 2.325822790960349359e-10 6.154971441970405739e-10 1.389332365251839257e-04 -5.188693708631134033e+08 0.000000000000000000e+00
0.000000000000000000e+00 0.000000000000000000e+00 0.000000000000000000e+00 0.000000000000000000e+00 0.000000000000000000e+00 0.000000000000000000e+00 1.510957314786647594e-08 1.318204502495174565e-08 -1.003976855035925686e-08 -2.646155639525663934e-09 -3.311633525924039694e-09 -9.837476200732193248e-10 -9.192965330915206101e-10 -5.445172905438387052e-10 -1.987468764888937450e-10 -3.190796019013737187e-11 7.063369056405097337e-11 5.708931694931446016e-10 1.817217903124322498e-10 0.000000000000000000e+00
0.000000000000000000e+00 0.000000000000000000e+00 0.000000000000000000e+00 0.000000000000000000e+00 0.000000000000000000e+00 0.000000000000000000e+00 -3.845300430009451366e-09 1.551155334819315681e-09 3.287166145295144685e-09 -9.295460077964309358e-10 5.417372192280453314e-10 1.547267847299890276e-09 1.651932533116127250e-10 1.741658250324179304e-11 -5.275156715166787433e-11 -4.721320282122328156e-11 5.905728810651025375e-10 5.379986183880636875e-10 1.818540216045119010e-10 0.000000000000000000e+00
0.000000000000000000e+00 0.000000000000000000e+00 0.000000000000000000e+00 0.000000000000000000e+00 0.000000000000000000e+00 0.000000000000000000e+00 3.195623929279166716e-08 2.402132863434627878e-08 -2.234082599397164216e-08 -4.239216622399067801e-09 -7.504988578603565306e-09 -3.998156732851602061e-09 -2.169688053524375859e-09 -1.267557908492238248e-09 -4.615078127601224194e-10 -1.474974272834955293e-10 -2.823127577217407148e-10 5.760028033707596929e-10 1.824529536415771991e-10 0.000000000000000000e+00
0.000000000000000000e+00 0.000000000000000000e+00 0.000000000000000000e+00 0.000000000000000000e+00 0.000000000000000000e+00 0.000000000000000000e+00 -9.568924936617328597e-10 1.781590672202273962e-10 1.761244680479979380e-09 -9.162227793955067927e-10 -4.860515893174492725e-10 6.789385482387606161e-10 -5.363538370870788149e-11 -1.001459690533321766e-10 -7.890222831355639544e-11 -2.343702686500019960e-11 1.978137824778295004e-11 1.403633467483598384e-10 -9.996024075906545240e-08 0.000000000000000000e+00
0.000000000000000000e+00 0.000000000000000000e+00 0.000000000000000000e+00 0.000000000000000000e+00 0.000000000000000000e+00 0.000000000000000000e+00 1.123473289635178141e-10 -1.975518109306820450e-09 1.328723265654969989e-09 -1.887049341300073119e-09 9.068271897678397712e-11 7.743997259435571171e-10 -6.510043180602412107e-12 -2.605243699062619007e-11 -2.187160953152211766e-11 -1.152184547238752052e-11 1.081565510384736605e-11 -3.680188709882552480e-09 -2.917149954731941466e-03 0.000000000000000000e+00
0.000000000000000000e+00 0.000000000000000000e+00 0.000000000000000000e+00 0.000000000000000000e+00 0.000000000000000000e+00 0.000000000000000000e+00 1.378959731291561801e-07 -5.260692398901730274e-08 -5.042906520335922884e-08 -4.344837373714735917e-09 -9.201893085412530218e-09 -3.569633303818740535e-09 -2.582013070031593839e-09 -4.932926487830012971e-10 -1.134716916188298272e-10 -5.147354478560166325e-11 2.247999646751046399e-10 2.709868355315915252e-09 -2.967059452413946002e-10 0.000000000000000000e+00
0.000000000000000000e+00 0.000000000000000000e+00 0.000000000000000000e+00 0.000000000000000000e+00 0.000000000000000000e+00 0.000000000000000000e+00 -2.058289147634181713e-08 3.589161313657601057e-09 2.053006290169810691e-08 1.204965525466078067e-09 -2.598677435868797118e-09 1.267332879620038323e-09 9.245407429166198999e-10 2.177521544212012342e-10 5.799870109417793759e-11 -7.123188509634213152e-11 2.294139636150885159e-09 2.507583730379570032e-09 -2.551101387946592577e-10 0.000000000000000000e+00
0.000000000000000000e+00 0.000000000000000000e+00 0.000000000000000000e+00 0.000000000000000000e+00 0.000000000000000000e+00 0.000000000000000000e+00 2.790689549214760137e-07 -1.026650966812844324e-07 -1.164414662396351762e-07 -1.011972175914191619e-08 -1.813268159600426639e-08 -8.735384976246528110e-09 -6.114215593254079319e-09 -1.562722421886177540e-09 -4.896718483660573106e-10 -3.102030726140695623e-10 3.246521034783099008e-08 2.743148437226975496e-09 -2.580442363736789039e-10 0.000000000000000000e+00
0.000000000000000000e+00 0.000000000000000000e+00 0.000000000000000000e+00 0.000000000000000000e+00 0.000000000000000000e+00 0.000000000000000000e+00 -1.742213769439279457e-09 -1.110436981879382654e-08 1.386862643160738681e-08 2.188927216647890098e-09 -2.736167471288041574e-09 1.891300431133089866e-10 6.068109664582418241e-10 2.347772661984874691e-10 6.337641886748420467e-11 -4.906904627969114592e-11 8.884901030779175324e-11 1.199444828424506512e-08 1.036638242583630025e-06 0.000000000000000000e+00
0.000000000000000000e+00 0.000000000000000000e+00 0.000000000000000000e+00 0.000000000000000000e+00 0.000000000000000000e+00 0.000000000000000000e+00 6.275228807042003706e-09 -9.177238177821254451e-09 1.352882279537765486e-08 -2.012259699638124762e-09 -1.551927409451690176e-09 -2.395453387819767427e-10 -2.328263336810120420e-10 7.509044340820375761e-11 2.320002050336801149e-11 -1.757221785404315179e-11 1.653435552382002653e-11 4.984308052218755083e-08 3.193103502225556611e-01 0.000000000000000000e+00
0.000000000000000000e+00 0.000000000000000000e+00 0.000000000000000000e+00 0.000000000000000000e+00 0.000000000000000000e+00 0.000000000000000000e+00 2.654903685301976530e-09 -2.340540976562816904e-09 -2.247554668779354467e-09 2.614995129009445514e-10 -4.078002411766851779e-12 -4.944350033719403067e-10 -2.276157503863188923e-11 -1.300510154431713744e-10 -1.364898138265604861e-10 -1.267462831991695382e-10 -4.054505476614671442e-10 -4.219243024722177550e-08 2.180858088040110988e-06 0.000000000000000000e+00
0.000000000000000000e+00 0.000000000000000000e+00 0.000000000000000000e+00 0.000000000000000000e+00 0.000000000000000000e+00 0.000000000000000000e+00 5.014763982355467215e-09 6.374495441942398558e-09 2.330643173812307097e-09 1.391579988262712288e-09 -3.843054627652628127e-09 -2.522114496999080738e-10 1.733141577366541563e-10 -3.311754742804151051e-10 -3.071888504388375481e-11 -1.664067833578365312e-10 1.150243696777471595e-05 -4.620625038103645834e-08 2.168410830419296945e-06 0.000000000000000000e+00
0.000000000000000000e+00 0.000000000000000000e+00 0.000000000000000000e+00 0.000000000000000000e+00 0.000000000000000000e+00 0.000000000000000000e+00 -3.036511742782009600e-09 -2.013910085951636463e-08 -6.139395329411969913e-09 -1.050921042521956028e-09 5.608101257770979166e-10 -3.109841808759557559e-09 -1.280781122725567792e-09 1.788732439225194496e-10 -3.255870753773153426e-10 -2.605136858680325701e-10 -2.168083588747107121e-04 -5.206444747028870894e-08 2.167261966712779791e-06 0.000000000000000000e+00
0.000000000000000000e+00 0.000000000000000000e+00 0.000000000000000000e+00 0.000000000000000000e+00 0.000000000000000000e+00 0.000000000000000000e+00 2.747637982887753623e-09 2.484348614314042011e-09 6.330280347821612299e-10 1.648853327250052524e-10 -1.406353000624534735e-09 -5.900160900860926997e-10 2.162876731383788940e-10 -1.678991682410581836e-10 -1.145443177093310988e-11 -1.016885104301046498e-10 -2.510243341274068142e-10 1.552193805561441829e-06 1.950050574987204755e+01 0.000000000000000000e+00
0.000000000000000000e+00 0.000000000000000000e+00 0.000000000000000000e+00 0.000000000000000000e+00 0.000000000000000000e+00 0.000000000000000000e+00 6.358684342881848146e-09 3.050382806261703501e-09 1.759479919544978040e-10 9.292289681720317293e-10 -1.224418642371923178e-09 -5.547653492430137322e-10 2.771236444381419173e-11 -4.110471150029228559e-10 -2.125093787034777305e-10 -1.364780812419797981e-10 -4.031382143817350442e-10 2.013236840932359942e-04 4.088746656935218811e+10 0.000000000000000000e+00
