0.000000000000000000e+00 0.000000000000000000e+00 0.000000000000000000e+00 0.000000000000000000e+00 0.000000000000000000e+00 0.000000000000000000e+00 8.110635773934472228e-11 1.821074682574875895e-10 2.316804714539462661e-10 2.683151423848147195e-10 2.516489238485417087e-10 3.137162051681748433e-10 2.672550081057578624e-10 1.927564202723476559e-10 9.645402390486600631e-11 1.982129536623964812e-11 3.411192024573127231e-12 9.771257763291214732e-10 7.320319526810007365e-07 0.000000000000000000e+00
0.000000000000000000e+00 0.000000000000000000e+00 0.000000000000000000e+00 0.000000000000000000e+00 0.000000000000000000e+00 0.000000000000000000e+00 -5.886812973689227040e-12 -1.198011715164199069e-11 2.785365765075139921e-12 2.072497453024797195e-12 5.097155032633735256e-12 5.560117970563244707e-12 4.966666436631491299e-12 5.418336280175480860e-12 3.864433494175296569e-12 7.116018035264726434e-13 4.253736075963684672e-09 1.274072965608100173e-09 7.344013997641387075e-07 0.000000000000000000e+00
0.000000000000000000e+00 0.000000000000000000e+00 0.000000000000000000e+00 0.000000000000000000e+00 0.000000000000000000e+00 0.000000000000000000e+00 3.647823488626345989e-10 6.289726244471536925e-10 8.583652991786288374e-10 1.042993147651275353e-09 1.188084982397677667e-09 1.507505931478165720e-09 1.008718020480079163e-09 6.366143183458486189e-10 2.593460594528317233e-10 5.020901110684670456e-11 7.191978015629612827e-07 2.209963630884475202e-09 7.429600197003855439e-07 0.000000000000000000e+00
0.000000000000000000e+00 0.000000000000000000e+00 0.000000000000000000e+00 0.000000000000000000e+00 0.000000000000000000e+00 0.000000000000000000e+00 -6.020023165492441217e-12 -5.840077048007205789e-12 -6.936256500205281116e-14 9.882172632636501110e-13 1.354419398494284762e-12 1.695195135610164028e-12 1.258216420679788556e-12 2.227120026963795356e-12 1.256244402909972142e-12 7.096369035940739335e-13 6.090460262499295231e-14 1.917279184535554019e-11 5.449159930008940478e+01 0.000000000000000000e+00
0.000000000000000000e+00 0.000000000000000000e+00 0.000000000000000000e+00 0.000000000000000000e+00 0.000000000000000000e+00 0.000000000000000000e+00 -1.699141919279313666e-12 -3.216261929258544877e-12 2.231984631030393236e-12 5.907362722019555910e-13 3.008423327675371621e-12 3.967570837993717678e-12 4.452229033328779549e-12 4.279196511604327973e-12 2.205977123236983889e-12 8.137661878516647458e-13 4.960610739331224219e-14 4.302453233397296001e-12 -1.180750027050888399e+06 0.000000000000000000e+00
0.000000000000000000e+00 0.000000000000000000e+00 0.000000000000000000e+00 0.000000000000000000e+00 0.000000000000000000e+00 0.000000000000000000e+00 -7.664120683410690792e-10 -3.237867790235969902e-10 -2.590976804392380642e-09 -1.512240272588788394e-09 -1.195174994149143658e-10 -2.950193002551698152e-11 -4.187994073982041306e-11 -3.751561966846853246e-11 -5.158122180643360445e-12 -4.214199585054381268e-12 7.509495650471237660e-13 9.638536612764193639e-12 1.316136464876162983e-10 0.000000000000000000e+00
0.000000000000000000e+00 0.000000000000000000e+00 0.000000000000000000e+00 0.000000000000000000e+00 0.000000000000000000e+00 0.000000000000000000e+00 2.583427985686298374e-10 -5.740670627008104904e-12 1.940894591662979961e-10 -3.401412874503424587e-10 -6.654272054022057212e-11 9.783307793254408611e-11 -1.903959003666205239e-11 7.244069226918344736e-12 2.114799307895012670e-12 7.925736885243154963e-13 2.555964871070859711e-12 9.018454068529922634e-12 1.319580242943631026e-10 0.000000000000000000e+00
0.000000000000000000e+00 0.000000000000000000e+00 0.000000000000000000e+00 0.000000000000000000e+00 0.000000000000000000e+00 0.000000000000000000e+00 -1.685933286240353856e-09 -6.028003347870100603e-10 -5.199114511073417267e-09 -2.719101949458023870e-09 -1.897212977619451275e-10 -1.553628345472796906e-10 -5.638622104318366323e-11 -7.386699822839078213e-11 -8.483656847749973839e-12 -7.250930179906421584e-12 -3.975671238742153205e-11 1.411053267768989763e-11 1.332615134514776096e-10 0.000000000000000000e+00
0.000000000000000000e+00 0.000000000000000000e+00 0.000000000000000000e+00 0.000000000000000000e+00 0.000000000000000000e+00 0.000000000000000000e+00 2.998648603206072437e-11 -1.280160550764934674e-10 8.441008347268444976e-11 -1.468223091372187155e-10 -7.986952433235208510e-11 3.356962561500550594e-11 -1.058853568833844365e-11 4.442851077603925805e-12 3.546465368731709015e-12 2.708145897460095868e-13 -4.302779348047487568e-14 -9.096760927960600009e-13 4.740400556193858706e-07 0.000000000000000000e+00
0.000000000000000000e+00 0.000000000000000000e+00 0.000000000000000000e+00 0.000000000000000000e+00 0.000000000000000000e+00 0.000000000000000000e+00 3.192497493944571921e-10 1.120978543651144024e-11 1.660729216318782044e-10 -3.193269104101427311e-10 -7.096187228659069600e-11 7.899522447406547542e-11 -2.464132729254649404e-11 1.968169806567462238e-12 3.816982720422775801e-13 1.887460525429253592e-13 -1.974654837409196216e-13 -1.578142041667427149e-13 2.914863129612607824e-05 0.000000000000000000e+00
0.000000000000000000e+00 0.000000000000000000e+00 0.000000000000000000e+00 0.000000000000000000e+00 0.000000000000000000e+00 0.000000000000000000e+00 3.315761678610337783e-10 4.221062891770627821e-09 -9.037334868727480067e-09 -3.556105425045845892e-09 -1.216646590926342032e-09 -7.753751422752996817e-10 -3.437661007869681479e-10 -1.524985368285297941e-10 -1.241688458797768352e-10 -1.056492775095974452e-10 1.634861168510173755e-11 1.521633970135480657e-10 1.875560489279581103e-09 0.000000000000000000e+00
0.000000000000000000e+00 0.000000000000000000e+00 0.000000000000000000e+00 0.000000000000000000e+00 0.000000000000000000e+00 0.000000000000000000e+00 1.487789972996601313e-09 -2.221746571881053306e-09 -6.079352268907908211e-11 -1.119475568746922556e-09 3.371823586989382495e-11 1.134485236498761061e-11 4.263383482250683750e-11 -1.169103116257403830e-11 -4.954911188258967915e-12 1.342491830581499038e-11 -1.330126067396806266e-10 1.471610199890445935e-10 1.903494522367807278e-09 0.000000000000000000e+00
0.000000000000000000e+00 0.000000000000000000e+00 0.000000000000000000e+00 0.000000000000000000e+00 0.000000000000000000e+00 0.000000000000000000e+00 -6.970826181209744770e-10 1.009137835716690939e-08 -1.741020801823037433e-08 -6.065223008257784581e-09 -2.522198084874586894e-09 -1.647142746542828004e-09 -6.612632317911053115e-10 -2.758490471127588394e-10 -1.734173245826956601e-10 -1.661256151617004273e-10 -6.664537358533684277e-10 2.200787509880971945e-10 1.926403794758766357e-09 0.000000000000000000e+00
0.000000000000000000e+00 0.000000000000000000e+00 0.000000000000000000e+00 0.000000000000000000e+00 0.000000000000000000e+00 0.000000000000000000e+00 9.586701381009261406e-11 -2.468557635026571434e-09 6.190501779867385726e-11 -7.338122591536116425e-10 -1.320323505013492915e-10 -1.810710213564268165e-10 -2.638449578277613924e-11 -2.582245502389679205e-11 -3.263412099811191064e-11 -7.706101609792025318e-12 3.855626022419414419e-13 1.426747378134416404e-12 4.565416990615534139e-06 0.000000000000000000e+00
0.000000000000000000e+00 0.000000000000000000e+00 0.000000000000000000e+00 0.000000000000000000e+00 0.000000000000000000e+00 0.000000000000000000e+00 1.560439198064865131e-09 -1.354080612494043401e-09 -1.999473836394994965e-10 -8.628770958043305821e-10 -4.441883549656925873e-11 -2.172610002650936440e-11 4.231144711352664117e-12 -2.472303351486198590e-11 -2.534671313517781134e-11 -4.731542367070473991e-13 -2.007914553592040166e-12 -1.369715918579690025e-11 6.471126644364429657e-04 0.000000000000000000e+00
0.000000000000000000e+00 0.000000000000000000e+00 0.000000000000000000e+00 0.000000000000000000e+00 0.000000000000000000e+00 0.000000000000000000e+00 -1.053063620147568791e-10 7.459485738210542449e-11 2.032733248831727194e-10 -8.315556661603310622e-11 -1.526916650687462664e-11 -7.845145926046508904e-13 2.135004054965374988e-12 2.142754796511607496e-11 1.015125769404106437e-11 4.294745482150328408e-12 1.224045174609661891e-13 -3.610096569282811321e-11 -7.890849133081700714e-07 0.000000000000000000e+00
0.000000000000000000e+00 0.000000000000000000e+00 0.000000000000000000e+00 0.000000000000000000e+00 0.000000000000000000e+00 0.000000000000000000e+00 -1.606809995241169610e-10 -1.460004863989105865e-10 3.595314629769854275e-10 1.476311175554272537e-10 2.441119403447574793e-11 4.652411590722368340e-11 6.594083697090687429e-11 1.362311317295254574e-11 3.410484321016629665e-12 -4.311539205350144391e-12 3.167903500944847652e-06 -4.171071771993928691e-11 -7.893001086561906820e-07 0.000000000000000000e+00
0.000000000000000000e+00 0.000000000000000000e+00 0.000000000000000000e+00 0.000000000000000000e+00 0.000000000000000000e+00 0.000000000000000000e+00 -2.554216827863839712e-10 4.834949409926789134e-10 -8.193597141032231364e-12 -1.226391229773233543e-10 1.507754479089666840e-10 -9.350622652194462172e-11 5.652984917698133851e-12 4.110861112458480007e-11 1.770264995330600571e-11 5.692295215775403340e-12 1.997593974910332078e-05 -3.205474287387802041e-11 -7.868445390013300778e-07 0.000000000000000000e+00
0.000000000000000000e+00 0.000000000000000000e+00 0.000000000000000000e+00 0.000000000000000000e+00 0.000000000000000000e+00 0.000000000000000000e+00 -1.565284350539617050e-10 5.348770990955117063e-11 2.157125235613781297e-10 -3.799876251289408267e-11 -3.287497794900309687e-11 1.116030985736186994e-11 6.928626365898628716e-12 2.205602016083307804e-11 4.110853574935885466e-12 -4.102238040790075015e-13 -1.482355107616044513e-12 -5.108048624254415023e-11 9.349641449410253813e+01 0.000000000000000000e+00
0.000000000000000000e+00 0.000000000000000000e+00 0.000000000000000000e+00 0.000000000000000000e+00 0.000000000000000000e+00 0.000000000000000000e+00 -7.724797030648015820e-11 -3.586308833580737103e-11 1.850205902820711118e-10 5.145533058093051598e-11 2.114501997916431265e-11 8.182925885569952360e-12 7.281369531410763233e-11 3.996172749638945576e-11 1.429287243792007452e-11 -3.872838438063851412e-12 -1.022990106080245622e-11 -6.508330325200069971e-11 -2.979530868324850220e+06 0.000000000000000000e+00
0.000000000000000000e+00 0.000000000000000000e+00 0.000000000000000000e+00 0.000000000000000000e+00 0.000000000000000000e+00 0.000000000000000000e+00 1.042099961642335650e-09 2.868056984346715324e-09 8.863858405620671109e-10 1.817293946277085734e-09 2.527898724244383677e-09 2.453912541709587112e-09 2.274451643464331672e-09 1.210631001149346672e-09 6.406246698650915221e-10 1.340967031418117901e-10 2.168783982270696578e-11 6.090378000145079205e-09 5.607253829936027431e-05 0.000000000000000000e+00
0.000000000000000000e+00 0.000000000000000000e+00 0.000000000000000000e+00 0.000000000000000000e+00 0.000000000000000000e+00 0.000000000000000000e+00 -2.545343546469229306e-09 1.215637809847016375e-09 -2.279844258992075679e-09 7.711642257561284398e-10 1.156845079493248265e-09 6.416950216623163364e-10 5.473905851295941066e-10 1.365063887170658492e-10 5.623467645991821788e-11 7.699622616741791628e-12 -2.945423895287060274e-07 7.907425647829110927e-09 5.604155126863897413e-05 0.000000000000000000e+00
0.000000000000000000e+00 0.000000000000000000e+00 0.000000000000000000e+00 0.000000000000000000e+00 0.000000000000000000e+00 0.000000000000000000e+00 4.337588945018427377e-09 1.244191725744127123e-08 4.887321738091855141e-09 5.057297438789613152e-09 1.104854097861223723e-08 1.046608088452634937e-08 7.869984420503523029e-09 3.954512689238049212e-09 1.628688326552914111e-09 3.116000092082025887e-10 2.889004421725810295e-06 1.322091418761548381e-08 5.607599704619999070e-05 0.000000000000000000e+00
0.000000000000000000e+00 0.000000000000000000e+00 0.000000000000000000e+00 0.000000000000000000e+00 0.000000000000000000e+00 0.000000000000000000e+00 -3.794375944729240533e-10 1.730931528052578744e-09 -8.454786797148364873e-10 -5.445398087582410602e-12 8.894661742877412972e-10 4.592281377744245106e-10 2.028886102694765434e-10 1.875796085669046332e-10 3.907605398234464971e-11 2.426569418699841368e-11 2.261165099413403885e-12 5.732777193536626654e-10 9.428190387020662456e+03 0.000000000000000000e+00
0.000000000000000000e+00 0.000000000000000000e+00 0.000000000000000000e+00 0.000000000000000000e+00 0.000000000000000000e+00 0.000000000000000000e+00 -2.462781706100068422e-10 4.469005395781388222e-10 -1.167507032302048234e-09 3.983302661224647046e-10 5.575463672179324482e-10 4.100696533032811564e-10 6.401655641186504990e-10 1.149284314370066680e-10 8.247682830370366595e-11 6.592567013582423933e-12 2.893140380143315490e-12 6.118538717587573996e-10 -2.551782943361744285e+07 0.000000000000000000e+00
0.000000000000000000e+00 0.000000000000000000e+00 0.000000000000000000e+00 0.000000000000000000e+00 0.000000000000000000e+00 0.000000000000000000e+00 -6.337883100605232537e-09 -1.243068270399940209e-08 -1.049484872906374397e-08 -7.089847153072719754e-09 -6.771338322570010323e-09 -2.856271656896915119e-09 -1.809253868672745493e-09 -7.719945326532494940e-10 -3.409110065362061718e-10 -9.375083060058615504e-11 7.453159381819552996e-12 1.958017323299326744e-10 3.045117258138029388e-09 0.000000000000000000e+00
0.000000000000000000e+00 0.000000000000000000e+00 0.000000000000000000e+00 0.000000000000000000e+00 0.000000000000000000e+00 0.000000000000000000e+00 9.603823701837074640e-10 9.550021628301554281e-09 -1.924809112625372478e-09 2.023732550667931373e-09 -1.237661046812276256e-09 6.813626712904707379e-10 1.138188450545113572e-10 2.450784266963509912e-10 5.693320229254710379e-11 1.078856886942313952e-11 1.319276044948597837e-10 1.947386446690665476e-10 3.065491410020701646e-09 0.000000000000000000e+00
0.000000000000000000e+00 0.000000000000000000e+00 0.000000000000000000e+00 0.000000000000000000e+00 0.000000000000000000e+00 0.000000000000000000e+00 -1.277635551395407261e-08 -3.224130648379473514e-08 -1.852675822816803442e-08 -1.620900687186564214e-08 -1.329503776681469478e-08 -6.963311454761819118e-09 -3.436541148248419575e-09 -1.609277806167863315e-09 -5.682749346960181606e-10 -1.496862812047652204e-10 -2.430096093504331504e-10 2.786968207052864801e-10 3.116358786698375966e-09 0.000000000000000000e+00
0.000000000000000000e+00 0.000000000000000000e+00 0.000000000000000000e+00 0.000000000000000000e+00 0.000000000000000000e+00 0.000000000000000000e+00 -5.082387997968605971e-10 4.147136387689827298e-09 -2.866692971522189704e-10 1.513872128545140926e-09 -2.755317015550206687e-11 5.814153408654862792e-10 -2.226844282532317518e-11 7.605172520629497287e-11 3.043169511537202933e-12 -6.569338851926787282e-12 -1.121273633606385941e-12 8.260871571893412359e-12 1.771001993465700147e-05 0.000000000000000000e+00
0.000000000000000000e+00 0.000000000000000000e+00 0.000000000000000000e+00 0.000000000000000000e+00 0.000000000000000000e+00 0.000000000000000000e+00 2.839931855789038928e-10 7.363645234499433589e-09 -2.248360889517638222e-09 1.850036687427703724e-09 -1.329738612732377754e-09 6.488155380636809497e-10 -2.965334980392374148e-11 2.002514558981306852e-10 7.113872322223966100e-12 -2.183219180588309423e-12 -4.702722487665266285e-12 7.077282054692120110e-12 4.118801511112147890e-04 0.000000000000000000e+00
0.000000000000000000e+00 0.000000000000000000e+00 0.000000000000000000e+00 0.000000000000000000e+00 0.000000000000000000e+00 0.000000000000000000e+00 -4.069852242659815734e-08 -7.557032178151245481e-08 -3.744896208355581770e-08 -3.617439892610965822e-08 -3.216276337327793914e-08 -1.358413379700926137e-08 -9.238846563334777584e-09 -3.660088207195244794e-09 -1.787994297696310753e-09 -5.776654240988153857e-10 5.985230013218002567e-11 1.475786627856760567e-09 -3.083986328863461909e-08 0.000000000000000000e+00
0.000000000000000000e+00 0.000000000000000000e+00 0.000000000000000000e+00 0.000000000000000000e+00 0.000000000000000000e+00 0.000000000000000000e+00 2.584133005571722729e-08 5.704885093358403311e-08 4.972730091051621636e-10 9.039118582075904862e-09 -6.113226194307534125e-09 5.276310158353515024e-09 1.016539769132794492e-09 7.377162650151918137e-10 7.008172318557406525e-11 1.504585698367774758e-11 1.113067508898947368e-09 1.411286024468436335e-09 -3.048616424937497511e-08 0.000000000000000000e+00
0.000000000000000000e+00 0.000000000000000000e+00 0.000000000000000000e+00 0.000000000000000000e+00 0.000000000000000000e+00 0.000000000000000000e+00 -9.984919816271727896e-08 -1.942547996874901361e-07 -7.242144374048613135e-08 -7.981294584387714112e-08 -6.171464177531464291e-08 -3.394106555035330161e-08 -1.814235707986165695e-08 -6.977615150777686516e-09 -2.579705051485606921e-09 -8.622209801975135337e-10 3.544006214619457462e-09 2.012787905655263643e-09 -3.040197935174313662e-08 0.000000000000000000e+00
0.000000000000000000e+00 0.000000000000000000e+00 0.000000000000000000e+00 0.000000000000000000e+00 0.000000000000000000e+00 0.000000000000000000e+00 9.715424545683399479e-10 1.265492991892009287e-08 -4.548303097099614696e-09 1.792511201886419525e-09 -7.555683811450366827e-09 2.109477814025437645e-09 9.765958128297200108e-10 5.433303734236315049e-10 -3.505130174597038062e-10 -6.010943651977944667e-11 -6.825697296880333498e-12 9.360374003166574608e-11 -8.716517917171229387e-05 0.000000000000000000e+00
0.000000000000000000e+00 0.000000000000000000e+00 0.000000000000000000e+00 0.000000000000000000e+00 0.000000000000000000e+00 0.000000000000000000e+00 2.177475054378474404e-08 4.495320342497838710e-08 -2.664243613273993734e-09 7.438090061404043720e-09 -5.935262041239928874e-09 4.432388930516932280e-09 3.433945084089625223e-10 1.343654150485268802e-10 -2.802275183527566005e-10 -1.089986036135573417e-10 -5.899574105080165292e-11 1.292857472723388842e-10 7.136226582112997416e-03 0.000000000000000000e+00
0.000000000000000000e+00 0.000000000000000000e+00 0.000000000000000000e+00 0.000000000000000000e+00 0.000000000000000000e+00 0.000000000000000000e+00 -2.874352874116765381e-10 -2.441313229339857589e-09 -1.437290965058733716e-09 2.555837634775099566e-10 -1.293908409659458718e-09 -5.548118633068314983e-10 -1.173761776692527013e-10 -1.618979459734846945e-10 -1.164648378917918758e-11 -1.382076008966248460e-10 -9.050229493199114646e-11 -4.203227688451481103e-09 -2.533046137085684946e-05 0.000000000000000000e+00
0.000000000000000000e+00 0.000000000000000000e+00 0.000000000000000000e+00 0.000000000000000000e+00 0.000000000000000000e+00 0.000000000000000000e+00 -8.235292109343469740e-10 -5.170607527254654293e-09 5.178186611705077197e-10 -1.670324108790187747e-09 -7.807591615866629352e-11 -1.071707248945540312e-09 -5.217939199711202326e-10 -1.881004050221129642e-10 -9.327815700746466115e-11 -6.991559097225542879e-11 2.876543442550396910e-05 -5.011563908144137842e-09 -2.533786070443886119e-05 0.000000000000000000e+00
0.000000000000000000e+00 0.000000000000000000e+00 0.000000000000000000e+00 0.000000000000000000e+00 0.000000000000000000e+00 0.000000000000000000e+00 3.932943390409848836e-09 1.705472861479020677e-09 -3.916512137451639104e-09 1.948686987554397351e-10 -2.546131056381922694e-09 6.425986758812229331e-10 -3.933659373840216833e-11 4.700556103537459626e-11 5.498665719456427134e-11 -1.430944624447547560e-12 9.863863127810716712e-05 -5.607692192836294098e-09 -2.532636646016373590e-05 0.000000000000000000e+00
0.000000000000000000e+00 0.000000000000000000e+00 0.000000000000000000e+00 0.000000000000000000e+00 0.000000000000000000e+00 0.000000000000000000e+00 -1.972257399183760888e-10 -3.268478426301482856e-09 3.835357308931552505e-10 8.893979023692185710e-10 -1.036663437191397810e-09 -7.421797123332859110e-10 -1.565911560951708202e-10 -1.833765419131750630e-10 9.523604275029702948e-12 -1.541870626675105689e-10 -8.189757372095969819e-11 -1.796471832602382363e-09 -4.104832998844312897e+03 0.000000000000000000e+00
0.000000000000000000e+00 0.000000000000000000e+00 0.000000000000000000e+00 0.000000000000000000e+00 0.000000000000000000e+00 0.000000000000000000e+00 -9.370292832582391186e-10 -4.277999627536439951e-09 1.007046352541314970e-09 -1.702954307462139329e-09 -3.256669098949640482e-10 -7.331712293213853284e-10 -5.087905171588379769e-10 -1.750216895231378861e-10 -2.416246922668953394e-10 -2.270093634417932624e-10 -6.042517124617617770e-11 -4.102348585277757538e-10 1.173204564397633076e+07 0.000000000000000000e+00
0.000000000000000000e+00 0.000000000000000000e+00 0.000000000000000000e+00 0.000000000000000000e+00 0.000000000000000000e+00 0.000000000000000000e+00 3.056865206697425544e-09 2.441630142610534634e-09 3.783735777200751969e-09 3.412401406236404105e-09 3.742074840470306499e-09 4.240311037197015251e-09 3.624872174606420418e-09 2.786088464542489638e-09 1.640403038566560662e-09 5.384276149826711819e-10 1.186934274842550020e-10 1.302560022231048743e-08 3.042086728755744171e-06 0.000000000000000000e+00
0.000000000000000000e+00 0.000000000000000000e+00 0.000000000000000000e+00 0.000000000000000000e+00 0.000000000000000000e+00 0.000000000000000000e+00 6.382995275855149115e-11 3.898415902471879543e-10 9.896026850457579179e-11 4.522670154890260455e-10 4.514945405046418180e-10 5.114411612807746570e-10 4.556422859649004302e-10 3.421546773976721793e-10 2.321944439108649638e-10 1.866159186869700931e-10 3.862697743102827528e-06 1.837341590202724800e-08 3.070060801797064830e-06 0.000000000000000000e+00
0.000000000000000000e+00 0.000000000000000000e+00 0.000000000000000000e+00 0.000000000000000000e+00 0.000000000000000000e+00 0.000000000000000000e+00 1.151856026014703621e-08 6.977584212934630172e-09 1.483477379682345359e-08 1.368066756702360460e-08 1.703622633061873110e-08 1.951547828876438091e-08 1.323701997172416361e-08 9.066261956489187114e-09 4.184708844360104494e-09 1.199381249096648289e-09 2.973458432141422883e-05 2.568943442559356582e-08 3.103652210599723571e-06 0.000000000000000000e+00
0.000000000000000000e+00 0.000000000000000000e+00 0.000000000000000000e+00 0.000000000000000000e+00 0.000000000000000000e+00 0.000000000000000000e+00 5.727913386386277165e-10 6.348228296928334882e-10 6.119891526881127329e-10 5.767070106828120411e-10 7.179475680546587811e-10 8.380328845901553533e-10 7.712192533994187916e-10 6.415307299074280478e-10 4.863777979672698722e-10 2.561855236876235625e-10 6.300436470147173993e-11 3.336934049934468294e-09 -1.336080358884652810e+02 0.000000000000000000e+00
0.000000000000000000e+00 0.000000000000000000e+00 0.000000000000000000e+00 0.000000000000000000e+00 0.000000000000000000e+00 0.000000000000000000e+00 5.944115147540397783e-11 2.674209400057762463e-10 6.335854888183457156e-11 2.323760493149391860e-10 2.485074153725110344e-10 3.797966418077608313e-10 4.610396097127658357e-10 4.020757656583716875e-10 3.128899227699822995e-10 1.780981628861018214e-10 4.318556524704790772e-11 9.613533575786039848e-10 4.697333615565699874e+05 0.000000000000000000e+00
0.000000000000000000e+00 0.000000000000000000e+00 0.000000000000000000e+00 0.000000000000000000e+00 0.000000000000000000e+00 0.000000000000000000e+00 -5.805939370394325474e-09 -1.580590900906230640e-08 -1.041397694507737198e-08 -3.154212694365889256e-09 -2.418764430926586335e-09 -3.654323647551251507e-09 -1.533868088666072176e-09 -8.458388290737428022e-10 -5.311958813113553114e-10 -1.880990032959233745e-10 1.268438244057015386e-11 2.704796599026261241e-10 1.835097393512224552e-09 0.000000000000000000e+00
0.000000000000000000e+00 0.000000000000000000e+00 0.000000000000000000e+00 0.000000000000000000e+00 0.000000000000000000e+00 0.000000000000000000e+00 8.665195305325886096e-10 -4.124548509993521077e-09 7.975660516769686394e-10 3.908890383878477290e-10 -2.485485488340036628e-10 -9.382096440856088878e-10 -6.782241342600296089e-11 4.732813007200795226e-11 -1.427121436047982040e-11 -3.483235118259520003e-11 6.898710283764164900e-11 2.810319786235755355e-10 1.887620355464945992e-09 0.000000000000000000e+00
0.000000000000000000e+00 0.000000000000000000e+00 0.000000000000000000e+00 0.000000000000000000e+00 0.000000000000000000e+00 0.000000000000000000e+00 -1.180004300177337292e-08 -2.648346060214556512e-08 -2.101174015871862150e-08 -6.721280893316847650e-09 -4.869769048664564810e-09 -7.062245621565442637e-09 -2.873218831395174612e-09 -1.585865589389182151e-09 -8.523270591070263990e-10 -2.979568730371318491e-10 -3.851158485989472041e-10 3.708318324727439288e-10 1.932018381006860717e-09 0.000000000000000000e+00
0.000000000000000000e+00 0.000000000000000000e+00 0.000000000000000000e+00 0.000000000000000000e+00 0.000000000000000000e+00 0.000000000000000000e+00 -1.914817532355037973e-09 -7.168986678089466492e-09 -3.335768332200895747e-09 -5.259434924156836627e-10 -7.601088119035357853e-10 -1.577223328755512564e-09 -4.369888779005474997e-10 -1.896872789680482418e-10 -1.633196824028522565e-10 -7.445775104395047888e-11 5.472476271697470088e-13 7.950884734250891072e-11 1.158129640017015541e-06 0.000000000000000000e+00
0.000000000000000000e+00 0.000000000000000000e+00 0.000000000000000000e+00 0.000000000000000000e+00 0.000000000000000000e+00 0.000000000000000000e+00 4.736347296388820256e-10 -3.401906748920261387e-09 8.789712559550824039e-10 4.195558474150500054e-10 -1.059082455491340997e-10 -7.128418262582438209e-10 -7.936335737006367823e-11 1.532626220433763277e-11 -3.056262781987636872e-11 -2.245627774398368683e-11 -1.115582232971467397e-11 1.887646803406612197e-11 -2.341299739330991272e-05 0.000000000000000000e+00
0.000000000000000000e+00 0.000000000000000000e+00 0.000000000000000000e+00 0.000000000000000000e+00 0.000000000000000000e+00 0.000000000000000000e+00 -4.441938827453122005e-08 -5.925576346408800043e-08 -5.234713347290693653e-08 -1.284486463308032918e-08 -1.339209958381720598e-08 -9.217346013514816186e-09 -1.531307764006492009e-09 -2.927967722367233076e-10 -3.516433114488732221e-10 -2.765026042285522448e-11 3.500259515310894777e-11 1.821990638908428464e-10 -1.052520460176893631e-08 0.000000000000000000e+00
0.000000000000000000e+00 0.000000000000000000e+00 0.000000000000000000e+00 0.000000000000000000e+00 0.000000000000000000e+00 0.000000000000000000e+00 5.506465437947510402e-09 -6.366920345134502420e-09 3.475081286461857472e-09 1.813506727380207267e-10 -2.582040830413905433e-11 -5.986806683035442061e-10 4.301939418057477521e-10 -9.461966716196304995e-11 -5.426929760179958840e-11 5.650113561657396105e-11 1.378583404665171536e-09 1.941139252610998186e-10 -1.053685367197747666e-08 0.000000000000000000e+00
0.000000000000000000e+00 0.000000000000000000e+00 0.000000000000000000e+00 0.000000000000000000e+00 0.000000000000000000e+00 0.000000000000000000e+00 -8.938142458456046655e-08 -1.074973172369308895e-07 -1.043962677831460890e-07 -2.551695632084943187e-08 -2.869342689848699038e-08 -1.980605601016098750e-08 -3.385531364293141672e-09 -2.225371562957726203e-10 -4.785186874017458461e-10 -6.170785780241966839e-11 9.876973318080232052e-09 2.347368952259225475e-10 -1.058770052741359010e-08 0.000000000000000000e+00
0.000000000000000000e+00 0.000000000000000000e+00 0.000000000000000000e+00 0.000000000000000000e+00 0.000000000000000000e+00 0.000000000000000000e+00 -1.269639041584779987e-08 -2.241506833254219798e-08 -1.938515614766661996e-08 -2.714170580276179937e-09 -5.239214317328013844e-09 -2.690687354086979800e-09 1.627151157688305544e-10 1.159715235237800130e-10 -8.265744629743301748e-11 3.041787229692571180e-11 3.558317004079634357e-11 5.920766050208004749e-11 5.480714500882695124e-06 0.000000000000000000e+00
0.000000000000000000e+00 0.000000000000000000e+00 0.000000000000000000e+00 0.000000000000000000e+00 0.000000000000000000e+00 0.000000000000000000e+00 4.101810321114643766e-09 -3.255764747916342582e-09 2.689088421143268099e-09 -5.061823512167632712e-11 1.299552536768222633e-10 -1.229149601827656976e-10 3.399406891401871013e-10 -3.179876088521493897e-10 -1.223608325138407386e-10 4.147175782542298913e-11 3.641979192913521538e-11 3.602038807661477354e-11 -3.242973246842424662e-04 0.000000000000000000e+00
0.000000000000000000e+00 0.000000000000000000e+00 0.000000000000000000e+00 0.000000000000000000e+00 0.000000000000000000e+00 0.000000000000000000e+00 -8.404596818934051853e-10 -6.885437489421236142e-10 -8.018863577472155053e-10 -7.727014172125762039e-11 1.066554994303822952e-10 -2.932633096573209812e-10 -2.279952468731826306e-10 -9.379531736994752663e-11 -1.337135397948099886e-10 -4.893757797838024410e-11 -9.673889864644739107e-11 -3.129214866712658694e-09 -7.753669894151176149e-06 0.000000000000000000e+00
0.000000000000000000e+00 0.000000000000000000e+00 0.000000000000000000e+00 0.000000000000000000e+00 0.000000000000000000e+00 0.000000000000000000e+00 -1.521238414659784836e-09 -2.280589237949534453e-09 -2.178346154692633710e-09 -3.650075033765666080e-10 -2.437895520492431917e-10 -5.640580167500648455e-10 -4.045761275736489863e-10 -1.500260890283011659e-10 -1.418746168984828568e-10 -2.971574488425283137e-11 -2.662486794727513887e-05 -4.250393103405028191e-09 -7.758846699151916457e-06 0.000000000000000000e+00
0.000000000000000000e+00 0.000000000000000000e+00 0.000000000000000000e+00 0.000000000000000000e+00 0.000000000000000000e+00 0.000000000000000000e+00 1.196268862469081741e-09 1.574263977062307808e-09 -8.435715900171591007e-10 -4.163416008687201493e-10 -5.690820508660818780e-10 -7.062016749920639443e-10 -1.525024476449786641e-10 3.045896987854974033e-11 -1.511990914881300820e-11 6.015192461746484574e-11 4.053851771685374589e-05 -4.581822052920756996e-09 -7.751388937470160900e-06 0.000000000000000000e+00
0.000000000000000000e+00 0.000000000000000000e+00 0.000000000000000000e+00 0.000000000000000000e+00 0.000000000000000000e+00 0.000000000000000000e+00 -1.360629288761234194e-09 -3.995363652344308820e-10 -7.175440270199523358e-10 1.571684808761877810e-11 8.978852692622989109e-11 -2.883425662465181282e-10 -2.186472595818375408e-10 -1.233198464634182143e-10 -1.758506978602802712e-10 -9.170723743501434916e-11 -7.771954919541832647e-11 -2.033002199889396634e-09 -1.117546395521978120e+01 0.000000000000000000e+00
0.000000000000000000e+00 0.000000000000000000e+00 0.000000000000000000e+00 0.000000000000000000e+00 0.000000000000000000e+00 0.000000000000000000e+00 -1.017544890558164160e-09 -1.873184375644715826e-09 -8.183970560964972805e-10 -3.495912708684333515e-10 -4.271351904468974058e-11 -5.179806133003138823e-10 -3.753748926564446648e-10 -1.684411227846898731e-10 -2.493415147956306226e-10 -1.437009942948387299e-10 -4.924175784299244368e-11 2.238003410978099474e-10 -1.123110923126167618e+06 0.000000000000000000e+00
0.000000000000000000e+00 0.000000000000000000e+00 0.000000000000000000e+00 0.000000000000000000e+00 0.000000000000000000e+00 0.000000000000000000e+00 3.871186962116604745e-11 2.373948509438561331e-10 7.360199166530622844e-11 6.056692704433222206e-11 4.887077161310234814e-11 3.367311643555588784e-11 3.114200485716092271e-11 1.482529469552059405e-11 6.902493284126525105e-12 1.815066130035680936e-12 4.522258797873566913e-13 3.508406973778817290e-11 3.331562811334252213e-07 0.000000000000000000e+00
0.000000000000000000e+00 0.000000000000000000e+00 0.000000000000000000e+00 0.000000000000000000e+00 0.000000000000000000e+00 0.000000000000000000e+00 6.271555244836688766e-11 8.396388248028381618e-11 9.156171675991318680e-11 1.990753900988319923e-11 4.167695617542972999e-11 3.215746374511696536e-11 2.275245508875538205e-11 7.569348226428754618e-12 2.705573159559666515e-12 5.793090110631195403e-13 8.525049623710630491e-10 5.583533976070891055e-11 3.341828877556401924e-07 0.000000000000000000e+00
0.000000000000000000e+00 0.000000000000000000e+00 0.000000000000000000e+00 0.000000000000000000e+00 0.000000000000000000e+00 0.000000000000000000e+00 1.788186883550490813e-10 6.793458768276326758e-10 1.535839501879707649e-10 1.888714711988487317e-10 1.272009437435086755e-10 1.037391681460364945e-10 6.105975013955752321e-11 2.686448378020968610e-11 1.016306793248861779e-11 2.418742113884114956e-12 2.613773250542217681e-08 7.396947828819383549e-11 3.335868912992563792e-07 0.000000000000000000e+00
0.000000000000000000e+00 0.000000000000000000e+00 0.000000000000000000e+00 0.000000000000000000e+00 0.000000000000000000e+00 0.000000000000000000e+00 2.013547066768188588e-11 6.353417424464254838e-11 3.779565833104462391e-11 1.421310370913580295e-11 2.011152147443804625e-11 1.737170889792020447e-11 1.548248642129108142e-11 7.722748500918862282e-12 4.146172926944682197e-12 1.091294733124601691e-12 3.338554940263651391e-13 2.275779696168367137e-11 4.555596450454387991e+00 0.000000000000000000e+00
0.000000000000000000e+00 0.000000000000000000e+00 0.000000000000000000e+00 0.000000000000000000e+00 0.000000000000000000e+00 0.000000000000000000e+00 1.598171338930624106e-11 4.734768240969546456e-11 4.436254194330905035e-11 1.219015222073802155e-11 2.451922898738737353e-11 2.018734344558682327e-11 2.294115016439303993e-11 9.605563470844863477e-12 5.198895983909386774e-12 1.184533762215959338e-12 2.841290387709793405e-13 1.395163647978980519e-11 4.282581890699111391e+05 0.000000000000000000e+00
0.000000000000000000e+00 0.000000000000000000e+00 0.000000000000000000e+00 0.000000000000000000e+00 0.000000000000000000e+00 0.000000000000000000e+00 -1.842987063533965949e-10 -2.829509962136339837e-09 -1.022891045908993297e-09 -2.032687728352033614e-10 -3.347071814116609799e-10 -3.469086425572413594e-10 -1.116982178986416739e-10 -9.007978228815790889e-11 -2.331041695523526952e-11 -7.876781415428228147e-12 1.175471613458935944e-12 2.479672757777217275e-11 3.256038898450534601e-10 0.000000000000000000e+00
0.000000000000000000e+00 0.000000000000000000e+00 0.000000000000000000e+00 0.000000000000000000e+00 0.000000000000000000e+00 0.000000000000000000e+00 -2.571387093142122083e-10 -9.715824210527392931e-11 -6.551207832544279366e-10 3.106336198096405509e-10 2.948814543483723815e-10 -1.220647907810234195e-10 3.702926697073211121e-11 -8.028606359037913071e-12 4.349237243539928415e-12 5.108081330528465600e-13 7.565931646751301455e-12 2.775386631953630349e-11 3.308911861027255249e-10 0.000000000000000000e+00
0.000000000000000000e+00 0.000000000000000000e+00 0.000000000000000000e+00 0.000000000000000000e+00 0.000000000000000000e+00 0.000000000000000000e+00 -1.375454880526555122e-10 -5.303277312848093818e-09 -1.380190850250267868e-09 -7.153221416006473078e-10 -9.997702951833949611e-10 -6.010767244026750403e-10 -2.492595446919234209e-10 -1.547641480979722095e-10 -4.534360642135141501e-11 -1.661075404144818233e-11 -2.786497871659235081e-11 3.286027233768299051e-11 3.305863190227736720e-10 0.000000000000000000e+00
0.000000000000000000e+00 0.000000000000000000e+00 0.000000000000000000e+00 0.000000000000000000e+00 0.000000000000000000e+00 0.000000000000000000e+00 -2.946181909692266668e-10 -9.152544032990792560e-10 -6.847543868453691503e-10 3.326525214325146325e-10 1.085331429440474975e-10 -1.971902253476710299e-10 1.593464166543052057e-11 -3.265875421700676065e-11 -5.768397315618306929e-12 5.206098076828298391e-14 3.442884718875710516e-13 1.251993548663916457e-11 -1.013536068817303771e-07 0.000000000000000000e+00
0.000000000000000000e+00 0.000000000000000000e+00 0.000000000000000000e+00 0.000000000000000000e+00 0.000000000000000000e+00 0.000000000000000000e+00 6.992049949447656053e-13 9.895138757131398818e-11 -4.183155132261864355e-10 1.824168991995426680e-10 2.272543893179888916e-10 -1.069455048636997760e-10 1.389908405486773465e-11 -8.740170804294134034e-12 7.390748246990903114e-12 2.534607594469800074e-12 -1.508870535646387877e-13 4.620278782537612527e-12 -3.385666508827571533e-05 0.000000000000000000e+00
0.000000000000000000e+00 0.000000000000000000e+00 0.000000000000000000e+00 0.000000000000000000e+00 0.000000000000000000e+00 0.000000000000000000e+00 4.886135437244174375e-09 -2.364696956924612643e-08 -5.218847238327947588e-09 -2.391930456138697546e-10 -2.137531011962912737e-09 -9.699618849583000156e-10 -4.041173403426004628e-10 -3.000683312150136871e-10 -8.155571486329604989e-11 -3.829220069973800826e-11 -7.269109786960564938e-12 3.170547964635795539e-11 2.242015371310417800e-09 0.000000000000000000e+00
0.000000000000000000e+00 0.000000000000000000e+00 0.000000000000000000e+00 0.000000000000000000e+00 0.000000000000000000e+00 0.000000000000000000e+00 1.302392212226021826e-09 -6.884000868992997516e-09 -2.864687888454673038e-09 1.956304715461103943e-09 7.857052948177277518e-10 -1.437088903823982361e-10 1.402077148923115587e-10 -7.554881814227979867e-11 -1.226417268110118945e-11 -1.920721451648264189e-11 6.969704003180623674e-10 3.580552410639660851e-11 2.238727663770457667e-09 0.000000000000000000e+00
0.000000000000000000e+00 0.000000000000000000e+00 0.000000000000000000e+00 0.000000000000000000e+00 0.000000000000000000e+00 0.000000000000000000e+00 8.021077925442546524e-09 -3.890074431655853619e-08 -7.443575564692831905e-09 -2.397020979163666926e-09 -5.222313029994959560e-09 -1.797425023102580367e-09 -8.528648167174821721e-10 -4.413893701392553894e-10 -1.353930147689651455e-10 -3.740196855006704887e-11 -8.051409913805948808e-10 4.527233151355707753e-11 2.224116272009914987e-09 0.000000000000000000e+00
0.000000000000000000e+00 0.000000000000000000e+00 0.000000000000000000e+00 0.000000000000000000e+00 0.000000000000000000e+00 0.000000000000000000e+00 2.246974570326721489e-09 -1.130258864017819051e-08 -4.259777253753087080e-09 2.069201000864672737e-09 1.645522723874097647e-10 -2.932940565710383373e-10 9.990107062280934029e-11 -1.629146554847129384e-10 -3.543386253901546403e-11 -2.219262760674028884e-11 -5.615251937609578244e-12 1.916118294229664248e-11 -4.690708406120545535e-07 0.000000000000000000e+00
0.000000000000000000e+00 0.000000000000000000e+00 0.000000000000000000e+00 0.000000000000000000e+00 0.000000000000000000e+00 0.000000000000000000e+00 1.801815975462286685e-09 -5.009608214686288901e-09 -2.046920356057705747e-09 1.368719517911011960e-09 5.757078700350237511e-10 -2.436820228250056151e-10 7.133421176490022796e-11 -1.036871261479404524e-10 -2.050755217273406335e-11 -2.784456861300271212e-11 -6.105029506295928119e-12 6.799195410134495007e-12 -3.738479336126582253e-04 0.000000000000000000e+00
0.000000000000000000e+00 0.000000000000000000e+00 0.000000000000000000e+00 0.000000000000000000e+00 0.000000000000000000e+00 0.000000000000000000e+00 1.926574613026853272e-10 1.470814675121778514e-10 8.097876905276180071e-11 2.350394952034681821e-12 5.046135070883615702e-11 1.950293660195424586e-11 -6.146756376648005789e-12 9.878218752277646890e-14 -1.003872127544713090e-11 -1.113092569253248894e-11 -6.506362429651929613e-12 -2.060763459757247804e-10 -2.503152948113299568e-06 0.000000000000000000e+00
0.000000000000000000e+00 0.000000000000000000e+00 0.000000000000000000e+00 0.000000000000000000e+00 0.000000000000000000e+00 0.000000000000000000e+00 3.337017837316205177e-10 -3.464249243255638813e-11 2.722571593327048832e-10 2.699042435501045950e-10 -1.739141433303551966e-10 3.269391149525520642e-11 1.207847856977712413e-10 -3.097373695747431143e-11 -1.525311593224548462e-12 9.385688603024630910e-13 -2.206529766003041598e-05 -2.540673339443600648e-10 -2.504935732816528285e-06 0.000000000000000000e+00
0.000000000000000000e+00 0.000000000000000000e+00 0.000000000000000000e+00 0.000000000000000000e+00 0.000000000000000000e+00 0.000000000000000000e+00 4.107690427206278815e-10 3.118110543984487988e-10 -1.412917883972630362e-10 -8.854781691345402527e-11 -2.631954353810092205e-11 -1.652557749260573529e-11 -7.719910284752536290e-12 -1.378924413904228985e-11 -9.302265432749997143e-15 1.432006895779408770e-12 -2.274877496284482496e-05 -2.677547053004858183e-10 -2.503634422410150062e-06 0.000000000000000000e+00
0.000000000000000000e+00 0.000000000000000000e+00 0.000000000000000000e+00 0.000000000000000000e+00 0.000000000000000000e+00 0.000000000000000000e+00 -1.199273229297442730e-10 2.795152721005550147e-10 2.793852098331441819e-11 3.727611133252017314e-11 7.912049657187657288e-11 6.584884321012182321e-11 1.480663632117480131e-11 -3.011141055709044716e-13 -4.347390009618425181e-12 -1.242250572386166266e-11 -6.861547077736709192e-12 -2.007310556857818508e-10 8.997190726527607296e+01 0.000000000000000000e+00
0.000000000000000000e+00 0.000000000000000000e+00 0.000000000000000000e+00 0.000000000000000000e+00 0.000000000000000000e+00 0.000000000000000000e+00 -1.168261354485033999e-10 5.303859543360715474e-11 1.406171530995560005e-10 9.541075791385160269e-11 1.239807367775991639e-11 -4.389531395588898408e-12 1.218140751918555707e-10 -3.468031012183909140e-11 6.868724561898544826e-12 -6.936369283284925747e-12 -3.919836018013262692e-12 5.940474847692250832e-11 -3.788354148725853767e+06 0.000000000000000000e+00
0.000000000000000000e+00 0.000000000000000000e+00 0.000000000000000000e+00 0.000000000000000000e+00 0.000000000000000000e+00 0.000000000000000000e+00 1.441385316494944561e-04 6.711316076418099923e-05 5.756276323357845874e-05 2.908771449244005038e-05 2.911624350597938498e-05 1.681146607649844932e-05 1.092606760612500502e-05 4.845598329233837003e-06 2.292346921160052709e-06 7.337541505699149833e-07 5.758625185121906041e-07 6.085761953145874934e-06 1.672706726142018582e-02 0.000000000000000000e+00
0.000000000000000000e+00 0.000000000000000000e+00 0.000000000000000000e+00 0.000000000000000000e+00 0.000000000000000000e+00 0.000000000000000000e+00 1.185992748895497561e-04 7.576636364284240668e-05 6.849815852072002240e-05 3.132935808470616485e-05 3.384059732439625225e-05 1.942401530319799141e-05 1.040551974970575898e-05 4.497732679533126566e-06 1.485842483844820156e-06 7.616062125779878857e-07 5.549093330055744622e-03 1.189511042566633103e-05 1.703971733844780387e-02 0.000000000000000000e+00
0.000000000000000000e+00 0.000000000000000000e+00 0.000000000000000000e+00 0.000000000000000000e+00 0.000000000000000000e+00 0.000000000000000000e+00 2.287198442109671678e-04 9.036613976282816397e-05 7.488864057757075622e-05 4.722834150595213437e-05 5.108656682895257507e-05 3.427275497870143630e-05 1.581970874142192720e-05 5.270924775569174366e-06 1.189819128566029723e-06 7.788756936317770902e-07 2.610068221109871148e-02 1.012357407657737019e-05 1.673201878658421918e-02 0.000000000000000000e+00
0.000000000000000000e+00 0.000000000000000000e+00 0.000000000000000000e+00 0.000000000000000000e+00 0.000000000000000000e+00 0.000000000000000000e+00 6.209106779678809352e-05 3.555405637230028625e-05 3.128014151067515870e-05 1.487794479001789818e-05 1.565975042629277517e-05 9.781215143517896303e-06 7.269668877698941633e-06 3.955915390670118922e-06 2.142121503519958764e-06 7.360128657109060715e-07 5.848590086107686300e-07 8.128453032741426637e-06 -1.823691302046324199e+04 0.000000000000000000e+00
0.000000000000000000e+00 0.000000000000000000e+00 0.000000000000000000e+00 0.000000000000000000e+00 0.000000000000000000e+00 0.000000000000000000e+00 6.223681214090696619e-05 4.062472216766569724e-05 3.667562208440050265e-05 1.712358497367730137e-05 1.979086888409083825e-05 1.453866341845874065e-05 1.092260356742404011e-05 6.237668820466475004e-06 3.328421265243098170e-06 8.832001092090663056e-07 5.870465417708749494e-07 7.177057138368218371e-06 1.071560043920957923e+09 0.000000000000000000e+00
0.000000000000000000e+00 0.000000000000000000e+00 0.000000000000000000e+00 0.000000000000000000e+00 0.000000000000000000e+00 0.000000000000000000e+00 4.023476280089409336e-07 4.452290090958965461e-07 -1.212708814437970717e-06 -1.117824834121772367e-07 3.426686206838044365e-10 5.458462603225479822e-08 -3.161412403532159241e-08 1.260000130357187085e-08 2.281444554589257322e-09 -4.048865448038277067e-10 -2.079638617213469610e-10 3.570619634804585868e-11 -1.759032487896774181e-09 0.000000000000000000e+00
0.000000000000000000e+00 0.000000000000000000e+00 0.000000000000000000e+00 0.000000000000000000e+00 0.000000000000000000e+00 0.000000000000000000e+00 2.460829502153731596e-07 9.987603337145697741e-07 -5.691337053914377027e-07 -1.663312446548835966e-07 1.006085731935838163e-09 2.221859747070850984e-08 -3.259342585329068695e-08 8.887236581217123558e-09 1.527107034608952887e-09 -2.894874784505098634e-10 2.728541529682417819e-09 6.482500061235182289e-11 -1.815690128795359217e-09 0.000000000000000000e+00
0.000000000000000000e+00 0.000000000000000000e+00 0.000000000000000000e+00 0.000000000000000000e+00 0.000000000000000000e+00 0.000000000000000000e+00 5.451346659527495873e-07 -3.874546066193068004e-08 -1.845014981985385977e-06 -7.381065912408666615e-08 7.236871552105333405e-10 9.761195473434946038e-08 -2.913469936736021995e-08 1.470450915703381604e-08 1.941491207573389465e-09 -3.862537393875872672e-10 2.315001616156932841e-08 8.204341780768013666e-11 -1.766613359553042302e-09 0.000000000000000000e+00
0.000000000000000000e+00 0.000000000000000000e+00 0.000000000000000000e+00 0.000000000000000000e+00 0.000000000000000000e+00 0.000000000000000000e+00 2.234057326789051024e-07 5.544630584559725314e-07 -6.313436601505975638e-07 -9.909974894661636728e-08 3.461631190463632557e-09 2.864718261292204712e-08 -2.711306501150600311e-08 1.003966203920283285e-08 1.933338250901284131e-09 -3.550348574431541743e-10 -2.010968235324954937e-10 -6.281254457364559703e-12 2.289785344182157257e-06 0.000000000000000000e+00
0.000000000000000000e+00 0.000000000000000000e+00 0.000000000000000000e+00 0.000000000000000000e+00 0.000000000000000000e+00 0.000000000000000000e+00 1.787401981820933973e-07 7.478347951498751447e-07 -4.006736891120791235e-07 -1.242696140355616623e-07 -1.175936125162713333e-10 1.801057676052159663e-08 -3.184358367136967603e-08 9.239027240077158376e-09 2.001003405051368936e-09 -3.175068292499188402e-10 -1.909016860115349160e-10 -3.279358537437580496e-11 1.878832947415761713e-03 0.000000000000000000e+00
0.000000000000000000e+00 0.000000000000000000e+00 0.000000000000000000e+00 0.000000000000000000e+00 0.000000000000000000e+00 0.000000000000000000e+00 -6.190106324563593805e-07 5.946772836896104639e-06 -3.230658545653030759e-06 3.386041121626291762e-07 7.726886755209305866e-07 1.058307265347120259e-08 -1.764490383778600208e-07 5.647508065691984182e-09 8.417889378953609393e-09 -6.098789802981922960e-09 7.886905106493799909e-10 -2.191191842881944493e-09 -1.108501406178668416e-07 0.000000000000000000e+00
0.000000000000000000e+00 0.000000000000000000e+00 0.000000000000000000e+00 0.000000000000000000e+00 0.000000000000000000e+00 0.000000000000000000e+00 -1.022195574608877954e-06 6.576264851435704974e-06 -1.313076534875219427e-06 4.382291961710186742e-07 7.555418873163782577e-07 -4.503666871372574555e-08 -1.588390990313939516e-07 2.085094212732883791e-09 6.318850347743695782e-09 -6.254371861349339404e-09 -1.509305904316447193e-07 -3.074852725974388596e-09 -1.109106898485368441e-07 0.000000000000000000e+00
0.000000000000000000e+00 0.000000000000000000e+00 0.000000000000000000e+00 0.000000000000000000e+00 0.000000000000000000e+00 0.000000000000000000e+00 -2.708914234807107713e-07 5.496069687469204196e-06 -5.108747706163944014e-06 2.764616803857212628e-07 9.331646276570349095e-07 9.628502311550830374e-08 -1.852233719052121856e-07 1.541073023525778433e-08 2.493758792302674852e-09 -4.944168613742304999e-09 -4.559375719259407582e-07 -2.858150567751079089e-09 -1.100797850504397446e-07 0.000000000000000000e+00
0.000000000000000000e+00 0.000000000000000000e+00 0.000000000000000000e+00 0.000000000000000000e+00 0.000000000000000000e+00 0.000000000000000000e+00 -6.855758215849978092e-07 4.606057688753317722e-06 -1.586984503733449233e-06 2.914111248495017715e-07 5.648108527219789684e-07 -2.086744094851207243e-08 -1.375880698434422552e-07 4.065222725325910598e-09 7.727460366228331345e-09 -6.257989102797162050e-09 7.904189406826653140e-10 -3.122370586739652918e-09 -3.612132508601324571e-05 0.000000000000000000e+00
0.000000000000000000e+00 0.000000000000000000e+00 0.000000000000000000e+00 0.000000000000000000e+00 0.000000000000000000e+00 0.000000000000000000e+00 -7.278338453689185277e-07 4.820053970828541709e-06 -8.984684714902736120e-07 3.232840677407825668e-07 5.786113884256318029e-07 -5.143652922910559535e-08 -1.570314492037028072e-07 -2.212409646774633891e-09 1.098394222655383180e-08 -7.137571759539900405e-09 1.409912098890784704e-09 -2.046287954370433624e-10 1.710002313747511701e-02 0.000000000000000000e+00
0.000000000000000000e+00 0.000000000000000000e+00 0.000000000000000000e+00 0.000000000000000000e+00 0.000000000000000000e+00 0.000000000000000000e+00 1.501820820826850343e-08 2.411205529110740446e-09 7.906154705066972069e-09 6.025905373188988657e-09 2.132912072622760333e-09 1.272168958992618382e-09 -3.012178990017855193e-09 -2.407653146496311312e-09 -9.312407493019678338e-10 8.451923787185641668e-10 4.375513800152676853e-10 2.306389843520481561e-09 -3.348907547343909379e-05 0.000000000000000000e+00
0.000000000000000000e+00 0.000000000000000000e+00 0.000000000000000000e+00 0.000000000000000000e+00 0.000000000000000000e+00 0.000000000000000000e+00 1.236090642132121945e-08 3.335918300684994542e-09 7.497455130510588707e-09 8.924253563676241906e-09 -2.541310129459954608e-10 -7.532048032833311118e-09 -3.150005927684954966e-09 -3.727245644343749503e-09 -1.235501633328549087e-09 2.175761136295512627e-09 -7.763560668433015831e-05 -3.717840746818359671e-09 -3.337541133821066988e-05 0.000000000000000000e+00
0.000000000000000000e+00 0.000000000000000000e+00 0.000000000000000000e+00 0.000000000000000000e+00 0.000000000000000000e+00 0.000000000000000000e+00 2.269569658145595345e-08 4.940909697722531435e-09 1.090772299090002744e-08 1.183913410724188262e-08 7.401835609076673122e-10 -1.555692300970361999e-09 -4.210484327241105513e-09 1.976075722738698254e-09 1.237494027411733455e-09 2.024236186092998303e-09 -3.968621511552124069e-05 -2.122457212742357581e-09 -3.347292241894650336e-05 0.000000000000000000e+00
0.000000000000000000e+00 0.000000000000000000e+00 0.000000000000000000e+00 0.000000000000000000e+00 0.000000000000000000e+00 0.000000000000000000e+00 9.708694931743859833e-09 -4.277564092978475433e-10 3.702961215588894213e-09 5.073394350881169175e-09 6.670206559349034754e-10 6.052102957051819853e-11 -3.623302201780512439e-09 -3.284919717371860932e-09 -1.038181828150823793e-09 9.534844162826450976e-10 5.125423431792404068e-10 3.750842376885983147e-09 -5.446556852157257254e+02 0.000000000000000000e+00
0.000000000000000000e+00 0.000000000000000000e+00 0.000000000000000000e+00 0.000000000000000000e+00 0.000000000000000000e+00 0.000000000000000000e+00 1.821748631293057148e-08 5.347190011814997903e-09 4.479604111919071042e-09 1.079961012667317889e-08 1.570412079555919319e-09 -6.095081786519798790e-09 -4.111492680186671278e-09 -3.671975143977404744e-09 -3.445588241136350437e-09 1.073208594754709625e-09 7.700978749882273617e-10 1.168887867863311814e-08 1.946157675358697027e+07 0.000000000000000000e+00
0.000000000000000000e+00 0.000000000000000000e+00 0.000000000000000000e+00 0.000000000000000000e+00 0.000000000000000000e+00 0.000000000000000000e+00 4.928854320096841556e-10 3.491939405919043234e-10 2.570145987193939683e-10 1.032700248166836099e-10 8.443069225079349569e-11 5.767095384057588539e-11 4.211401827155254156e-11 2.357856023459559498e-11 1.041573819518287652e-11 3.217023782535947905e-12 1.820619531629312296e-12 2.704152406621469526e-11 8.896854064355917548e-08 0.000000000000000000e+00
0.000000000000000000e+00 0.000000000000000000e+00 0.000000000000000000e+00 0.000000000000000000e+00 0.000000000000000000e+00 0.000000000000000000e+00 2.240999907305034530e-10 2.270624148989406502e-10 2.185754856517140018e-10 1.273007242343049253e-10 1.233318732371111846e-10 7.904310868608659641e-11 4.624185920828891900e-11 2.192805534891959459e-11 7.178397342102994209e-12 2.740514280667123072e-12 1.758027526921254208e-08 5.138363588760682767e-11 9.042341353629891493e-08 0.000000000000000000e+00
0.000000000000000000e+00 0.000000000000000000e+00 0.000000000000000000e+00 0.000000000000000000e+00 0.000000000000000000e+00 0.000000000000000000e+00 1.262039658114872188e-09 8.235520380853450988e-10 5.282258094192516842e-10 2.336086868967366397e-10 1.240498504575806806e-10 7.890183167309887259e-11 3.691632650062454325e-11 1.671324669149934253e-11 6.339690852638052756e-12 2.616224614573397848e-12 8.658884676389574287e-08 4.234797404981275957e-11 8.920370452261525958e-08 0.000000000000000000e+00
0.000000000000000000e+00 0.000000000000000000e+00 0.000000000000000000e+00 0.000000000000000000e+00 0.000000000000000000e+00 0.000000000000000000e+00 1.479268860398844767e-10 1.233871453680347038e-10 1.078493797252241313e-10 5.079832238268420430e-11 5.216485142621214496e-11 3.827687880092790003e-11 3.116730473368064154e-11 1.958844021824155374e-11 9.645856421287927050e-12 3.236131924286341208e-12 1.827905309402988282e-12 3.401392044622492902e-11 2.746835448577955585e-03 0.000000000000000000e+00
0.000000000000000000e+00 0.000000000000000000e+00 0.000000000000000000e+00 0.000000000000000000e+00 0.000000000000000000e+00 0.000000000000000000e+00 1.211458165339029038e-10 1.227246903669701713e-10 1.191770259866143804e-10 7.201360796846812769e-11 7.364424409134184356e-11 5.864812237707649968e-11 4.807443183345617390e-11 2.855414567453034618e-11 1.186621043073554034e-11 3.512594154631986917e-12 1.961440796477824389e-12 2.057957698823170761e-11 -2.595032547907881963e+03 0.000000000000000000e+00
0.000000000000000000e+00 0.000000000000000000e+00 0.000000000000000000e+00 0.000000000000000000e+00 0.000000000000000000e+00 0.000000000000000000e+00 2.196244844355202198e-09 1.885293452238820653e-10 -2.279661652477843589e-09 -7.480432660023721933e-11 7.334366052726363267e-11 1.839266514182473241e-10 -2.685654786183356251e-11 1.257379523973573881e-11 4.861897026446061569e-12 -1.019382361280795776e-13 -2.985749500569077330e-13 -8.739602547629595206e-14 9.382485637227495935e-13 0.000000000000000000e+00
0.000000000000000000e+00 0.000000000000000000e+00 0.000000000000000000e+00 0.000000000000000000e+00 0.000000000000000000e+00 0.000000000000000000e+00 5.362443187364627059e-10 1.453091546774628685e-09 -1.354009500782119956e-09 -3.631498803376675236e-11 -9.992200439240160558e-11 1.480545209257377288e-10 -4.016805200105102528e-11 1.572991590666442955e-11 4.204076963287827998e-12 3.279124566332237734e-14 -9.845041791632613369e-12 -1.321062871669334919e-13 1.112938482677431043e-12 0.000000000000000000e+00
0.000000000000000000e+00 0.000000000000000000e+00 0.000000000000000000e+00 0.000000000000000000e+00 0.000000000000000000e+00 0.000000000000000000e+00 3.693020545844830145e-09 -9.353362298632397022e-10 -3.209353361335021907e-09 -1.214245393672500156e-10 2.573164104902330670e-10 2.549006081571828847e-10 -1.447944763238099229e-11 7.287107060803098706e-12 3.683854380035666351e-12 1.833534182099143716e-13 -2.918099838657114689e-11 -1.636707583868312868e-13 8.961839345281733855e-13 0.000000000000000000e+00
0.000000000000000000e+00 0.000000000000000000e+00 0.000000000000000000e+00 0.000000000000000000e+00 0.000000000000000000e+00 0.000000000000000000e+00 1.012313149653248744e-09 5.789641196848726050e-10 -1.305077676949475371e-09 -4.422920351304094927e-11 -3.674365049557230366e-12 1.226241828431536344e-10 -2.794138324457941567e-11 1.276390416372394392e-11 4.855158876409427957e-12 -8.718211265447626547e-14 -2.832495093105364570e-13 -6.716610604604925665e-14 -1.923295442028622361e-08 0.000000000000000000e+00
0.000000000000000000e+00 0.000000000000000000e+00 0.000000000000000000e+00 0.000000000000000000e+00 0.000000000000000000e+00 0.000000000000000000e+00 3.774698258383724039e-10 1.123817056580822557e-09 -1.006976497356266751e-09 -2.296794386047721482e-11 -7.283793838193819105e-11 1.238048530039137324e-10 -3.747523444203148138e-11 1.707704637631710998e-11 5.240037750911268156e-12 -2.034545376046401403e-13 -3.279969247136031602e-13 -1.332287521435865195e-13 7.395224936712149913e-07 0.000000000000000000e+00
0.000000000000000000e+00 0.000000000000000000e+00 0.000000000000000000e+00 0.000000000000000000e+00 0.000000000000000000e+00 0.000000000000000000e+00 1.125814080847528512e-08 1.095502494472161659e-08 -4.721476615529473380e-09 7.238782061438247855e-10 1.302349895814693084e-09 3.175333971837279332e-10 -1.656019278307670702e-10 2.565518806687660530e-11 2.736584085288976166e-11 -1.272076960711067951e-11 4.276928695965036892e-12 -4.132755867326221116e-12 5.453620833438165083e-11 0.000000000000000000e+00
0.000000000000000000e+00 0.000000000000000000e+00 0.000000000000000000e+00 0.000000000000000000e+00 0.000000000000000000e+00 0.000000000000000000e+00 2.592112809461755191e-09 7.573975374939401279e-09 -2.717972526840666548e-09 1.543064627939299732e-09 1.302426050477589272e-09 1.734987337721307935e-10 -1.588112648331227403e-10 2.710772586656636101e-11 2.420644933262668373e-11 -7.930499305857827520e-12 2.327361401759814704e-10 -5.146294762371812247e-12 5.713119621113612557e-11 0.000000000000000000e+00
0.000000000000000000e+00 0.000000000000000000e+00 0.000000000000000000e+00 0.000000000000000000e+00 0.000000000000000000e+00 0.000000000000000000e+00 1.909128852644429219e-08 1.414853470390038364e-08 -6.763261995707935874e-09 4.801740810441457163e-11 1.518903886880049220e-09 5.276162577960534317e-10 -1.661897520880213318e-10 3.039200639130850897e-11 1.127820161135038764e-11 -7.390891531628009120e-12 5.857062306405379517e-10 -3.289430731516621423e-12 5.700310797719905833e-11 0.000000000000000000e+00
0.000000000000000000e+00 0.000000000000000000e+00 0.000000000000000000e+00 0.000000000000000000e+00 0.000000000000000000e+00 0.000000000000000000e+00 5.025679097924352465e-09 6.678674264003581471e-09 -2.652149362112796539e-09 8.168223803583453241e-10 9.778044786899336544e-10 1.712223644631672460e-10 -1.403567512763940643e-10 1.651844454763207296e-11 2.917923794617802895e-11 -1.258541319922674972e-11 4.125658334656934455e-12 -6.433739731476679855e-12 -1.425235118748683417e-07 0.000000000000000000e+00
0.000000000000000000e+00 0.000000000000000000e+00 0.000000000000000000e+00 0.000000000000000000e+00 0.000000000000000000e+00 0.000000000000000000e+00 1.866714134504661888e-09 5.629331857751902647e-09 -2.068971164607722685e-09 1.175460449108894798e-09 1.011446268539463929e-09 1.410897631246468381e-10 -1.592311029612704982e-10 2.356334347859019249e-11 3.577388981229841092e-11 -1.257853029134873112e-11 4.149291253329197895e-12 -4.512292408480663700e-12 3.708042813298612243e-06 0.000000000000000000e+00
0.000000000000000000e+00 0.000000000000000000e+00 0.000000000000000000e+00 0.000000000000000000e+00 0.000000000000000000e+00 0.000000000000000000e+00 -2.652141695577065889e-11 -5.260052047297001677e-11 -4.471476786780527361e-11 7.089555863514908575e-12 -3.420523376474638041e-13 -3.619993087964812064e-12 -6.049015913160143919e-12 -6.817097572000278295e-12 -7.325608129076534529e-13 9.580816486364986178e-13 3.475715298084478478e-12 7.622406907382474137e-12 -1.903338194497738274e-07 0.000000000000000000e+00
0.000000000000000000e+00 0.000000000000000000e+00 0.000000000000000000e+00 0.000000000000000000e+00 0.000000000000000000e+00 0.000000000000000000e+00 7.393628087573571392e-12 -6.680240574598716496e-11 -5.431884185325679896e-11 -1.019945758837401170e-11 -7.791821686276921354e-12 2.797437050565779580e-12 7.314736228835319676e-12 -3.972264151758871388e-12 2.114142146266049105e-12 4.893085601753515855e-12 -1.272450923665360740e-06 9.827542910277607640e-12 -1.900862795367477108e-07 0.000000000000000000e+00
0.000000000000000000e+00 0.000000000000000000e+00 0.000000000000000000e+00 0.000000000000000000e+00 0.000000000000000000e+00 0.000000000000000000e+00 -8.259089876353218963e-11 -1.031610230910636916e-10 -5.672841096897577160e-11 2.112459914381969197e-11 -1.363990501850895394e-11 1.455350125886309249e-11 -1.582958648856841463e-11 -1.012005932774345033e-11 -5.779107751926153986e-13 5.696795617479517439e-12 3.688451779177230228e-06 6.122281455455597907e-12 -1.902325836263118607e-07 0.000000000000000000e+00
0.000000000000000000e+00 0.000000000000000000e+00 0.000000000000000000e+00 0.000000000000000000e+00 0.000000000000000000e+00 0.000000000000000000e+00 -4.462558466500959372e-11 -6.282158433485577163e-11 -5.804240421058159080e-11 1.013851530073607524e-11 -6.752733942713271980e-13 -4.750464611817383106e-12 -5.155590137480048231e-12 -9.785235877113921101e-12 2.800970454414812054e-13 1.408139021896207243e-12 3.517929411831930688e-12 2.446272477080442252e-11 -3.237531516102417850e+00 0.000000000000000000e+00
0.000000000000000000e+00 0.000000000000000000e+00 0.000000000000000000e+00 0.000000000000000000e+00 0.000000000000000000e+00 0.000000000000000000e+00 -1.043520594463636058e-11 -3.928979632778353906e-11 -4.312337946547495271e-11 -1.782586749730120090e-11 -5.577831967320977636e-12 7.897720525035528272e-12 9.348069868187521521e-12 -2.423172395497146042e-12 1.168954614949639060e-12 1.049372355401716939e-12 3.215649607302083983e-12 2.595772664479890923e-11 -1.096810543157269276e+05 0.000000000000000000e+00
0.000000000000000000e+00 0.000000000000000000e+00 0.000000000000000000e+00 0.000000000000000000e+00 0.000000000000000000e+00 0.000000000000000000e+00 1.002400602284173936e-15 7.782170005995817181e-16 6.688248060463685852e-16 4.093702899156222355e-16 3.982081849876607831e-16 2.581993313649022322e-16 1.884003578342961275e-16 9.666617141062282860e-17 4.087261149112276549e-17 1.245043354678682668e-17 6.020673915789989149e-18 8.998894941960531479e-17 1.869608648207855522e-13 0.000000000000000000e+00
0.000000000000000000e+00 0.000000000000000000e+00 0.000000000000000000e+00 0.000000000000000000e+00 0.000000000000000000e+00 0.000000000000000000e+00 1.448309221308932448e-15 9.256038428987691789e-16 7.985013475964570918e-16 5.447273625704029368e-16 6.084352487088191433e-16 3.582841760193943264e-16 2.007484315317934113e-16 8.607723148341705512e-17 2.738420612401734330e-17 8.920395582511421573e-18 2.241583283038686834e-14 1.721865809376628680e-16 1.913909536158769658e-13 0.000000000000000000e+00
0.000000000000000000e+00 0.000000000000000000e+00 0.000000000000000000e+00 0.000000000000000000e+00 0.000000000000000000e+00 0.000000000000000000e+00 1.415367725591161493e-15 1.069712548591826206e-15 8.840355515281999592e-16 4.779497962339955340e-16 3.933552929490597168e-16 2.656178286530100068e-16 1.444041034981413799e-16 6.180715209082925732e-17 2.103496084267819222e-17 8.143878499076669852e-18 4.166422956993322752e-14 1.297831731019174677e-16 1.869064435341514754e-13 0.000000000000000000e+00
0.000000000000000000e+00 0.000000000000000000e+00 0.000000000000000000e+00 0.000000000000000000e+00 0.000000000000000000e+00 0.000000000000000000e+00 5.822162622736280848e-16 4.146347920042525122e-16 3.630434358483135072e-16 2.405870383498055097e-16 2.621428467291241234e-16 1.796095739848060770e-16 1.402707524430611510e-16 7.906605504673309749e-17 3.782885303775819596e-17 1.238023341879674575e-17 6.076033949331542856e-18 1.134254280583618733e-16 3.698411146148585159e-08 0.000000000000000000e+00
0.000000000000000000e+00 0.000000000000000000e+00 0.000000000000000000e+00 0.000000000000000000e+00 0.000000000000000000e+00 0.000000000000000000e+00 7.742108622981171375e-16 4.943093622188998255e-16 4.295802846999730436e-16 2.972195759313673492e-16 3.567644283254771114e-16 2.685169006861607200e-16 2.115736162603267751e-16 1.112214991656717524e-16 4.691848778925574606e-17 1.327340817653351487e-17 6.418345813459283404e-18 4.217555822236179899e-17 9.475962047680329403e-03 0.000000000000000000e+00
0.000000000000000000e+00 0.000000000000000000e+00 0.000000000000000000e+00 0.000000000000000000e+00 0.000000000000000000e+00 0.000000000000000000e+00 1.865733797256968256e-12 2.093194860388441217e-12 -1.686627968195416892e-12 -5.226013527109657993e-13 -4.872327370220531462e-14 2.218790175206643066e-13 -4.534989812077841473e-15 4.799064508600300729e-14 4.885303495227359264e-15 -1.666538222485421637e-15 -4.866325592782880332e-16 -5.447007414987495575e-16 -2.516825271045538573e-16 0.000000000000000000e+00
0.000000000000000000e+00 0.000000000000000000e+00 0.000000000000000000e+00 0.000000000000000000e+00 0.000000000000000000e+00 0.000000000000000000e+00 1.236484719011944932e-12 1.614249199429181618e-12 -4.295359591272615728e-13 -8.489398841897068469e-13 -6.570219267797591220e-14 2.478028642302307628e-13 -2.583808260040547598e-14 4.641303805929231612e-14 4.179246142458362071e-15 -1.380034943995909993e-15 1.830076460777235892e-14 -8.322051026317666536e-16 -1.563704975397323836e-16 0.000000000000000000e+00
0.000000000000000000e+00 0.000000000000000000e+00 0.000000000000000000e+00 0.000000000000000000e+00 0.000000000000000000e+00 0.000000000000000000e+00 2.448535188465947869e-12 2.561357499417927053e-12 -2.877427251565246465e-12 -2.698458531211355009e-13 -1.868852757053168479e-14 2.352778613203000531e-13 1.081733679861069107e-14 4.009111031868811634e-14 2.516690926958660088e-15 -8.310580695904288328e-16 4.659978992790509138e-14 -6.987056186483808786e-16 -3.266713034121471476e-16 0.000000000000000000e+00
0.000000000000000000e+00 0.000000000000000000e+00 0.000000000000000000e+00 0.000000000000000000e+00 0.000000000000000000e+00 0.000000000000000000e+00 1.146432099668482524e-12 1.330492326160908658e-12 -7.935924610157832857e-13 -4.918313481914269514e-13 -4.004286285970180851e-14 1.814692426589771719e-13 -1.272791336504676127e-14 4.187876979751137217e-14 5.103374810717363934e-15 -1.775841801904666545e-15 -5.109875689077715799e-16 -6.509569197938280405e-16 2.384790387010170744e-11 0.000000000000000000e+00
0.000000000000000000e+00 0.000000000000000000e+00 0.000000000000000000e+00 0.000000000000000000e+00 0.000000000000000000e+00 0.000000000000000000e+00 8.907782039420102287e-13 1.195695338659010273e-12 -2.992998386718092832e-13 -6.221179597766186159e-13 -4.235558874439974022e-14 2.071146472142232852e-13 -2.280386824697670383e-14 5.017565996918928856e-14 5.931397083874558016e-15 -1.973995684246992544e-15 -5.150527481375641439e-16 -5.207852978085913042e-17 6.282640280088432779e-09 0.000000000000000000e+00
0.000000000000000000e+00 0.000000000000000000e+00 0.000000000000000000e+00 0.000000000000000000e+00 0.000000000000000000e+00 0.000000000000000000e+00 6.041582091709337339e-12 2.709407168334721127e-11 -3.529315187041017551e-12 6.424996831467749819e-13 2.609176950679492777e-12 1.919735024168269604e-13 -2.745042464605975275e-13 1.089928283671976048e-13 5.447468700206891299e-14 -1.849167522679241112e-14 7.371142159218217257e-15 -1.814585814836968298e-14 -1.497323387170875429e-13 0.000000000000000000e+00
0.000000000000000000e+00 0.000000000000000000e+00 0.000000000000000000e+00 0.000000000000000000e+00 0.000000000000000000e+00 0.000000000000000000e+00 -1.570575202630587439e-12 2.350090449395323049e-11 -8.779256675334448138e-13 1.548618937373024455e-12 3.214917921364629874e-12 5.760968806919357698e-14 -3.485244980551322631e-13 1.230711158398735558e-13 4.256226512263180383e-14 -1.835482293207915316e-14 -4.765167480578586969e-13 -2.388951949656450860e-14 -1.513867163210485258e-13 0.000000000000000000e+00
0.000000000000000000e+00 0.000000000000000000e+00 0.000000000000000000e+00 0.000000000000000000e+00 0.000000000000000000e+00 0.000000000000000000e+00 1.287018652995963614e-11 3.082721669296271338e-11 -6.104708776304649866e-12 -7.082057999994372378e-14 2.496742598601609985e-12 3.862608883629062619e-13 -1.665946997622573786e-13 9.925537332324515095e-14 3.937759873588226457e-14 -1.516342051089660953e-14 3.091219261671070118e-13 -2.130020742910122269e-14 -1.544171006629737291e-13 0.000000000000000000e+00
0.000000000000000000e+00 0.000000000000000000e+00 0.000000000000000000e+00 0.000000000000000000e+00 0.000000000000000000e+00 0.000000000000000000e+00 1.810755068748218039e-12 1.842852767878186522e-11 -1.606302721790537900e-12 7.882479562556534748e-13 2.121728357506228198e-12 8.904511088797743450e-14 -2.719117458488670498e-13 9.619575931836502221e-14 4.980667136451936299e-14 -1.894347551661446926e-14 7.662383380154682077e-15 -2.084177342585420819e-14 1.069759557259961864e-11 0.000000000000000000e+00
0.000000000000000000e+00 0.000000000000000000e+00 0.000000000000000000e+00 0.000000000000000000e+00 0.000000000000000000e+00 0.000000000000000000e+00 -1.295681245335722298e-12 1.721133297264019511e-11 -5.955587346013195390e-13 1.172708826432788788e-12 2.485117458070297132e-12 3.268816112395395431e-14 -3.545094103987268680e-13 1.157545647737310052e-13 5.731247893935198172e-14 -2.077450726039101519e-14 7.450651721603233743e-15 -8.601254799021753127e-15 9.053651477683282455e-08 0.000000000000000000e+00
0.000000000000000000e+00 0.000000000000000000e+00 0.000000000000000000e+00 0.000000000000000000e+00 0.000000000000000000e+00 0.000000000000000000e+00 1.736262161902727712e-14 -2.543101107353616175e-14 2.847435058435034702e-14 8.456924344882855905e-15 3.661049592833218272e-14 3.678996745398309577e-14 2.315786164374701286e-14 1.414313032423918376e-14 7.073724726321185853e-15 6.318906779430137680e-15 8.114246186735832767e-15 1.587886234841380484e-14 -3.294887525945160266e-10 0.000000000000000000e+00
0.000000000000000000e+00 0.000000000000000000e+00 0.000000000000000000e+00 0.000000000000000000e+00 0.000000000000000000e+00 0.000000000000000000e+00 7.807153127591987662e-14 2.041932421908456625e-14 2.197634004930662208e-13 8.481131903280480238e-14 5.513219291025680784e-14 -2.157657038115663122e-15 3.408774706020971227e-14 8.524849698998492688e-15 1.149716228875472747e-14 1.673989861843989224e-15 -1.295417235671897573e-11 4.127300673268249025e-14 -3.296889432608483994e-10 0.000000000000000000e+00
0.000000000000000000e+00 0.000000000000000000e+00 0.000000000000000000e+00 0.000000000000000000e+00 0.000000000000000000e+00 0.000000000000000000e+00 -1.044369497901295905e-13 -9.251517797652390675e-14 8.687184161735082173e-14 7.752231215919669434e-14 9.281380072419398359e-14 1.323231871091425778e-13 4.277652995638809793e-14 3.869998684163649287e-14 1.840477795112103331e-14 7.215550029847774564e-15 -9.088328104362772649e-09 4.509745252950104974e-14 -3.295932580118029395e-10 0.000000000000000000e+00
0.000000000000000000e+00 0.000000000000000000e+00 0.000000000000000000e+00 0.000000000000000000e+00 0.000000000000000000e+00 0.000000000000000000e+00 1.001499474602418738e-15 -3.538237291868572476e-14 2.035792399871128463e-14 -5.104527210441306784e-15 2.135496922954060382e-14 2.045102838594810434e-14 2.044224494757653463e-14 7.786848290694101573e-15 6.049374960485409602e-15 6.281352676587548365e-15 8.049568659962143955e-15 1.041100444837906177e-14 -7.471181044521190036e-03 0.000000000000000000e+00
0.000000000000000000e+00 0.000000000000000000e+00 0.000000000000000000e+00 0.000000000000000000e+00 0.000000000000000000e+00 0.000000000000000000e+00 8.100608656456831981e-15 2.538178710493097224e-14 1.170711278347244253e-13 6.407227974107688502e-14 1.259795224613718078e-14 -6.474866811202077310e-15 3.234518185038632452e-14 5.936866353400618866e-15 3.757021773568088217e-15 6.535677552642446762e-15 9.040297451264312361e-15 4.270563828307280708e-14 -9.171017741252391886e+01 0.000000000000000000e+00
0.000000000000000000e+00 0.000000000000000000e+00 0.000000000000000000e+00 0.000000000000000000e+00 0.000000000000000000e+00 0.000000000000000000e+00 5.386307529696134522e-09 7.783944989360334205e-09 6.843487773463561669e-09 3.995614541726606744e-09 6.373071809692726178e-09 7.647188239482517830e-09 5.652599934771828351e-09 4.181450870365198398e-09 2.274245295199159355e-09 7.118541623628657183e-10 1.380741921013792665e-10 1.898629982102990408e-08 9.425027822112293924e-05 0.000000000000000000e+00
0.000000000000000000e+00 0.000000000000000000e+00 0.000000000000000000e+00 0.000000000000000000e+00 0.000000000000000000e+00 0.000000000000000000e+00 -3.981059761163729041e-09 4.057782898221998554e-09 -2.939111827569666723e-10 1.348091034053804852e-09 -1.483376363681602874e-10 9.290358592219887535e-10 7.986560332867013583e-10 8.969487357274612387e-10 3.363947940483670366e-10 2.295769196840853804e-10 3.987053290668362445e-06 2.661183538244094494e-08 9.433459306092215751e-05 0.000000000000000000e+00
0.000000000000000000e+00 0.000000000000000000e+00 0.000000000000000000e+00 0.000000000000000000e+00 0.000000000000000000e+00 0.000000000000000000e+00 2.230041341434569139e-08 2.522983251746332739e-08 2.268439154401263652e-08 1.536843855963772852e-08 2.876060402798341896e-08 3.401914586693610888e-08 1.949203083897566189e-08 1.297439450535664886e-08 5.634448234456616177e-09 1.511601248360015398e-09 2.649641086003637003e-05 3.892734085053307032e-08 9.443670856878506881e-05 0.000000000000000000e+00
0.000000000000000000e+00 0.000000000000000000e+00 0.000000000000000000e+00 0.000000000000000000e+00 0.000000000000000000e+00 0.000000000000000000e+00 2.546848569749024084e-10 1.361601299602587210e-09 3.764270274137010278e-10 8.489127364716403376e-10 4.403962227259997274e-10 1.205769806429860606e-09 8.227878487825948099e-10 9.727802442029488009e-10 5.781804218060346881e-10 3.655030375958619258e-10 7.110190774957342988e-11 5.460891898936274202e-09 -6.443895513643972663e+03 0.000000000000000000e+00
0.000000000000000000e+00 0.000000000000000000e+00 0.000000000000000000e+00 0.000000000000000000e+00 0.000000000000000000e+00 0.000000000000000000e+00 -2.307312834811527188e-09 1.848342337603694917e-09 -1.248211416948005349e-10 4.327926144313078258e-10 -6.112346692559366537e-11 8.501875777948067058e-10 8.804941325348504431e-10 1.131136309723244999e-09 5.424835205378799189e-10 2.797290557843804817e-10 4.655035666988651493e-11 1.326278778257581716e-09 -2.634208197006012201e+08 0.000000000000000000e+00
0.000000000000000000e+00 0.000000000000000000e+00 0.000000000000000000e+00 0.000000000000000000e+00 0.000000000000000000e+00 0.000000000000000000e+00 -1.263820354677596424e-08 -3.016595326624257418e-08 -2.699502257251275362e-08 -7.099451763896307207e-09 -8.097619725280373610e-09 -5.465387396218690119e-09 -2.199460500055064510e-09 -1.518373847818982378e-09 -6.727086957378761505e-10 -2.266343150279526946e-10 2.108426129008709744e-11 3.660238778475856868e-10 4.922053805490360804e-09 0.000000000000000000e+00
0.000000000000000000e+00 0.000000000000000000e+00 0.000000000000000000e+00 0.000000000000000000e+00 0.000000000000000000e+00 0.000000000000000000e+00 4.647831298336158114e-09 5.208700559142853143e-09 -8.182499337503439643e-09 5.024306042145389008e-09 -7.177755597771861303e-10 2.523129484557571834e-10 7.117884057501184071e-10 8.460330822500406794e-11 3.316088840430144981e-11 -1.840412833819298480e-11 9.977578940074095608e-11 3.833992490306622556e-10 4.940698780550779507e-09 0.000000000000000000e+00
0.000000000000000000e+00 0.000000000000000000e+00 0.000000000000000000e+00 0.000000000000000000e+00 0.000000000000000000e+00 0.000000000000000000e+00 -2.793423484790808020e-08 -6.223696653732262841e-08 -4.443000968636776531e-08 -1.923976134225928826e-08 -1.641358026959190844e-08 -1.241403626297968175e-08 -4.839936496348759696e-09 -2.792697988971836443e-09 -1.132008374817796514e-09 -3.851811506583693989e-10 -1.483073870938428548e-09 5.141122149133107882e-10 5.019176481256909694e-09 0.000000000000000000e+00
0.000000000000000000e+00 0.000000000000000000e+00 0.000000000000000000e+00 0.000000000000000000e+00 0.000000000000000000e+00 0.000000000000000000e+00 -5.257552770372436458e-09 -3.478722086411243579e-09 -9.991861212958164631e-09 2.898907978395081809e-09 -9.168910552278014772e-10 -1.313597716066147868e-09 6.150421908329677917e-12 -3.044571020661059954e-10 -1.120791221434566148e-10 -5.961140129140185110e-11 3.235188282051309901e-12 7.572442596543676903e-11 8.137903334771146488e-06 0.000000000000000000e+00
0.000000000000000000e+00 0.000000000000000000e+00 0.000000000000000000e+00 0.000000000000000000e+00 0.000000000000000000e+00 0.000000000000000000e+00 2.405773243680461983e-09 4.402685385606606120e-09 -6.839843712169975174e-09 4.597867611462037461e-09 -1.000386587341400777e-09 5.993378642562412989e-10 5.811337296578590819e-10 1.702739158345165239e-11 -3.184680859815696535e-12 5.974380760148084665e-13 -1.162899781992832159e-11 -2.733261780941978242e-12 1.596665354766897758e-04 0.000000000000000000e+00
0.000000000000000000e+00 0.000000000000000000e+00 0.000000000000000000e+00 0.000000000000000000e+00 0.000000000000000000e+00 0.000000000000000000e+00 -6.792843148055160878e-08 -1.147464920301343207e-07 -1.140078699793750943e-07 -3.056753966618170666e-08 -4.382508813221309342e-08 -1.797675793279234456e-08 -6.285880596780829773e-09 -3.646168469430018421e-09 -1.870504199693026035e-09 -5.173303116691118684e-10 1.162301116598263761e-10 1.931724970057778604e-09 -1.779769135567570805e-08 0.000000000000000000e+00
0.000000000000000000e+00 0.000000000000000000e+00 0.000000000000000000e+00 0.000000000000000000e+00 0.000000000000000000e+00 0.000000000000000000e+00 3.454305898160342638e-08 9.072398817538252115e-08 -3.229996444642455230e-08 1.954222853747570115e-08 -3.564842246268951554e-09 6.134650850025091251e-09 2.413367132523413044e-09 4.570562917297024253e-10 7.004654261104708191e-11 1.558726970059353310e-10 5.318874925988717174e-09 1.857834351596593542e-09 -1.759803776902799738e-08 0.000000000000000000e+00
0.000000000000000000e+00 0.000000000000000000e+00 0.000000000000000000e+00 0.000000000000000000e+00 0.000000000000000000e+00 0.000000000000000000e+00 -1.586579006027090712e-07 -2.992506782435156798e-07 -1.900154746699805057e-07 -7.855732969040129110e-08 -8.960108221684763669e-08 -4.498463137049821346e-08 -1.416724009243122048e-08 -6.672901434876329743e-09 -2.773516150902895107e-09 -9.351950281302490336e-10 -4.161450391879023290e-09 2.655065020809438579e-09 -1.750510497148496733e-08 0.000000000000000000e+00
0.000000000000000000e+00 0.000000000000000000e+00 0.000000000000000000e+00 0.000000000000000000e+00 0.000000000000000000e+00 0.000000000000000000e+00 -3.915986818523261148e-08 1.583375348536900523e-08 -4.958234187422546406e-08 6.068290089099379944e-09 -9.731079976797221786e-09 -9.034975796740657197e-10 2.371322085072426403e-09 2.244902235424858007e-10 -2.023826314257559651e-10 5.981561613898201658e-11 4.788076565262081319e-11 1.042728954553061777e-10 -7.387030684600704084e-05 0.000000000000000000e+00
0.000000000000000000e+00 0.000000000000000000e+00 0.000000000000000000e+00 0.000000000000000000e+00 0.000000000000000000e+00 0.000000000000000000e+00 2.496319031050413437e-08 6.882695041215192731e-08 -2.333703121668979738e-08 1.675911639303091940e-08 -3.985403729394081702e-09 5.731921459215278654e-09 1.834491604926419963e-09 -1.208631316242503457e-10 -3.200421821852651347e-10 1.064547101734399832e-10 -2.210917632816366899e-11 9.202504873775351109e-11 5.081958287855584122e-03 0.000000000000000000e+00
0.000000000000000000e+00 0.000000000000000000e+00 0.000000000000000000e+00 0.000000000000000000e+00 0.000000000000000000e+00 0.000000000000000000e+00 -4.353320606865443369e-09 -2.179351888194927159e-09 -1.655406176590121340e-09 2.996766775868411728e-11 -1.298990901336388610e-09 -5.232420235735554357e-10 -1.612140438803829754e-10 -1.729347841136386540e-10 -1.125941534130094919e-10 -1.081290850319013973e-10 -1.744458760367878237e-10 -5.115906022698286754e-09 1.002629199958200515e-05 0.000000000000000000e+00
0.000000000000000000e+00 0.000000000000000000e+00 0.000000000000000000e+00 0.000000000000000000e+00 0.000000000000000000e+00 0.000000000000000000e+00 -4.732618047363102827e-09 -7.621231272165701767e-09 4.992352593724451215e-09 2.372676103344775239e-09 -9.118561987845045372e-10 -8.748978973503286370e-10 -4.956568808200809014e-10 -4.687559884669294739e-10 -1.627021664928530412e-10 -2.713888737747646343e-11 -5.047488800693266043e-05 -7.183033041038709365e-09 1.003197938521534364e-05 0.000000000000000000e+00
0.000000000000000000e+00 0.000000000000000000e+00 0.000000000000000000e+00 0.000000000000000000e+00 0.000000000000000000e+00 0.000000000000000000e+00 -1.128180598801127755e-09 5.600145607049511718e-09 -8.731727571839000891e-09 -3.624102990946861662e-10 -2.796008383066875483e-09 5.046442594240559357e-10 1.807709509724051314e-11 1.333704589587793289e-11 4.740598146294714035e-11 1.474285758932417247e-10 5.330213918285505944e-05 -7.719142589062425973e-09 1.004991393572603551e-05 0.000000000000000000e+00
0.000000000000000000e+00 0.000000000000000000e+00 0.000000000000000000e+00 0.000000000000000000e+00 0.000000000000000000e+00 0.000000000000000000e+00 -5.323297988861106250e-09 -1.539356098228177416e-09 1.172218024476829668e-09 5.978849011109019268e-10 -1.680403660435100183e-09 -4.431908982744618212e-10 -3.118779458667110145e-10 -2.510776765724091421e-10 -1.016527912884677434e-10 -1.271371172528725994e-10 -1.397628908667951371e-10 -2.490727218796170723e-09 -3.717216472942029668e+03 0.000000000000000000e+00
0.000000000000000000e+00 0.000000000000000000e+00 0.000000000000000000e+00 0.000000000000000000e+00 0.000000000000000000e+00 0.000000000000000000e+00 -5.210112909046319742e-09 -5.881146804398884787e-09 3.640666511253881696e-09 3.066450595002855487e-10 -8.650700565435694074e-10 -9.378166072519126193e-10 -4.524853191107146598e-10 -5.926722345262932164e-10 -3.143434314912892361e-10 -2.606095542863726486e-10 -9.644064652593694627e-11 2.055871944094887946e-09 -9.464103420381652191e+06 0.000000000000000000e+00
