0.000000000000000000e+00 0.000000000000000000e+00 0.000000000000000000e+00 0.000000000000000000e+00 0.000000000000000000e+00 0.000000000000000000e+00 3.877724593372148851e-11 3.284382457931734795e-11 2.007637487550232683e-11 2.653797230700223451e-11 2.666300725584294286e-11 2.982713545908334893e-11 2.285435636764645068e-11 1.111556723371786052e-11 3.894263821292764504e-12 3.121147643023785341e-13 7.821996159660271385e-12 3.209837442762754215e-09 1.712379812509592376e-09 0.000000000000000000e+00
0.000000000000000000e+00 0.000000000000000000e+00 0.000000000000000000e+00 0.000000000000000000e+00 0.000000000000000000e+00 0.000000000000000000e+00 -2.438413020157679076e-13 3.331755872059937140e-12 6.836638423220075078e-13 2.867247040350805110e-12 1.204614636449559690e-12 3.175169844086035864e-12 1.901395383378731046e-12 1.115286323901498982e-12 2.188593373628543831e-13 8.525839082623948941e-14 7.981271754591023445e-10 3.099609005797636021e-09 1.712749935146839577e-09 0.000000000000000000e+00
0.000000000000000000e+00 0.000000000000000000e+00 0.000000000000000000e+00 0.000000000000000000e+00 0.000000000000000000e+00 0.000000000000000000e+00 1.618002512578984707e-10 1.228079812320640778e-10 8.445905077364978004e-11 1.151446374850782379e-10 1.416243080330010459e-10 2.000793197859032369e-10 1.248862413514229166e-10 6.898789475962028532e-11 2.866102141730397802e-11 6.444984835612843811e-12 5.193252442834559080e-07 3.234349545153805180e-09 1.714133166530777639e-09 0.000000000000000000e+00
0.000000000000000000e+00 0.000000000000000000e+00 0.000000000000000000e+00 0.000000000000000000e+00 0.000000000000000000e+00 0.000000000000000000e+00 2.336053521540065806e-13 -5.136969587266625445e-14 5.351547528937727407e-14 7.045610719027278086e-13 3.593888135675802482e-13 9.884248349998978011e-13 7.534034935598746749e-13 4.446408454177074834e-13 2.095290658086500324e-13 2.978737247851480669e-14 5.731947300584253341e-14 -3.221875833775475942e-09 -3.021069213124099040e-01 0.000000000000000000e+00
0.000000000000000000e+00 0.000000000000000000e+00 0.000000000000000000e+00 0.000000000000000000e+00 0.000000000000000000e+00 0.000000000000000000e+00 -1.074745115872188413e-12 7.339714534478168089e-13 -5.989354329459357938e-13 1.782302784784278992e-12 1.073848640551500718e-12 1.020404153524336232e-12 8.394002704905796492e-13 3.821628454680887514e-13 8.826092171371401446e-14 1.344581653781487528e-14 1.677728288970754778e-14 4.530021677972295995e-07 -2.077438421087491512e+07 0.000000000000000000e+00
0.000000000000000000e+00 0.000000000000000000e+00 0.000000000000000000e+00 0.000000000000000000e+00 0.000000000000000000e+00 0.000000000000000000e+00 2.107229798928135547e-09 -2.306551470074792942e-10 -2.385852289792755639e-10 4.220172329166795501e-11 -1.591971225235283834e-10 -1.007260353266727294e-10 -9.238684904223032051e-12 -7.776373534876005721e-12 -4.254426434381170068e-12 4.903414318343951784e-14 1.458233884981203490e-12 1.244767360483036084e-11 -2.046256423298036876e-12 0.000000000000000000e+00
0.000000000000000000e+00 0.000000000000000000e+00 0.000000000000000000e+00 0.000000000000000000e+00 0.000000000000000000e+00 0.000000000000000000e+00 4.807055982154401650e-10 1.540400077151827709e-11 -2.713663944539129199e-10 1.446747780592640352e-10 -5.772546887185403479e-12 3.693374130038125922e-11 1.149482481277516199e-11 4.702282169244749197e-12 -1.484254535582250468e-13 -2.028725517070115495e-13 -7.278170922269965922e-12 1.176262031549319828e-11 -2.052293551904346639e-12 0.000000000000000000e+00
0.000000000000000000e+00 0.000000000000000000e+00 0.000000000000000000e+00 0.000000000000000000e+00 0.000000000000000000e+00 0.000000000000000000e+00 3.582265156408264967e-09 -4.576008991387703372e-10 -2.128097368936627364e-10 -6.195210562095926123e-11 -3.724713274997656249e-10 -2.775201412689131463e-10 -3.654602429612419503e-11 -2.217036509946836538e-11 -1.219551565604679694e-11 -3.846961008294564265e-12 1.600173119537108756e-10 1.230535018514696073e-11 -2.043652803629897216e-12 0.000000000000000000e+00
0.000000000000000000e+00 0.000000000000000000e+00 0.000000000000000000e+00 0.000000000000000000e+00 0.000000000000000000e+00 0.000000000000000000e+00 -3.688318294373616517e-11 3.054007660185491144e-11 -1.568618304757284740e-10 8.790769313939108998e-11 -1.680231255742043854e-11 2.219117307032706204e-11 7.928546582027428226e-12 2.165201932175425231e-13 -7.989470424839432780e-13 1.546723691777893891e-13 2.448025161295057205e-13 1.643705414866217520e-11 -3.213691053353831398e-08 0.000000000000000000e+00
0.000000000000000000e+00 0.000000000000000000e+00 0.000000000000000000e+00 0.000000000000000000e+00 0.000000000000000000e+00 0.000000000000000000e+00 4.089652058559384015e-10 4.180928391751170354e-11 -2.095557895190181882e-10 7.845312865863013627e-11 5.485730919255896692e-12 1.803944324083911041e-11 5.054278944821123509e-12 4.158094136106693898e-12 -7.256503809448384972e-14 1.820782801067562553e-13 -2.131488792690190995e-13 7.952090015682495560e-11 -5.372821852828801132e-04 0.000000000000000000e+00
0.000000000000000000e+00 0.000000000000000000e+00 0.000000000000000000e+00 0.000000000000000000e+00 0.000000000000000000e+00 0.000000000000000000e+00 6.827085719796346692e-09 1.206164320130270515e-09 -4.398883132587113036e-10 -4.861411132129532580e-10 -7.386852066013255079e-10 -3.491478134907478285e-10 -1.467395127827971040e-10 -1.413919056866418545e-11 -2.196530987664574102e-11 -4.544482179077286817e-12 2.696492154365003399e-11 2.209855032922852254e-10 1.713837429122452904e-10 0.000000000000000000e+00
0.000000000000000000e+00 0.000000000000000000e+00 0.000000000000000000e+00 0.000000000000000000e+00 0.000000000000000000e+00 0.000000000000000000e+00 8.242116202486928539e-11 1.702274855935422337e-09 -1.815312780104809354e-09 5.592904794861032984e-10 1.990441186935915938e-10 1.881632983141466307e-10 7.817851919947987780e-11 1.373655555351716514e-11 1.012353321751214907e-11 -3.076591294927476314e-12 -4.131362347464829577e-11 1.998608749078519146e-10 1.704096464515667356e-10 0.000000000000000000e+00
0.000000000000000000e+00 0.000000000000000000e+00 0.000000000000000000e+00 0.000000000000000000e+00 0.000000000000000000e+00 0.000000000000000000e+00 1.291173098223306739e-08 7.942053258205999247e-10 8.115818247684685960e-10 -1.504591077187210300e-09 -1.830655215079474530e-09 -1.002078135605407475e-09 -4.077413400466813727e-10 -5.548987655083764503e-11 -8.380476648496007867e-11 -4.631165959739127385e-11 9.156828363865570556e-10 2.091525815943087263e-10 1.700150618953485250e-10 0.000000000000000000e+00
0.000000000000000000e+00 0.000000000000000000e+00 0.000000000000000000e+00 0.000000000000000000e+00 0.000000000000000000e+00 0.000000000000000000e+00 -6.064244038020511242e-10 1.000845042666805007e-09 -1.292754448352397129e-09 2.050852743269124394e-10 1.158937596512775971e-10 7.970677934919743346e-11 2.575421188785445200e-11 1.456525814254851048e-11 6.016294665463540415e-12 3.954497884971598920e-13 1.648388396542754092e-12 3.040023493507751565e-10 -1.459582757460257315e-07 0.000000000000000000e+00
0.000000000000000000e+00 0.000000000000000000e+00 0.000000000000000000e+00 0.000000000000000000e+00 0.000000000000000000e+00 0.000000000000000000e+00 2.896518919645615238e-10 1.256529350622731346e-09 -1.299773976667711895e-09 3.425190772545713222e-10 7.777054282855782574e-11 7.201985951438487781e-11 4.763843785527377187e-11 3.727992402529773902e-13 5.628328515634226983e-12 -3.939303668918024479e-13 -2.355569392988564173e-13 4.823498877361059873e-09 -2.632052916870889978e-02 0.000000000000000000e+00
0.000000000000000000e+00 0.000000000000000000e+00 0.000000000000000000e+00 0.000000000000000000e+00 0.000000000000000000e+00 0.000000000000000000e+00 -7.726127937467839414e-11 -1.200142438588208214e-10 1.041362884154134168e-10 3.382404725052745151e-11 -3.552590940333264252e-11 -2.065821396124656181e-11 2.893394050452794193e-11 -1.007109592344940212e-11 2.955176464080630183e-12 -7.180207167971732034e-13 -2.067929311704459108e-12 1.133102326402809255e-09 -2.160254321467390969e-07 0.000000000000000000e+00
0.000000000000000000e+00 0.000000000000000000e+00 0.000000000000000000e+00 0.000000000000000000e+00 0.000000000000000000e+00 0.000000000000000000e+00 1.281932366332545343e-10 2.396715623175015633e-10 -1.609412026073688916e-10 1.356716416485959556e-10 1.274305162528520077e-10 2.451229673400911627e-11 2.375813763617273562e-11 -3.157397857524017390e-11 1.184005846714575778e-13 1.089243268365311074e-11 -5.291762852766293153e-06 1.369934508294973005e-09 -2.161465119391135907e-07 0.000000000000000000e+00
0.000000000000000000e+00 0.000000000000000000e+00 0.000000000000000000e+00 0.000000000000000000e+00 0.000000000000000000e+00 0.000000000000000000e+00 -9.820761586063095548e-12 -1.562231528612392459e-10 1.284929934377055448e-10 1.980870053814701666e-10 8.808259113652860042e-11 -2.674877059214011939e-11 4.786294872283355441e-11 4.633482368990374442e-12 -2.377538716181423911e-12 -1.987110822492307333e-14 4.871032607506680344e-04 1.479150143778157589e-09 -2.162473285256014827e-07 0.000000000000000000e+00
0.000000000000000000e+00 0.000000000000000000e+00 0.000000000000000000e+00 0.000000000000000000e+00 0.000000000000000000e+00 0.000000000000000000e+00 1.522845523074887609e-10 2.349575703142692455e-10 -3.716400545124979345e-11 -5.821968369121407718e-11 1.475967488346131757e-11 3.169829501059941067e-11 3.628659005548665589e-11 -1.773840080979925579e-11 5.261876208117217478e-12 -4.528574327361717962e-14 -6.618884513130458589e-12 -1.216497068427171552e-07 -1.380726184460049843e+01 0.000000000000000000e+00
0.000000000000000000e+00 0.000000000000000000e+00 0.000000000000000000e+00 0.000000000000000000e+00 0.000000000000000000e+00 0.000000000000000000e+00 7.185514149034672266e-12 1.450453208032741548e-10 4.472221275158307617e-11 7.862025465390214599e-11 -2.046696004643989329e-12 3.830537067056837216e-11 3.557116548821850895e-11 -2.767525265727526306e-11 7.759317493613982576e-12 -6.811309472274541546e-13 1.191518291578938447e-12 -9.647156394065193311e-06 -1.374059997556282616e+10 0.000000000000000000e+00
0.000000000000000000e+00 0.000000000000000000e+00 0.000000000000000000e+00 0.000000000000000000e+00 0.000000000000000000e+00 0.000000000000000000e+00 2.586929437668720759e-09 2.280718202887365543e-09 6.441906441794537941e-10 1.382356572711931691e-09 5.799754095866256105e-10 3.890710960489813381e-10 2.122313247626496312e-10 8.716813304930673321e-11 2.705187152384779556e-11 3.847910427730946236e-12 5.986027806846628812e-11 6.589765418802367326e-08 3.115694185309028175e-08 0.000000000000000000e+00
0.000000000000000000e+00 0.000000000000000000e+00 0.000000000000000000e+00 0.000000000000000000e+00 0.000000000000000000e+00 0.000000000000000000e+00 1.289387660845305949e-09 1.347630564037214357e-10 -1.571342707311586443e-10 5.576253345544348911e-10 2.826698658801476086e-10 1.081562886937562705e-10 3.932093530316226622e-11 6.293355441597680559e-11 1.047744909100976473e-11 3.315594261515022214e-12 7.423065685786511657e-08 6.825385945122616551e-08 3.149128197144902515e-08 0.000000000000000000e+00
0.000000000000000000e+00 0.000000000000000000e+00 0.000000000000000000e+00 0.000000000000000000e+00 0.000000000000000000e+00 0.000000000000000000e+00 9.924366541772216698e-09 7.702448692519490575e-09 3.896056737459169000e-09 4.953367799691068255e-09 2.228085801617946471e-09 1.664355461348441162e-09 1.366765894079794078e-09 5.888062088805378354e-10 1.965387532324766019e-10 4.764308994597205519e-11 1.682972685252581729e-05 6.913015763639430077e-08 3.134669423352465201e-08 0.000000000000000000e+00
0.000000000000000000e+00 0.000000000000000000e+00 0.000000000000000000e+00 0.000000000000000000e+00 0.000000000000000000e+00 0.000000000000000000e+00 4.964202704206133709e-10 1.782607453580407568e-10 -4.300634729073183874e-11 2.410885282028067157e-10 1.239988166338818674e-10 1.559251718660060236e-10 3.125129873861870928e-11 4.400334643835589592e-11 1.546019792458722507e-11 3.254543915133519131e-12 2.097888476877862749e-11 8.168835663555925426e-07 -3.554292131608091410e+01 0.000000000000000000e+00
0.000000000000000000e+00 0.000000000000000000e+00 0.000000000000000000e+00 0.000000000000000000e+00 0.000000000000000000e+00 0.000000000000000000e+00 1.023167384375628489e-09 -1.231183970631452191e-10 -8.713256246230339220e-11 2.993913884350900094e-10 5.520681092174763815e-11 1.521089648956079930e-10 -9.032843400494783308e-12 4.959017592547591714e-11 2.329946669219295830e-12 -9.321740193197256480e-13 1.333579892534233642e-11 5.573121813606633779e-05 1.117458764650947571e+09 0.000000000000000000e+00
0.000000000000000000e+00 0.000000000000000000e+00 0.000000000000000000e+00 0.000000000000000000e+00 0.000000000000000000e+00 0.000000000000000000e+00 4.952142418800941162e-09 -3.202142212000326610e-09 -1.056531886465912826e-09 -1.051093474106486335e-09 -2.286862804984332460e-09 -1.041648759101332654e-09 -4.875242368179169939e-10 -2.112209042536810689e-10 -6.146890831280119057e-11 -6.307748030741190958e-13 3.476787982179711767e-11 3.870331504718968486e-10 1.936766998794408605e-10 0.000000000000000000e+00
0.000000000000000000e+00 0.000000000000000000e+00 0.000000000000000000e+00 0.000000000000000000e+00 0.000000000000000000e+00 0.000000000000000000e+00 8.325842571180513642e-09 1.630320265777358958e-10 6.754965379377865867e-09 1.741194533144776264e-09 6.893688755944162501e-10 -8.678854020149976467e-11 1.965019761552356382e-10 3.171846765271382500e-11 1.135187417616730549e-11 -3.109358332462179910e-12 -2.362119863911899924e-12 3.609534673935006187e-10 1.933487970254774797e-10 0.000000000000000000e+00
0.000000000000000000e+00 0.000000000000000000e+00 0.000000000000000000e+00 0.000000000000000000e+00 0.000000000000000000e+00 0.000000000000000000e+00 1.772496465012766809e-09 -6.227622993044388954e-09 -8.393724740698309042e-09 -3.780130135364365756e-09 -5.896072172640387645e-09 -2.045219449657272112e-09 -1.308155703792241399e-09 -4.792291555782866894e-10 -1.958850992470746126e-10 -6.540323500502091024e-11 2.608585297818454170e-10 3.855346844996158507e-10 1.930531156986563036e-10 0.000000000000000000e+00
0.000000000000000000e+00 0.000000000000000000e+00 0.000000000000000000e+00 0.000000000000000000e+00 0.000000000000000000e+00 0.000000000000000000e+00 6.882433768599346469e-09 9.538885232313871892e-10 4.703335192655739758e-09 1.186156435389738871e-09 3.700286246591839990e-10 -1.746318915237419240e-10 6.701127551654569254e-11 -3.494109326028402673e-11 5.481943439726540321e-12 4.019895276485641790e-12 7.789834683839769429e-12 -4.741733441190493789e-10 -1.444990301418987763e-07 0.000000000000000000e+00
0.000000000000000000e+00 0.000000000000000000e+00 0.000000000000000000e+00 0.000000000000000000e+00 0.000000000000000000e+00 0.000000000000000000e+00 9.287878303812210188e-09 -3.433043333471461173e-12 6.099272857173125655e-09 9.434661199818850898e-10 3.011783861861267784e-10 -3.472845099138288160e-10 4.458663180361274894e-11 -2.708403363407581248e-11 1.720521955101518266e-11 9.455555149506115192e-13 -4.246122454728393680e-12 3.762906577109096250e-09 -2.681667439097116298e-03 0.000000000000000000e+00
0.000000000000000000e+00 0.000000000000000000e+00 0.000000000000000000e+00 0.000000000000000000e+00 0.000000000000000000e+00 0.000000000000000000e+00 7.192989268588067058e-09 1.483947011802466991e-08 -9.674185441530194820e-09 -1.723856587343943763e-08 -1.026872695646660089e-08 -4.885179256856323543e-09 -2.701614321339896472e-09 -1.314864732256999033e-09 -3.582749525922065790e-10 -5.766164855389618987e-12 2.767147502832756866e-10 3.298554318245604267e-09 2.932308274250997931e-09 0.000000000000000000e+00
0.000000000000000000e+00 0.000000000000000000e+00 0.000000000000000000e+00 0.000000000000000000e+00 0.000000000000000000e+00 0.000000000000000000e+00 1.174418360881854251e-08 -3.848222835746959900e-09 3.039390685116699465e-08 -5.635947515196100903e-09 -2.706737973955799742e-09 7.125277672763662941e-10 1.112004838849927304e-09 -3.982676694546382331e-12 -2.503146401949642564e-11 -2.263218467448062637e-11 9.883236056560631930e-10 3.109280400502820309e-09 2.934168770275961217e-09 0.000000000000000000e+00
0.000000000000000000e+00 0.000000000000000000e+00 0.000000000000000000e+00 0.000000000000000000e+00 0.000000000000000000e+00 0.000000000000000000e+00 2.783072808383136829e-09 3.156406363439322791e-08 -4.698837018655835393e-08 -3.008248511931130408e-08 -2.124020397177420773e-08 -1.067040139882310843e-08 -6.734881696860087675e-09 -3.003181767831344802e-09 -9.411514663773177723e-10 -3.574112041497757908e-10 -8.428346691576157188e-09 3.319378604427436807e-09 2.918417619277432594e-09 0.000000000000000000e+00
0.000000000000000000e+00 0.000000000000000000e+00 0.000000000000000000e+00 0.000000000000000000e+00 0.000000000000000000e+00 0.000000000000000000e+00 1.060964658277332373e-08 2.163054917855647470e-09 2.103845283063406647e-08 -3.659533134083331766e-09 -1.980822328937258231e-09 -1.638427676340494501e-10 2.600143084445131039e-10 -2.221542782384974746e-10 -6.092723737360542084e-11 1.278597290782988685e-11 -2.885332321181650195e-12 -1.832470200153948365e-08 7.046254802294537850e-06 0.000000000000000000e+00
0.000000000000000000e+00 0.000000000000000000e+00 0.000000000000000000e+00 0.000000000000000000e+00 0.000000000000000000e+00 0.000000000000000000e+00 1.290642949098742501e-08 2.104558549913651414e-09 2.645227357296939071e-08 -3.976618766152034751e-09 -1.763804641687619304e-09 -9.654197568857389517e-10 5.522998591270013801e-10 -3.230267530232924766e-10 -1.004203182776704761e-11 1.654490068750667470e-11 3.132951417950022911e-11 1.020021940862200972e-07 2.648818682281696701e-01 0.000000000000000000e+00
0.000000000000000000e+00 0.000000000000000000e+00 0.000000000000000000e+00 0.000000000000000000e+00 0.000000000000000000e+00 0.000000000000000000e+00 6.147746367783072159e-10 -2.819814395270222370e-09 -1.516189690575737949e-09 -7.814357479204679730e-10 -4.868062856453248431e-10 -3.722030890154532179e-10 3.011529505203364120e-10 -2.039220571500452610e-10 8.647381185553169413e-11 -1.879003245483438102e-11 -1.806423038204391688e-10 -2.349588604497521030e-08 2.600876893169703990e-07 0.000000000000000000e+00
0.000000000000000000e+00 0.000000000000000000e+00 0.000000000000000000e+00 0.000000000000000000e+00 0.000000000000000000e+00 0.000000000000000000e+00 6.993346904300891570e-09 -2.346626442381231769e-09 1.187872828155673383e-09 -1.191226597011512647e-09 6.776196019870272729e-10 -1.081791371137207851e-10 1.382063237120520482e-10 -6.066665163959589151e-10 3.720603946102370006e-11 -3.214069213781909226e-11 -1.830484619131287111e-05 -2.210458839445822364e-08 2.723609253261923933e-07 0.000000000000000000e+00
0.000000000000000000e+00 0.000000000000000000e+00 0.000000000000000000e+00 0.000000000000000000e+00 0.000000000000000000e+00 0.000000000000000000e+00 -8.954525223334821962e-09 -7.008432461067796039e-09 -1.166109053222100020e-09 -1.241530408324657462e-09 -9.304388258948578236e-10 -1.718634868095963272e-09 -6.775696137106861000e-10 -3.103724971248804107e-10 1.702766872950266181e-10 5.927517145996856418e-11 4.096471200557173266e-03 -2.173127043468448843e-08 2.745578596154530350e-07 0.000000000000000000e+00
0.000000000000000000e+00 0.000000000000000000e+00 0.000000000000000000e+00 0.000000000000000000e+00 0.000000000000000000e+00 0.000000000000000000e+00 5.844064918146435255e-09 -1.423151908609100164e-09 1.599903970075101104e-09 -1.157443565548943882e-09 2.986573916004438721e-10 -6.103146689660360779e-10 3.152373521158983030e-10 -6.046982878273558614e-10 5.418252809765741428e-11 -1.435894318169447531e-11 -2.279787659918114767e-10 -1.658294623376833202e-07 -9.537739645006483613e+01 0.000000000000000000e+00
0.000000000000000000e+00 0.000000000000000000e+00 0.000000000000000000e+00 0.000000000000000000e+00 0.000000000000000000e+00 0.000000000000000000e+00 5.252668758263351753e-09 -2.361239367889266575e-09 7.047106259356114096e-10 -1.003309233820992824e-10 3.449677212232409205e-10 -2.528425082564378318e-10 4.804654368325193120e-10 -3.559862079871409201e-10 -1.328005908939075545e-10 -1.097762533838006209e-11 -4.535918674114401337e-11 -6.506435847533105629e-05 -1.628609998289651794e+11 0.000000000000000000e+00
0.000000000000000000e+00 0.000000000000000000e+00 0.000000000000000000e+00 0.000000000000000000e+00 0.000000000000000000e+00 0.000000000000000000e+00 4.392638693512572011e-10 1.418786883873838572e-09 6.607717645102757713e-10 5.478372221908229716e-10 5.407037362249001101e-10 6.211855741520125258e-10 4.529334244009996019e-10 3.151267011752244645e-10 1.526244988784740151e-10 3.595512345609918267e-11 2.496398042675311417e-10 3.608510040997356887e-08 -1.261092885151082310e-08 0.000000000000000000e+00
0.000000000000000000e+00 0.000000000000000000e+00 0.000000000000000000e+00 0.000000000000000000e+00 0.000000000000000000e+00 0.000000000000000000e+00 3.820909672571569767e-10 1.937194641031753026e-10 1.511098016011677439e-10 1.526823162262308236e-10 3.151889756583952444e-10 1.666344665946987648e-10 1.156887276953843474e-10 8.326239343971578196e-11 6.451831102227725479e-11 6.831013976811319981e-11 3.707545290861226298e-07 3.531818889925191242e-08 -1.265688567850990434e-08 0.000000000000000000e+00
0.000000000000000000e+00 0.000000000000000000e+00 0.000000000000000000e+00 0.000000000000000000e+00 0.000000000000000000e+00 0.000000000000000000e+00 2.745048792507700943e-09 3.927558336620381222e-09 2.782358007659214030e-09 2.323200925881429067e-09 2.899892417281055288e-09 3.498019238867613946e-09 2.157938575398852900e-09 1.495691275467333084e-09 7.060378156174264900e-10 2.351338469342685556e-10 3.644225582372541129e-05 3.651459567756082492e-08 -1.265753118441717726e-08 0.000000000000000000e+00
0.000000000000000000e+00 0.000000000000000000e+00 0.000000000000000000e+00 0.000000000000000000e+00 0.000000000000000000e+00 0.000000000000000000e+00 1.166197313506937286e-10 3.453525045039638720e-10 6.386911018750221050e-11 8.398491520341916157e-11 1.313158213880084565e-10 1.275952079323812456e-10 1.065614650142814323e-10 9.563386226116019348e-11 6.587529348605348618e-11 2.864454572743666761e-11 7.855817309428268922e-11 2.297338354043097051e-07 2.464531389760988400e+00 0.000000000000000000e+00
0.000000000000000000e+00 0.000000000000000000e+00 0.000000000000000000e+00 0.000000000000000000e+00 0.000000000000000000e+00 0.000000000000000000e+00 1.374807719469271415e-10 7.873779723223636503e-11 7.538248760746479173e-11 7.518833273466884363e-11 1.670229208414704042e-10 1.038958340808821955e-10 1.098577623922216685e-10 8.560380312483518851e-11 5.331096271494613061e-11 2.515172398453443519e-11 2.358712358372547330e-11 1.325288620293942933e-06 3.012631992782402039e+07 0.000000000000000000e+00
0.000000000000000000e+00 0.000000000000000000e+00 0.000000000000000000e+00 0.000000000000000000e+00 0.000000000000000000e+00 0.000000000000000000e+00 4.777056290460655498e-09 -4.043348611865400965e-09 -3.815799476087033027e-09 -2.969759182215359208e-09 -1.934737074382016858e-09 -1.227100193591495022e-09 -5.925873447739287255e-10 -3.806453124426690719e-10 -1.620763424497727041e-10 -2.421290566479415594e-11 8.001009386079820092e-11 4.949256276938046725e-10 5.664434223220992535e-11 0.000000000000000000e+00
0.000000000000000000e+00 0.000000000000000000e+00 0.000000000000000000e+00 0.000000000000000000e+00 0.000000000000000000e+00 0.000000000000000000e+00 1.625162981710621541e-09 -2.101143754228573762e-09 -2.397758779545304343e-10 -5.162894397751559417e-10 -3.928725065292798338e-10 2.304736641531124775e-11 1.360517921745981415e-10 -2.573769528156968307e-11 -4.032544694040807324e-11 -3.284239626027908120e-11 1.784360580344747608e-11 4.679002870420878014e-10 5.627342623412963069e-11 0.000000000000000000e+00
0.000000000000000000e+00 0.000000000000000000e+00 0.000000000000000000e+00 0.000000000000000000e+00 0.000000000000000000e+00 0.000000000000000000e+00 7.607441888397777921e-09 -5.901694490638403998e-09 -7.135881714196603581e-09 -5.518102074444497803e-09 -3.796665385916872942e-09 -2.912248780253923037e-09 -1.427652510569164720e-09 -8.394635984958829234e-10 -3.810907164787440651e-10 -1.308838825595100294e-10 -7.916095642408069596e-10 4.916640956363279993e-10 5.624045286400781169e-11 0.000000000000000000e+00
0.000000000000000000e+00 0.000000000000000000e+00 0.000000000000000000e+00 0.000000000000000000e+00 0.000000000000000000e+00 0.000000000000000000e+00 1.354037084823142531e-09 -2.351773045348597749e-09 -9.407972852896539395e-10 -9.112119307281232679e-10 -6.299411664899570283e-10 -2.537031958029015978e-10 -6.995240427909056396e-11 -1.290364130359732496e-10 -5.993052293791302996e-11 -1.626270879152772576e-11 2.261687409435199814e-11 9.534165741783292591e-11 -1.150403321924120603e-07 0.000000000000000000e+00
0.000000000000000000e+00 0.000000000000000000e+00 0.000000000000000000e+00 0.000000000000000000e+00 0.000000000000000000e+00 0.000000000000000000e+00 2.115447779770871183e-09 -1.275685191734635633e-09 -1.395480287243897709e-10 -4.293889109248904507e-10 -5.035373594801355205e-10 -4.239764010339653439e-11 4.824777436139735108e-11 -2.891594873064524461e-11 -2.007502090255693638e-11 -5.782989804340354468e-12 2.799826321494834771e-12 1.394459748061306072e-09 3.441085380116851167e-03 0.000000000000000000e+00
0.000000000000000000e+00 0.000000000000000000e+00 0.000000000000000000e+00 0.000000000000000000e+00 0.000000000000000000e+00 0.000000000000000000e+00 1.870207796612843890e-09 4.760605190905002220e-09 -2.116757311646200850e-08 -1.688557010811478085e-08 -8.038374724109162547e-09 -2.981669262250638624e-09 -7.746924517581482952e-10 -7.920635544607346633e-10 -6.162226462802087071e-11 7.344545932264778668e-12 2.420645596818690097e-11 3.823527901216685986e-10 1.063400146188787754e-10 0.000000000000000000e+00
0.000000000000000000e+00 0.000000000000000000e+00 0.000000000000000000e+00 0.000000000000000000e+00 0.000000000000000000e+00 0.000000000000000000e+00 6.163110835490648309e-09 6.195987962334861865e-09 3.132812067738204874e-09 -2.859159140577332956e-09 -3.755999358015911553e-10 9.490940624035074736e-12 1.588603609280788975e-10 -1.117678859407463514e-10 -5.213062568245082160e-11 2.395603253693722790e-11 -1.441318937358800595e-10 4.251682444894429604e-10 1.277532869298686961e-10 0.000000000000000000e+00
0.000000000000000000e+00 0.000000000000000000e+00 0.000000000000000000e+00 0.000000000000000000e+00 0.000000000000000000e+00 0.000000000000000000e+00 -2.019415062272796977e-09 3.617239564850657749e-09 -4.395317137879422075e-08 -3.165289372674069099e-08 -1.691249290392773425e-08 -7.113286844830005551e-09 -1.753117183396806320e-09 -1.606669189334407575e-09 -4.262580438298817818e-11 -1.606755141220378749e-11 5.092690842795781691e-09 4.427223100493083393e-10 1.230615437992733013e-10 0.000000000000000000e+00
0.000000000000000000e+00 0.000000000000000000e+00 0.000000000000000000e+00 0.000000000000000000e+00 0.000000000000000000e+00 0.000000000000000000e+00 1.260458620476848388e-09 5.038276956705779474e-09 -2.641755202648166521e-09 -4.989946080159793129e-09 -1.599077249892017543e-09 -6.227938226414537737e-10 5.145833065537422483e-11 -2.979381468057704480e-10 -5.222434877474037092e-11 2.033611078621889143e-11 -1.787835276908811152e-11 -2.566077016679073591e-09 -3.549071850090284173e-06 0.000000000000000000e+00
0.000000000000000000e+00 0.000000000000000000e+00 0.000000000000000000e+00 0.000000000000000000e+00 0.000000000000000000e+00 0.000000000000000000e+00 5.435463955288810219e-09 4.352675847792959111e-09 2.396907130863709718e-09 -2.601899974023232327e-09 -1.293361620968258280e-09 -1.009559078932504382e-10 1.288053136996625441e-11 -2.100981565213574374e-10 -7.688318239898741353e-11 1.647659284316879010e-12 1.514097460512217628e-11 -1.081769580649202807e-08 1.480038434674005865e-01 0.000000000000000000e+00
0.000000000000000000e+00 0.000000000000000000e+00 0.000000000000000000e+00 0.000000000000000000e+00 0.000000000000000000e+00 0.000000000000000000e+00 -1.098296335533655295e-09 -3.159075849608773487e-10 -2.887242097137693998e-10 -2.106969175724247560e-10 -2.376796271722803940e-10 -1.713133918629053286e-10 -4.250528617219104660e-10 -2.730582531501443752e-10 -1.326602094212273499e-10 1.628387220725935868e-13 -2.654626432237562727e-10 -1.713621056916741476e-08 -1.548685065518048710e-07 0.000000000000000000e+00
0.000000000000000000e+00 0.000000000000000000e+00 0.000000000000000000e+00 0.000000000000000000e+00 0.000000000000000000e+00 0.000000000000000000e+00 -1.327921626248158057e-09 7.436033887634079994e-11 -1.639774192974227688e-10 -4.769301280831613242e-10 -6.269202305409867014e-10 -2.156974834728284743e-10 -4.804402416177789365e-10 -3.417575592852876760e-10 -1.334523416392793658e-10 2.105619649648495201e-11 1.236849730242821326e-05 -1.515932018539505404e-08 -1.524845025797470407e-07 0.000000000000000000e+00
0.000000000000000000e+00 0.000000000000000000e+00 0.000000000000000000e+00 0.000000000000000000e+00 0.000000000000000000e+00 0.000000000000000000e+00 2.196343869474395335e-09 -2.376822519605150427e-09 3.406062370990364667e-10 -8.940959719196764923e-10 -9.082338910212534539e-10 1.567734536891175782e-11 -7.923989788861648876e-10 -3.969143468023472974e-10 -2.857179556590987645e-10 9.319553782143699756e-12 1.402796660639249026e-03 -1.384929422114442551e-08 -1.528368639592711523e-07 0.000000000000000000e+00
0.000000000000000000e+00 0.000000000000000000e+00 0.000000000000000000e+00 0.000000000000000000e+00 0.000000000000000000e+00 0.000000000000000000e+00 -3.369663191386646564e-10 3.203013866644752010e-10 -5.933039693012149954e-10 -2.824316388074275941e-10 -3.012169043387973503e-10 -1.833188409231809415e-10 -3.418431638392728841e-10 -3.200272280166652673e-10 -1.446734007375200513e-10 -1.799225793765412937e-11 -6.615823270022451335e-11 -1.256408462226152653e-06 2.096129868500394566e-01 0.000000000000000000e+00
0.000000000000000000e+00 0.000000000000000000e+00 0.000000000000000000e+00 0.000000000000000000e+00 0.000000000000000000e+00 0.000000000000000000e+00 -6.502822332734644553e-10 -1.945553147980272208e-10 -3.858385847074737669e-10 1.256325488245852889e-10 -3.318927220859850480e-10 -2.432986261733120688e-10 -5.131246765240812336e-10 -4.333310367811151260e-10 -2.574497143565094187e-10 -3.600683937595497570e-11 -1.005939884336618956e-10 -7.153789665301252970e-05 -8.962391053425711060e+10 0.000000000000000000e+00
0.000000000000000000e+00 0.000000000000000000e+00 0.000000000000000000e+00 0.000000000000000000e+00 0.000000000000000000e+00 0.000000000000000000e+00 5.566586739200933743e-11 2.335328066717675842e-11 4.303207864232001754e-11 2.345732065119344232e-11 1.748174755263131939e-11 1.405198803790738349e-11 8.340600552209193972e-12 4.966329214233851599e-12 2.222603204204223082e-12 4.349895248453690008e-13 2.098899867928663368e-12 6.824741227050089938e-10 -2.472653589159150025e-09 0.000000000000000000e+00
0.000000000000000000e+00 0.000000000000000000e+00 0.000000000000000000e+00 0.000000000000000000e+00 0.000000000000000000e+00 0.000000000000000000e+00 4.209553090598285901e-11 1.096480126791174092e-11 1.925640132686778935e-11 6.958842406555831289e-12 1.793949821218519702e-11 1.371768674705761802e-11 5.203037103602298012e-12 3.461500787682124525e-12 1.638512974967711434e-12 4.295968358637675802e-13 2.335880406413172778e-09 6.849021773183315063e-10 -2.459958163241688483e-09 0.000000000000000000e+00
0.000000000000000000e+00 0.000000000000000000e+00 0.000000000000000000e+00 0.000000000000000000e+00 0.000000000000000000e+00 0.000000000000000000e+00 3.122873940387253874e-10 8.191093220486580582e-11 1.115142517316951893e-10 8.341590106563039700e-11 6.720558480655676711e-11 4.405873294201449662e-11 2.220307636867358804e-11 1.542529982903275632e-11 5.598763988552672698e-12 1.748887984489736555e-12 1.375721522772653874e-06 6.945181805761176020e-10 -2.462938339915672064e-09 0.000000000000000000e+00
0.000000000000000000e+00 0.000000000000000000e+00 0.000000000000000000e+00 0.000000000000000000e+00 0.000000000000000000e+00 0.000000000000000000e+00 8.538832764815695212e-12 5.290798316287988260e-12 1.013842113156369974e-11 4.483830359654158710e-12 7.316806908161576664e-12 7.569310520808489726e-12 4.503494364262564691e-12 3.213967403885283897e-12 1.872317395810747783e-12 3.862408742514939151e-13 8.026579031433244296e-13 1.861076861228222527e-08 7.351003949819799876e-01 0.000000000000000000e+00
0.000000000000000000e+00 0.000000000000000000e+00 0.000000000000000000e+00 0.000000000000000000e+00 0.000000000000000000e+00 0.000000000000000000e+00 1.820853740811472904e-11 1.289910439686853205e-11 1.295850934980698935e-11 4.997846112156423517e-12 5.773710552265148034e-12 1.007001826646933698e-11 6.699784667005486208e-12 3.833565175450488936e-12 2.021786228631183396e-12 4.433461913820284328e-13 5.717157986947311171e-13 4.285933249929406615e-07 -4.632619575714349747e+06 0.000000000000000000e+00
0.000000000000000000e+00 0.000000000000000000e+00 0.000000000000000000e+00 0.000000000000000000e+00 0.000000000000000000e+00 0.000000000000000000e+00 3.220295005574758709e-09 -6.458706149337019015e-10 -8.490635812239309547e-10 -1.422457128049577136e-10 -3.452794142238585514e-10 -4.667636128457767993e-11 -8.992874083106617995e-11 -2.670664441435472342e-11 -7.997689529072009572e-12 -2.255349758155173997e-12 6.198584270993559258e-12 4.263727356393230541e-11 1.220178391570582810e-11 0.000000000000000000e+00
0.000000000000000000e+00 0.000000000000000000e+00 0.000000000000000000e+00 0.000000000000000000e+00 0.000000000000000000e+00 0.000000000000000000e+00 -3.917320266837305985e-09 -7.962282348884741803e-10 -2.574637948312756362e-10 3.086608881729226684e-10 -1.400733862226099067e-10 4.401463223447247767e-11 9.153950706472180783e-12 4.520402484484748373e-12 3.104766726115860623e-13 -2.716604214045227471e-12 3.409927903793345469e-12 4.044204606877467494e-11 1.190926654297318373e-11 0.000000000000000000e+00
0.000000000000000000e+00 0.000000000000000000e+00 0.000000000000000000e+00 0.000000000000000000e+00 0.000000000000000000e+00 0.000000000000000000e+00 9.633506418128222556e-09 -5.256446365519465722e-10 -1.447351138251763580e-09 -6.118313504194989213e-10 -5.901180546323306725e-10 -1.546414501457139060e-10 -2.144045538669012203e-10 -6.878396643185990428e-11 -2.472630714081356865e-11 -9.858285415380222465e-12 -1.033902491093576967e-10 4.163710813502269041e-11 1.195845017468014071e-11 0.000000000000000000e+00
0.000000000000000000e+00 0.000000000000000000e+00 0.000000000000000000e+00 0.000000000000000000e+00 0.000000000000000000e+00 0.000000000000000000e+00 -1.891342604555587009e-09 -6.104873368700009516e-10 -1.782822078498984994e-10 2.298626034727071777e-10 -1.324949202973387269e-10 1.426821193534126717e-11 -7.870798963931191847e-12 -7.544660773924332723e-12 -4.605596010165540614e-13 -1.728909899147809790e-12 1.863905835625698702e-12 1.291940271249476737e-10 -2.898626479484054099e-08 0.000000000000000000e+00
0.000000000000000000e+00 0.000000000000000000e+00 0.000000000000000000e+00 0.000000000000000000e+00 0.000000000000000000e+00 0.000000000000000000e+00 -3.022425401179799081e-09 -5.211118207537501494e-10 -1.399249821420460269e-10 2.601756379487477882e-10 -1.679283624023856084e-10 6.312087784082440242e-12 -4.574386405013032582e-12 4.695832170985838131e-12 1.411091561850769738e-12 -8.143250648451165123e-13 1.792934485075102546e-12 2.206908728043914783e-10 2.773680623472586540e-04 0.000000000000000000e+00
0.000000000000000000e+00 0.000000000000000000e+00 0.000000000000000000e+00 0.000000000000000000e+00 0.000000000000000000e+00 0.000000000000000000e+00 8.415420477790562480e-09 8.167694449745454523e-10 -5.089690605917855464e-09 -2.762843495043204370e-09 -1.731426007046422682e-09 -5.318878517955710346e-10 -2.607649985253376921e-10 -6.444144944622558205e-11 -4.781730271558087718e-11 -4.264921911716083861e-12 5.846226911029894524e-12 -7.320869524818855174e-11 -3.033181203707680897e-10 0.000000000000000000e+00
0.000000000000000000e+00 0.000000000000000000e+00 0.000000000000000000e+00 0.000000000000000000e+00 0.000000000000000000e+00 0.000000000000000000e+00 -7.715031235146134900e-09 3.191563325601004115e-09 -1.906112443422957602e-09 -1.640680960890882723e-09 -9.711821721992067927e-10 -3.448189403423140012e-10 -3.989671257709736069e-11 -5.885237952483034903e-11 -2.418502705115334131e-11 -5.920048565616908617e-12 1.579267196137789137e-10 -9.437696227474618467e-11 -3.041808686461906384e-10 0.000000000000000000e+00
0.000000000000000000e+00 0.000000000000000000e+00 0.000000000000000000e+00 0.000000000000000000e+00 0.000000000000000000e+00 0.000000000000000000e+00 2.293409594573926751e-08 -1.292764148106782587e-09 -8.310325260039696153e-09 -4.341281498983475458e-09 -2.723441675547565000e-09 -9.151140835824990028e-10 -5.785331791937913806e-10 -1.002843974217508439e-10 -7.288916064159646370e-11 -1.381648644393822478e-11 2.360926717271030349e-10 -7.793322725419137864e-11 -3.051167177270279754e-10 0.000000000000000000e+00
0.000000000000000000e+00 0.000000000000000000e+00 0.000000000000000000e+00 0.000000000000000000e+00 0.000000000000000000e+00 0.000000000000000000e+00 -3.937249620438900160e-09 1.573399257638069282e-09 -1.148597564939567790e-09 -1.249088358612873544e-09 -7.128421660453990459e-10 -2.241869886424807426e-10 -1.017158569131582283e-10 -6.557586116088621859e-11 -3.096756822211867635e-11 -3.089301876020969123e-12 -3.409034044623825215e-12 -1.948705273633502982e-10 3.777786975874140801e-09 0.000000000000000000e+00
0.000000000000000000e+00 0.000000000000000000e+00 0.000000000000000000e+00 0.000000000000000000e+00 0.000000000000000000e+00 0.000000000000000000e+00 -6.584867007853825666e-09 2.526449286567684398e-09 -1.184967662141030263e-09 -7.208265119220142745e-10 -8.733352820020874510e-10 -2.824618119253127885e-10 -4.644293704002315241e-11 -4.218558994988738767e-11 -4.088058041850907508e-11 -5.477439473617268483e-12 -4.354996770737283524e-12 -1.394297995972605473e-09 -1.864155620904413627e-02 0.000000000000000000e+00
0.000000000000000000e+00 0.000000000000000000e+00 0.000000000000000000e+00 0.000000000000000000e+00 0.000000000000000000e+00 0.000000000000000000e+00 -1.538079475748202354e-10 -2.240820358247223693e-11 -3.879540138580656223e-11 -7.445503401623690590e-11 -1.077901261627495224e-10 -8.001795160610308604e-11 -2.258183910683168117e-11 1.755893109105087393e-11 -1.901108770021509787e-11 -6.048294761760718023e-12 -2.456629991693501609e-11 2.531417935707227879e-10 -1.093945456430089667e-07 0.000000000000000000e+00
0.000000000000000000e+00 0.000000000000000000e+00 0.000000000000000000e+00 0.000000000000000000e+00 0.000000000000000000e+00 0.000000000000000000e+00 -4.354474300959463940e-10 -1.070970921290601972e-09 1.111368714505459703e-10 -6.810638590398443690e-10 2.010284233054655770e-10 2.106410253827041184e-11 -8.971663195898410303e-11 1.767477530133134644e-11 -6.079671807766477443e-12 2.709799733458304928e-12 1.263523518288430970e-05 2.611365154209707999e-10 -1.066158667655958614e-07 0.000000000000000000e+00
0.000000000000000000e+00 0.000000000000000000e+00 0.000000000000000000e+00 0.000000000000000000e+00 0.000000000000000000e+00 0.000000000000000000e+00 3.830385745184486002e-10 1.210438384963919986e-09 1.069919819867424958e-10 5.543211788929779575e-11 -6.987294243266001713e-11 -1.886847041498705118e-10 -3.411797155856327860e-11 -4.029944078609896429e-11 -2.323433387576038278e-12 -1.133666736052327794e-12 -6.291354973962829744e-04 3.371729113256483062e-10 -1.064579700630789504e-07 0.000000000000000000e+00
0.000000000000000000e+00 0.000000000000000000e+00 0.000000000000000000e+00 0.000000000000000000e+00 0.000000000000000000e+00 0.000000000000000000e+00 1.917464040546437859e-10 -4.710901021334562789e-10 3.816872803931170006e-10 -2.177542390119438114e-10 7.630482222285127403e-11 -1.090780621323197453e-10 -3.595124052512303716e-11 6.173350701906543213e-11 -1.775252829199830299e-11 -3.438413122482594828e-12 3.027554618008486299e-12 1.298175629659875321e-07 -3.501188270056709229e+01 0.000000000000000000e+00
0.000000000000000000e+00 0.000000000000000000e+00 0.000000000000000000e+00 0.000000000000000000e+00 0.000000000000000000e+00 0.000000000000000000e+00 4.379942731076450286e-10 -3.606133352579900611e-10 1.882392112839382281e-10 -4.701900755529333574e-10 1.596236955365520041e-10 1.030796336074299200e-10 -7.845481326794491039e-11 4.932205964096800415e-12 -2.760654369719458841e-11 -9.949270284886446355e-12 -2.155016746948587813e-11 -2.503734807876776178e-05 -5.494610776228981018e+09 0.000000000000000000e+00
0.000000000000000000e+00 0.000000000000000000e+00 0.000000000000000000e+00 0.000000000000000000e+00 0.000000000000000000e+00 0.000000000000000000e+00 4.397804406101341198e-04 2.037231367399505266e-04 2.149857678079427839e-05 6.868001131979670291e-05 4.673576988764523198e-05 3.908882584179404094e-05 2.369133436211718404e-05 8.197183460769846841e-06 1.796164878487156307e-06 3.873019145894035980e-06 1.105567358257535218e-05 4.125080457121442848e-03 4.855827264536163868e-03 0.000000000000000000e+00
0.000000000000000000e+00 0.000000000000000000e+00 0.000000000000000000e+00 0.000000000000000000e+00 0.000000000000000000e+00 0.000000000000000000e+00 9.000298340602315504e-05 1.081827281739636336e-04 4.443090328084170525e-05 4.309753252349400127e-05 3.336502431898646410e-05 2.916350413662731952e-05 1.468820393433444197e-05 5.385720879596087565e-06 1.747814097988763811e-06 8.983405746682763320e-06 8.161482150552294701e-02 4.146315305880288356e-03 4.955049803321145280e-03 0.000000000000000000e+00
0.000000000000000000e+00 0.000000000000000000e+00 0.000000000000000000e+00 0.000000000000000000e+00 0.000000000000000000e+00 0.000000000000000000e+00 1.118680304092835916e-03 5.595092005030283776e-04 1.005218568406149077e-04 2.511951840835913163e-04 1.816893320912806779e-04 1.886100181313476315e-04 9.496393183470654305e-05 3.412043779094605148e-05 5.930040518222590723e-06 1.003709960782153721e-05 1.382234590912925221e+01 3.893164730029567352e-03 4.948135588563825488e-03 0.000000000000000000e+00
0.000000000000000000e+00 0.000000000000000000e+00 0.000000000000000000e+00 0.000000000000000000e+00 0.000000000000000000e+00 0.000000000000000000e+00 3.043714638877892352e-05 4.333866465952777142e-05 2.023398803421181684e-05 1.660251895977313581e-05 1.380784659077111252e-05 1.382419962365654173e-05 1.011362429350127491e-05 4.567941193955808660e-06 1.701204517470404711e-06 3.925999306136416351e-06 1.224967008772421086e-05 1.413584407157496559e-01 1.960069473047900829e+03 0.000000000000000000e+00
0.000000000000000000e+00 0.000000000000000000e+00 0.000000000000000000e+00 0.000000000000000000e+00 0.000000000000000000e+00 0.000000000000000000e+00 4.229898566127510677e-05 5.678589613832572201e-05 2.011675969427099373e-05 2.177084134030603092e-05 1.773530827952308637e-05 2.036670647511675084e-05 1.426739258157019384e-05 5.737935893758454707e-06 1.843589367784045340e-06 3.815126730880329270e-06 1.575576801625348648e-05 1.111766363148917858e+00 5.496578719480273438e+10 0.000000000000000000e+00
0.000000000000000000e+00 0.000000000000000000e+00 0.000000000000000000e+00 0.000000000000000000e+00 0.000000000000000000e+00 0.000000000000000000e+00 -1.212926196831872003e-05 -7.091468094614278544e-07 -6.493456212751673862e-08 1.680466846663439991e-07 5.679331335573973103e-08 8.436676415281398285e-09 -4.233251948612381690e-08 4.653929590836928843e-09 1.759997018663075211e-09 -1.821257179744260494e-10 1.493489176890733591e-09 3.129996898074745387e-09 2.600713444426035657e-09 0.000000000000000000e+00
0.000000000000000000e+00 0.000000000000000000e+00 0.000000000000000000e+00 0.000000000000000000e+00 0.000000000000000000e+00 0.000000000000000000e+00 -3.946477250785755714e-06 -1.530996820100087891e-06 1.056513539555092933e-06 -1.183028155699634554e-07 -1.234632081987806187e-07 -5.842090013282521379e-09 -1.975687016381239120e-08 3.511852780168493385e-09 3.152295409942684849e-10 -3.558539246620706394e-10 -6.099044725708265127e-08 3.506048313055762786e-09 2.517811698855218985e-09 0.000000000000000000e+00
0.000000000000000000e+00 0.000000000000000000e+00 0.000000000000000000e+00 0.000000000000000000e+00 0.000000000000000000e+00 0.000000000000000000e+00 -1.954513525224922996e-05 2.006259435344437804e-08 -1.082669785997193473e-06 4.504638652759085049e-07 2.453467197376792663e-07 1.390378059495898549e-08 -6.866073832136490673e-08 6.250733795027256049e-09 4.109593559701425239e-09 -3.303019374614756493e-10 8.397245573706553357e-08 3.119388593613871078e-09 2.495580246760733276e-09 0.000000000000000000e+00
0.000000000000000000e+00 0.000000000000000000e+00 0.000000000000000000e+00 0.000000000000000000e+00 0.000000000000000000e+00 0.000000000000000000e+00 -2.008197605391417515e-06 -9.670001697915917765e-07 6.726446235268457131e-07 -7.163143532931910855e-08 -6.803192432800542123e-08 -1.423568581485957012e-08 -2.357290099795842917e-08 3.928734588143749540e-09 6.409462604112591369e-10 -1.573532351667362352e-10 1.084061100570365451e-09 3.530405832410729890e-08 -2.844475550817945063e-06 0.000000000000000000e+00
0.000000000000000000e+00 0.000000000000000000e+00 0.000000000000000000e+00 0.000000000000000000e+00 0.000000000000000000e+00 0.000000000000000000e+00 -2.749320231490000826e-06 -1.108374044923089435e-06 7.056212433963537655e-07 -2.334961949631742842e-08 -7.736174435736390118e-08 7.609534745188549852e-09 -2.039609323043413473e-08 2.825688427067742569e-09 -4.749933510892194245e-11 -1.033983327415336143e-10 1.671113721149372485e-09 2.106374016791014930e-08 1.512202436752495445e-02 0.000000000000000000e+00
0.000000000000000000e+00 0.000000000000000000e+00 0.000000000000000000e+00 0.000000000000000000e+00 0.000000000000000000e+00 0.000000000000000000e+00 -2.614681878719457000e-05 7.728507224079072795e-06 -1.008310111696360701e-06 5.256787437675943585e-07 -2.498619505222503082e-07 4.215636417223886578e-07 -1.973368373276327739e-08 -9.441502584279604222e-09 -3.223373197927496072e-09 -5.123689852171815295e-09 1.336721931935760652e-08 2.672440078998282325e-08 -8.672781303258816731e-08 0.000000000000000000e+00
0.000000000000000000e+00 0.000000000000000000e+00 0.000000000000000000e+00 0.000000000000000000e+00 0.000000000000000000e+00 0.000000000000000000e+00 -6.806463237310177873e-06 2.256193718039197266e-06 4.886648178915584172e-06 4.415846309761701356e-07 -1.110847221899679329e-06 -2.112957602287093426e-07 -1.618995761102251760e-07 -1.001483597962999343e-09 -1.344207925267630000e-08 2.010754853940419816e-09 -6.654906863510084540e-07 2.509878358110026878e-08 -8.774414422004656106e-08 0.000000000000000000e+00
0.000000000000000000e+00 0.000000000000000000e+00 0.000000000000000000e+00 0.000000000000000000e+00 0.000000000000000000e+00 0.000000000000000000e+00 -4.364751136562864471e-05 1.278510174343525113e-05 -6.358080895942687529e-06 6.363312122477612501e-07 5.863357004952876007e-07 1.170040985044317756e-06 1.574259385118983362e-07 -2.156795852713935912e-08 7.461177362454002412e-09 1.840854993076096520e-09 9.028486482240752941e-07 2.852617546924941994e-08 -8.884730993073586695e-08 0.000000000000000000e+00
0.000000000000000000e+00 0.000000000000000000e+00 0.000000000000000000e+00 0.000000000000000000e+00 0.000000000000000000e+00 0.000000000000000000e+00 -3.209583343294179176e-06 1.410224158364733690e-06 2.989551975940423091e-06 2.359680887237060758e-07 -7.272096243000658395e-07 -1.382269460462574753e-07 -1.355181564459777423e-07 -5.626025347131147411e-09 -1.029355850691764788e-08 -3.839345136513553498e-09 1.155327475325049557e-08 4.405361834238764861e-07 6.022076463664644913e-05 0.000000000000000000e+00
0.000000000000000000e+00 0.000000000000000000e+00 0.000000000000000000e+00 0.000000000000000000e+00 0.000000000000000000e+00 0.000000000000000000e+00 -4.892496077485733815e-06 1.692898261942308130e-06 3.076738672125607582e-06 4.315213600769603537e-07 -8.119748209017116227e-07 -3.265595013519729974e-08 -1.341768178115643382e-07 -3.359454014741232482e-09 -1.105954563023928650e-08 -3.632690100647645843e-09 1.143855353427504825e-08 -8.642960856069622269e-07 3.439361465574332311e+00 0.000000000000000000e+00
0.000000000000000000e+00 0.000000000000000000e+00 0.000000000000000000e+00 0.000000000000000000e+00 0.000000000000000000e+00 0.000000000000000000e+00 -6.471335992054758242e-08 -4.713232063345250191e-08 -3.999854774545532443e-08 1.869656624812380644e-09 5.234647741122813077e-09 -6.512424200495713863e-09 1.109477156372911224e-08 1.641218222359985761e-09 -2.122582532778647717e-10 3.733322248648126608e-10 1.001664240888613972e-08 -3.415293261326112928e-06 -2.193644165166711653e-04 0.000000000000000000e+00
0.000000000000000000e+00 0.000000000000000000e+00 0.000000000000000000e+00 0.000000000000000000e+00 0.000000000000000000e+00 0.000000000000000000e+00 -6.402670359478270024e-08 -3.551484582359617189e-08 -5.630621418310172433e-09 -4.842233619721841632e-09 3.117242938207590672e-08 -9.453517832695337725e-09 7.501549207169923965e-09 -9.453673339581700635e-09 7.330478407104304806e-09 4.509830800165826732e-09 -3.850445451808843025e-03 -3.398358118361023495e-06 -2.194757760109054996e-04 0.000000000000000000e+00
0.000000000000000000e+00 0.000000000000000000e+00 0.000000000000000000e+00 0.000000000000000000e+00 0.000000000000000000e+00 0.000000000000000000e+00 -9.601910374500904386e-08 -1.228708497709632447e-07 -8.199786708275726108e-08 2.017019346682095689e-08 3.689254007335250778e-08 3.212840288562450683e-08 3.978613765348586293e-08 1.411120271169070724e-08 1.843200861551830068e-08 -1.747547628618497967e-09 2.212232625275138698e-01 -3.636151958399461182e-06 -2.194976203911532203e-04 0.000000000000000000e+00
0.000000000000000000e+00 0.000000000000000000e+00 0.000000000000000000e+00 0.000000000000000000e+00 0.000000000000000000e+00 0.000000000000000000e+00 -4.771659718153906286e-08 -1.764408850068519584e-08 1.177150110251487978e-08 2.705425744249922755e-08 -5.073817144327059373e-10 -3.275436317688678448e-09 2.140730420223025387e-09 -4.254469422714037485e-09 -5.549830051047640447e-09 5.599259274034917558e-10 6.765907068426700648e-09 -3.817036533284387675e-04 1.101887155204786666e+02 0.000000000000000000e+00
0.000000000000000000e+00 0.000000000000000000e+00 0.000000000000000000e+00 0.000000000000000000e+00 0.000000000000000000e+00 0.000000000000000000e+00 -5.192528229112714367e-08 -3.610369424671425700e-09 -2.442413768020563420e-08 1.712907248723463678e-08 9.433351444981775997e-10 -1.131241193472630564e-08 9.739848281161337815e-10 -8.932173737603203119e-09 -1.960885985385121273e-09 -1.433370352910777533e-09 4.330842547819787956e-09 -8.436481642596563649e-03 -4.781969192158454132e+10 0.000000000000000000e+00
0.000000000000000000e+00 0.000000000000000000e+00 0.000000000000000000e+00 0.000000000000000000e+00 0.000000000000000000e+00 0.000000000000000000e+00 2.326669516363790387e-07 1.203316177142857672e-07 3.847485769121106179e-08 1.956425102775139302e-08 7.419693601204976701e-09 2.549394787554750773e-09 1.426111275836826721e-09 1.016311269675327732e-09 5.697398193011783422e-10 4.432960009304850034e-10 1.316931883346900992e-09 6.266561248544379704e-07 1.211586046839661182e-06 0.000000000000000000e+00
0.000000000000000000e+00 0.000000000000000000e+00 0.000000000000000000e+00 0.000000000000000000e+00 0.000000000000000000e+00 0.000000000000000000e+00 3.333996593281037722e-08 2.801296590768414872e-08 1.245015754273430233e-08 6.501461105667939520e-09 4.156567657437283380e-09 3.205669788107337812e-09 1.537063497854522148e-09 1.255644573265303644e-09 6.303013676631431019e-10 9.310045181712629643e-10 7.977209775264355627e-06 6.611384280256578635e-07 1.241208517165882882e-06 0.000000000000000000e+00
0.000000000000000000e+00 0.000000000000000000e+00 0.000000000000000000e+00 0.000000000000000000e+00 0.000000000000000000e+00 0.000000000000000000e+00 5.805602471996496903e-07 4.228120715469203933e-07 1.221691748566560186e-07 7.313934091491641081e-08 3.387014206096445901e-08 1.258305565947753398e-08 3.467938707208820639e-09 2.405767127166159759e-09 9.742711859849243612e-10 1.196496819791558606e-09 1.447769422052113536e-03 6.401678441253132921e-07 1.239966423249360835e-06 0.000000000000000000e+00
0.000000000000000000e+00 0.000000000000000000e+00 0.000000000000000000e+00 0.000000000000000000e+00 0.000000000000000000e+00 0.000000000000000000e+00 2.837646662500171132e-08 1.359364612899516914e-08 7.550179216368735342e-09 3.774386475781677350e-09 2.121268054598758029e-09 1.642109292714215098e-09 1.202873313875925846e-09 1.081180599541368642e-09 6.563562590669364256e-10 4.353526786103775652e-10 1.445434391843883146e-09 3.385270063165626901e-05 -6.680742003511603855e-01 0.000000000000000000e+00
0.000000000000000000e+00 0.000000000000000000e+00 0.000000000000000000e+00 0.000000000000000000e+00 0.000000000000000000e+00 0.000000000000000000e+00 1.812538610440146195e-08 1.332936379888850577e-08 6.423865358077752276e-09 3.322428792294859023e-09 2.051908259627453883e-09 1.869080235478912174e-09 1.434917671696048445e-09 1.360278136924840027e-09 6.766303381330484296e-10 4.226791686489213478e-10 1.765351378665056900e-09 5.261371704352408793e-04 -3.655951046127974987e+06 0.000000000000000000e+00
0.000000000000000000e+00 0.000000000000000000e+00 0.000000000000000000e+00 0.000000000000000000e+00 0.000000000000000000e+00 0.000000000000000000e+00 -3.023822709592040522e-07 -2.430231740017449219e-08 -3.917077043125528755e-09 -1.559789541101914866e-09 1.474469419375458866e-09 -8.173070625201399224e-10 1.194118120818775070e-10 -1.967797280404449598e-11 -3.153057023843099254e-12 -1.436715105217856879e-12 1.697216351914589525e-12 1.521076399352911065e-12 8.507138601019513876e-11 0.000000000000000000e+00
0.000000000000000000e+00 0.000000000000000000e+00 0.000000000000000000e+00 0.000000000000000000e+00 0.000000000000000000e+00 0.000000000000000000e+00 -1.065563737761071674e-07 -2.366187419238832370e-08 -1.579138997938970605e-09 -4.043320497694928674e-09 5.743892883564173103e-10 1.635434237166470813e-11 1.379249571539317841e-10 -1.091200153488566081e-10 -7.697389378357733935e-12 -1.045552160144091629e-11 1.080580963895349367e-09 7.718284307997973965e-12 8.577885451652699870e-11 0.000000000000000000e+00
0.000000000000000000e+00 0.000000000000000000e+00 0.000000000000000000e+00 0.000000000000000000e+00 0.000000000000000000e+00 0.000000000000000000e+00 -4.800304790837637051e-07 -2.524388257309836584e-08 -6.336384313644876616e-09 7.635024045450569306e-10 2.139839840618361386e-09 -1.974737348844579779e-09 9.491261731930164606e-11 1.309763055999072617e-10 1.561966447083816380e-12 -1.099910345508869742e-11 7.462395132278520919e-10 1.545857517012930629e-12 8.587226440889124645e-11 0.000000000000000000e+00
0.000000000000000000e+00 0.000000000000000000e+00 0.000000000000000000e+00 0.000000000000000000e+00 0.000000000000000000e+00 0.000000000000000000e+00 -1.014190190913952844e-07 -1.692255682255329751e-08 -4.758298476514999829e-10 -3.212349881701294894e-09 1.440744973321327176e-09 -2.077707538469046425e-10 1.582298722622677297e-10 -9.808431771584227307e-11 -8.080877489744545665e-12 -1.208049290406969833e-12 3.685121432640482705e-12 1.298396063172659831e-10 7.076827041554196169e-09 0.000000000000000000e+00
0.000000000000000000e+00 0.000000000000000000e+00 0.000000000000000000e+00 0.000000000000000000e+00 0.000000000000000000e+00 0.000000000000000000e+00 -7.911681815790433983e-08 -1.729192386869943680e-08 6.083382881079047901e-11 -3.006381239744308811e-09 4.009479331642074601e-10 1.020038976457264516e-10 1.275163999405352320e-10 -8.403872883998084859e-11 2.788658428094461521e-12 -2.504002676915398265e-12 1.525789888315080552e-11 -3.208151884248216333e-10 1.043223102965052347e-06 0.000000000000000000e+00
0.000000000000000000e+00 0.000000000000000000e+00 0.000000000000000000e+00 0.000000000000000000e+00 0.000000000000000000e+00 0.000000000000000000e+00 -6.855782337271272523e-07 1.382354783042696734e-07 -9.773567697831461528e-09 -3.246689801818525084e-08 9.962914426379112785e-09 -8.793689737035300662e-10 5.460575444251732679e-10 -6.394497912176058236e-10 -2.543330519106020609e-10 -7.205286115665579718e-11 2.197790824698747021e-11 -2.509385444505594388e-10 3.786786128478998112e-10 0.000000000000000000e+00
0.000000000000000000e+00 0.000000000000000000e+00 0.000000000000000000e+00 0.000000000000000000e+00 0.000000000000000000e+00 0.000000000000000000e+00 -2.303423937138660091e-07 3.278796968980251819e-08 8.106170683375294016e-09 -2.318907463529739553e-08 1.085015146261426472e-09 8.829005325239708313e-10 6.928212496523190081e-10 -5.146916590238559049e-10 -2.852555497457908887e-10 -1.387194974515573542e-10 -6.042248382847007309e-09 -2.081794025110865203e-10 3.959816387279322655e-10 0.000000000000000000e+00
0.000000000000000000e+00 0.000000000000000000e+00 0.000000000000000000e+00 0.000000000000000000e+00 0.000000000000000000e+00 0.000000000000000000e+00 -1.098424780798016461e-06 2.356747203734861693e-07 -2.698256043552743673e-08 -4.516427853736907306e-08 1.855735068207861550e-08 -3.283957374478126262e-09 -1.686559824704903121e-10 -6.692522260092167257e-10 -2.010682804470093069e-10 -1.617734614222612030e-10 -4.892105913055469105e-08 -1.688321512868913179e-10 4.108271966203239652e-10 0.000000000000000000e+00
0.000000000000000000e+00 0.000000000000000000e+00 0.000000000000000000e+00 0.000000000000000000e+00 0.000000000000000000e+00 0.000000000000000000e+00 -2.228428529311647311e-07 3.921612076651684454e-08 3.380663626813602287e-09 -2.197644745648733492e-08 5.759638360912942192e-09 1.103095266240102294e-09 4.600644429393323232e-10 -6.262323151962739237e-10 -2.904716733374534580e-10 -6.080229201542670290e-11 -2.241856970784604085e-11 -5.274405083562143490e-09 2.284346573234910347e-07 0.000000000000000000e+00
0.000000000000000000e+00 0.000000000000000000e+00 0.000000000000000000e+00 0.000000000000000000e+00 0.000000000000000000e+00 0.000000000000000000e+00 -1.733148842246187016e-07 2.363602016760931171e-08 1.172435291765060453e-08 -1.531640759831449099e-08 2.783303357274618315e-09 1.385290058814691220e-10 1.250189762449329323e-09 -4.865140728321505531e-10 -2.585912333502250821e-10 -5.553018341912736614e-11 -6.608955123234321505e-11 3.369462897713895380e-08 -8.526806124641815587e-03 0.000000000000000000e+00
0.000000000000000000e+00 0.000000000000000000e+00 0.000000000000000000e+00 0.000000000000000000e+00 0.000000000000000000e+00 0.000000000000000000e+00 -1.389688866998317137e-10 -1.555143171874447853e-09 -1.092302141456104501e-09 -1.810280971450695407e-10 -1.157197839141444106e-10 2.136289445662335646e-10 -6.213716481510356482e-11 1.537109946069148460e-10 -2.030933908872886212e-10 7.908004703264607345e-11 -7.269194796074564958e-11 -4.509527804296902561e-08 -8.306100171148855732e-07 0.000000000000000000e+00
0.000000000000000000e+00 0.000000000000000000e+00 0.000000000000000000e+00 0.000000000000000000e+00 0.000000000000000000e+00 0.000000000000000000e+00 -5.677779529084788538e-10 1.349835684600412025e-10 7.705804152421262378e-10 1.807653269441407151e-09 -1.111045628063296572e-10 -6.803991681081308158e-11 2.663580107953640149e-10 4.751892053488695780e-11 -2.739606275631652760e-10 -6.890873898778335671e-11 -4.707920508328912424e-05 -5.112852085797908781e-08 -8.357783053662139297e-07 0.000000000000000000e+00
0.000000000000000000e+00 0.000000000000000000e+00 0.000000000000000000e+00 0.000000000000000000e+00 0.000000000000000000e+00 0.000000000000000000e+00 -3.988937283352065434e-09 -4.442719036253980663e-09 -4.087322140630239585e-09 -1.052164439534412648e-09 6.052769157526193136e-11 -1.902922407313680982e-09 -1.194687436108749363e-09 -2.275639034433666094e-10 -2.475791968408010856e-10 -1.110973690098325500e-10 3.563899730625783545e-04 -5.597551418391870735e-08 -8.349168970319996686e-07 0.000000000000000000e+00
0.000000000000000000e+00 0.000000000000000000e+00 0.000000000000000000e+00 0.000000000000000000e+00 0.000000000000000000e+00 0.000000000000000000e+00 6.935331186907191132e-10 1.396677373883461497e-10 -1.914553748071739139e-10 3.325252748422851760e-10 -2.507209342718005996e-11 3.617371553928766457e-10 1.916560336792224720e-10 1.159860261660375264e-11 -2.110668674998966079e-10 6.103833484968661816e-11 -8.452671702409290460e-11 -3.570823735390826076e-06 -5.765642234524148257e+00 0.000000000000000000e+00
0.000000000000000000e+00 0.000000000000000000e+00 0.000000000000000000e+00 0.000000000000000000e+00 0.000000000000000000e+00 0.000000000000000000e+00 2.128191786165851061e-10 -4.164015977089825928e-10 2.366042664860134937e-10 6.140387541640758996e-10 -1.132055403104246891e-10 9.694338428463162612e-11 8.879748401307356503e-11 3.016371487227345327e-11 -2.882064336247628814e-10 3.451687800180584665e-11 -1.191685806680526420e-10 -8.559425614245097990e-05 -1.355571209059386015e+09 0.000000000000000000e+00
0.000000000000000000e+00 0.000000000000000000e+00 0.000000000000000000e+00 0.000000000000000000e+00 0.000000000000000000e+00 0.000000000000000000e+00 8.283824244246419124e-15 5.760820368435859546e-15 3.919361539747188588e-15 1.769585920588373850e-15 1.571137061730235310e-15 9.985147019832220228e-16 6.422967735985305153e-16 3.030155088534394961e-16 1.261973389852369863e-16 6.545529703729718967e-17 1.068277683100985668e-16 2.126018712203434938e-14 9.624327551705131905e-15 0.000000000000000000e+00
0.000000000000000000e+00 0.000000000000000000e+00 0.000000000000000000e+00 0.000000000000000000e+00 0.000000000000000000e+00 0.000000000000000000e+00 1.054529099723049281e-14 8.128793321018276144e-15 5.399773370224365417e-15 2.824581554716265619e-15 2.721874062453047245e-15 1.463390194536143738e-15 7.345525896670744700e-16 3.250226875435182645e-16 1.336251869239094923e-16 9.249427190978582756e-17 3.127625673587964526e-13 2.217017868248569234e-14 1.041487386698240948e-14 0.000000000000000000e+00
0.000000000000000000e+00 0.000000000000000000e+00 0.000000000000000000e+00 0.000000000000000000e+00 0.000000000000000000e+00 0.000000000000000000e+00 1.052141312472774137e-14 4.938519771968306242e-15 3.975157239644638864e-15 2.219189927870434969e-15 1.720090717666668540e-15 1.469900633435985601e-15 6.399191684337479359e-16 3.314296164512771339e-16 1.394034298262012033e-16 1.049292394753168159e-16 8.013468934852973143e-11 2.017329707629213640e-14 1.035236831272112771e-14 0.000000000000000000e+00
0.000000000000000000e+00 0.000000000000000000e+00 0.000000000000000000e+00 0.000000000000000000e+00 0.000000000000000000e+00 0.000000000000000000e+00 4.858230259903284876e-15 3.790174197311438035e-15 2.659405627629362890e-15 1.317455355803091919e-15 1.301490961651960325e-15 8.367498200104651979e-16 5.978619287454196407e-16 2.910202536822262946e-16 1.256314718454046885e-16 6.539493353930458319e-17 1.087530653672729619e-16 1.046381089457955546e-12 -2.227207547433531042e-08 0.000000000000000000e+00
0.000000000000000000e+00 0.000000000000000000e+00 0.000000000000000000e+00 0.000000000000000000e+00 0.000000000000000000e+00 0.000000000000000000e+00 5.476712698545622223e-15 4.134563434530765072e-15 2.877190868918610499e-15 1.522496155890962670e-15 1.515326553449994168e-15 1.014137587861644001e-15 7.359868323302796652e-16 3.441122959019827854e-16 1.383411319977991560e-16 6.604889576091170897e-17 1.404033768077498367e-16 3.668862460189291141e-12 1.926326391768284907e-01 0.000000000000000000e+00
0.000000000000000000e+00 0.000000000000000000e+00 0.000000000000000000e+00 0.000000000000000000e+00 0.000000000000000000e+00 0.000000000000000000e+00 -2.025154284605277327e-11 -1.218737145676537778e-11 4.900598224614193880e-12 4.650865897876373553e-14 -9.871722168131390178e-13 -3.533038814611209765e-13 -1.042681220979220401e-13 7.880516773167910443e-14 2.681309969523449309e-15 -2.223541205446701577e-15 8.629437457655887122e-16 7.031503702461945443e-16 4.464973675035242148e-15 0.000000000000000000e+00
0.000000000000000000e+00 0.000000000000000000e+00 0.000000000000000000e+00 0.000000000000000000e+00 0.000000000000000000e+00 0.000000000000000000e+00 3.092465222349617310e-12 -1.421415041042970244e-11 5.230362531028418173e-12 2.881578882960653114e-13 -1.152778757833924403e-12 -4.338653142134757787e-13 -9.810934132194619854e-14 8.145566212991835998e-14 3.821182332047063949e-15 -1.803663115104206196e-15 -6.647762323334710356e-14 1.582036262733719763e-16 4.284875641248825502e-15 0.000000000000000000e+00
0.000000000000000000e+00 0.000000000000000000e+00 0.000000000000000000e+00 0.000000000000000000e+00 0.000000000000000000e+00 0.000000000000000000e+00 -4.135162566881555860e-11 -1.059486075737575019e-11 4.747962788937649083e-12 -1.983296173635353639e-13 -1.006868669368036162e-12 -4.161070282604957407e-13 -9.692727822496367477e-14 7.406661258392183251e-14 3.328443969838639862e-15 -1.994329646552958649e-16 4.276478785755744757e-12 -2.269251162105347811e-16 4.792614245437423782e-15 0.000000000000000000e+00
0.000000000000000000e+00 0.000000000000000000e+00 0.000000000000000000e+00 0.000000000000000000e+00 0.000000000000000000e+00 0.000000000000000000e+00 -1.639924110589422705e-12 -9.770164197713283475e-12 3.700367246293528420e-12 2.657587885653040473e-13 -8.417046286640964698e-13 -3.066729231652642947e-13 -8.749575620726092184e-14 7.831518201284526579e-14 2.011403812524359640e-15 -2.334820415963523651e-15 1.239692015556186053e-15 3.618193646451074318e-14 2.580537609671040350e-12 0.000000000000000000e+00
0.000000000000000000e+00 0.000000000000000000e+00 0.000000000000000000e+00 0.000000000000000000e+00 0.000000000000000000e+00 0.000000000000000000e+00 3.219236157626237825e-12 -1.016506642124229294e-11 3.852247041605994683e-12 3.216933619967855910e-13 -8.379077093296609720e-13 -3.262025134625522234e-13 -1.148150088948740664e-13 8.102842255577126664e-14 4.100751155965482932e-15 -2.516611759807804062e-15 2.298246755590536161e-15 3.622435127823037956e-13 9.291436483674447904e-09 0.000000000000000000e+00
0.000000000000000000e+00 0.000000000000000000e+00 0.000000000000000000e+00 0.000000000000000000e+00 0.000000000000000000e+00 0.000000000000000000e+00 -7.324694942039947174e-11 -9.440653275101568771e-13 2.999122958890374387e-11 -3.801840172585024376e-12 -5.745609735981034308e-13 8.885965130276797137e-13 9.133667825516123495e-14 4.734600948068473173e-14 5.855094227836303275e-14 -3.516285127556197228e-14 -9.056983674109189107e-15 -9.794822139954065580e-14 4.305099289018945257e-14 0.000000000000000000e+00
0.000000000000000000e+00 0.000000000000000000e+00 0.000000000000000000e+00 0.000000000000000000e+00 0.000000000000000000e+00 0.000000000000000000e+00 -1.284640822862277459e-11 -1.257909641597546229e-11 3.326988100886323478e-11 -3.686921221978590037e-12 -1.446660744141759122e-12 1.076994882938492350e-12 5.896596783617011064e-15 -1.902734938969366199e-15 5.372270620759574201e-14 -3.420277118163180454e-14 1.187954049672993368e-12 -1.079405661768984523e-13 4.821845288338156536e-14 0.000000000000000000e+00
0.000000000000000000e+00 0.000000000000000000e+00 0.000000000000000000e+00 0.000000000000000000e+00 0.000000000000000000e+00 0.000000000000000000e+00 -1.281122757019955758e-10 9.584025942928450706e-12 2.814664955575185287e-11 -4.373686290736378068e-12 6.120168504703601454e-14 8.576489160096372338e-13 1.849699316268778851e-13 8.095082826096668665e-14 7.097419671692919923e-14 -3.167222664690878281e-14 -6.152656281286308132e-12 -9.593807864215054663e-14 4.830923798378727035e-14 0.000000000000000000e+00
0.000000000000000000e+00 0.000000000000000000e+00 0.000000000000000000e+00 0.000000000000000000e+00 0.000000000000000000e+00 0.000000000000000000e+00 -1.935805425426801076e-11 -7.494984232138078005e-12 2.355564119501519786e-11 -2.704667192082950177e-12 -9.008164530747410683e-13 8.111728942339105743e-13 1.625224914381579191e-14 3.383614215039129357e-14 5.439787460657340567e-14 -3.443197378941843693e-14 -7.873224754914655999e-15 -3.940236978766966728e-13 7.651741710827292700e-11 0.000000000000000000e+00
0.000000000000000000e+00 0.000000000000000000e+00 0.000000000000000000e+00 0.000000000000000000e+00 0.000000000000000000e+00 0.000000000000000000e+00 -6.882456703911558041e-12 -9.546357823844947776e-12 2.408417259786801047e-11 -2.940954672724495380e-12 -9.618019484367030765e-13 9.773282713684661259e-13 1.376920976599009025e-14 -1.056055748937099094e-14 5.164513795479434875e-14 -3.813610511705479377e-14 1.741902601050153892e-14 -1.140181221492760256e-12 -2.326042801379710879e-06 0.000000000000000000e+00
0.000000000000000000e+00 0.000000000000000000e+00 0.000000000000000000e+00 0.000000000000000000e+00 0.000000000000000000e+00 0.000000000000000000e+00 -4.195426710799384462e-13 6.045907980707965144e-14 1.471306562339579016e-13 1.955480119090338255e-14 6.641445278985715243e-14 5.270575533820105083e-14 8.323924205986584758e-15 -3.569566723501265036e-14 -4.813486859398508370e-15 4.598855781839393203e-15 -4.746106463761037909e-15 -3.877226428018998791e-12 -4.324833749017565136e-10 0.000000000000000000e+00
0.000000000000000000e+00 0.000000000000000000e+00 0.000000000000000000e+00 0.000000000000000000e+00 0.000000000000000000e+00 0.000000000000000000e+00 2.797573162284744985e-14 2.939901666617982338e-13 -5.992658794296916982e-13 7.738634101759878764e-14 -1.311856441390777640e-13 2.715800661404995068e-14 -7.353929398359176491e-14 -4.799846083308672911e-14 -1.553544446769046834e-14 3.187947066181640863e-14 3.739299518601890988e-10 -5.981457607561962849e-12 -4.316574123897772411e-10 0.000000000000000000e+00
0.000000000000000000e+00 0.000000000000000000e+00 0.000000000000000000e+00 0.000000000000000000e+00 0.000000000000000000e+00 0.000000000000000000e+00 -8.999079172523816852e-13 -4.060696008557518941e-13 1.583403474205094916e-13 -1.532479527866301767e-13 -1.442878538774912436e-13 -1.255481219752004624e-13 1.407568268656905567e-13 -1.063924072874591000e-13 8.088375686601171772e-16 1.218392959118643342e-14 -3.043452570817751717e-06 -6.244039493729741375e-12 -4.311000456032526713e-10 0.000000000000000000e+00
0.000000000000000000e+00 0.000000000000000000e+00 0.000000000000000000e+00 0.000000000000000000e+00 0.000000000000000000e+00 0.000000000000000000e+00 -1.521870082856991810e-13 2.851688132684823503e-13 -8.504110107413123490e-14 -4.315896724831471285e-14 6.819520246204841126e-14 9.007484255396036778e-14 -5.756688456979561433e-14 -1.414421751173045925e-14 -8.392904193521970880e-15 6.240785899641075521e-15 2.180029454926427189e-14 8.056404521752095186e-11 -1.557548005605799857e-03 0.000000000000000000e+00
0.000000000000000000e+00 0.000000000000000000e+00 0.000000000000000000e+00 0.000000000000000000e+00 0.000000000000000000e+00 0.000000000000000000e+00 -3.265579750245093315e-13 1.021351573550714575e-13 -1.374819548077723875e-13 2.530893928092097928e-14 -1.256335575143153077e-14 8.025406455440404705e-14 -9.928060093624361150e-14 -7.405268066685943352e-14 -9.790159658223721679e-15 4.980400838999129648e-15 5.451783682986194045e-14 -1.652726972266634488e-08 2.548951721184844151e+06 0.000000000000000000e+00
0.000000000000000000e+00 0.000000000000000000e+00 0.000000000000000000e+00 0.000000000000000000e+00 0.000000000000000000e+00 0.000000000000000000e+00 2.771059413603586077e-09 7.888441235156776707e-09 2.393717103884512315e-09 2.485774924874102808e-09 1.272117081801343948e-09 1.162260904934574021e-09 6.478860579272087884e-10 3.860056527397388758e-10 1.828143973674016638e-10 2.943720180183270674e-11 3.109464465761012336e-10 1.130801128413767657e-07 1.777122782479492806e-07 0.000000000000000000e+00
0.000000000000000000e+00 0.000000000000000000e+00 0.000000000000000000e+00 0.000000000000000000e+00 0.000000000000000000e+00 0.000000000000000000e+00 2.089996240274850425e-09 2.660058853183328548e-09 9.508998950977154060e-10 1.183857052388255898e-09 2.877152098475066467e-10 6.343050401878707966e-10 2.395153260880028345e-10 1.426885656585230021e-10 7.691150176033795970e-11 5.715391306064980792e-11 4.734101344156948771e-07 1.118621178706633139e-07 1.732899750007304077e-07 0.000000000000000000e+00
0.000000000000000000e+00 0.000000000000000000e+00 0.000000000000000000e+00 0.000000000000000000e+00 0.000000000000000000e+00 0.000000000000000000e+00 1.206295177525949084e-08 1.812702928543375493e-08 1.013966028456664550e-08 8.785564001673080363e-09 5.741984827294132432e-09 6.434809175329508408e-09 3.554610284197558622e-09 2.130276223085413385e-09 8.886569071445235124e-10 2.772761454012873796e-10 4.878127916845300912e-05 1.122757336878478517e-07 1.731023530398804756e-07 0.000000000000000000e+00
0.000000000000000000e+00 0.000000000000000000e+00 0.000000000000000000e+00 0.000000000000000000e+00 0.000000000000000000e+00 0.000000000000000000e+00 4.647504165360013583e-10 1.407305799584495679e-09 3.356185497165465847e-10 5.985383468356532138e-10 2.616888172366913592e-10 1.782035736037676888e-10 1.620957712373902984e-10 1.197308411743032117e-10 9.121555787786926812e-11 2.094502705526736939e-11 1.086439148631945797e-10 2.549653129591851605e-06 2.492306459114028883e+01 0.000000000000000000e+00
0.000000000000000000e+00 0.000000000000000000e+00 0.000000000000000000e+00 0.000000000000000000e+00 0.000000000000000000e+00 0.000000000000000000e+00 1.818638095932480426e-09 1.887280313303053426e-09 4.395250133111156209e-10 8.836402545105082826e-10 1.180673650642681434e-10 2.824582264954549981e-10 1.442301252653744978e-10 1.285667950718067151e-10 6.646270459333159277e-11 1.546326278973075998e-11 4.332758830855090304e-11 4.749876917799905618e-05 -8.878909475255279541e+08 0.000000000000000000e+00
0.000000000000000000e+00 0.000000000000000000e+00 0.000000000000000000e+00 0.000000000000000000e+00 0.000000000000000000e+00 0.000000000000000000e+00 1.664880115856462247e-08 -2.983758181090567122e-09 -6.320183586144344543e-09 -2.928095679751835103e-09 -4.033340194193861820e-09 -1.507217381919217224e-09 -1.130690640996770741e-09 -4.380447160452150643e-10 -2.094836801570337913e-10 -1.392681320074203709e-11 9.389247782515866010e-11 6.273446479804380799e-10 1.425658667937434486e-10 0.000000000000000000e+00
0.000000000000000000e+00 0.000000000000000000e+00 0.000000000000000000e+00 0.000000000000000000e+00 0.000000000000000000e+00 0.000000000000000000e+00 1.297423697750321886e-08 -4.585235216500726967e-09 8.297041821453547790e-09 1.923029751992095398e-09 3.273898395572218030e-10 4.683582337694224482e-10 1.522739825028239070e-10 7.332965967443661749e-11 -3.663191382014871107e-11 -2.347271794444808752e-11 -3.371209882009234211e-11 5.931771173841033565e-10 1.428482662046830998e-10 0.000000000000000000e+00
0.000000000000000000e+00 0.000000000000000000e+00 0.000000000000000000e+00 0.000000000000000000e+00 0.000000000000000000e+00 0.000000000000000000e+00 1.952704381543542596e-08 -1.600336798822915051e-09 -1.990800244587314326e-08 -8.106823732554987826e-09 -9.050574226853000178e-09 -4.061603730171675531e-09 -2.557230516941539916e-09 -1.087759312333280882e-09 -5.221019249249484345e-10 -1.683647804634881356e-10 -4.005860795714703886e-09 6.329376646630773716e-10 1.421472310293283665e-10 0.000000000000000000e+00
0.000000000000000000e+00 0.000000000000000000e+00 0.000000000000000000e+00 0.000000000000000000e+00 0.000000000000000000e+00 0.000000000000000000e+00 1.197475755366085588e-08 -1.986255245046670707e-09 5.160324245032056982e-09 8.386108751004298924e-10 -3.330057920654222022e-10 6.488464919191347763e-11 -1.422483456187924075e-10 -8.146939407239744826e-11 -6.888467958981232628e-11 -2.574872567022871904e-12 2.304380088367772211e-11 -2.523723621380883262e-10 -3.078991450522282828e-07 0.000000000000000000e+00
0.000000000000000000e+00 0.000000000000000000e+00 0.000000000000000000e+00 0.000000000000000000e+00 0.000000000000000000e+00 0.000000000000000000e+00 1.944760079907954482e-08 -2.829771879969020783e-09 6.196208930760011519e-09 1.461288520611860795e-09 -3.370177155501729690e-10 1.734842906671131633e-10 -9.305259162365029686e-11 6.233078704231136259e-11 -7.829364906078027694e-13 -2.498101564327143949e-12 4.894056939812580604e-12 1.241946823296931752e-09 -1.506491090986258668e-03 0.000000000000000000e+00
0.000000000000000000e+00 0.000000000000000000e+00 0.000000000000000000e+00 0.000000000000000000e+00 0.000000000000000000e+00 0.000000000000000000e+00 3.066333148105422164e-08 3.204730005253223433e-08 -3.529896251778940607e-08 -2.707543600438691194e-08 -2.085654796170736191e-08 -6.220709598417265165e-09 -3.742765682862232771e-09 -1.557966841633477741e-09 -2.612398568497324916e-10 3.399286494347005353e-11 2.425000067904962959e-10 1.131558537828631328e-09 1.762717677879933085e-09 0.000000000000000000e+00
0.000000000000000000e+00 0.000000000000000000e+00 0.000000000000000000e+00 0.000000000000000000e+00 0.000000000000000000e+00 0.000000000000000000e+00 2.682455453310198695e-08 1.625605087295000097e-08 2.715600248613818430e-08 -1.031743684337111036e-08 -7.923025797034449136e-09 2.321155797976061282e-09 1.480902309171047284e-10 -4.836089300831282916e-11 6.023143643811461866e-11 4.827086629978092413e-11 1.243266161736355343e-09 6.687768964404805082e-10 1.793650162475953813e-09 0.000000000000000000e+00
0.000000000000000000e+00 0.000000000000000000e+00 0.000000000000000000e+00 0.000000000000000000e+00 0.000000000000000000e+00 0.000000000000000000e+00 3.317574967277418397e-08 4.636475882942605145e-08 -9.343539039466356795e-08 -4.644967677485969675e-08 -3.762852620506349364e-08 -1.640677680051096031e-08 -7.962126037017213415e-09 -3.414804125562883076e-09 -8.878070447778227274e-10 -2.825517707703044460e-10 1.221123692525398659e-08 9.719088394159722402e-10 1.783653691310979978e-09 0.000000000000000000e+00
0.000000000000000000e+00 0.000000000000000000e+00 0.000000000000000000e+00 0.000000000000000000e+00 0.000000000000000000e+00 0.000000000000000000e+00 2.601893797224223369e-08 1.286537641681431763e-08 1.682451929910231786e-08 -8.807486493740668339e-09 -6.924347829937525561e-09 5.402641692881612652e-10 -1.470830121538445091e-10 -3.691782216079410302e-10 3.514225006281126272e-11 3.990067213405913856e-11 8.780041127380886215e-11 -2.244024446516070567e-08 1.210346707978788288e-05 0.000000000000000000e+00
0.000000000000000000e+00 0.000000000000000000e+00 0.000000000000000000e+00 0.000000000000000000e+00 0.000000000000000000e+00 0.000000000000000000e+00 3.887600823433376200e-08 2.047590194250611277e-08 1.876577605097048436e-08 -4.864385509657826035e-09 -7.323516371369061791e-09 -1.446039754592837608e-10 -3.362611057932331157e-10 -2.356727547196456843e-10 -8.723093748768737504e-12 9.991171571223275953e-11 7.283512645738161765e-12 8.860080168803209784e-08 5.995819631929697607e-02 0.000000000000000000e+00
0.000000000000000000e+00 0.000000000000000000e+00 0.000000000000000000e+00 0.000000000000000000e+00 0.000000000000000000e+00 0.000000000000000000e+00 -4.069348685741797012e-09 -2.297798527717412814e-09 4.747482304359847880e-10 2.197308488505437588e-10 -8.122422347744833801e-10 2.743656612631071804e-10 1.879374179756575948e-10 -2.376613209429391845e-10 -1.380854454999965968e-10 3.714385122226824390e-12 -3.662286384157027580e-10 -3.567770920765541449e-08 -1.376768570764697546e-06 0.000000000000000000e+00
0.000000000000000000e+00 0.000000000000000000e+00 0.000000000000000000e+00 0.000000000000000000e+00 0.000000000000000000e+00 0.000000000000000000e+00 -4.355785758053851271e-09 7.775340537938749129e-09 3.679963022099585802e-09 -1.150829012076955372e-09 -6.378302044408171605e-10 1.477835397230080169e-09 -3.310966013967880660e-10 -8.895263112656731194e-10 -1.288170886463352009e-10 -2.248722385375687802e-12 -3.258183674903038023e-05 -2.609016064370269694e-08 -1.369855098231898104e-06 0.000000000000000000e+00
0.000000000000000000e+00 0.000000000000000000e+00 0.000000000000000000e+00 0.000000000000000000e+00 0.000000000000000000e+00 0.000000000000000000e+00 -8.603427264345473129e-09 -1.188622318411408703e-08 -1.748982206354618157e-09 9.311663177249198031e-10 -5.388610716310237181e-10 -9.028883205368947428e-10 -1.305292152185868413e-09 -6.762160787228136738e-10 -2.095497653087423230e-10 -6.535866743021338655e-11 8.268301525212682843e-03 -2.579187894561092398e-08 -1.368727880066719979e-06 0.000000000000000000e+00
0.000000000000000000e+00 0.000000000000000000e+00 0.000000000000000000e+00 0.000000000000000000e+00 0.000000000000000000e+00 0.000000000000000000e+00 -2.183786008514902855e-09 -1.247209474618856283e-10 2.893271996758882706e-09 -6.967037337578749603e-10 6.634618545321838626e-10 1.517538063718920598e-10 -1.656859626873638703e-11 -7.485129629272003705e-10 -2.039350853209421699e-10 2.984324412956408690e-11 -3.808957133185081678e-10 -2.172066913391919252e-06 -7.054611751545802178e+01 0.000000000000000000e+00
0.000000000000000000e+00 0.000000000000000000e+00 0.000000000000000000e+00 0.000000000000000000e+00 0.000000000000000000e+00 0.000000000000000000e+00 -3.943647902591775935e-09 2.719739527984215993e-09 3.475571542379689495e-09 5.550852464029442348e-10 3.346004679459513600e-12 8.502131912034592281e-10 2.300588775832274169e-10 -5.068801873762075295e-10 -2.892275535670085498e-10 2.229600028144146755e-11 -8.398719875177697046e-11 -3.700900352441011782e-05 -7.622785793586116028e+10 0.000000000000000000e+00
