0.000000000000000000e+00 0.000000000000000000e+00 0.000000000000000000e+00 0.000000000000000000e+00 0.000000000000000000e+00 0.000000000000000000e+00 1.261965835762889904e-10 1.789274737523224001e-10 1.811126718784734677e-10 2.261561717204382445e-10 2.599096534961569004e-10 2.708959622540722458e-10 2.768923843315401347e-10 2.004199062308280604e-10 9.999897247341877254e-11 1.960544440571306934e-11 3.403085406557154382e-12 9.855367357305219978e-10 6.292961494264120130e-07 0.000000000000000000e+00
0.000000000000000000e+00 0.000000000000000000e+00 0.000000000000000000e+00 0.000000000000000000e+00 0.000000000000000000e+00 0.000000000000000000e+00 3.176827389659512359e-11 2.037518033099144105e-11 1.560006673538091183e-13 9.480523509538004041e-12 8.274657406396808525e-12 7.814659472971600308e-12 7.209430582112375411e-12 5.684274292329842189e-12 3.820801437825363556e-12 7.195110484100940685e-13 7.235515613307205750e-09 1.283481566271809672e-09 6.298835336383299359e-07 0.000000000000000000e+00
0.000000000000000000e+00 0.000000000000000000e+00 0.000000000000000000e+00 0.000000000000000000e+00 0.000000000000000000e+00 0.000000000000000000e+00 4.334012006634430460e-10 5.961885071201096582e-10 6.521470437011708621e-10 9.548922450452792153e-10 1.180906292916497005e-09 1.300242800683507935e-09 1.069157707285247401e-09 6.629231576654537781e-10 2.643415697377683946e-10 5.017094032785198836e-11 6.688557313902317788e-07 2.223375789662523018e-09 6.395151994133217439e-07 0.000000000000000000e+00
0.000000000000000000e+00 0.000000000000000000e+00 0.000000000000000000e+00 0.000000000000000000e+00 0.000000000000000000e+00 0.000000000000000000e+00 1.619579440629787057e-11 6.885055221109226962e-12 4.898083071391976931e-13 -9.843054862051219508e-13 2.578281536612273114e-12 2.103836041739941406e-12 2.359018482569458808e-12 2.498890511010567564e-12 1.763892379134275588e-12 6.278434654526291311e-13 6.607698537997368768e-14 8.918370467541800693e-12 -2.208654389136819418e+01 0.000000000000000000e+00
0.000000000000000000e+00 0.000000000000000000e+00 0.000000000000000000e+00 0.000000000000000000e+00 0.000000000000000000e+00 0.000000000000000000e+00 1.745436694076906577e-11 1.318065920101847991e-11 1.129536437632847725e-12 3.866580766369367037e-12 4.030315485894514685e-12 5.506127187672969280e-12 5.417526635269013025e-12 4.413776624954168086e-12 2.290020949672483444e-12 4.956359432129739672e-13 5.897622624703905254e-14 1.989041594745051107e-12 -2.369043621618339967e+05 0.000000000000000000e+00
0.000000000000000000e+00 0.000000000000000000e+00 0.000000000000000000e+00 0.000000000000000000e+00 0.000000000000000000e+00 0.000000000000000000e+00 -3.991568488037633209e-10 1.464240397688360673e-09 -1.087760182448150754e-10 -8.302575823014987747e-11 -9.176878850221676650e-10 -1.970324660137388550e-10 -7.976231616829804815e-11 -3.290243626199026082e-11 -2.710325059713825679e-11 -6.472049762498305994e-12 5.287977113812104746e-13 7.374048396972890899e-12 7.391495389294218485e-11 0.000000000000000000e+00
0.000000000000000000e+00 0.000000000000000000e+00 0.000000000000000000e+00 0.000000000000000000e+00 0.000000000000000000e+00 0.000000000000000000e+00 -8.894948379115413672e-10 -7.891092459837023386e-10 -1.684065888458663493e-10 -3.055776695933557414e-10 1.070088942037469364e-10 1.697263340732030496e-11 1.023625050745963352e-12 1.468973858381323618e-11 5.054745381659533975e-12 1.125334794539872821e-12 -5.688245902380189369e-12 7.354568443639749854e-12 7.669843591831245655e-11 0.000000000000000000e+00
0.000000000000000000e+00 0.000000000000000000e+00 0.000000000000000000e+00 0.000000000000000000e+00 0.000000000000000000e+00 0.000000000000000000e+00 3.189236684773382274e-11 3.491641476785511751e-09 -6.532272473225223702e-11 1.104491835297801832e-10 -2.060990209543800213e-09 -4.372816415989212842e-10 -1.547936192330009761e-10 -7.214650031452075839e-11 -4.523433931095271393e-11 -1.074542610344052645e-11 1.192595174176674886e-10 1.071562817512919710e-11 7.900653346751136931e-11 0.000000000000000000e+00
0.000000000000000000e+00 0.000000000000000000e+00 0.000000000000000000e+00 0.000000000000000000e+00 0.000000000000000000e+00 0.000000000000000000e+00 -6.465297465475702860e-10 -2.737976166681603558e-10 -2.632727975089847471e-10 -1.443019457450620377e-10 -3.331505507114631779e-11 4.858870710108262151e-11 -3.736218724348433384e-12 5.727125505784239643e-12 -4.607849581471171416e-13 -4.816845002665931407e-14 1.377480737781873330e-13 4.709713763571026312e-13 -5.330573092631764877e-07 0.000000000000000000e+00
0.000000000000000000e+00 0.000000000000000000e+00 0.000000000000000000e+00 0.000000000000000000e+00 0.000000000000000000e+00 0.000000000000000000e+00 -7.421670924884996624e-10 -5.366575493885686987e-10 -1.003710826814025948e-10 -2.560249563715880423e-10 7.320879213130133743e-11 -8.849781648874117142e-12 -5.195663446047521077e-13 1.386113009841324381e-11 3.381746222066270819e-13 6.106311696690596712e-14 9.156916496994534636e-14 -4.866162885878082176e-13 4.691054315929932324e-06 0.000000000000000000e+00
0.000000000000000000e+00 0.000000000000000000e+00 0.000000000000000000e+00 0.000000000000000000e+00 0.000000000000000000e+00 0.000000000000000000e+00 6.402546686427198404e-09 -5.161213155610705687e-09 1.107512615637860477e-09 2.046591203139471404e-09 -4.129617961501597577e-09 -8.129420702165017094e-10 -7.527791306118745068e-10 -3.662659168226679935e-10 -8.948090523029692771e-11 -7.283283708417008470e-11 8.239239564229177943e-12 1.526337667961380072e-10 2.943753863922708555e-09 0.000000000000000000e+00
0.000000000000000000e+00 0.000000000000000000e+00 0.000000000000000000e+00 0.000000000000000000e+00 0.000000000000000000e+00 0.000000000000000000e+00 -2.403219428469554612e-09 -2.791319346356445626e-09 -1.361250802044323402e-09 -1.953813220198655459e-09 -1.738954718865184055e-10 1.916577403039378496e-10 6.762338309691178536e-11 4.704943696562128139e-11 1.460470648761085015e-11 1.514155575677422504e-11 -1.237080436959873567e-10 1.543548426308524532e-10 2.993541908598387133e-09 0.000000000000000000e+00
0.000000000000000000e+00 0.000000000000000000e+00 0.000000000000000000e+00 0.000000000000000000e+00 0.000000000000000000e+00 0.000000000000000000e+00 1.426719904153876560e-08 -7.360210200197045406e-09 3.303331295110273604e-09 6.017034758854066539e-09 -8.677396976385478833e-09 -1.928651412384979904e-09 -1.487439572348877093e-09 -6.955570785610360323e-10 -1.500864952356152322e-10 -1.199335076036524824e-10 3.405346357208548690e-09 2.197947412276668986e-10 3.016187275603061882e-09 0.000000000000000000e+00
0.000000000000000000e+00 0.000000000000000000e+00 0.000000000000000000e+00 0.000000000000000000e+00 0.000000000000000000e+00 0.000000000000000000e+00 -9.353209150071167253e-10 -1.797911743663996880e-09 -9.517047933553017849e-10 -1.304132898960428376e-09 -3.772585948581810678e-10 1.913224035979117530e-10 4.474447773103297990e-12 -9.978481801203680205e-12 5.910911049451928729e-12 -2.940760612854539418e-12 2.036857099728024195e-12 5.990621766706454119e-12 3.717131790129207115e-06 0.000000000000000000e+00
0.000000000000000000e+00 0.000000000000000000e+00 0.000000000000000000e+00 0.000000000000000000e+00 0.000000000000000000e+00 0.000000000000000000e+00 -2.214145859279485169e-09 -2.039428624497978538e-09 -9.436845002398043948e-10 -1.318560167826921440e-09 -1.007967409656849837e-10 8.244450402666123700e-11 1.755867777944639830e-11 1.156523167575626093e-11 -3.149086274246154658e-12 7.236535946807295553e-12 -1.908358379194966939e-12 -7.662162009090094629e-12 1.571438444247914531e-04 0.000000000000000000e+00
0.000000000000000000e+00 0.000000000000000000e+00 0.000000000000000000e+00 0.000000000000000000e+00 0.000000000000000000e+00 0.000000000000000000e+00 -1.829706574973986438e-10 -1.624994470154140762e-10 -8.128778498986471636e-11 6.440542810438361241e-11 -6.700705823264079053e-11 -4.534923746895731365e-11 -4.366583159508179780e-11 -2.313921111917941089e-11 -1.378631263643283963e-11 -1.180611453956476303e-11 -3.505213820500007768e-12 -2.398812640920209568e-10 7.235447835196786284e-06 0.000000000000000000e+00
0.000000000000000000e+00 0.000000000000000000e+00 0.000000000000000000e+00 0.000000000000000000e+00 0.000000000000000000e+00 0.000000000000000000e+00 -1.021446387012710290e-09 -5.994753211583774423e-10 -2.064194150007897261e-10 1.171572357728899048e-10 -1.954436231339916045e-10 -6.896658662723645580e-11 -1.222605787613624818e-10 -3.915211104262179841e-11 -2.745290107382469721e-11 -1.180942107464522211e-11 2.210161794412630547e-06 -2.561879834793497190e-10 7.236456671870728836e-06 0.000000000000000000e+00
0.000000000000000000e+00 0.000000000000000000e+00 0.000000000000000000e+00 0.000000000000000000e+00 0.000000000000000000e+00 0.000000000000000000e+00 -3.736924346232862012e-10 6.201195313357128743e-11 -6.801086933307071055e-12 7.590646333553115219e-11 4.375078202448592791e-14 -1.807313505005595295e-10 -4.984135167290399382e-11 -4.559900910883973294e-11 -1.057835559743531162e-11 -1.570927508924980393e-11 -1.204551429080237914e-05 -3.460848725516488993e-10 7.235343449566738264e-06 0.000000000000000000e+00
0.000000000000000000e+00 0.000000000000000000e+00 0.000000000000000000e+00 0.000000000000000000e+00 0.000000000000000000e+00 0.000000000000000000e+00 -2.186862606087099174e-10 -1.849403951911861114e-10 7.259339135564279783e-12 6.524059791144432661e-11 -6.191650709550720185e-11 -1.290225634617359568e-11 -4.960239492630558894e-11 -2.954689212856364185e-11 -1.977553858330928366e-11 -1.441316149803982551e-11 -2.762776978983591302e-13 -1.232563119949506438e-10 7.878435773498772221e+01 0.000000000000000000e+00
0.000000000000000000e+00 0.000000000000000000e+00 0.000000000000000000e+00 0.000000000000000000e+00 0.000000000000000000e+00 0.000000000000000000e+00 -4.326347698400313187e-10 -3.657904236809689717e-10 -3.839947199806169944e-11 -2.153184629435623237e-11 -1.382282434290927542e-10 -9.487555753399556964e-11 -1.370753161076354722e-10 -4.699603641925987839e-11 -4.519580481131321159e-11 -2.206576386870475416e-11 -6.145037111719660293e-12 -1.147761931743104227e-10 1.731139054701178335e+06 0.000000000000000000e+00
0.000000000000000000e+00 0.000000000000000000e+00 0.000000000000000000e+00 0.000000000000000000e+00 0.000000000000000000e+00 0.000000000000000000e+00 7.119881534884944076e-10 5.955238887663037361e-10 4.046955382824569448e-09 2.230759755887696011e-09 4.073375828976916222e-09 2.513286310335002374e-09 2.156856897217150365e-09 1.512753297868371268e-09 7.505203734087385161e-10 1.422345764748971993e-10 2.939370047733481353e-11 6.717858079184698456e-09 2.382832887463199809e-05 0.000000000000000000e+00
0.000000000000000000e+00 0.000000000000000000e+00 0.000000000000000000e+00 0.000000000000000000e+00 0.000000000000000000e+00 0.000000000000000000e+00 -1.033016988859965461e-09 -2.889495116328994129e-09 -1.223880131985842768e-09 -8.686293829885769353e-10 4.877733741791681046e-10 4.593478344446760630e-10 -5.601394441191696939e-12 1.584169417981462813e-10 4.056313293954563980e-11 1.613220749536984173e-11 5.295571509218598080e-07 9.025011356259390733e-09 2.357709223174990140e-05 0.000000000000000000e+00
0.000000000000000000e+00 0.000000000000000000e+00 0.000000000000000000e+00 0.000000000000000000e+00 0.000000000000000000e+00 0.000000000000000000e+00 1.286120502790812359e-08 6.403176464423513925e-09 1.366095038178760358e-08 1.143787614340357274e-08 1.525466468504292738e-08 1.104806456640083157e-08 8.315166943059337377e-09 4.788263679490550649e-09 1.832170824680179866e-09 3.447126264656566681e-10 2.881272881101458493e-06 1.506681305762229661e-08 2.376232926824557029e-05 0.000000000000000000e+00
0.000000000000000000e+00 0.000000000000000000e+00 0.000000000000000000e+00 0.000000000000000000e+00 0.000000000000000000e+00 0.000000000000000000e+00 -1.596168541566436052e-09 -1.688759123440649565e-10 9.933952212918665980e-10 1.160889233911054065e-10 2.363758707105154429e-10 2.647169147940943770e-10 -2.732719519566229776e-11 1.752398018406979736e-10 5.742311798054879361e-11 4.587716903079812001e-11 9.682480671593027782e-12 1.517182307882531451e-09 -8.178478123745371704e+03 0.000000000000000000e+00
0.000000000000000000e+00 0.000000000000000000e+00 0.000000000000000000e+00 0.000000000000000000e+00 0.000000000000000000e+00 0.000000000000000000e+00 -3.765145004912056587e-10 -1.804944490273030109e-09 -6.772580716167510609e-10 -5.224942080586081983e-10 3.221340284505819029e-10 3.831356062032451956e-10 2.790690155942695118e-11 2.074780973297745478e-10 9.078495342479563587e-11 3.527508264694271127e-11 8.435598461590334419e-12 1.032237480326240538e-09 -8.882525904392538592e+06 0.000000000000000000e+00
0.000000000000000000e+00 0.000000000000000000e+00 0.000000000000000000e+00 0.000000000000000000e+00 0.000000000000000000e+00 0.000000000000000000e+00 -1.774762811510767103e-09 8.385929157318693417e-09 -1.305019613181732594e-08 -7.466350755540851756e-09 -5.697436557871612692e-09 -3.314341142061737404e-09 -1.613778226407262149e-09 -7.897517647086619131e-10 -3.465645112487949544e-10 -9.504758873618392191e-11 1.124634858151617790e-11 1.994319605737612404e-10 3.404021744290066672e-09 0.000000000000000000e+00
0.000000000000000000e+00 0.000000000000000000e+00 0.000000000000000000e+00 0.000000000000000000e+00 0.000000000000000000e+00 0.000000000000000000e+00 1.033951484363079893e-08 6.068622244547803572e-09 -4.808729645546646619e-09 1.088680576024323380e-09 6.528492648802790563e-10 8.381807903053102943e-10 3.252721291773109072e-10 3.663538049433430519e-11 8.414989930714600516e-11 7.911477477697289652e-12 -7.211429338610184102e-11 1.996955224926128146e-10 3.438176127565586921e-09 0.000000000000000000e+00
0.000000000000000000e+00 0.000000000000000000e+00 0.000000000000000000e+00 0.000000000000000000e+00 0.000000000000000000e+00 0.000000000000000000e+00 -1.245984239298685650e-08 1.071715189630844486e-08 -2.094053843841442032e-08 -1.594207187387650418e-08 -1.279048828084833445e-08 -8.178015350059662490e-09 -3.483455328898715684e-09 -1.434444327224575693e-09 -6.323897089300583960e-10 -1.558228976287267453e-10 4.163362044629819195e-10 2.821182323799154906e-10 3.501545931168455518e-09 0.000000000000000000e+00
0.000000000000000000e+00 0.000000000000000000e+00 0.000000000000000000e+00 0.000000000000000000e+00 0.000000000000000000e+00 0.000000000000000000e+00 4.409347319514784468e-09 7.454234131583666862e-09 -3.138368692870122696e-09 1.531199750860867097e-09 5.313969521471508748e-10 2.670856303746922700e-10 2.462881839222888326e-10 -8.020224958000406025e-12 5.525646790739219478e-11 -9.971042706046615794e-12 9.241391327879242867e-13 2.256973298174652496e-11 1.947138707687049889e-07 0.000000000000000000e+00
0.000000000000000000e+00 0.000000000000000000e+00 0.000000000000000000e+00 0.000000000000000000e+00 0.000000000000000000e+00 0.000000000000000000e+00 6.365156641414583790e-09 3.820592388571141480e-09 -3.156303621513510094e-09 1.493353294560040120e-09 5.281329823155959174e-10 8.028283171947376897e-10 2.841139212050176940e-10 -5.761163115485769086e-11 2.914083813962238893e-11 -7.069325535373479778e-13 -3.715935180800210305e-12 1.334592454973969897e-11 1.731608764931355263e-05 0.000000000000000000e+00
0.000000000000000000e+00 0.000000000000000000e+00 0.000000000000000000e+00 0.000000000000000000e+00 0.000000000000000000e+00 0.000000000000000000e+00 -3.719180320830760972e-08 8.853733619036146181e-09 -6.256392402044955168e-08 -4.260077165699167756e-08 -3.818743115508024956e-08 -1.567835406035274873e-08 -8.029076543864219770e-09 -3.883818609980114729e-09 -1.735408562434888751e-09 -5.860893232975351012e-10 4.936363854281554202e-11 1.474565698403742920e-09 5.238193344501209257e-08 0.000000000000000000e+00
0.000000000000000000e+00 0.000000000000000000e+00 0.000000000000000000e+00 0.000000000000000000e+00 0.000000000000000000e+00 0.000000000000000000e+00 5.950476692668516017e-08 3.274946849711587015e-11 -1.478919212507658838e-08 -5.589609433528024408e-09 3.251738347617244696e-10 4.208974172214695398e-09 5.551722943913514522e-10 -1.070245953371446369e-09 2.532613566888972564e-10 3.763807728926496993e-11 -2.879278863563745848e-09 1.465113710703719050e-09 5.255557995053564099e-08 0.000000000000000000e+00
0.000000000000000000e+00 0.000000000000000000e+00 0.000000000000000000e+00 0.000000000000000000e+00 0.000000000000000000e+00 0.000000000000000000e+00 -1.230831927655751116e-07 1.698356207625942949e-08 -1.077198129783386918e-07 -7.947561102586188275e-08 -8.253880535248437289e-08 -3.882879665308766539e-08 -1.603697437169163452e-08 -5.546312228557628888e-09 -2.697915221825374956e-09 -8.803331791929475861e-10 9.150748924257584030e-09 1.936363502264305597e-09 5.327525158466977541e-08 0.000000000000000000e+00
0.000000000000000000e+00 0.000000000000000000e+00 0.000000000000000000e+00 0.000000000000000000e+00 0.000000000000000000e+00 0.000000000000000000e+00 1.139783004991271604e-08 8.340139803543114464e-09 -1.195813098018946672e-08 -1.913364874376583441e-10 8.130874730817505333e-09 2.288033179983237296e-09 4.670232781756461667e-10 -1.113238758547541394e-09 -4.940296996677189375e-12 -1.246955217944105463e-10 -1.245325332009426924e-11 4.726792021937128857e-10 -4.524455136896020610e-06 0.000000000000000000e+00
0.000000000000000000e+00 0.000000000000000000e+00 0.000000000000000000e+00 0.000000000000000000e+00 0.000000000000000000e+00 0.000000000000000000e+00 4.135009118835698188e-08 4.120141971318953641e-09 -1.091817895643986629e-08 -1.217886370487761917e-09 -7.457321469387862548e-10 3.093931185731322468e-09 4.446750252448494164e-10 -1.700740449240273692e-09 -1.474217762179227850e-10 -3.233786043749374561e-11 -3.873035680310131089e-11 2.644104277026970540e-10 -8.956271334474401324e-04 0.000000000000000000e+00
0.000000000000000000e+00 0.000000000000000000e+00 0.000000000000000000e+00 0.000000000000000000e+00 0.000000000000000000e+00 0.000000000000000000e+00 -5.767111437037960273e-09 2.623774404040525917e-09 -1.005373835061145228e-09 -6.521816515111812496e-10 1.512547907014988798e-09 -3.116162709051699773e-10 -2.240497397758963475e-10 8.761700433544627537e-11 -2.248967866801128752e-10 -4.844054951147227145e-11 -9.038205558530914285e-11 -3.994763269950696576e-09 5.439347815414246625e-05 0.000000000000000000e+00
0.000000000000000000e+00 0.000000000000000000e+00 0.000000000000000000e+00 0.000000000000000000e+00 0.000000000000000000e+00 0.000000000000000000e+00 4.598380607235295652e-09 -3.093423510398978240e-10 -2.368952252791330972e-09 -1.921859498958935778e-09 1.787961240498940083e-09 -6.043871337233238593e-11 -3.917999922130577655e-10 5.994090506470597162e-12 -7.049143560937501491e-11 -3.872142567326799371e-13 -5.285158265807675917e-06 -4.377752218636102905e-09 5.440691725362793154e-05 0.000000000000000000e+00
0.000000000000000000e+00 0.000000000000000000e+00 0.000000000000000000e+00 0.000000000000000000e+00 0.000000000000000000e+00 0.000000000000000000e+00 -9.785728451869526825e-09 2.275416120270907100e-09 -3.464867151956858456e-09 1.562794676068955764e-09 4.291797208078184385e-10 6.854448804101977152e-10 -1.377093759465566720e-10 9.288107606544347418e-11 -3.672398547411978080e-11 3.950429533609767132e-11 -2.082522522852329853e-04 -4.316299187088818882e-09 5.438808942400497293e-05 0.000000000000000000e+00
0.000000000000000000e+00 0.000000000000000000e+00 0.000000000000000000e+00 0.000000000000000000e+00 0.000000000000000000e+00 0.000000000000000000e+00 -2.271123117033140288e-09 -1.709825199821604231e-10 -5.757458919309304019e-10 -9.192617169954089049e-10 1.715448064038575283e-09 2.901287445036863608e-12 -2.939661102288726527e-11 6.242884231430357332e-11 -1.779651702670408343e-10 -5.968340959988640303e-11 -8.097788590814593134e-11 -3.783517434363388182e-09 -4.055377937588428381e+02 0.000000000000000000e+00
0.000000000000000000e+00 0.000000000000000000e+00 0.000000000000000000e+00 0.000000000000000000e+00 0.000000000000000000e+00 0.000000000000000000e+00 8.366180730945648074e-10 -1.807663314804589874e-09 -2.242820898501837557e-09 -2.209991310394017952e-09 2.189035255910558121e-09 2.397706294324916006e-10 -3.884577202817937041e-10 1.258222826974712710e-10 -2.548432893526741936e-10 -8.020110487850589882e-11 -8.715352458214131581e-11 -2.383315452764146226e-09 3.971656741742019355e+07 0.000000000000000000e+00
0.000000000000000000e+00 0.000000000000000000e+00 0.000000000000000000e+00 0.000000000000000000e+00 0.000000000000000000e+00 0.000000000000000000e+00 2.242472043103453032e-09 1.562131014240274658e-09 3.582979604873959353e-09 2.573720188847557804e-09 2.904098559623164355e-09 3.354347783758952451e-09 2.768470562557769083e-09 2.319769599264449927e-09 1.282893184694351722e-09 3.479109641515849359e-10 7.581382984418019652e-11 1.073571575931010692e-08 -2.395274889318020671e-07 0.000000000000000000e+00
0.000000000000000000e+00 0.000000000000000000e+00 0.000000000000000000e+00 0.000000000000000000e+00 0.000000000000000000e+00 0.000000000000000000e+00 1.034661638437106017e-09 9.790386130413235721e-11 4.892109207800545540e-10 3.884822652445453445e-10 2.754702525809816218e-10 4.026749624955933980e-10 2.608977802089185095e-10 1.890104604049214882e-10 9.505860401649081604e-11 7.790139357637626493e-11 2.539553081397275981e-06 1.568875422362118808e-08 -2.092737293734751912e-07 0.000000000000000000e+00
0.000000000000000000e+00 0.000000000000000000e+00 0.000000000000000000e+00 0.000000000000000000e+00 0.000000000000000000e+00 0.000000000000000000e+00 5.624983908850027449e-09 5.840073661816083973e-09 1.314699569408389886e-08 9.585007407632365909e-09 1.286698300765539598e-08 1.512413261568573287e-08 1.044118241784012776e-08 7.547753417652131844e-09 3.455312962771135791e-09 8.730661223198490682e-10 1.399304893364842665e-05 2.264827117704632279e-08 -1.814924557181214456e-07 0.000000000000000000e+00
0.000000000000000000e+00 0.000000000000000000e+00 0.000000000000000000e+00 0.000000000000000000e+00 0.000000000000000000e+00 0.000000000000000000e+00 6.985018830745169271e-10 2.409531713279696495e-10 6.000321448346430659e-10 4.000044065764460249e-10 4.259380407793408133e-10 5.694363033670150152e-10 4.411689310452629840e-10 4.141998191766853207e-10 2.557821981213637941e-10 1.130343748763345936e-10 2.950695562762334476e-11 1.622699311154860579e-09 -1.293645317979033962e+02 0.000000000000000000e+00
0.000000000000000000e+00 0.000000000000000000e+00 0.000000000000000000e+00 0.000000000000000000e+00 0.000000000000000000e+00 0.000000000000000000e+00 5.575231751894462111e-10 5.909527412889271160e-12 2.512811711282133773e-10 2.193568033770718609e-10 1.598145146344578406e-10 3.156847205070518150e-10 2.756235689619834116e-10 2.526088544279921329e-10 1.489649850372055990e-10 6.467837145666574936e-11 1.644491220525168137e-11 3.084563173167436903e-10 7.685250502291371115e+06 0.000000000000000000e+00
0.000000000000000000e+00 0.000000000000000000e+00 0.000000000000000000e+00 0.000000000000000000e+00 0.000000000000000000e+00 0.000000000000000000e+00 -1.786878776465132037e-09 -2.353267920697578079e-10 -1.142464182024561246e-08 -6.479486846239058070e-09 -5.679322125452320188e-09 -2.603429175366401431e-09 -1.271928080742241467e-09 -7.975068720428743977e-10 -5.732286073462269641e-10 -1.809353674240736494e-10 1.219169520120959160e-11 2.589560426649106075e-10 1.910086365136857660e-09 0.000000000000000000e+00
0.000000000000000000e+00 0.000000000000000000e+00 0.000000000000000000e+00 0.000000000000000000e+00 0.000000000000000000e+00 0.000000000000000000e+00 2.912430121102875939e-09 -6.579065265210901080e-10 -1.625824692415981448e-09 -2.653625270590122114e-09 -9.026984961447262657e-10 -3.186675304382104120e-10 2.131992925500180605e-11 -3.900658091079750206e-11 -2.034293689121208485e-11 -2.909520750100010755e-11 -4.468182670218765904e-11 2.715289164587971867e-10 1.950893548129875708e-09 0.000000000000000000e+00
0.000000000000000000e+00 0.000000000000000000e+00 0.000000000000000000e+00 0.000000000000000000e+00 0.000000000000000000e+00 0.000000000000000000e+00 -5.971397967404970772e-09 7.556737023503053455e-11 -2.058733537036363275e-08 -1.054688762326587316e-08 -1.120631447684093360e-08 -5.399891603222975818e-09 -2.431838498573871232e-09 -1.407800203213720447e-09 -9.220833590758863932e-10 -2.926981271469774765e-10 2.173790012173976844e-10 3.571612867679294747e-10 1.990759101791802228e-09 0.000000000000000000e+00
0.000000000000000000e+00 0.000000000000000000e+00 0.000000000000000000e+00 0.000000000000000000e+00 0.000000000000000000e+00 0.000000000000000000e+00 -1.650128787161371483e-10 -7.605408127698748015e-10 -4.989923117997249649e-09 -2.522741018873857611e-09 -2.242050138895997947e-09 -8.025696940933148573e-10 -2.601620022500867510e-10 -2.579942355262141013e-10 -1.840113346704577012e-10 -6.725778901956367992e-11 4.860007411328874547e-13 7.571457269934971578e-11 2.304592085284203587e-08 0.000000000000000000e+00
0.000000000000000000e+00 0.000000000000000000e+00 0.000000000000000000e+00 0.000000000000000000e+00 0.000000000000000000e+00 0.000000000000000000e+00 2.508302553575580944e-09 -3.667557842277452902e-10 -1.124722750981002569e-09 -1.871540807938735005e-09 -5.775564372673085317e-10 -2.146427081797033151e-10 -9.944207660131079486e-12 -5.465317251286015688e-11 -3.718352526354290358e-11 -1.562866605521603861e-11 -1.075683453833394398e-11 1.680698440220657098e-11 2.865587988278377570e-05 0.000000000000000000e+00
0.000000000000000000e+00 0.000000000000000000e+00 0.000000000000000000e+00 0.000000000000000000e+00 0.000000000000000000e+00 0.000000000000000000e+00 -6.948475623764476124e-09 -8.006718324938118741e-09 -6.238181352304572249e-08 -3.022902720198527413e-08 -1.913495681039159053e-08 -8.069648413746713648e-09 -1.582853186220971514e-09 -8.983495824634749674e-10 -1.990348611829430299e-10 -9.698708436467529362e-11 9.310823922715103740e-12 2.153553712075407434e-11 1.310783754150188733e-09 0.000000000000000000e+00
0.000000000000000000e+00 0.000000000000000000e+00 0.000000000000000000e+00 0.000000000000000000e+00 0.000000000000000000e+00 0.000000000000000000e+00 -4.895093728973362741e-09 -6.805149860535659846e-09 -4.752747774978668528e-09 -4.077809703426038904e-09 -2.075967745907692586e-09 -1.679066090095191612e-10 1.493758468027890709e-10 -7.342918529319473681e-11 -2.391111456708899901e-11 2.970800600217670565e-11 1.907094279659850425e-09 5.069423320144848614e-11 1.350247880995117749e-09 0.000000000000000000e+00
0.000000000000000000e+00 0.000000000000000000e+00 0.000000000000000000e+00 0.000000000000000000e+00 0.000000000000000000e+00 0.000000000000000000e+00 -8.864786718919195699e-09 -9.302947668638509698e-09 -1.162856175327693509e-07 -5.656614696500613308e-08 -3.847851110198570131e-08 -1.746940719099210228e-08 -2.931379091377731911e-09 -1.590618928849710464e-09 -1.665981631363158021e-10 -2.262996249834628176e-10 1.102121556108927257e-08 6.057209545286758654e-11 1.328668883344497493e-09 0.000000000000000000e+00
0.000000000000000000e+00 0.000000000000000000e+00 0.000000000000000000e+00 0.000000000000000000e+00 0.000000000000000000e+00 0.000000000000000000e+00 -9.591968829284707431e-09 -4.175945518597486462e-09 -2.234286673064189910e-08 -7.288776813949173437e-09 -6.853199267154142723e-09 -2.262190194549697104e-09 6.564724714818106837e-12 -1.434396485664169149e-10 -1.062580264620002901e-10 1.048342325000448086e-11 1.157669101371517699e-12 -3.244778628955511942e-11 -8.989739457311746206e-06 0.000000000000000000e+00
0.000000000000000000e+00 0.000000000000000000e+00 0.000000000000000000e+00 0.000000000000000000e+00 0.000000000000000000e+00 0.000000000000000000e+00 -1.554946439452559364e-10 -5.734234199616264765e-09 -2.338190601663773665e-09 -3.130495777995045421e-09 -1.758147168873159542e-09 1.864766414352876463e-11 7.107434800156390533e-12 -1.209531752407255434e-10 -1.091878259942861321e-10 6.449731793809495298e-11 6.109924447706513609e-15 -3.583302294218379834e-11 -7.236028864781434431e-04 0.000000000000000000e+00
0.000000000000000000e+00 0.000000000000000000e+00 0.000000000000000000e+00 0.000000000000000000e+00 0.000000000000000000e+00 0.000000000000000000e+00 5.125780500178012379e-10 2.254783890607050794e-10 -2.838958970866200013e-10 -1.298158860586534262e-10 -2.699036587476623944e-10 -1.690354462769631655e-10 -3.752768028450232837e-10 -2.651364122654967474e-10 -1.527617389810163341e-10 -1.122164251916443570e-10 -7.846716924728695173e-11 -3.412561801343084688e-09 5.878478375660341521e-06 0.000000000000000000e+00
0.000000000000000000e+00 0.000000000000000000e+00 0.000000000000000000e+00 0.000000000000000000e+00 0.000000000000000000e+00 0.000000000000000000e+00 -8.735899342656859202e-11 -2.290691032098237006e-09 -8.251695016615190268e-10 -7.422774812729634317e-10 -1.132639601065042814e-09 -1.103607620239749226e-09 -6.589556439383178244e-10 -4.222681853520940405e-10 -2.317956321521627969e-10 -8.929186537866258554e-11 -1.171906185335261025e-05 -4.583697668940781125e-09 5.878584751222648736e-06 0.000000000000000000e+00
0.000000000000000000e+00 0.000000000000000000e+00 0.000000000000000000e+00 0.000000000000000000e+00 0.000000000000000000e+00 0.000000000000000000e+00 1.237987211174101363e-09 -1.967633822177113797e-10 -5.138273935592974073e-10 2.293975687696894880e-10 -2.489136505687811217e-10 -5.508018069567590979e-11 -4.390700235800860820e-10 -1.546427863419969851e-10 -4.339814126310939565e-11 -7.734441797520004500e-11 -1.441116898959226601e-04 -4.992019119686984209e-09 5.878364479296447892e-06 0.000000000000000000e+00
0.000000000000000000e+00 0.000000000000000000e+00 0.000000000000000000e+00 0.000000000000000000e+00 0.000000000000000000e+00 0.000000000000000000e+00 1.941765422523262009e-10 1.697482399820262188e-10 -1.610081415302043691e-10 -1.535172543609476612e-10 -2.652665335557903445e-10 -1.902866108778195150e-10 -3.567292130959841223e-10 -2.656334269643760570e-10 -1.723854175367900659e-10 -1.402425082393311898e-10 -5.503397220274721067e-11 -1.895360200692600002e-09 6.603548110404350382e+02 0.000000000000000000e+00
0.000000000000000000e+00 0.000000000000000000e+00 0.000000000000000000e+00 0.000000000000000000e+00 0.000000000000000000e+00 0.000000000000000000e+00 -1.614972761092896201e-09 -1.486750050384547452e-09 -6.262213560613216043e-10 -2.647685453062958179e-10 -5.771566764792827361e-10 -5.254114655363269105e-10 -7.177269506910577254e-10 -5.971568041891831589e-10 -3.508700047044786840e-10 -2.207374083715705472e-10 -3.380486445789580483e-11 1.052900885850182713e-10 5.933738625256539322e+06 0.000000000000000000e+00
0.000000000000000000e+00 0.000000000000000000e+00 0.000000000000000000e+00 0.000000000000000000e+00 0.000000000000000000e+00 0.000000000000000000e+00 7.633058591973139501e-10 4.521102798039232044e-10 2.686848448309558401e-10 1.669009618855473739e-10 1.468873591184781423e-10 8.689078986607224722e-11 7.324351894637844929e-11 3.699968295329291656e-11 1.510704918607138948e-11 3.768369736562511820e-12 6.838330734967754198e-13 7.178948141614497215e-11 1.599310360409941475e-07 0.000000000000000000e+00
0.000000000000000000e+00 0.000000000000000000e+00 0.000000000000000000e+00 0.000000000000000000e+00 0.000000000000000000e+00 0.000000000000000000e+00 6.790597309725945873e-10 5.042272420966817207e-10 2.855724438299580498e-10 1.838711894763752684e-10 1.790526984134765801e-10 9.624031204570125815e-11 6.264875781530326629e-11 2.336401689002312206e-11 6.545082889962335604e-12 1.496482364071338880e-12 1.698528311022042409e-08 1.231732633558536968e-10 1.613475238468687950e-07 0.000000000000000000e+00
0.000000000000000000e+00 0.000000000000000000e+00 0.000000000000000000e+00 0.000000000000000000e+00 0.000000000000000000e+00 0.000000000000000000e+00 1.003475130478969991e-09 8.324388010416769225e-10 4.636871126290549492e-10 3.380108771609493010e-10 2.647891716330304568e-10 1.810282626346255666e-10 1.029496307791269477e-10 5.021465891217758313e-11 1.715830704137226926e-11 3.793572400498914847e-12 1.426634635658590340e-07 1.422232919243583799e-10 1.601333605009652001e-07 0.000000000000000000e+00
0.000000000000000000e+00 0.000000000000000000e+00 0.000000000000000000e+00 0.000000000000000000e+00 0.000000000000000000e+00 0.000000000000000000e+00 2.060219791533911983e-10 1.981009486767453563e-10 1.447547976686620086e-10 7.260263665728905921e-11 8.826557776122326806e-11 4.262222882521573294e-11 4.479902782632628067e-11 2.231689600064468234e-11 1.073669941561155513e-11 3.132743907932659315e-12 5.297671151938558593e-13 4.494620858714439774e-11 2.410212386794071904e+01 0.000000000000000000e+00
0.000000000000000000e+00 0.000000000000000000e+00 0.000000000000000000e+00 0.000000000000000000e+00 0.000000000000000000e+00 0.000000000000000000e+00 3.772026483738243000e-10 2.455140250752833143e-10 1.683399836428968505e-10 1.011430375322852839e-10 1.008612924196291357e-10 7.082091724370608484e-11 6.304658575681190971e-11 3.143487242273906246e-11 1.243987015555798372e-11 3.276443662273850735e-12 5.477413203747689200e-13 2.059544145892115802e-11 -1.294411538634309545e+06 0.000000000000000000e+00
0.000000000000000000e+00 0.000000000000000000e+00 0.000000000000000000e+00 0.000000000000000000e+00 0.000000000000000000e+00 0.000000000000000000e+00 2.441659131059850467e-09 2.245308885411565234e-09 -1.063905656968725096e-09 -1.062652946440042899e-09 -9.187933244059318228e-10 -3.088427939327108609e-10 -1.906919697353195773e-10 -7.519454202924257863e-11 -4.523030236568464030e-11 -1.572580431895236377e-11 2.372818478524211592e-13 1.955164554917755109e-11 1.835267734234474978e-11 0.000000000000000000e+00
0.000000000000000000e+00 0.000000000000000000e+00 0.000000000000000000e+00 0.000000000000000000e+00 0.000000000000000000e+00 0.000000000000000000e+00 1.670145456150462634e-09 4.417214295329030108e-10 -5.243603693093800108e-10 -5.767935102923620273e-11 -5.684423011068422740e-10 5.122184805075383697e-11 -1.673246335994768241e-11 -2.430648735604032996e-12 -1.026064154120637445e-11 -3.669669953482223205e-12 -1.963420194641178905e-11 2.030256805399270517e-11 2.261025571032354905e-11 0.000000000000000000e+00
0.000000000000000000e+00 0.000000000000000000e+00 0.000000000000000000e+00 0.000000000000000000e+00 0.000000000000000000e+00 0.000000000000000000e+00 3.163670409187035791e-09 3.882215028389688467e-09 -1.576044967193199455e-09 -2.071012422384601949e-09 -1.387110585242776063e-09 -7.448920256087054867e-10 -3.399921269589959077e-10 -1.293325827143973651e-10 -6.094786868560992111e-11 -2.259301090301698557e-11 1.195490981377726208e-11 2.588670169107217798e-11 2.605265408252645944e-11 0.000000000000000000e+00
0.000000000000000000e+00 0.000000000000000000e+00 0.000000000000000000e+00 0.000000000000000000e+00 0.000000000000000000e+00 0.000000000000000000e+00 1.457351737923797791e-09 8.064485028338332828e-10 -2.429595006011767254e-10 -3.304673379840360331e-10 -5.219292169625567209e-10 -1.759212640609295789e-11 -5.894236132376453228e-11 -1.770912858727284772e-11 -2.066834244471707466e-11 -7.187515031960789487e-12 -3.861105296442906783e-13 7.794523109826695614e-12 1.585898699571163341e-07 0.000000000000000000e+00
0.000000000000000000e+00 0.000000000000000000e+00 0.000000000000000000e+00 0.000000000000000000e+00 0.000000000000000000e+00 0.000000000000000000e+00 1.173781403148867404e-09 1.739285141948195900e-10 -4.057521270720910275e-10 1.103963230453524954e-12 -4.341139955945019697e-10 3.120618751646300183e-11 -2.542777342769983307e-11 -1.001098273216898593e-11 -1.562624058324653894e-11 -3.672371971044866154e-12 -1.163243185276990294e-12 3.451822181623993452e-12 -6.343421663714058885e-05 0.000000000000000000e+00
0.000000000000000000e+00 0.000000000000000000e+00 0.000000000000000000e+00 0.000000000000000000e+00 0.000000000000000000e+00 0.000000000000000000e+00 -6.460339863905251445e-09 1.819390026059290045e-09 -9.330162901805653036e-09 -4.677027355635075188e-09 -1.845256046324708406e-09 -1.288380584843304355e-09 -6.220131964284060571e-10 -8.226649167000538868e-11 -3.476634873932142835e-11 -4.400034123239218578e-11 9.114410596920398984e-13 4.912220176311772121e-11 -2.205098157583309782e-09 0.000000000000000000e+00
0.000000000000000000e+00 0.000000000000000000e+00 0.000000000000000000e+00 0.000000000000000000e+00 0.000000000000000000e+00 0.000000000000000000e+00 3.197417390627892602e-09 6.901354355258527462e-09 -4.362916339991996921e-09 1.094889195993830997e-09 1.042605583383994375e-09 -3.372721214838620316e-10 -4.555683854545547088e-11 1.857993673099599531e-10 3.170198608912650130e-12 -1.000964496160271521e-11 1.624616863072203898e-10 5.786356493828919603e-11 -2.209189130750998054e-09 0.000000000000000000e+00
0.000000000000000000e+00 0.000000000000000000e+00 0.000000000000000000e+00 0.000000000000000000e+00 0.000000000000000000e+00 0.000000000000000000e+00 -1.494451551517274755e-08 -2.642290131499036912e-09 -1.420254380305962365e-08 -1.038979029431187106e-08 -5.087592193974361142e-09 -2.355263897199900976e-09 -1.144492697559783772e-09 -3.219778707688724775e-10 -7.148830276355115816e-11 -4.925140051621039602e-11 7.690772888754590414e-10 7.655459260815108131e-11 -2.201542613497095127e-09 0.000000000000000000e+00
0.000000000000000000e+00 0.000000000000000000e+00 0.000000000000000000e+00 0.000000000000000000e+00 0.000000000000000000e+00 0.000000000000000000e+00 -1.879157173586723750e-09 3.504554211119419179e-09 -3.326293950900181903e-09 -1.446972056955700405e-09 3.321770248895521743e-10 -3.203365752857766806e-10 -1.625797653037591863e-10 7.089637952844075974e-11 -6.319671839938084685e-12 -2.482646491987878955e-11 1.904876932918043535e-12 1.664171153104292460e-11 1.804120466680950467e-06 0.000000000000000000e+00
0.000000000000000000e+00 0.000000000000000000e+00 0.000000000000000000e+00 0.000000000000000000e+00 0.000000000000000000e+00 0.000000000000000000e+00 1.311890174651672134e-09 4.834525145422705874e-09 -2.573798364632888559e-09 1.174037745075593550e-09 9.180346575475978325e-10 -4.532641562172848781e-10 -8.279231496808992248e-11 1.809137072409544551e-10 4.261533714534243558e-12 -1.818391225752736649e-11 1.560645253721664001e-12 -3.118505945623769194e-11 -4.378525753095209648e-04 0.000000000000000000e+00
0.000000000000000000e+00 0.000000000000000000e+00 0.000000000000000000e+00 0.000000000000000000e+00 0.000000000000000000e+00 0.000000000000000000e+00 3.158360028485832105e-10 -3.855083654509575715e-10 -1.104024839489765407e-10 -2.510268639560611583e-10 -1.787043251812968161e-10 -5.842632140787266703e-11 3.491965720185443863e-11 -3.788874266802340029e-11 8.993788079226690466e-12 -1.115395579031911176e-11 -9.767982619940441586e-12 -3.307417709610361302e-10 4.300621197383251578e-06 0.000000000000000000e+00
0.000000000000000000e+00 0.000000000000000000e+00 0.000000000000000000e+00 0.000000000000000000e+00 0.000000000000000000e+00 0.000000000000000000e+00 -6.762389296927944507e-10 -2.454061023386079033e-10 2.378795380852113792e-10 -5.017056592116562610e-10 -2.661556263795943045e-10 -2.182301211652207107e-10 -6.020686624420102787e-11 -8.222296614990373319e-12 1.014859930825691020e-12 -1.159935016407224410e-11 -1.218244460003550808e-05 -5.000754351793794165e-10 4.298512313439461546e-06 0.000000000000000000e+00
0.000000000000000000e+00 0.000000000000000000e+00 0.000000000000000000e+00 0.000000000000000000e+00 0.000000000000000000e+00 0.000000000000000000e+00 7.645699323002050041e-10 -1.911990533244330798e-09 3.362405585256971053e-10 -2.205062637294051670e-10 -1.998694633045746326e-10 -9.358803482452244110e-11 1.441969311696142499e-11 -5.327663391763686833e-11 -3.288656662652567018e-11 -2.521207830830712647e-11 -8.408202399176930425e-05 -5.266366786024567963e-10 4.299023382357261719e-06 0.000000000000000000e+00
0.000000000000000000e+00 0.000000000000000000e+00 0.000000000000000000e+00 0.000000000000000000e+00 0.000000000000000000e+00 0.000000000000000000e+00 4.540288407404693214e-10 -3.197464973278732967e-10 -8.705487725239448306e-11 -2.999377722326419431e-10 -9.967314441792824398e-11 -3.619421574752026642e-11 4.601902106673290266e-11 -3.369894574911525064e-11 6.186920710694995032e-12 -1.441711510786184671e-11 -7.448827634600862540e-12 -1.524850785005705421e-10 9.955910088570206540e+01 0.000000000000000000e+00
0.000000000000000000e+00 0.000000000000000000e+00 0.000000000000000000e+00 0.000000000000000000e+00 0.000000000000000000e+00 0.000000000000000000e+00 -9.304575556829088125e-11 4.883793551274617796e-11 -9.198082039208347812e-11 -4.062067202340921704e-10 -1.037029088305928874e-10 -1.211187825531307373e-10 -7.643251991939870236e-11 -1.137730423987056274e-11 6.605218689385554218e-12 -1.385027781148084985e-11 -8.373108781533162701e-12 2.163668637573514697e-11 -1.060518763557452010e+06 0.000000000000000000e+00
0.000000000000000000e+00 0.000000000000000000e+00 0.000000000000000000e+00 0.000000000000000000e+00 0.000000000000000000e+00 0.000000000000000000e+00 6.411083223681774225e-12 1.967150953097693143e-12 2.479242368990288092e-12 1.403783837141072777e-12 1.157699895629919549e-12 7.439502705864116713e-13 4.869635512042676430e-13 2.504050341743270653e-13 1.293303928974422399e-13 4.317916945511982876e-14 2.377078274728571460e-14 5.649094651079187742e-13 1.896183952393067405e-09 0.000000000000000000e+00
0.000000000000000000e+00 0.000000000000000000e+00 0.000000000000000000e+00 0.000000000000000000e+00 0.000000000000000000e+00 0.000000000000000000e+00 9.559156802954494877e-13 1.218320579352331085e-12 2.306927502597218600e-12 1.342862302951765047e-12 1.914076386253287955e-12 1.112244845366116323e-12 4.730667892504083711e-13 2.011422215151004347e-13 7.654579877033009424e-14 3.145135944080001466e-14 1.706576817924438008e-09 1.005680310854069101e-12 1.930366071050413801e-09 0.000000000000000000e+00
0.000000000000000000e+00 0.000000000000000000e+00 0.000000000000000000e+00 0.000000000000000000e+00 0.000000000000000000e+00 0.000000000000000000e+00 2.361067360309153994e-11 5.290342412292727070e-12 5.532194815229999781e-12 3.294603953679019035e-12 2.390139225027698140e-12 1.426934279804274796e-12 8.067924412749151951e-13 3.760516223793345795e-13 1.169852557059206165e-13 3.858437397294485359e-14 1.492362651763927275e-08 9.539317209760221296e-13 1.904319591198590011e-09 0.000000000000000000e+00
0.000000000000000000e+00 0.000000000000000000e+00 0.000000000000000000e+00 0.000000000000000000e+00 0.000000000000000000e+00 0.000000000000000000e+00 1.060531073349629417e-12 6.932755368931020670e-13 1.017559400969686924e-12 5.799413802197397216e-13 6.794097858608861899e-13 4.599269082259486620e-13 3.054510943566155592e-13 1.801858266545764776e-13 1.188101054839620261e-13 4.257750931432294714e-14 2.425767962346875416e-14 6.443620626190744990e-13 -3.697972995621322256e-03 0.000000000000000000e+00
0.000000000000000000e+00 0.000000000000000000e+00 0.000000000000000000e+00 0.000000000000000000e+00 0.000000000000000000e+00 0.000000000000000000e+00 5.681317478159830976e-13 7.022888040167492135e-13 1.273038465798945439e-12 7.653757610596929565e-13 1.187101764666993958e-12 8.616089012773060811e-13 5.046410257047775158e-13 2.560847760315296509e-13 1.399967740024813873e-13 4.599599668873900837e-14 2.459691867498891569e-14 3.502096148337237510e-13 3.523962182731149539e+01 0.000000000000000000e+00
0.000000000000000000e+00 0.000000000000000000e+00 0.000000000000000000e+00 0.000000000000000000e+00 0.000000000000000000e+00 0.000000000000000000e+00 -5.708848793080240457e-10 -1.718836745117849361e-10 -1.826235487453083093e-10 -7.757239066150586784e-11 -5.998516814604078431e-12 -2.184997486362229065e-12 -3.744939484704897036e-12 8.500389004718528737e-13 -5.111209675697500616e-14 4.502486284911105828e-15 -4.406442855698585386e-15 1.169459527306539950e-14 1.959269003352752066e-13 0.000000000000000000e+00
0.000000000000000000e+00 0.000000000000000000e+00 0.000000000000000000e+00 0.000000000000000000e+00 0.000000000000000000e+00 0.000000000000000000e+00 1.828135587333606037e-11 -1.039374083945775550e-10 -1.853981608246862996e-10 -7.296213121640042126e-11 -3.850420170030680810e-11 -4.619069672823630698e-12 -7.900737812094961468e-12 -1.344809343271180441e-13 6.471761170269852136e-14 3.408203776091590295e-14 8.930157085824665952e-12 -3.289500441406972598e-16 1.750294920904637696e-13 0.000000000000000000e+00
0.000000000000000000e+00 0.000000000000000000e+00 0.000000000000000000e+00 0.000000000000000000e+00 0.000000000000000000e+00 0.000000000000000000e+00 -1.098634756901584568e-09 -2.355522355065598830e-10 -1.876271198166334137e-10 -8.766011816689605867e-11 2.294336388154072502e-11 3.967999242761197185e-13 1.298034704494277610e-12 2.108667996267773796e-12 -2.565252270694458370e-13 2.701054592920510058e-14 -3.066844610694076308e-11 1.189900598225730733e-14 1.554501793399354196e-13 0.000000000000000000e+00
0.000000000000000000e+00 0.000000000000000000e+00 0.000000000000000000e+00 0.000000000000000000e+00 0.000000000000000000e+00 0.000000000000000000e+00 -2.089445966552698063e-10 -9.953645913844462860e-11 -1.294181600854331022e-10 -5.204255686948812616e-11 -1.356037339622056033e-11 -3.564963158200298208e-12 -5.314608454356269172e-12 -3.333399952385118836e-14 6.854449111289582462e-14 9.065379802716598559e-15 5.741860485614175639e-16 -5.220753345110234310e-15 -4.517983050094726951e-09 0.000000000000000000e+00
0.000000000000000000e+00 0.000000000000000000e+00 0.000000000000000000e+00 0.000000000000000000e+00 0.000000000000000000e+00 0.000000000000000000e+00 3.992935335415701032e-11 -7.527007547826450839e-11 -1.356597440523920763e-10 -5.401193353257122299e-11 -2.762232163250167100e-11 -2.566014588108108725e-12 -7.786726373420355852e-12 -9.257570872697959943e-14 1.000004844522046858e-13 1.302476324296783521e-14 -3.842743758808063726e-16 3.158491047874159235e-14 -1.041355922679511727e-07 0.000000000000000000e+00
0.000000000000000000e+00 0.000000000000000000e+00 0.000000000000000000e+00 0.000000000000000000e+00 0.000000000000000000e+00 0.000000000000000000e+00 -2.352890153070606698e-09 -4.850205243928721861e-10 -6.762149793842464831e-10 -7.172228271244707939e-11 1.316760037508672953e-11 -4.426602911501392713e-11 -5.158808277897112168e-12 -1.030915271850712687e-12 -9.129237557156280553e-13 4.513183721700437313e-13 5.565539634603707536e-14 -2.664189480988168340e-13 3.518584809502611216e-11 0.000000000000000000e+00
0.000000000000000000e+00 0.000000000000000000e+00 0.000000000000000000e+00 0.000000000000000000e+00 0.000000000000000000e+00 0.000000000000000000e+00 -1.867964996497470291e-10 6.084220599246817198e-11 -4.322528109382957198e-10 -5.667831030427764379e-11 -6.850854076004651935e-11 -3.887264000241062993e-12 -7.438478743788936365e-12 -3.495246400409598208e-12 -1.560198598799726555e-12 3.154727413134816337e-13 5.038590075292992587e-11 -2.761486599256439185e-13 3.439676633291994312e-11 0.000000000000000000e+00
0.000000000000000000e+00 0.000000000000000000e+00 0.000000000000000000e+00 0.000000000000000000e+00 0.000000000000000000e+00 0.000000000000000000e+00 -4.294711421849813320e-09 -9.788528284105763597e-10 -9.310585461762896257e-10 -8.571024263801737444e-11 9.343688894315062617e-11 -9.043175895190541112e-11 -2.245668858645237586e-12 1.985700282105569984e-12 7.208363058315647240e-14 2.327269464850327214e-13 3.724394222267388375e-10 -3.421714056790162659e-13 3.445686776517550670e-11 0.000000000000000000e+00
0.000000000000000000e+00 0.000000000000000000e+00 0.000000000000000000e+00 0.000000000000000000e+00 0.000000000000000000e+00 0.000000000000000000e+00 -9.640035127220283700e-10 -1.814267289215067178e-10 -3.686285411861894141e-10 -3.492321557607233604e-11 -1.452417763186137337e-11 -1.655737730467681166e-11 -3.723910832993145723e-12 -2.049453985693655037e-12 -1.545236213221010509e-12 5.986460050745067738e-13 1.707811944708499000e-13 -4.312496077098929817e-13 1.618734661509549289e-08 0.000000000000000000e+00
0.000000000000000000e+00 0.000000000000000000e+00 0.000000000000000000e+00 0.000000000000000000e+00 0.000000000000000000e+00 0.000000000000000000e+00 -3.029238889261108529e-11 5.360066670578903135e-11 -3.146633486029818081e-10 -4.538504370112065804e-11 -5.960115890098115236e-11 4.185474510496980522e-14 -8.009672950925201743e-12 -3.115996799107880278e-12 -2.044469296668660614e-12 4.177046851641021885e-13 2.507576511199573537e-13 -4.372089164269789599e-13 2.468587331442458947e-06 0.000000000000000000e+00
0.000000000000000000e+00 0.000000000000000000e+00 0.000000000000000000e+00 0.000000000000000000e+00 0.000000000000000000e+00 0.000000000000000000e+00 6.613962600233147912e-12 6.449962114012783812e-12 -2.891251839539333096e-12 -3.124855810222099368e-12 -2.564965731564942843e-12 -1.242266251484779479e-12 -1.455950324453113311e-12 -1.015818569399330509e-12 -4.536407924408001080e-13 -1.869589686654671835e-13 -1.320466849755096808e-13 -1.284110399478948609e-13 9.623023065107864716e-08 0.000000000000000000e+00
0.000000000000000000e+00 0.000000000000000000e+00 0.000000000000000000e+00 0.000000000000000000e+00 0.000000000000000000e+00 0.000000000000000000e+00 -1.358875505182411290e-11 1.391067477711214235e-11 -3.750194394065003251e-12 4.183602159960396487e-12 -7.239948461577697236e-12 -2.615263757422061869e-12 3.569021887702116869e-14 -8.692745277263690001e-13 -4.426751179987843423e-13 -9.029683223900168455e-13 -5.982812534617867194e-07 -1.563110113631591414e-12 9.618338349137589093e-08 0.000000000000000000e+00
0.000000000000000000e+00 0.000000000000000000e+00 0.000000000000000000e+00 0.000000000000000000e+00 0.000000000000000000e+00 0.000000000000000000e+00 6.139971047908641377e-12 -7.819635080866202108e-12 -4.969601228939068054e-12 -6.502996895197915929e-12 -3.141678516379427341e-12 -6.643327825745074943e-12 -2.477364757739738931e-12 -1.121411500547418701e-12 -4.918061024821307919e-13 -3.054729833059529336e-13 -4.379537754694007663e-06 -1.114932241936227438e-12 9.617154983110019234e-08 0.000000000000000000e+00
0.000000000000000000e+00 0.000000000000000000e+00 0.000000000000000000e+00 0.000000000000000000e+00 0.000000000000000000e+00 0.000000000000000000e+00 5.188945901970778887e-12 7.867817818282757706e-12 -2.833524057238195626e-12 -1.560423543459727414e-12 -2.831350765637881465e-12 -6.603117047053586649e-13 -1.951220183960570038e-12 -9.189090126967130864e-13 -4.472669299470789761e-13 -1.602073220489200248e-13 -1.607955118841748795e-13 3.468718611888773095e-13 2.038614762033965633e+00 0.000000000000000000e+00
0.000000000000000000e+00 0.000000000000000000e+00 0.000000000000000000e+00 0.000000000000000000e+00 0.000000000000000000e+00 0.000000000000000000e+00 -6.962391830437373636e-12 8.378078652348975047e-12 9.957636726194043792e-13 2.233436123892229069e-12 -3.202279310482705576e-12 -1.597688469314367556e-12 -1.187416228350212793e-12 -1.664753331121146682e-12 -4.342600656343885019e-14 -1.326076837287704259e-13 -1.672944203170998938e-13 -4.998080869185791241e-12 1.217553288319987223e+04 0.000000000000000000e+00
0.000000000000000000e+00 0.000000000000000000e+00 0.000000000000000000e+00 0.000000000000000000e+00 0.000000000000000000e+00 0.000000000000000000e+00 4.601632066624856114e-11 4.854322526112709812e-11 5.406848813880975377e-11 5.117271537673221701e-11 5.115646577014530325e-11 4.036122018905604837e-11 2.171822718549670430e-11 1.301938508118314631e-11 9.345119593772170739e-12 1.864911785409406620e-12 5.652150696446277097e-13 1.637595020191904047e-11 1.818982425758092882e-08 0.000000000000000000e+00
0.000000000000000000e+00 0.000000000000000000e+00 0.000000000000000000e+00 0.000000000000000000e+00 0.000000000000000000e+00 0.000000000000000000e+00 1.097992292919761825e-10 1.147922599876294213e-10 1.102053784183105809e-10 8.504872546870906027e-11 8.526466353601970126e-11 5.099383471328482125e-11 2.033592645134319605e-11 1.159082145568007288e-11 6.314489230048795867e-12 1.347451831791272506e-12 1.376747032885537460e-08 3.155255407139450592e-11 1.881535364278780013e-08 0.000000000000000000e+00
0.000000000000000000e+00 0.000000000000000000e+00 0.000000000000000000e+00 0.000000000000000000e+00 0.000000000000000000e+00 0.000000000000000000e+00 1.315189776551804493e-10 1.299227451279948037e-10 1.308091478477937116e-10 1.319256969883092701e-10 1.238109443720665752e-10 7.980889837893583684e-11 2.327274130080118904e-11 9.911188195110104512e-12 5.913900325275584288e-12 1.451888884816349777e-12 6.254007521005671663e-08 2.560301685778548763e-11 1.822919975761658706e-08 0.000000000000000000e+00
0.000000000000000000e+00 0.000000000000000000e+00 0.000000000000000000e+00 0.000000000000000000e+00 0.000000000000000000e+00 0.000000000000000000e+00 3.030833406798539722e-11 3.279584503138099464e-11 3.474686709121116771e-11 2.996301615711742741e-11 3.223496691026876487e-11 2.667997929262146450e-11 1.681992987897611395e-11 1.213017658154322519e-11 8.526687901815575304e-12 1.839029174236760710e-12 5.655606093579477946e-13 1.857072945629089562e-11 -3.029059839491206052e-01 0.000000000000000000e+00
0.000000000000000000e+00 0.000000000000000000e+00 0.000000000000000000e+00 0.000000000000000000e+00 0.000000000000000000e+00 0.000000000000000000e+00 5.971236012475891997e-11 6.210681786942043260e-11 5.972342027361697274e-11 4.674053216359282332e-11 4.982782441856796407e-11 3.756333644509044005e-11 2.098107485029623401e-11 1.467576141145581864e-11 1.019814500328433482e-11 1.991379963891642848e-12 5.804366170946711044e-13 8.884686828931887896e-12 -2.261549929024423591e+02 0.000000000000000000e+00
0.000000000000000000e+00 0.000000000000000000e+00 0.000000000000000000e+00 0.000000000000000000e+00 0.000000000000000000e+00 0.000000000000000000e+00 -8.173566173625818656e-10 -7.754655406117709638e-11 -8.561857886140933974e-10 2.648647713878743450e-10 8.183303047445100632e-11 -2.939234991493245587e-11 2.920114320564099771e-11 3.611113177495678794e-12 2.766107323842928092e-12 8.232415031940293867e-13 -3.620969516168765348e-14 -2.389286499140740400e-13 2.608825087157138779e-12 0.000000000000000000e+00
0.000000000000000000e+00 0.000000000000000000e+00 0.000000000000000000e+00 0.000000000000000000e+00 0.000000000000000000e+00 0.000000000000000000e+00 8.115484688694682302e-10 -4.072226579361636157e-10 -1.373855162523925949e-09 1.537045598687102990e-10 5.865114656996895249e-10 -4.084009677729636948e-12 2.383840914077372389e-11 2.433965647905087037e-12 2.767467184524740502e-12 7.136892978867503953e-13 -2.475091593146901423e-11 -3.080900765126465118e-13 2.619036987173693398e-12 0.000000000000000000e+00
0.000000000000000000e+00 0.000000000000000000e+00 0.000000000000000000e+00 0.000000000000000000e+00 0.000000000000000000e+00 0.000000000000000000e+00 -2.267133483752664495e-09 2.118083384071856797e-10 -4.341203661504762127e-10 4.004055624742914826e-10 -3.909396208723705329e-10 -6.339702674840571909e-11 3.484137718079240686e-11 3.151056340430547844e-12 1.683683811387792185e-12 3.779163185630363957e-13 -5.969285805558957752e-12 -2.547420762977990942e-13 2.729129622877534005e-12 0.000000000000000000e+00
0.000000000000000000e+00 0.000000000000000000e+00 0.000000000000000000e+00 0.000000000000000000e+00 0.000000000000000000e+00 0.000000000000000000e+00 -1.328547056407517389e-10 -1.711620217555656451e-10 -7.942154033522893865e-10 1.784336582930084432e-10 2.166571070622454657e-10 -9.698410585772231349e-12 2.288965085193414053e-11 4.366889360727499592e-12 3.012706883240722842e-12 9.579096175266250032e-13 -3.999634993483658115e-14 -2.709031971019718820e-13 1.802492860583494826e-09 0.000000000000000000e+00
0.000000000000000000e+00 0.000000000000000000e+00 0.000000000000000000e+00 0.000000000000000000e+00 0.000000000000000000e+00 0.000000000000000000e+00 6.179854934877944617e-10 -3.012665277240749295e-10 -1.004336490342957504e-09 1.138188415971126916e-10 4.534604938047350641e-10 -1.477407189116228173e-12 2.281859939392967791e-11 2.780050096490084557e-12 3.316062565842181839e-12 1.038484097688107512e-12 -3.362639482253835878e-14 -1.457746738660467714e-13 1.571486570243267859e-07 0.000000000000000000e+00
0.000000000000000000e+00 0.000000000000000000e+00 0.000000000000000000e+00 0.000000000000000000e+00 0.000000000000000000e+00 0.000000000000000000e+00 1.687159121688247715e-09 9.809553275439135828e-10 -3.107216508612690637e-09 9.601490415341570987e-10 -7.472610225046458781e-10 -1.722440276524850587e-11 9.594975532696262395e-11 4.061308216247270717e-11 -2.308324904788860783e-11 -4.470738000793106717e-12 1.989887395100824740e-12 -2.652316927391690145e-12 1.264299827987642177e-10 0.000000000000000000e+00
0.000000000000000000e+00 0.000000000000000000e+00 0.000000000000000000e+00 0.000000000000000000e+00 0.000000000000000000e+00 0.000000000000000000e+00 5.252678056419689901e-09 -3.257870053015117438e-10 -4.570596276511464086e-09 -1.778747417494226029e-10 9.146806042055887634e-10 1.294615435581779814e-11 1.065549044420926207e-10 3.972698618502931689e-11 -1.493372649205696870e-11 -2.403835557781070160e-12 -2.638103777289471723e-10 -4.190796085629408632e-12 1.255624954495706496e-10 0.000000000000000000e+00
0.000000000000000000e+00 0.000000000000000000e+00 0.000000000000000000e+00 0.000000000000000000e+00 0.000000000000000000e+00 0.000000000000000000e+00 -1.438875973776837955e-09 2.159256711618616137e-09 -1.963455583696132405e-09 2.124167530284005510e-09 -2.489384239529049896e-09 -6.823318750917891443e-11 7.227315498327326269e-11 3.114894586458106253e-11 -2.063976927023080879e-11 -2.090709668301365281e-12 2.293801483400234688e-10 -3.759937419513383253e-12 1.253577838922537614e-10 0.000000000000000000e+00
0.000000000000000000e+00 0.000000000000000000e+00 0.000000000000000000e+00 0.000000000000000000e+00 0.000000000000000000e+00 0.000000000000000000e+00 2.350404505468241487e-09 2.814021158351187467e-10 -2.775473678194531061e-09 3.689501326747682435e-10 -3.078341805499479098e-11 3.340036187079333295e-11 9.281221113827581892e-11 4.602613143812133372e-11 -1.860090335088756677e-11 -4.133713394417635227e-12 2.107042593916257607e-12 -2.270295024490261747e-12 9.386452543536942708e-08 0.000000000000000000e+00
0.000000000000000000e+00 0.000000000000000000e+00 0.000000000000000000e+00 0.000000000000000000e+00 0.000000000000000000e+00 0.000000000000000000e+00 3.891925535777733290e-09 -2.600400345602484156e-10 -3.346686346026741971e-09 -1.386226924872202489e-10 7.035080023205352331e-10 1.827726371917897185e-11 1.118091764299950577e-10 4.123501653571865418e-11 -1.941390372014095492e-11 -4.754683551127917837e-12 1.935432801480666993e-12 8.363277155054941370e-13 -9.538583956609455733e-07 0.000000000000000000e+00
0.000000000000000000e+00 0.000000000000000000e+00 0.000000000000000000e+00 0.000000000000000000e+00 0.000000000000000000e+00 0.000000000000000000e+00 1.072971388376280097e-11 1.434894384021983836e-11 1.110777189336689271e-11 7.912955641605226846e-12 7.430883268227191164e-12 8.860321856248537505e-12 9.360711355936558103e-12 6.652547714010059662e-12 2.650676542634914484e-12 6.565052721948697872e-13 2.977595793505123489e-14 2.739659530888775712e-12 4.133215105605681345e-08 0.000000000000000000e+00
0.000000000000000000e+00 0.000000000000000000e+00 0.000000000000000000e+00 0.000000000000000000e+00 0.000000000000000000e+00 0.000000000000000000e+00 4.506791499127352648e-11 7.281869977680715394e-11 4.626857334149036424e-11 3.428653533685589042e-11 3.139610370935165729e-11 2.047987955749590416e-11 1.845985606489457217e-11 8.810032719887550580e-12 3.497295423749189253e-12 1.910827063590210485e-12 8.846523059966513324e-08 1.147711683851497208e-11 4.122428087832789868e-08 0.000000000000000000e+00
0.000000000000000000e+00 0.000000000000000000e+00 0.000000000000000000e+00 0.000000000000000000e+00 0.000000000000000000e+00 0.000000000000000000e+00 5.594192771419448151e-12 9.676607987543615553e-12 7.260443504594319561e-12 9.005373842243128172e-12 9.978520384569764376e-12 7.427137758987061396e-12 1.551082052866163882e-11 1.482687791380919178e-11 2.262277782715386060e-12 1.959778629218880395e-12 2.112769237554212305e-07 4.187057506243908133e-12 4.129191876155049845e-08 0.000000000000000000e+00
0.000000000000000000e+00 0.000000000000000000e+00 0.000000000000000000e+00 0.000000000000000000e+00 0.000000000000000000e+00 0.000000000000000000e+00 8.145340684584756723e-12 1.436696597585555378e-11 1.053965296280119020e-11 6.269592512871269983e-12 6.222826037770430491e-12 1.038425873856412797e-11 1.052905108582912917e-11 5.927698557542685439e-12 2.402908250660299859e-12 3.423437887981071456e-13 -2.747147354773977154e-14 1.260180237709721268e-11 1.100084939146839247e+00 0.000000000000000000e+00
0.000000000000000000e+00 0.000000000000000000e+00 0.000000000000000000e+00 0.000000000000000000e+00 0.000000000000000000e+00 0.000000000000000000e+00 2.124824577060200068e-11 3.568201037521954653e-11 2.545440731016055152e-11 1.329160330209626138e-11 9.574071747803034564e-12 1.074416867760457354e-11 1.284187930188088452e-11 8.612254377661808932e-12 5.723507867870905015e-13 -5.395608579415564481e-13 4.432048525195679549e-13 1.393086980043343161e-11 -7.515136485875214021e+02 0.000000000000000000e+00
0.000000000000000000e+00 0.000000000000000000e+00 0.000000000000000000e+00 0.000000000000000000e+00 0.000000000000000000e+00 0.000000000000000000e+00 9.027453022379015277e-18 5.791456561904354241e-18 4.004461829399652399e-18 1.835988569232262989e-18 2.029310510962247581e-18 1.188302814952352215e-18 8.543209239701786647e-19 4.363550286629379723e-19 1.862083796142151093e-19 5.769658249760794467e-20 2.746257872736487622e-20 4.429561573906293608e-19 1.501496567170009888e-15 0.000000000000000000e+00
0.000000000000000000e+00 0.000000000000000000e+00 0.000000000000000000e+00 0.000000000000000000e+00 0.000000000000000000e+00 0.000000000000000000e+00 6.546205052674529626e-18 6.266418706634388304e-18 6.467719475603061702e-18 3.301140731613297664e-18 3.235107656108352086e-18 1.691517299180804622e-18 9.180520578256724541e-19 3.868143782484519269e-19 1.254219851469103410e-19 3.936997438866336410e-20 3.839256104527266920e-16 8.361680184996143072e-19 1.529923977038747401e-15 0.000000000000000000e+00
0.000000000000000000e+00 0.000000000000000000e+00 0.000000000000000000e+00 0.000000000000000000e+00 0.000000000000000000e+00 0.000000000000000000e+00 1.691606422537921646e-17 6.776065607394792931e-18 3.104437950537486933e-18 1.403011944293683612e-18 1.889009864260782860e-18 1.236090270042787829e-18 6.774405850983495633e-19 2.978862269743362034e-19 9.917132532405004351e-20 3.687460725814793229e-20 2.710940608053857780e-15 6.503247581730095587e-19 1.504657861516883940e-15 0.000000000000000000e+00
0.000000000000000000e+00 0.000000000000000000e+00 0.000000000000000000e+00 0.000000000000000000e+00 0.000000000000000000e+00 0.000000000000000000e+00 3.719249923651042986e-18 3.024097150536522597e-18 2.633220133727727846e-18 1.300533611662174862e-18 1.372427516172842220e-18 8.472419694606885450e-19 6.414418314359549830e-19 3.574353484329279850e-19 1.737064397975821583e-19 5.737347732189611532e-20 2.777129589162062528e-20 5.499762106218212163e-19 4.653644996908825236e-10 0.000000000000000000e+00
0.000000000000000000e+00 0.000000000000000000e+00 0.000000000000000000e+00 0.000000000000000000e+00 0.000000000000000000e+00 0.000000000000000000e+00 3.386571824601464230e-18 3.391328148107149310e-18 3.342228942060464067e-18 1.820792675993927882e-18 1.906032240856588038e-18 1.276648650507836590e-18 9.689473776009276417e-19 4.987855189059995814e-19 2.151407428140568165e-19 6.126085437770767912e-20 2.913511533451144438e-20 2.267085060422846354e-19 1.363014250831865544e-04 0.000000000000000000e+00
0.000000000000000000e+00 0.000000000000000000e+00 0.000000000000000000e+00 0.000000000000000000e+00 0.000000000000000000e+00 0.000000000000000000e+00 -4.924877364241238419e-13 1.294582868368732557e-13 -3.047098459046970815e-13 6.064796401528258297e-14 -3.808461779752455012e-14 4.953603702242025517e-15 -5.971838228664533378e-15 3.975226989863243427e-16 -2.319176339741608529e-16 -6.862818286509138413e-17 8.248406546012112524e-18 -1.862439321798351768e-17 1.499257106412643159e-15 0.000000000000000000e+00
0.000000000000000000e+00 0.000000000000000000e+00 0.000000000000000000e+00 0.000000000000000000e+00 0.000000000000000000e+00 0.000000000000000000e+00 -4.697333617675910223e-13 1.476478543629206491e-13 -4.296522248026681626e-13 7.619374510225929697e-14 -4.852175080158025078e-14 9.711572353216794639e-15 -5.705363267792418002e-15 3.392730484726331354e-16 -9.481996444494442565e-17 -2.037602590872116318e-17 -1.944179257335357733e-15 -2.252900351570108831e-17 1.502190028287291718e-15 0.000000000000000000e+00
0.000000000000000000e+00 0.000000000000000000e+00 0.000000000000000000e+00 0.000000000000000000e+00 0.000000000000000000e+00 0.000000000000000000e+00 -5.182458541521311968e-13 1.161883339933792151e-13 -2.046807674291273186e-13 5.154553108211011007e-14 -3.433730307663325042e-14 -1.851801937106648790e-16 -5.256397655098312981e-15 7.581596186369220620e-16 -2.175571627975513789e-16 3.918897441828838010e-18 -8.524624637540500530e-15 -2.831195097503614467e-17 1.497327358248538969e-15 0.000000000000000000e+00
0.000000000000000000e+00 0.000000000000000000e+00 0.000000000000000000e+00 0.000000000000000000e+00 0.000000000000000000e+00 0.000000000000000000e+00 -3.538012673167656928e-13 1.062341493995728757e-13 -2.641388995812951937e-13 4.638092986435202582e-14 -2.882021981832221787e-14 5.563131609712363014e-15 -5.438321832848300678e-15 2.407581042302806936e-16 -1.789325951142508795e-16 -8.074285629645752000e-17 8.264828804070884117e-18 -3.711120758750017926e-18 -2.841755080103823311e-12 0.000000000000000000e+00
0.000000000000000000e+00 0.000000000000000000e+00 0.000000000000000000e+00 0.000000000000000000e+00 0.000000000000000000e+00 0.000000000000000000e+00 -3.348682185199019185e-13 1.077439801941802385e-13 -3.117258901524772415e-13 5.829266005158758816e-14 -3.501724425979609468e-14 9.527382107722220369e-15 -5.864741512158079328e-15 1.276614198537838457e-16 -1.497319825985536081e-16 -8.379895741814625544e-17 8.493728064843671456e-18 -1.223678042808161254e-18 4.303814559447349952e-11 0.000000000000000000e+00
0.000000000000000000e+00 0.000000000000000000e+00 0.000000000000000000e+00 0.000000000000000000e+00 0.000000000000000000e+00 0.000000000000000000e+00 -3.154857567827454267e-12 -1.353741923606339705e-13 -6.096993617927998074e-13 3.937586928254132497e-13 -5.229237039841690731e-14 -1.520394361602894208e-15 1.134461992529080504e-14 -1.408897426868388011e-14 3.509014044030589304e-16 -1.598917252235833220e-15 -7.123145168060059366e-16 1.943810089652657749e-16 -1.517475292421096099e-14 0.000000000000000000e+00
0.000000000000000000e+00 0.000000000000000000e+00 0.000000000000000000e+00 0.000000000000000000e+00 0.000000000000000000e+00 0.000000000000000000e+00 -1.246588698969762803e-12 5.900138411195614108e-15 -9.965310412794693908e-13 4.264100425798624220e-13 -7.985207852573927856e-14 7.204859456619728842e-15 1.414651310245123679e-14 -1.102323446475102981e-14 -3.846084521111531512e-17 -1.024018649402016878e-15 -2.213817939045349923e-14 1.717725871094380287e-16 -1.521755512470952051e-14 0.000000000000000000e+00
0.000000000000000000e+00 0.000000000000000000e+00 0.000000000000000000e+00 0.000000000000000000e+00 0.000000000000000000e+00 0.000000000000000000e+00 -4.876025999883165876e-12 -2.603871916261363400e-13 -2.886366651183971251e-13 4.014730989393673769e-13 -4.252225001624260528e-14 -1.530833329970996760e-14 1.056856880881477109e-14 -1.293410845287368157e-14 8.760608944859699679e-16 -6.785082202063194503e-16 -2.254716432898287129e-14 5.897882959356485939e-17 -1.549502172070874456e-14 0.000000000000000000e+00
0.000000000000000000e+00 0.000000000000000000e+00 0.000000000000000000e+00 0.000000000000000000e+00 0.000000000000000000e+00 0.000000000000000000e+00 -1.592436365410202289e-12 -3.534320339550863767e-14 -5.988189860261097413e-13 2.898149099774872386e-13 -4.900958595930242886e-14 3.063267586881616490e-15 6.722773382719913874e-15 -1.123081863036285786e-14 2.296541810312002879e-16 -1.708785484440423616e-15 -6.851740023449070055e-16 4.028537405015148649e-16 1.450065257952998334e-10 0.000000000000000000e+00
0.000000000000000000e+00 0.000000000000000000e+00 0.000000000000000000e+00 0.000000000000000000e+00 0.000000000000000000e+00 0.000000000000000000e+00 -9.057930929324102087e-13 -2.655706950766889624e-15 -7.184593695934539061e-13 3.214826826564357905e-13 -6.017515326028476679e-14 1.161840795628145934e-14 1.332822210640660277e-14 -1.297724991451407826e-14 -3.151471962085097771e-16 -1.794696940434140047e-15 -7.946023037807422185e-16 4.963335937867483603e-16 -2.608889516957375355e-09 0.000000000000000000e+00
0.000000000000000000e+00 0.000000000000000000e+00 0.000000000000000000e+00 0.000000000000000000e+00 0.000000000000000000e+00 0.000000000000000000e+00 1.397034666571729911e-15 5.331021392529724222e-16 -4.732691958393620093e-15 2.057097952680937291e-15 1.043473430898615859e-15 -1.552675192324546385e-15 -9.149621279039784237e-16 -6.918192800801095150e-16 -4.053022133966905438e-16 -1.680448232795604665e-16 4.400942006506630639e-17 -1.029861932623251807e-15 1.565197595616726861e-11 0.000000000000000000e+00
0.000000000000000000e+00 0.000000000000000000e+00 0.000000000000000000e+00 0.000000000000000000e+00 0.000000000000000000e+00 0.000000000000000000e+00 -2.743445341309853923e-15 1.689582157669020214e-14 -4.028999465590788079e-15 2.323690285849215120e-15 -2.898613063425734012e-15 -3.154821321303286977e-15 -2.128023935540240640e-15 -6.682377177990750216e-16 1.011199962412924843e-16 -2.739292005772314075e-16 -4.519338287600405174e-11 -1.336818300289735799e-15 1.557595905613587842e-11 0.000000000000000000e+00
0.000000000000000000e+00 0.000000000000000000e+00 0.000000000000000000e+00 0.000000000000000000e+00 0.000000000000000000e+00 0.000000000000000000e+00 5.004563961221545087e-15 1.183954228131356610e-15 -1.017027903724862301e-14 3.088549508955773534e-15 -2.009009941855369187e-15 -5.822274632869773221e-15 -2.428506189829221069e-15 -3.696803434565919733e-16 -2.056210906895075743e-16 1.688685545116831776e-16 -6.938362133517591337e-10 -7.883159285842019500e-16 1.560448602520924157e-11 0.000000000000000000e+00
0.000000000000000000e+00 0.000000000000000000e+00 0.000000000000000000e+00 0.000000000000000000e+00 0.000000000000000000e+00 0.000000000000000000e+00 3.227578055717630940e-15 1.691155355946930783e-15 -2.133690200920599621e-15 3.329166875870845434e-15 9.870171086778434263e-16 -1.268568220569432290e-15 -1.225589989177512384e-15 -7.945960978361345651e-16 -3.004247063001105641e-16 -1.767991304641982896e-16 6.929011138354758646e-17 -1.076683120420129376e-15 1.035373681949690967e-04 0.000000000000000000e+00
0.000000000000000000e+00 0.000000000000000000e+00 0.000000000000000000e+00 0.000000000000000000e+00 0.000000000000000000e+00 0.000000000000000000e+00 2.773817807922764342e-16 7.462198246460986143e-15 -3.482207474229471332e-15 1.655022061883693587e-15 -2.049358777587876401e-15 -1.244199363401108416e-15 -1.742170353190861309e-15 -5.315843351105996403e-16 -4.233652472356198076e-16 -8.753326755467469732e-17 7.451980077108176770e-17 -7.920164359268961320e-16 3.727729150650849022e+01 0.000000000000000000e+00
0.000000000000000000e+00 0.000000000000000000e+00 0.000000000000000000e+00 0.000000000000000000e+00 0.000000000000000000e+00 0.000000000000000000e+00 5.953487746669171551e-09 1.273370906387843133e-09 9.134532026720332721e-09 5.062079424334340651e-09 7.541189900228050862e-09 5.909054459391868389e-09 5.425155532339104698e-09 3.875099734831626297e-09 1.920096507198019541e-09 4.272769501163894373e-10 1.059672803710087063e-10 1.669659897669173625e-08 2.344471359077421324e-05 0.000000000000000000e+00
0.000000000000000000e+00 0.000000000000000000e+00 0.000000000000000000e+00 0.000000000000000000e+00 0.000000000000000000e+00 0.000000000000000000e+00 3.329874152456343724e-09 1.788318334030293697e-09 -1.747037074952479813e-09 1.892241751741781614e-09 1.140828425465129028e-09 1.818591615745048900e-09 7.284420482658715266e-10 5.992610260327492353e-10 2.235026912066899329e-10 1.240007320006403614e-10 4.607869087636465378e-06 2.487006770320994428e-08 2.351497875537110829e-05 0.000000000000000000e+00
0.000000000000000000e+00 0.000000000000000000e+00 0.000000000000000000e+00 0.000000000000000000e+00 0.000000000000000000e+00 0.000000000000000000e+00 1.895343183508867704e-08 1.076541070986750139e-08 3.039341139757705732e-08 2.184682849043219072e-08 2.989836214169904692e-08 2.850128505766197941e-08 2.012939151296934019e-08 1.247766063046025800e-08 5.029799185746418141e-09 1.107612734710334943e-09 1.152625089890507042e-05 3.633871133700844538e-08 2.364796232787657812e-05 0.000000000000000000e+00
0.000000000000000000e+00 0.000000000000000000e+00 0.000000000000000000e+00 0.000000000000000000e+00 0.000000000000000000e+00 0.000000000000000000e+00 3.185859939020969437e-09 2.661937531723892756e-11 1.804413039000472041e-09 3.554026361783945579e-10 4.023272603949568125e-10 1.545836392466246809e-09 9.934696533483851145e-10 8.903047608035631834e-10 4.751064282940210975e-10 1.471711619854510363e-10 4.611890348174433887e-11 4.198628115818954700e-09 2.610231296357393148e+03 0.000000000000000000e+00
0.000000000000000000e+00 0.000000000000000000e+00 0.000000000000000000e+00 0.000000000000000000e+00 0.000000000000000000e+00 0.000000000000000000e+00 7.000793793041504963e-10 5.079428019453760503e-10 -1.226117974137203138e-09 1.005075901005341609e-09 7.094827778473843529e-10 1.215560788008853731e-09 7.483912704550616361e-10 7.837145421146937865e-10 3.865503559753027110e-10 1.066806626106048963e-10 2.651421589701870026e-11 1.903845529177648404e-09 -1.057792088423487544e+07 0.000000000000000000e+00
0.000000000000000000e+00 0.000000000000000000e+00 0.000000000000000000e+00 0.000000000000000000e+00 0.000000000000000000e+00 0.000000000000000000e+00 -5.870037508971576064e-10 1.331705081856615393e-08 -1.808072524856129552e-08 -1.028188162031789610e-08 -1.124091693926543602e-08 -4.726648723959677294e-09 -2.604320674143389300e-09 -1.181416863391607511e-09 -7.656469517784763648e-10 -2.222518015337598300e-10 1.950431974796395116e-11 3.342028415505883974e-10 4.609899175403172917e-09 0.000000000000000000e+00
0.000000000000000000e+00 0.000000000000000000e+00 0.000000000000000000e+00 0.000000000000000000e+00 0.000000000000000000e+00 0.000000000000000000e+00 1.441171531861391514e-08 2.133021629142964955e-09 -6.760086574492556658e-09 -6.510108806296298232e-10 8.506244515701252637e-10 7.668969246258882954e-10 3.105963919777926597e-10 1.642110799028782660e-10 6.134996495173071475e-11 -1.567206565957938904e-11 1.743300671764999738e-10 3.494817806121681289e-10 4.663151955893904820e-09 0.000000000000000000e+00
0.000000000000000000e+00 0.000000000000000000e+00 0.000000000000000000e+00 0.000000000000000000e+00 0.000000000000000000e+00 0.000000000000000000e+00 -1.381910970203784853e-08 2.360104725531984010e-08 -2.904666824563830932e-08 -2.029256417648265483e-08 -2.404521241574981280e-08 -1.078811861894819003e-08 -5.442734470587893536e-09 -2.315302475535996101e-09 -1.323917454392984106e-09 -3.550323745042417546e-10 1.285951669052949631e-09 4.696850467045147477e-10 4.734726879844123608e-09 0.000000000000000000e+00
0.000000000000000000e+00 0.000000000000000000e+00 0.000000000000000000e+00 0.000000000000000000e+00 0.000000000000000000e+00 0.000000000000000000e+00 2.894995653972770111e-09 1.132848675970096353e-08 -7.026098367737781733e-09 -1.083155666973594661e-09 -2.438218958860787217e-09 -1.281268952292962482e-10 3.765774336826112855e-12 -8.982356979006155965e-11 -1.040260328946244723e-10 -6.361564962170742134e-11 6.988213201427027109e-12 7.379853519465850780e-11 2.205969370466589995e-06 0.000000000000000000e+00
0.000000000000000000e+00 0.000000000000000000e+00 0.000000000000000000e+00 0.000000000000000000e+00 0.000000000000000000e+00 0.000000000000000000e+00 1.056783910229110242e-08 -5.196183954934960525e-10 -3.930645873511662812e-09 1.006636915725532481e-09 3.057259855212144554e-10 4.589086781851912581e-10 2.667857728486703828e-10 9.575695533112670069e-11 2.233632244109124106e-11 -1.483717563382657400e-11 -9.260074522481310088e-12 8.444982059023615358e-12 -4.756248017266061765e-04 0.000000000000000000e+00
0.000000000000000000e+00 0.000000000000000000e+00 0.000000000000000000e+00 0.000000000000000000e+00 0.000000000000000000e+00 0.000000000000000000e+00 -9.863077065574288213e-08 7.500463545990851471e-09 -1.185388141510432200e-07 -4.984530958261823549e-08 -5.087837462074034718e-08 -2.005045011642202043e-08 -1.002151852091257085e-08 -4.141605969453502209e-09 -2.166648569577424649e-09 -7.550730683906429689e-10 9.829684160238961971e-11 1.672566609819788508e-09 4.435020340726889139e-08 0.000000000000000000e+00
0.000000000000000000e+00 0.000000000000000000e+00 0.000000000000000000e+00 0.000000000000000000e+00 0.000000000000000000e+00 0.000000000000000000e+00 -1.012217960015467012e-08 -1.656140086055664583e-08 -3.878371769956816813e-08 5.962076266428433344e-09 -1.009074698425758207e-09 2.797120603622658730e-09 1.045251143673020025e-09 -7.524965093565328937e-10 5.759282919106659589e-10 3.629310067645945568e-11 1.670751339312858189e-09 1.748397541737641854e-09 4.475380913918716730e-08 0.000000000000000000e+00
0.000000000000000000e+00 0.000000000000000000e+00 0.000000000000000000e+00 0.000000000000000000e+00 0.000000000000000000e+00 0.000000000000000000e+00 -1.775748489333072546e-07 2.868973049323688787e-08 -1.952835234183343066e-07 -1.051615495637882704e-07 -1.066811333834033691e-07 -4.620519768091297377e-08 -1.972660582192539685e-08 -6.310073994651205665e-09 -3.706674623563094846e-09 -1.173279098227955405e-09 1.785063188190044344e-08 2.381420703497927244e-09 4.542092616786096917e-08 0.000000000000000000e+00
0.000000000000000000e+00 0.000000000000000000e+00 0.000000000000000000e+00 0.000000000000000000e+00 0.000000000000000000e+00 0.000000000000000000e+00 -5.096663766700253554e-08 6.459050221408930214e-09 -4.312718966704286345e-08 -5.555574387416760845e-09 4.509541872338994814e-10 4.225408472310814861e-10 7.190806847206242083e-10 -1.355405566860632534e-09 -8.002648724543672916e-11 -1.715220421010451739e-10 1.979221440832428590e-11 2.829180859214085722e-10 -4.673602927100346039e-06 0.000000000000000000e+00
0.000000000000000000e+00 0.000000000000000000e+00 0.000000000000000000e+00 0.000000000000000000e+00 0.000000000000000000e+00 0.000000000000000000e+00 -8.586848209911308521e-09 -7.331104081437235438e-09 -2.480454323328010258e-08 9.260039105769926324e-09 -1.681792254651261125e-09 1.468884209819438194e-09 5.453650032723119326e-10 -1.201501919407963994e-09 2.698855584546276341e-10 -1.630435238062619561e-11 -1.105910952581749097e-11 -1.719478234577799958e-11 1.488687561452955999e-03 0.000000000000000000e+00
0.000000000000000000e+00 0.000000000000000000e+00 0.000000000000000000e+00 0.000000000000000000e+00 0.000000000000000000e+00 0.000000000000000000e+00 -2.376728432783738375e-09 6.489893323912094372e-10 -1.983652338828708222e-10 -3.491804745634659517e-10 1.777364497813149827e-10 -1.955464471904981798e-10 -4.127543986379422794e-10 -9.028835273121450196e-11 -2.672989199542222164e-10 -1.441339606662001330e-10 -1.129168365586114225e-10 -5.855718641041179123e-09 7.918531385790607659e-05 0.000000000000000000e+00
0.000000000000000000e+00 0.000000000000000000e+00 0.000000000000000000e+00 0.000000000000000000e+00 0.000000000000000000e+00 0.000000000000000000e+00 2.592176150197527059e-09 1.725486810674924022e-09 -1.012665609420991217e-09 1.047241256272262617e-09 -5.242684687989705455e-11 3.095955008179994854e-10 -6.362176515331070697e-10 -1.486521210410724399e-10 -2.708263883820034250e-10 -9.970453193356264428e-11 -2.426180649438614326e-05 -8.003288959470380136e-09 7.920651110719053353e-05 0.000000000000000000e+00
0.000000000000000000e+00 0.000000000000000000e+00 0.000000000000000000e+00 0.000000000000000000e+00 0.000000000000000000e+00 0.000000000000000000e+00 -7.147249501089265708e-09 4.997809985885988570e-09 -3.561592934449178204e-09 2.565318307439673870e-09 4.977240420426405483e-10 -3.153992574358931073e-10 -4.520843359938399084e-10 8.143413007813379043e-11 -1.785524046964785131e-10 -1.432379881981589122e-10 -3.789417208286018210e-04 -8.259644706690741453e-09 7.919673095851409992e-05 0.000000000000000000e+00
0.000000000000000000e+00 0.000000000000000000e+00 0.000000000000000000e+00 0.000000000000000000e+00 0.000000000000000000e+00 0.000000000000000000e+00 -1.515415251987581485e-09 -1.351385261351058499e-09 2.439662731550064986e-11 -3.061878080485591525e-10 5.106741349952400618e-10 4.878626932118649751e-10 -2.232515290827395181e-10 -1.448660076920654304e-10 -2.422481604486578412e-10 -1.602931058615515427e-10 -8.026274781172660897e-11 -3.935185573305995493e-09 9.753980243407768285e+02 0.000000000000000000e+00
0.000000000000000000e+00 0.000000000000000000e+00 0.000000000000000000e+00 0.000000000000000000e+00 0.000000000000000000e+00 0.000000000000000000e+00 -2.095957407793793614e-09 -1.980997571459856544e-09 -4.496022920971319244e-10 -1.561739345402063652e-09 1.315464568042854496e-09 8.636094319177540641e-10 -7.640425795757853815e-10 -1.474142787785661084e-10 -4.829677951479967132e-10 -2.368886923141097304e-10 -5.866116484237844790e-11 4.266710616084395208e-10 2.554489915883863717e+07 0.000000000000000000e+00
