0.000000000000000000e+00 0.000000000000000000e+00 0.000000000000000000e+00 0.000000000000000000e+00 0.000000000000000000e+00 0.000000000000000000e+00 4.838412263995932503e-11 2.068900873616323529e-10 9.190299742027518453e-11 1.403805421996931875e-10 1.119283467192272837e-10 1.154301033538647871e-10 9.876767774906046881e-11 6.532953160345377302e-11 2.365696690917143224e-11 2.945973572757230087e-12 6.566142465812092905e-12 2.370920356328542999e-09 3.368294630029569293e-08 0.000000000000000000e+00
0.000000000000000000e+00 0.000000000000000000e+00 0.000000000000000000e+00 0.000000000000000000e+00 0.000000000000000000e+00 0.000000000000000000e+00 6.562251826392427372e-13 1.801845318564728067e-11 -4.839723019598435102e-12 5.393394539803661350e-13 2.026262912206858941e-12 3.937067374657709597e-12 3.265619475405778209e-12 3.227679477859828672e-12 1.306240633995803078e-12 9.719572533070875348e-14 7.890525986504122115e-10 2.337344401620820987e-09 3.355779035350885083e-08 0.000000000000000000e+00
0.000000000000000000e+00 0.000000000000000000e+00 0.000000000000000000e+00 0.000000000000000000e+00 0.000000000000000000e+00 0.000000000000000000e+00 1.521076803183746417e-10 7.743998168739592075e-10 3.377618777661037123e-10 5.389284913972343171e-10 5.393616924879989829e-10 6.132361555549953622e-10 4.207218746911375824e-10 2.676001858365295974e-10 9.644996003655444566e-11 1.931930885015460941e-11 2.867248569307319077e-08 2.945772799062138399e-09 3.395181412613201911e-08 0.000000000000000000e+00
0.000000000000000000e+00 0.000000000000000000e+00 0.000000000000000000e+00 0.000000000000000000e+00 0.000000000000000000e+00 0.000000000000000000e+00 3.263321071330937488e-13 1.118465951627126812e-11 -3.191023094983475974e-14 5.277214410852969512e-13 4.322422065078651199e-13 7.249570551260645963e-13 1.379499241746060148e-12 8.091415093015284350e-13 2.276171635356302999e-13 8.293749307492713339e-14 7.168988865914096173e-14 7.674963448345206986e-11 -3.380964291212833484e-01 0.000000000000000000e+00
0.000000000000000000e+00 0.000000000000000000e+00 0.000000000000000000e+00 0.000000000000000000e+00 0.000000000000000000e+00 0.000000000000000000e+00 -2.286890795170655657e-12 1.080706651927918165e-11 -3.076060033955093799e-12 1.686416781924918348e-12 1.291324669798227126e-12 1.660464070936993344e-12 1.008205251670052905e-12 7.782802205115995741e-13 3.798278406895591382e-13 1.106365660266607682e-13 4.748078191883748531e-14 1.039361095943454532e-10 -1.363224549915338284e+05 0.000000000000000000e+00
0.000000000000000000e+00 0.000000000000000000e+00 0.000000000000000000e+00 0.000000000000000000e+00 0.000000000000000000e+00 0.000000000000000000e+00 -1.259639892726111609e-11 3.718429985100406166e-10 -4.471737693872030540e-10 -1.298219814418085877e-10 -7.189076183275741825e-10 -2.520806103452616206e-10 -5.944020321295946909e-11 -4.500801359801022213e-11 -6.710448124788360181e-12 -1.204713527499583138e-12 9.817512185337001749e-13 1.438439399723692569e-11 2.511875610553812815e-11 0.000000000000000000e+00
0.000000000000000000e+00 0.000000000000000000e+00 0.000000000000000000e+00 0.000000000000000000e+00 0.000000000000000000e+00 0.000000000000000000e+00 -1.223485823380352644e-09 1.443277240660045371e-09 -3.173245677796445613e-10 -3.017685499129224758e-10 -3.045239546425820307e-11 -4.986499477098285056e-11 1.639240170293889000e-11 1.640984278973048270e-11 2.577172228645157248e-12 3.784997523015424188e-13 -5.971955525381903970e-12 1.298159626823130687e-11 2.474643326374319821e-11 0.000000000000000000e+00
0.000000000000000000e+00 0.000000000000000000e+00 0.000000000000000000e+00 0.000000000000000000e+00 0.000000000000000000e+00 0.000000000000000000e+00 1.046417929065749825e-09 -6.011855063854607347e-10 -5.907404865810292428e-10 3.210514855179407593e-11 -1.495932304482711079e-09 -5.142590398059521184e-10 -1.367994894555200828e-10 -1.019736738713584858e-10 -1.532208002356362317e-11 -4.168209611981542989e-12 -1.258602339205618802e-12 1.585011782820208226e-11 2.482410311508282561e-11 0.000000000000000000e+00
0.000000000000000000e+00 0.000000000000000000e+00 0.000000000000000000e+00 0.000000000000000000e+00 0.000000000000000000e+00 0.000000000000000000e+00 -4.670730565373576472e-10 8.276828696386466091e-10 -3.752397515469541094e-10 -1.826163823431561911e-10 -6.276143280230202899e-11 -4.381793170699489315e-11 -3.396433980708605719e-13 1.039721637379336879e-11 2.635059620436644154e-12 5.264620651674984810e-13 -8.954502024996135183e-14 -3.715495858837191040e-12 -1.246972919680964530e-08 0.000000000000000000e+00
0.000000000000000000e+00 0.000000000000000000e+00 0.000000000000000000e+00 0.000000000000000000e+00 0.000000000000000000e+00 0.000000000000000000e+00 -7.322903711026847534e-10 1.171592539173728280e-09 -1.699508400792631464e-10 -1.914123565823121753e-10 -8.050625647373857531e-11 -4.295665019041652902e-11 1.259552665428396499e-11 6.667596059276642884e-12 -2.430753660356563099e-13 5.121749311399567531e-13 6.331972419774276701e-14 1.963808484189560408e-12 3.060346689852784735e-05 0.000000000000000000e+00
0.000000000000000000e+00 0.000000000000000000e+00 0.000000000000000000e+00 0.000000000000000000e+00 0.000000000000000000e+00 0.000000000000000000e+00 -8.387948710402115050e-10 7.767361105919633977e-09 -1.019665200542797754e-09 2.213999565310982978e-10 -3.129584459940350638e-09 -1.130631643033674473e-09 -4.398784051982697264e-10 -2.772450017914055183e-10 -1.328838998849133921e-10 -2.513673026076818330e-11 3.076530421784512055e-11 3.110036998023340795e-10 1.338060120253809562e-09 0.000000000000000000e+00
0.000000000000000000e+00 0.000000000000000000e+00 0.000000000000000000e+00 0.000000000000000000e+00 0.000000000000000000e+00 0.000000000000000000e+00 -6.191871870499576866e-09 3.696574817303340488e-09 -6.544628573848400115e-10 -1.181831854969710646e-09 1.727414420066982063e-10 1.206554447773188181e-10 4.483786654886700318e-11 1.032893198457710580e-10 3.810047189346062734e-11 4.153276364598462470e-12 -3.380265589816032501e-11 2.922684468392594242e-10 1.329100122913709388e-09 0.000000000000000000e+00
0.000000000000000000e+00 0.000000000000000000e+00 0.000000000000000000e+00 0.000000000000000000e+00 0.000000000000000000e+00 0.000000000000000000e+00 3.808914142841348518e-09 1.151793333776615299e-08 -1.425932651886498994e-09 1.515359816238184046e-09 -6.889860661256647070e-09 -2.612214453979683584e-09 -9.305666954290145200e-10 -6.177499661485468060e-10 -2.856834297713274369e-10 -7.876301078005681851e-11 -2.841644709608728902e-10 3.522519004278691852e-10 1.323346415070864605e-09 0.000000000000000000e+00
0.000000000000000000e+00 0.000000000000000000e+00 0.000000000000000000e+00 0.000000000000000000e+00 0.000000000000000000e+00 0.000000000000000000e+00 -2.630035931680500146e-09 1.972089292671229967e-09 -3.744974604152876356e-10 -6.478023536934449813e-10 -7.617450040821335462e-11 1.337534675793048476e-10 2.611652263919119397e-12 6.487171949375742815e-11 1.650228559416233342e-11 7.336741010193923321e-12 3.000266403164795891e-12 -3.549988154349822920e-11 -4.654819728366743859e-07 0.000000000000000000e+00
0.000000000000000000e+00 0.000000000000000000e+00 0.000000000000000000e+00 0.000000000000000000e+00 0.000000000000000000e+00 0.000000000000000000e+00 -3.381371115859781850e-09 3.116815268075523172e-09 -4.270840568548344000e-10 -8.934985426411407284e-10 -5.314684533532165581e-11 -3.190944509861490132e-11 4.108003782187410736e-12 3.927177979714309627e-11 8.007191408485537735e-12 4.232084849147729672e-13 -3.201296826272679457e-12 2.133778436359491337e-11 4.625871466538009546e-04 0.000000000000000000e+00
0.000000000000000000e+00 0.000000000000000000e+00 0.000000000000000000e+00 0.000000000000000000e+00 0.000000000000000000e+00 0.000000000000000000e+00 3.895503346311561399e-10 -2.909156629418196822e-10 8.597538416200264546e-11 1.743366150642789322e-11 1.879722679637107549e-11 2.260172869268484211e-11 -3.868636882391085941e-11 -1.839066020284426097e-11 -2.149555345626478848e-11 -8.187000242927930389e-12 -1.383528901858988618e-11 -6.346633287949424025e-10 1.292328987951516060e-06 0.000000000000000000e+00
0.000000000000000000e+00 0.000000000000000000e+00 0.000000000000000000e+00 0.000000000000000000e+00 0.000000000000000000e+00 0.000000000000000000e+00 1.420319116022040273e-10 -6.231986944443735092e-11 4.883189931413816655e-11 1.149712694034530985e-10 1.630652207988463345e-10 2.766660172239697435e-11 -9.830451752871411389e-11 -2.333015305444016138e-11 -2.207683893695937694e-11 -8.945106993966743253e-12 8.188357353022683981e-07 -9.115464786186197047e-10 1.293074060178259018e-06 0.000000000000000000e+00
0.000000000000000000e+00 0.000000000000000000e+00 0.000000000000000000e+00 0.000000000000000000e+00 0.000000000000000000e+00 0.000000000000000000e+00 1.056556020837904774e-09 -5.201422964162902824e-10 -1.347878447861497691e-10 5.970693621053154912e-11 -4.802453663313783208e-11 -1.466134519290420178e-10 -9.025174787055423399e-11 -3.954777533126197965e-11 -1.463976549862305221e-11 3.404670810961268705e-12 2.794314293189595773e-06 -8.970115493515897287e-10 1.293940474457501001e-06 0.000000000000000000e+00
0.000000000000000000e+00 0.000000000000000000e+00 0.000000000000000000e+00 0.000000000000000000e+00 0.000000000000000000e+00 0.000000000000000000e+00 1.143744786458904249e-10 -2.621659467783954034e-11 3.404808870077985666e-11 6.667745156330900292e-13 7.614232741059363835e-11 4.426482407526549704e-11 -8.146329603026698952e-11 -2.362289213958425699e-11 -2.427814082363317558e-11 -1.265137328243183321e-11 -1.750659401323610262e-11 1.742619262666855511e-10 4.286120187449508068e-01 0.000000000000000000e+00
0.000000000000000000e+00 0.000000000000000000e+00 0.000000000000000000e+00 0.000000000000000000e+00 0.000000000000000000e+00 0.000000000000000000e+00 1.431026162271413794e-10 2.630884049950849992e-11 9.847137628873733485e-12 2.595432581450168554e-11 1.699267738660822898e-10 6.023788166537431525e-11 -8.340193657398307998e-11 -2.682024185322951656e-11 -2.834594254695010081e-11 -1.056952133617606749e-11 -1.825013179297374384e-11 3.090245360378560617e-09 7.657976138316702098e+06 0.000000000000000000e+00
0.000000000000000000e+00 0.000000000000000000e+00 0.000000000000000000e+00 0.000000000000000000e+00 0.000000000000000000e+00 0.000000000000000000e+00 4.457390775066215694e-09 1.437564601395973540e-10 9.154152527484600597e-10 1.786415679650522507e-09 1.213578847733556458e-09 1.576461751737346768e-09 8.565896277676012841e-10 5.922717639924373180e-10 2.072665672591440417e-10 3.134306638181909156e-11 5.539766092047374218e-11 2.083900973998803200e-08 -5.258679099383832805e-06 0.000000000000000000e+00
0.000000000000000000e+00 0.000000000000000000e+00 0.000000000000000000e+00 0.000000000000000000e+00 0.000000000000000000e+00 0.000000000000000000e+00 2.942520641776535642e-09 1.687099248629029885e-10 -3.843434820045772245e-10 4.649267446342730965e-10 4.275261952402072302e-10 2.812608231655046590e-10 1.846301075785204562e-10 1.339273257274610398e-10 2.760206013716708333e-11 6.852492476007621734e-12 2.671884695030325690e-08 2.156581986358001502e-08 -5.250178070389399263e-06 0.000000000000000000e+00
0.000000000000000000e+00 0.000000000000000000e+00 0.000000000000000000e+00 0.000000000000000000e+00 0.000000000000000000e+00 0.000000000000000000e+00 6.285211037845611540e-09 4.094959029320477034e-09 3.025577340208606213e-09 7.979660426511401935e-09 7.853134008897608568e-09 7.035761283317026956e-09 3.762940268464130741e-09 2.251398507947484570e-09 8.113374814559495014e-10 1.573706833445364757e-10 -3.478702460800823559e-07 2.615649847483665739e-08 -5.244763138861707015e-06 0.000000000000000000e+00
0.000000000000000000e+00 0.000000000000000000e+00 0.000000000000000000e+00 0.000000000000000000e+00 0.000000000000000000e+00 0.000000000000000000e+00 9.972358381967903523e-10 -2.085770262372345151e-10 3.314620427498715769e-10 2.437122425069152200e-10 -1.151385966882927159e-10 1.163805258564224059e-10 1.012959628511226676e-10 1.447947994111416541e-10 2.919708225909775315e-11 1.589587563024446505e-11 5.576409200318777967e-12 1.886418659644485644e-08 1.313088516965802910e+01 0.000000000000000000e+00
0.000000000000000000e+00 0.000000000000000000e+00 0.000000000000000000e+00 0.000000000000000000e+00 0.000000000000000000e+00 0.000000000000000000e+00 1.772496251453306162e-09 -2.778842069481475432e-10 -2.970916903154016264e-10 1.211109514309820327e-10 4.365806800379947688e-11 1.052547865746126789e-10 1.470470946308175139e-10 1.312465855546629858e-10 3.546260956103845570e-11 1.213057299713596689e-11 4.516340914861015646e-12 1.783427240418080927e-08 -4.044928739065921307e+07 0.000000000000000000e+00
0.000000000000000000e+00 0.000000000000000000e+00 0.000000000000000000e+00 0.000000000000000000e+00 0.000000000000000000e+00 0.000000000000000000e+00 -2.270454378589310035e-08 -1.767524945074189330e-09 1.679035047171289113e-09 -9.978739249334278409e-09 -4.818902184536083704e-09 -3.364000542328698187e-09 -9.542044637014753409e-10 -5.093936373024323125e-10 -2.067127913531483400e-10 -4.639946999738196084e-11 3.298554573815106718e-11 3.321569380918684848e-10 1.385368033002869169e-09 0.000000000000000000e+00
0.000000000000000000e+00 0.000000000000000000e+00 0.000000000000000000e+00 0.000000000000000000e+00 0.000000000000000000e+00 0.000000000000000000e+00 -6.505871782893326886e-09 1.591140311552172039e-08 8.868617657145491777e-09 -7.927427958465012109e-10 1.098498070720390294e-10 -9.655822307533784175e-10 4.856740275397277691e-10 1.041451376023829471e-10 5.804753916487698425e-11 -1.027401157611179927e-12 -3.639234687318475370e-11 3.044142272147793874e-10 1.393587514204090265e-09 0.000000000000000000e+00
0.000000000000000000e+00 0.000000000000000000e+00 0.000000000000000000e+00 0.000000000000000000e+00 0.000000000000000000e+00 0.000000000000000000e+00 -3.721241218179770368e-08 -1.792975850285059991e-08 -4.847087983778362263e-09 -1.986141676563977976e-08 -1.051372735552034432e-08 -6.194857284086922111e-09 -2.403519586907292068e-09 -9.961053357182595251e-10 -4.269544521230675899e-10 -1.150534017171715734e-10 1.315918004276026618e-11 3.637899675265153283e-10 1.405073005269799882e-09 0.000000000000000000e+00
0.000000000000000000e+00 0.000000000000000000e+00 0.000000000000000000e+00 0.000000000000000000e+00 0.000000000000000000e+00 0.000000000000000000e+00 -6.928955074816512841e-09 1.065481842242139900e-08 7.499181424213713737e-09 1.688242115951981904e-11 -3.788226397086047969e-11 -7.773106143655422613e-10 4.037738863374369308e-10 -6.715366484746749246e-11 2.730508535145047299e-11 -2.383086171517142207e-12 3.404584610000873563e-12 5.136960749860796714e-11 -3.015266687227567074e-07 0.000000000000000000e+00
0.000000000000000000e+00 0.000000000000000000e+00 0.000000000000000000e+00 0.000000000000000000e+00 0.000000000000000000e+00 0.000000000000000000e+00 -5.536635987232878341e-09 1.202357620815492011e-08 5.544126542540089533e-09 -1.012088692093870252e-10 -2.732953155563149434e-11 -1.181339498882894260e-09 2.666308188481246010e-10 2.518168200838229505e-11 -1.175281615768936939e-11 -1.183790002492275382e-11 -2.775429888546079699e-12 5.890781531503857876e-11 3.415865006851003189e-04 0.000000000000000000e+00
0.000000000000000000e+00 0.000000000000000000e+00 0.000000000000000000e+00 0.000000000000000000e+00 0.000000000000000000e+00 0.000000000000000000e+00 -1.403871230989418602e-07 -2.324019232651000216e-08 3.794672102888656080e-09 -2.787739025934927330e-08 -2.473651648386374589e-08 -1.155610723405668561e-08 -4.865701220874304178e-09 -2.252100357394345977e-09 -9.905004051362466628e-10 -1.783891037946733416e-10 1.762374126515115251e-10 2.329864914822023542e-09 4.851039108154380345e-09 0.000000000000000000e+00
0.000000000000000000e+00 0.000000000000000000e+00 0.000000000000000000e+00 0.000000000000000000e+00 0.000000000000000000e+00 0.000000000000000000e+00 -4.151257828259354453e-08 4.300797822883492063e-08 3.021606743534053962e-08 -4.249548740007166945e-09 2.074366676667791658e-09 -2.391017036105263025e-09 2.769240126156969956e-09 3.247920354010038637e-10 2.840578691119941321e-10 -6.194416415872456275e-12 2.122912456157320120e-10 2.153435713114094377e-09 4.832849074642321757e-09 0.000000000000000000e+00
0.000000000000000000e+00 0.000000000000000000e+00 0.000000000000000000e+00 0.000000000000000000e+00 0.000000000000000000e+00 0.000000000000000000e+00 -2.291628060761354602e-07 -8.405113548474471614e-08 -2.090551837098081077e-08 -5.314645525751550027e-08 -5.498348009640167757e-08 -2.155725424520610277e-08 -1.191828129009559569e-08 -4.097343930019375227e-09 -2.048691107996840355e-09 -5.404749083179376849e-10 4.672502917041877561e-10 2.592826151686639925e-09 4.913765771576192302e-09 0.000000000000000000e+00
0.000000000000000000e+00 0.000000000000000000e+00 0.000000000000000000e+00 0.000000000000000000e+00 0.000000000000000000e+00 0.000000000000000000e+00 -5.776235775961120880e-08 2.935050348387437680e-08 2.186009835564704884e-08 -1.087589861307295019e-10 -8.023053585986884234e-10 -3.371807261112852356e-09 2.124556328945247464e-09 -2.926013218602863287e-10 1.282602830905345757e-10 -5.031368365855664608e-12 4.958513698884313409e-11 6.713321665971933506e-10 3.734753840176916451e-06 0.000000000000000000e+00
0.000000000000000000e+00 0.000000000000000000e+00 0.000000000000000000e+00 0.000000000000000000e+00 0.000000000000000000e+00 0.000000000000000000e+00 -3.300403158313323053e-08 3.580145143773078392e-08 2.145413670300306628e-08 -3.962895986916654239e-09 9.326794994473209022e-10 -2.813811493547240853e-09 1.931055282782555979e-09 -4.079844293426856770e-11 -8.832717287225484685e-12 3.944382968819288754e-11 -9.075700539065377855e-11 6.774221572922825857e-11 2.224021362696157467e-03 0.000000000000000000e+00
0.000000000000000000e+00 0.000000000000000000e+00 0.000000000000000000e+00 0.000000000000000000e+00 0.000000000000000000e+00 0.000000000000000000e+00 2.738943666208382811e-09 1.500766836395102289e-11 -3.694646743839167332e-10 -5.837623002353395198e-11 -3.577564743010323063e-10 5.523183894606446106e-10 1.208247975412035946e-10 1.112611455019840615e-10 -6.148934970858240774e-11 -5.497019266500544887e-11 -1.224899710028322385e-10 -1.012080519015404357e-08 2.151745635849643384e-05 0.000000000000000000e+00
0.000000000000000000e+00 0.000000000000000000e+00 0.000000000000000000e+00 0.000000000000000000e+00 0.000000000000000000e+00 0.000000000000000000e+00 5.922868983135248868e-09 2.540663580523422693e-11 -3.658772128461051096e-10 -1.988687524450736897e-09 -6.808103836116467298e-10 -2.521533094359826738e-10 9.770945892995750802e-11 -2.644675980918106262e-10 -4.605607446134926153e-11 -3.177834911806598574e-11 -1.618419900302837716e-05 -1.059136318317583487e-08 2.155771249745814846e-05 0.000000000000000000e+00
0.000000000000000000e+00 0.000000000000000000e+00 0.000000000000000000e+00 0.000000000000000000e+00 0.000000000000000000e+00 0.000000000000000000e+00 1.732718136681927695e-09 2.099600273165568744e-09 7.846686061124959684e-11 2.135750114341615505e-09 -2.746067645435781870e-09 2.555499414993976155e-09 -6.957943611603339812e-11 2.756870365310342125e-11 -2.092112212379069098e-10 6.473585083406078046e-12 6.205601268367281402e-06 -1.156205798887079426e-08 2.158842010382376202e-05 0.000000000000000000e+00
0.000000000000000000e+00 0.000000000000000000e+00 0.000000000000000000e+00 0.000000000000000000e+00 0.000000000000000000e+00 0.000000000000000000e+00 -1.855777742679268857e-09 -1.722662358075404548e-09 -6.519788357031023702e-11 -1.702225107980789834e-09 -4.584618638552496251e-10 -6.893632523463743090e-10 3.631979373218521392e-10 5.084599498577913593e-11 -3.663537505237915856e-11 -1.120248733146420372e-10 -9.484160425240460044e-11 -2.433100032997665785e-08 -8.954247839865419678e+01 0.000000000000000000e+00
0.000000000000000000e+00 0.000000000000000000e+00 0.000000000000000000e+00 0.000000000000000000e+00 0.000000000000000000e+00 0.000000000000000000e+00 2.791215816160454860e-09 -7.445568568138575826e-10 6.447846209941926433e-10 -1.777138258900225357e-09 -1.499994695894625233e-09 -6.885783525943431194e-10 3.258167891453653024e-10 -4.530062142370224719e-10 -3.381171682995310806e-11 -1.182966519633309808e-10 2.063877874537937588e-11 -2.089420197920729980e-08 -2.752193260575439930e+08 0.000000000000000000e+00
0.000000000000000000e+00 0.000000000000000000e+00 0.000000000000000000e+00 0.000000000000000000e+00 0.000000000000000000e+00 0.000000000000000000e+00 4.158559450909398633e-09 4.091849202247574052e-09 9.974892926149474348e-10 1.269241149881085350e-09 1.769276053698221015e-09 1.810623797882503318e-09 1.490969865952570636e-09 1.087512685139255824e-09 5.459037395380263072e-10 1.551684625582459939e-10 1.952354074961105493e-10 2.812155504416001544e-08 2.434488498778748263e-07 0.000000000000000000e+00
0.000000000000000000e+00 0.000000000000000000e+00 0.000000000000000000e+00 0.000000000000000000e+00 0.000000000000000000e+00 0.000000000000000000e+00 2.573186527570476070e-10 1.993145778047353318e-10 2.529372649245337009e-10 3.543881428352090504e-10 3.298506969757405879e-10 2.774770683735565176e-10 2.258935654679292914e-10 1.430901769029267224e-10 7.722972725311789290e-11 7.990170608679561511e-11 2.782873694195239020e-07 2.865537700882056956e-08 2.427542201395986349e-07 0.000000000000000000e+00
0.000000000000000000e+00 0.000000000000000000e+00 0.000000000000000000e+00 0.000000000000000000e+00 0.000000000000000000e+00 0.000000000000000000e+00 1.463486975638175702e-08 1.319114364416373034e-08 4.383666238926844226e-09 5.535914116494722391e-09 8.599924360102013495e-09 8.992465568115898027e-09 5.974870044750319420e-09 4.141472645784486373e-09 1.845756981408612930e-09 5.740865247735626764e-10 2.558289201998967187e-06 3.381631345537109351e-08 2.457516133550016345e-07 0.000000000000000000e+00
0.000000000000000000e+00 0.000000000000000000e+00 0.000000000000000000e+00 0.000000000000000000e+00 0.000000000000000000e+00 0.000000000000000000e+00 2.563621660472857834e-10 4.265001078428697127e-10 1.921541824683530755e-10 1.859353520249590232e-10 2.507737333436043707e-10 2.492018889913787371e-10 2.584717269414377408e-10 2.235096824787282685e-10 1.611283170604588067e-10 8.434339923819885233e-11 5.789336974236622314e-11 8.574385769754526477e-09 -1.036765399443897451e+00 0.000000000000000000e+00
0.000000000000000000e+00 0.000000000000000000e+00 0.000000000000000000e+00 0.000000000000000000e+00 0.000000000000000000e+00 0.000000000000000000e+00 1.694808526644886552e-10 1.761123724543178611e-10 1.059959845453290850e-10 1.877866309414919180e-10 1.680113746633612419e-10 2.094559981236320911e-10 2.158349285904147872e-10 1.608382516287121848e-10 8.402594657712103637e-11 4.552660105930348544e-11 1.598341526986420750e-11 9.524972139744586127e-09 1.824722657858714461e+06 0.000000000000000000e+00
0.000000000000000000e+00 0.000000000000000000e+00 0.000000000000000000e+00 0.000000000000000000e+00 0.000000000000000000e+00 0.000000000000000000e+00 -2.321845506575048847e-08 -1.508726538335596796e-08 -2.962612151992695292e-09 -6.511710648183639015e-09 -2.410514106590493129e-09 -2.347618175574805370e-09 -1.190664592084275193e-09 -6.881631277199432447e-10 -3.212117556543856135e-10 -8.765819310095959886e-11 5.268594317798271896e-11 4.391287111359347766e-10 5.097718902929418069e-10 0.000000000000000000e+00
0.000000000000000000e+00 0.000000000000000000e+00 0.000000000000000000e+00 0.000000000000000000e+00 0.000000000000000000e+00 0.000000000000000000e+00 -5.050337594266813878e-10 -8.445389329444452932e-10 -1.041937506464864665e-09 9.547539951933774027e-10 -1.340941776954651022e-10 -1.240561164672736071e-11 2.099391309116887988e-10 3.837582214560530692e-11 -1.945190901586075031e-11 -3.560094071186562999e-11 -9.791692139664739453e-11 4.153315596318258621e-10 5.061875488179675188e-10 0.000000000000000000e+00
0.000000000000000000e+00 0.000000000000000000e+00 0.000000000000000000e+00 0.000000000000000000e+00 0.000000000000000000e+00 0.000000000000000000e+00 -4.377687633146098820e-08 -2.799783493195876382e-08 -4.842920875359911177e-09 -1.405781740305869279e-08 -5.020732134862880740e-09 -5.210015533820558143e-09 -2.561468314164146282e-09 -1.357398832901554215e-09 -6.077368698888687265e-10 -2.143935418627763829e-10 -9.944046493854102152e-11 4.799396161894799724e-10 5.135305517175596370e-10 0.000000000000000000e+00
0.000000000000000000e+00 0.000000000000000000e+00 0.000000000000000000e+00 0.000000000000000000e+00 0.000000000000000000e+00 0.000000000000000000e+00 -5.168299962451611813e-09 -3.979314769848866175e-09 -2.227226230683989371e-09 -3.274202790642993903e-10 -3.546273624433668534e-10 -5.559178540069816047e-10 -1.415258305318033708e-10 -1.469442672862508914e-10 -9.285446529833897970e-11 -3.343118620143553406e-11 1.367322127942733287e-11 1.008814663209485313e-10 5.086279289284957862e-10 0.000000000000000000e+00
0.000000000000000000e+00 0.000000000000000000e+00 0.000000000000000000e+00 0.000000000000000000e+00 0.000000000000000000e+00 0.000000000000000000e+00 -1.134502925102216557e-10 -1.278551236781228724e-09 -9.112372437186658803e-10 6.407236814866659593e-10 -1.991621738856805261e-10 -7.000255984927210051e-11 7.722485580370005418e-11 -2.748304089364713910e-11 -2.527037835651235486e-11 -5.922040691082675612e-12 -3.355149380447483489e-12 1.625822794339946092e-11 -7.199671514749655325e-05 0.000000000000000000e+00
0.000000000000000000e+00 0.000000000000000000e+00 0.000000000000000000e+00 0.000000000000000000e+00 0.000000000000000000e+00 0.000000000000000000e+00 -9.100560513870012071e-08 -5.776107829964952723e-08 -1.439399165106137980e-08 -2.260215876573720675e-08 -1.436659837233965594e-08 -8.599587916246955742e-09 -1.307046988154836106e-09 -4.434061082848211608e-10 -4.562341541091969412e-12 -3.127272815954150122e-11 -1.165503529126690023e-11 2.273683146520285639e-10 1.815405502171878455e-10 0.000000000000000000e+00
0.000000000000000000e+00 0.000000000000000000e+00 0.000000000000000000e+00 0.000000000000000000e+00 0.000000000000000000e+00 0.000000000000000000e+00 1.512469446315162330e-08 -1.083760219321958373e-08 -3.193891032572166358e-09 4.806169435828202827e-09 -1.886971018046781877e-09 -3.339563360658518559e-10 7.429299666880349072e-10 -3.284739209981022127e-12 7.424081269727836670e-12 -4.799554166100392454e-11 -1.107129888662697939e-09 2.428807784596939050e-10 2.119600157307493699e-10 0.000000000000000000e+00
0.000000000000000000e+00 0.000000000000000000e+00 0.000000000000000000e+00 0.000000000000000000e+00 0.000000000000000000e+00 0.000000000000000000e+00 -1.867982109702394715e-07 -1.005343217657733363e-07 -2.518519188371949090e-08 -5.035324021714761435e-08 -2.924767046965825158e-08 -1.818262124346872478e-08 -3.368336614982959551e-09 -7.978001346848170522e-10 3.689467891484144038e-11 -5.098135653378760654e-11 6.297010866043976358e-09 2.891238550749654029e-10 2.185770108448918183e-10 0.000000000000000000e+00
0.000000000000000000e+00 0.000000000000000000e+00 0.000000000000000000e+00 0.000000000000000000e+00 0.000000000000000000e+00 0.000000000000000000e+00 -1.136144504860325794e-08 -1.947496477028523325e-08 -7.179464490838142704e-09 8.989067744047158084e-10 -3.688512539622871254e-09 -2.147823150035755610e-09 9.558906747535830017e-11 1.660039613046907710e-11 3.361839582133555417e-11 -4.092275908230793702e-11 5.856821310365036771e-12 -1.380106128632813736e-10 -1.963658573215567669e-06 0.000000000000000000e+00
0.000000000000000000e+00 0.000000000000000000e+00 0.000000000000000000e+00 0.000000000000000000e+00 0.000000000000000000e+00 0.000000000000000000e+00 1.372007664027833342e-08 -8.552976932736172166e-09 -1.619039104158174019e-09 3.226760428015503324e-09 -1.449185351865869450e-09 -8.843656110060482912e-10 5.379930826407745086e-10 -1.606660708063362741e-10 -3.436377502850696990e-11 -2.680077129895736454e-11 -6.555956848894824568e-12 -1.381038173314844554e-10 -2.691400297440555301e-03 0.000000000000000000e+00
0.000000000000000000e+00 0.000000000000000000e+00 0.000000000000000000e+00 0.000000000000000000e+00 0.000000000000000000e+00 0.000000000000000000e+00 -2.797598892782109653e-09 -2.273116875808539416e-10 2.069095007721924970e-10 3.878277130829217009e-11 -3.415545062788562614e-10 -2.946374473615536239e-10 -2.115068950564985548e-10 -2.111120714940812824e-10 -1.492086343352710566e-10 -1.008581239125365238e-10 -2.444481463437632045e-10 -8.956654036370166333e-09 4.065824193151145496e-06 0.000000000000000000e+00
0.000000000000000000e+00 0.000000000000000000e+00 0.000000000000000000e+00 0.000000000000000000e+00 0.000000000000000000e+00 0.000000000000000000e+00 -1.776934776422968674e-09 -1.111606731862503610e-09 -7.478560506582699412e-10 4.731883158645659060e-10 -1.560046429417929365e-09 -8.280061956948292584e-10 -3.779033597290072911e-10 -4.463377797469674327e-10 -2.213626073712305271e-10 -5.817306779861046398e-11 1.255308810117299046e-05 -1.018818640466950222e-08 4.071108494073309405e-06 0.000000000000000000e+00
0.000000000000000000e+00 0.000000000000000000e+00 0.000000000000000000e+00 0.000000000000000000e+00 0.000000000000000000e+00 0.000000000000000000e+00 -3.363230393273155397e-09 -3.178445002217526960e-10 5.166048316553253700e-10 1.550286606842667137e-10 2.762899404698939710e-11 -1.137682496063509002e-09 -2.500032251898538834e-10 -2.424334452308154456e-10 6.233654497517638628e-12 1.929356475052265854e-11 3.153653849073322307e-05 -1.058728160523568224e-08 4.078251443623500662e-06 0.000000000000000000e+00
0.000000000000000000e+00 0.000000000000000000e+00 0.000000000000000000e+00 0.000000000000000000e+00 0.000000000000000000e+00 0.000000000000000000e+00 -1.260755116189106822e-09 -1.004374410644293374e-09 -2.636303832531387934e-10 2.714095276116597263e-10 -7.033202607584895981e-10 -1.145764346982149638e-10 -2.421824257947450335e-10 -2.415860494868389880e-10 -2.682229190237419614e-10 -1.366515996347699365e-10 -1.888718083678875948e-10 -1.334414612641939487e-08 -5.307262938531820851e+00 0.000000000000000000e+00
0.000000000000000000e+00 0.000000000000000000e+00 0.000000000000000000e+00 0.000000000000000000e+00 0.000000000000000000e+00 0.000000000000000000e+00 -2.528011562933642738e-10 -8.817105050411187595e-10 -6.659492605743883989e-10 2.006750192586118913e-10 -9.512230103783837594e-10 -4.182274624305411062e-10 -3.033699930635244184e-10 -5.755517590325254459e-10 -3.826818406818351491e-10 -1.892994015819191488e-10 -9.213036137010988474e-11 8.840908173784082202e-09 -8.511259942367611825e+07 0.000000000000000000e+00
0.000000000000000000e+00 0.000000000000000000e+00 0.000000000000000000e+00 0.000000000000000000e+00 0.000000000000000000e+00 0.000000000000000000e+00 1.927923494221276305e-10 2.432685952310309445e-11 3.984048441093932467e-11 3.925638838812892867e-11 2.691668513073647907e-11 1.116487474568867788e-11 1.002250039900807512e-11 4.806096982066226490e-12 2.304810800873413272e-12 5.109950287100352025e-13 6.183334005398050173e-13 1.362662347255936525e-10 2.454897460730285222e-08 0.000000000000000000e+00
0.000000000000000000e+00 0.000000000000000000e+00 0.000000000000000000e+00 0.000000000000000000e+00 0.000000000000000000e+00 0.000000000000000000e+00 2.494876312208448662e-11 2.148617183033947444e-11 1.669921660270737311e-12 1.600807465565392481e-11 1.467819376833829108e-11 2.033841916912524739e-12 6.355214171767118385e-12 2.322140108096452818e-13 8.840940267614504418e-13 3.385651353558055396e-13 1.101075115821013920e-09 1.504858214059143804e-10 2.453758529522169482e-08 0.000000000000000000e+00
0.000000000000000000e+00 0.000000000000000000e+00 0.000000000000000000e+00 0.000000000000000000e+00 0.000000000000000000e+00 0.000000000000000000e+00 6.085739061610075699e-10 9.576958728133435941e-11 1.594214089300938125e-10 1.538138608049460384e-10 8.234370398984001447e-11 7.142714678347626594e-11 3.059305642731531454e-11 1.677999613864051463e-11 5.728505142235740893e-12 1.676024001223102705e-12 1.359272221373372651e-08 1.716534736522677966e-10 2.448707523065528404e-08 0.000000000000000000e+00
0.000000000000000000e+00 0.000000000000000000e+00 0.000000000000000000e+00 0.000000000000000000e+00 0.000000000000000000e+00 0.000000000000000000e+00 1.595565487315924098e-11 3.705506725507881785e-12 1.056129322680046157e-11 1.211769556400472051e-11 5.812574596541202804e-12 1.582619700706935092e-12 4.757055363064606583e-12 5.910158352335833436e-13 1.325577357767314584e-12 4.902765239844566905e-13 1.712235523090162977e-13 1.551333468938688611e-10 8.557529927715274987e-01 0.000000000000000000e+00
0.000000000000000000e+00 0.000000000000000000e+00 0.000000000000000000e+00 0.000000000000000000e+00 0.000000000000000000e+00 0.000000000000000000e+00 1.701214875106830624e-11 1.932025086007114558e-11 3.584486255734215191e-12 9.238363702103705224e-12 9.658288006138322434e-12 1.178126428830973417e-12 6.988385997112026912e-12 9.230289544330100977e-13 1.584558299512936520e-12 4.522843105538336814e-13 1.582324773790369116e-13 3.341009589145467687e-10 5.616981510826165322e+05 0.000000000000000000e+00
0.000000000000000000e+00 0.000000000000000000e+00 0.000000000000000000e+00 0.000000000000000000e+00 0.000000000000000000e+00 0.000000000000000000e+00 -5.544803158558121762e-09 -9.509130682976496886e-10 -3.574990638019039264e-10 -1.202715173448162509e-09 -4.744562884427081609e-10 -3.025765795756866610e-10 -1.487371022734369486e-10 -6.198900224975289413e-11 -2.382042572305613613e-11 -7.235251802431310529e-12 3.609918372355768035e-12 3.365900926297212904e-11 5.228360919832225996e-11 0.000000000000000000e+00
0.000000000000000000e+00 0.000000000000000000e+00 0.000000000000000000e+00 0.000000000000000000e+00 0.000000000000000000e+00 0.000000000000000000e+00 -1.629259585869960459e-09 4.409084660090077503e-10 -3.860151775839536106e-10 -8.107827816883223589e-11 -1.250658494314237149e-10 -1.129195104896151687e-10 -2.699220737566001970e-11 5.437861462956938580e-12 -1.807039112170615948e-12 -3.624084182564878944e-12 4.891930521186683682e-12 3.255370968693871398e-11 5.131778313587330456e-11 0.000000000000000000e+00
0.000000000000000000e+00 0.000000000000000000e+00 0.000000000000000000e+00 0.000000000000000000e+00 0.000000000000000000e+00 0.000000000000000000e+00 -9.099890273095906103e-09 -2.227333458583535616e-09 -3.488170395699946961e-10 -2.306017409705211137e-09 -9.326419335214725926e-10 -5.418712719189329617e-10 -2.650111410324069757e-10 -1.235257478023894598e-10 -4.247890230567742642e-11 -1.486022052386582367e-11 1.015797345051941950e-11 3.733422912124100659e-11 5.157610586442876070e-11 0.000000000000000000e+00
0.000000000000000000e+00 0.000000000000000000e+00 0.000000000000000000e+00 0.000000000000000000e+00 0.000000000000000000e+00 0.000000000000000000e+00 -1.286730156532754228e-09 -3.844102634208950062e-10 -2.513440126828826227e-10 -4.247704859029231754e-10 -1.949022955798316184e-10 -1.202462186091113748e-10 -5.756642064398528680e-11 -1.336241633371220975e-11 -8.260223444572566380e-12 -3.988796302787427828e-12 1.069098652617085546e-12 7.124028175657644175e-12 4.882421211721149518e-08 0.000000000000000000e+00
0.000000000000000000e+00 0.000000000000000000e+00 0.000000000000000000e+00 0.000000000000000000e+00 0.000000000000000000e+00 0.000000000000000000e+00 -1.009798972590116045e-09 5.600954175263568349e-10 -4.028636795022265892e-10 -9.077317266846876663e-11 -3.414661185909805000e-11 -1.012645687409224329e-10 -3.997812346487762008e-11 -4.992438911707313646e-12 -3.264702184951175485e-12 -1.605443416078986776e-12 -7.720656276304386492e-13 -9.064665599885082349e-12 3.892167441985027712e-05 0.000000000000000000e+00
0.000000000000000000e+00 0.000000000000000000e+00 0.000000000000000000e+00 0.000000000000000000e+00 0.000000000000000000e+00 0.000000000000000000e+00 -3.202535504842887838e-08 -4.987851234088481414e-09 -8.686270331581306342e-10 -3.847276335407835078e-09 -1.280975607662278135e-09 -7.432212733832376874e-10 -9.641277124828601237e-11 -1.062628231745532017e-10 -5.446537927971745899e-11 -9.277392093777719144e-12 7.492534739457613081e-12 5.027038979702304494e-11 -1.049972185039760047e-10 0.000000000000000000e+00
0.000000000000000000e+00 0.000000000000000000e+00 0.000000000000000000e+00 0.000000000000000000e+00 0.000000000000000000e+00 0.000000000000000000e+00 -1.599943612330218235e-08 2.153295391056158203e-09 9.140283723057069938e-10 -1.415232951358846807e-09 3.830331154333748536e-10 -5.267489348436756622e-10 1.036337929163782509e-10 1.128204683102671532e-10 1.546682264869749390e-12 -8.238730928141178494e-12 -2.169920752659346968e-10 4.882535965822879523e-11 -1.025848800609577268e-10 0.000000000000000000e+00
0.000000000000000000e+00 0.000000000000000000e+00 0.000000000000000000e+00 0.000000000000000000e+00 0.000000000000000000e+00 0.000000000000000000e+00 -4.664914053828780478e-08 -1.148820991689488519e-08 -2.444854958675134239e-09 -6.195258051867145751e-09 -3.249328127538829274e-09 -1.189215691105042766e-09 -3.164409711933481624e-10 -3.553227963940188566e-10 -9.671293304896870581e-11 -2.006372170374300785e-11 -1.271148401443415338e-10 5.801429150920926110e-11 -9.733220484604141043e-11 0.000000000000000000e+00
0.000000000000000000e+00 0.000000000000000000e+00 0.000000000000000000e+00 0.000000000000000000e+00 0.000000000000000000e+00 0.000000000000000000e+00 -1.191846092788185558e-08 -2.044794157094944429e-09 3.501933155730070246e-10 -1.782706066500732368e-09 -6.639679276439835599e-10 -2.226208352236191020e-10 2.768253240523948454e-11 4.615416914588038987e-11 -2.895788409777403288e-12 -3.813128648872330640e-12 -2.199651384137621292e-12 4.646967402125453643e-11 -3.011715388956421135e-07 0.000000000000000000e+00
0.000000000000000000e+00 0.000000000000000000e+00 0.000000000000000000e+00 0.000000000000000000e+00 0.000000000000000000e+00 0.000000000000000000e+00 -1.148128747530366192e-08 2.409711948163623623e-09 9.439255949704422915e-11 -1.707706284417633813e-09 6.442596407995450825e-10 -4.587326808037624296e-10 8.457779822887223110e-11 1.112455184547112910e-10 -1.547381802830486651e-11 -9.457673219079650930e-12 -2.967018314089309456e-12 -1.635442058024893640e-11 7.069599612150459858e-04 0.000000000000000000e+00
0.000000000000000000e+00 0.000000000000000000e+00 0.000000000000000000e+00 0.000000000000000000e+00 0.000000000000000000e+00 0.000000000000000000e+00 -7.543919029635992179e-12 -3.392840257419476449e-10 -4.805152088842157351e-10 -3.354352661588453296e-10 2.842313524979330170e-10 -4.883890936454066062e-11 -1.243274553072957976e-10 -3.334668333953165428e-11 -3.470644946502813123e-12 -1.631848808185544226e-11 -3.219234552351584097e-11 -1.078667067681824819e-09 1.258024828777925993e-06 0.000000000000000000e+00
0.000000000000000000e+00 0.000000000000000000e+00 0.000000000000000000e+00 0.000000000000000000e+00 0.000000000000000000e+00 0.000000000000000000e+00 -3.348418360853408481e-10 -8.061739894703226586e-10 -8.828719160307530936e-10 -5.731867825682456583e-10 1.213579403347169108e-10 -8.448600060197999454e-11 -2.740517863320997132e-10 -2.128750162884647027e-11 -2.730377930279820601e-11 -1.916362607198218841e-11 6.910558787285847847e-07 -1.261672105070521093e-09 1.261598466810072944e-06 0.000000000000000000e+00
0.000000000000000000e+00 0.000000000000000000e+00 0.000000000000000000e+00 0.000000000000000000e+00 0.000000000000000000e+00 0.000000000000000000e+00 3.270958222317001319e-10 -4.971605458956597063e-10 -3.182693864129020121e-10 -2.216605806435664842e-10 1.521184549456812532e-10 -9.228736005059549723e-11 -6.643685613008588676e-11 -1.140553019029814921e-10 -1.672287582318526584e-11 -2.185981663929800038e-11 8.588705905897908458e-06 -1.225877598579913250e-09 1.264964518094779596e-06 0.000000000000000000e+00
0.000000000000000000e+00 0.000000000000000000e+00 0.000000000000000000e+00 0.000000000000000000e+00 0.000000000000000000e+00 0.000000000000000000e+00 -2.360658560858126256e-10 -5.240716979260179651e-10 -1.726535996820816135e-10 -1.236122666271827414e-10 2.432553917603389686e-10 -2.886311370744877949e-11 -1.193766059587092613e-10 -2.706722422083539711e-11 -1.222925451132347129e-11 -1.638854245658627514e-11 -2.224528011087719237e-11 -1.645797695946494605e-09 -2.952818811457420534e-01 0.000000000000000000e+00
0.000000000000000000e+00 0.000000000000000000e+00 0.000000000000000000e+00 0.000000000000000000e+00 0.000000000000000000e+00 0.000000000000000000e+00 -2.652525559552703026e-10 -4.582231941748752008e-10 -4.398907539053667394e-10 -4.707356757961089547e-10 1.228460717078618590e-10 -9.804749616741934186e-11 -2.496847867883490526e-10 -1.357396089330999602e-11 -2.672613542544258569e-11 -1.878510381066265675e-11 -1.375628361920180853e-11 -2.101824807507267039e-09 -8.498033652190500870e+06 0.000000000000000000e+00
0.000000000000000000e+00 0.000000000000000000e+00 0.000000000000000000e+00 0.000000000000000000e+00 0.000000000000000000e+00 0.000000000000000000e+00 3.674469350325728345e-07 8.095215689094198973e-08 1.091388205506827916e-07 6.119150907333566451e-08 5.166154711798235979e-08 3.083288791861329545e-08 1.819669277130717128e-08 7.500741367994983258e-09 2.917893626206434713e-09 1.041046947534288019e-09 2.359148761928654237e-09 6.204626019320220863e-08 1.280017964705617039e-05 0.000000000000000000e+00
0.000000000000000000e+00 0.000000000000000000e+00 0.000000000000000000e+00 0.000000000000000000e+00 0.000000000000000000e+00 0.000000000000000000e+00 4.806206312271469041e-07 1.177869265635585921e-07 1.100127522613649274e-07 6.460251850784599991e-08 6.118140627182972155e-08 3.523482828733474719e-08 1.883929720903878744e-08 7.740949767209569732e-09 2.374593961774828529e-09 1.733128247431130690e-09 9.526177520995892354e-06 8.829584840196524545e-08 1.262758426914228504e-05 0.000000000000000000e+00
0.000000000000000000e+00 0.000000000000000000e+00 0.000000000000000000e+00 0.000000000000000000e+00 0.000000000000000000e+00 0.000000000000000000e+00 1.069989884605560441e-06 1.860589241837945832e-07 1.977221185571909582e-07 1.185807432136767820e-07 9.701679276064870340e-08 7.029489907064068105e-08 2.845270898020116730e-08 8.551246893015838699e-09 2.874557166409156906e-09 2.241571516407611151e-09 5.516386820283456307e-05 7.375200097181257116e-08 1.224789049008081297e-05 0.000000000000000000e+00
0.000000000000000000e+00 0.000000000000000000e+00 0.000000000000000000e+00 0.000000000000000000e+00 0.000000000000000000e+00 0.000000000000000000e+00 1.851623972459243280e-07 4.944660106075109014e-08 4.887471047022172420e-08 3.025598959717345079e-08 3.135565552294329097e-08 2.037679242686267162e-08 1.402157640758866948e-08 7.097155502646338278e-09 2.889161994157782354e-09 1.025853429936966052e-09 2.280750511210812097e-09 1.904363077441714638e-07 -8.083639474752178700e+00 0.000000000000000000e+00
0.000000000000000000e+00 0.000000000000000000e+00 0.000000000000000000e+00 0.000000000000000000e+00 0.000000000000000000e+00 0.000000000000000000e+00 2.643265643157197935e-07 7.151670547464136370e-08 5.450657311906720221e-08 3.437823659354846554e-08 3.595645303627062906e-08 2.712233582342772441e-08 2.173342488567320027e-08 1.152943930020107564e-08 3.914052823812306174e-09 1.068512143956765814e-09 2.584263884069843844e-09 6.754131745088502357e-07 4.140561418875023723e+06 0.000000000000000000e+00
0.000000000000000000e+00 0.000000000000000000e+00 0.000000000000000000e+00 0.000000000000000000e+00 0.000000000000000000e+00 0.000000000000000000e+00 -2.776915444150838466e-08 4.059737725374414518e-08 2.587175818191686964e-08 8.520639398532932184e-09 -2.342301880323297101e-12 -3.601233727884145872e-09 1.158774842503348152e-09 -2.102856604899176804e-10 1.207662257913375732e-11 -2.599832472017606415e-12 7.658292947883722382e-12 -4.197562655673365304e-12 1.877251061969320128e-11 0.000000000000000000e+00
0.000000000000000000e+00 0.000000000000000000e+00 0.000000000000000000e+00 0.000000000000000000e+00 0.000000000000000000e+00 0.000000000000000000e+00 -1.105896162970933748e-07 3.376145433711786842e-08 1.256864590894281292e-08 2.273938467286365299e-08 1.265130097383153525e-09 -3.860262336101277481e-09 1.112622206529029745e-09 -2.244042689803730438e-10 -1.707767580748680202e-11 -1.217311149215233041e-12 -2.406828821607958323e-10 -6.290725723164199202e-12 2.090279506767830344e-11 0.000000000000000000e+00
0.000000000000000000e+00 0.000000000000000000e+00 0.000000000000000000e+00 0.000000000000000000e+00 0.000000000000000000e+00 0.000000000000000000e+00 4.570689942472925059e-08 4.727238221061750583e-08 3.969055435308053367e-08 -3.676580942104145424e-09 -8.472861709268447885e-10 -3.914649589167125029e-09 1.115534324392094945e-09 -1.360940352290829934e-10 4.173229667087137627e-11 8.188790870078409840e-12 -8.764850857050679345e-10 -5.645310152272478390e-12 2.418256197439851432e-11 0.000000000000000000e+00
0.000000000000000000e+00 0.000000000000000000e+00 0.000000000000000000e+00 0.000000000000000000e+00 0.000000000000000000e+00 0.000000000000000000e+00 -6.853613407902558864e-08 2.501970107884063462e-08 7.885581811841084816e-09 1.095221615986693756e-08 5.192923622506131114e-10 -2.944897448359430407e-09 1.073428452851299436e-09 -1.803598745499430974e-10 -1.434888147010641463e-11 -4.173732205835261909e-12 8.633786531759210372e-12 -9.773001051757541767e-12 -5.236229909587957880e-08 0.000000000000000000e+00
0.000000000000000000e+00 0.000000000000000000e+00 0.000000000000000000e+00 0.000000000000000000e+00 0.000000000000000000e+00 0.000000000000000000e+00 -8.195239588862039396e-08 2.626261944012776841e-08 8.132994181480194277e-09 1.656103069893648733e-08 1.188223207733558506e-09 -3.211351421475747906e-09 1.201796723042859358e-09 -2.619792643826023609e-10 -1.710292853001486412e-11 -7.730215741309282353e-12 7.046836378726060331e-12 1.730388449412209107e-11 1.483398195309337201e-04 0.000000000000000000e+00
0.000000000000000000e+00 0.000000000000000000e+00 0.000000000000000000e+00 0.000000000000000000e+00 0.000000000000000000e+00 0.000000000000000000e+00 4.151646539753823782e-07 1.335085208074676549e-07 8.977693196530440748e-08 7.090257296524252833e-08 -1.857798842829351989e-08 -1.176669730693635764e-08 5.007512310434553504e-09 -8.687948740260030575e-10 -2.115221312306338837e-10 -2.764562449071943337e-10 5.396925475115566825e-11 5.735178857734083808e-10 3.123955202567707334e-09 0.000000000000000000e+00
0.000000000000000000e+00 0.000000000000000000e+00 0.000000000000000000e+00 0.000000000000000000e+00 0.000000000000000000e+00 0.000000000000000000e+00 -4.311198167410801165e-07 8.213013264300840973e-08 6.765241822073956220e-08 1.121672120856670752e-07 -2.612042198008191154e-08 -1.104470060498621775e-08 6.782152258028559282e-09 -1.327959887375879479e-09 -1.145314477139171035e-10 -3.394268510401794799e-10 5.574321219028413603e-10 6.307639975011544069e-10 3.184227986286790588e-09 0.000000000000000000e+00
0.000000000000000000e+00 0.000000000000000000e+00 0.000000000000000000e+00 0.000000000000000000e+00 0.000000000000000000e+00 0.000000000000000000e+00 1.174496251164786866e-06 1.815455519300656174e-07 1.151630072412562213e-07 4.018263512396809861e-08 -1.222364677876103337e-08 -1.460177601105894030e-08 2.333307299009395018e-09 1.033108897846144210e-10 -5.614956291426101802e-10 -2.818947098546830168e-10 -4.747412687823883475e-09 6.530911964090768558e-10 3.204314873725514827e-09 0.000000000000000000e+00
0.000000000000000000e+00 0.000000000000000000e+00 0.000000000000000000e+00 0.000000000000000000e+00 0.000000000000000000e+00 0.000000000000000000e+00 -1.983055367567103698e-07 4.842517294404602001e-08 4.843101463090798084e-08 6.230552762009485462e-08 -1.484642684466418276e-08 -9.733617804636428666e-09 4.582945557459781537e-09 -9.619904206306866639e-10 -1.519125312574754391e-10 -2.867236015694789267e-10 3.940774871883103042e-11 5.687812446635815485e-10 -6.746008372899291450e-07 0.000000000000000000e+00
0.000000000000000000e+00 0.000000000000000000e+00 0.000000000000000000e+00 0.000000000000000000e+00 0.000000000000000000e+00 0.000000000000000000e+00 -3.389930797109799135e-07 6.322968296149294843e-08 4.872060133794883324e-08 7.808574943673523468e-08 -2.129692152867692430e-08 -8.780731098032833470e-09 7.411214296449308833e-09 -1.726362431563948204e-09 1.134699587730905988e-10 -3.190031359664070429e-10 1.180901423087207398e-11 -2.226269610490088823e-10 1.243810358470535731e-03 0.000000000000000000e+00
0.000000000000000000e+00 0.000000000000000000e+00 0.000000000000000000e+00 0.000000000000000000e+00 0.000000000000000000e+00 0.000000000000000000e+00 9.934654477073757507e-10 1.907456236153819582e-09 -2.987605976179260573e-10 -1.405312681307890293e-10 6.045231488859472245e-10 1.809724674806556600e-10 -7.671156146170425101e-11 -2.916854787118850672e-10 -1.524394715087157640e-11 5.239494074775949419e-11 4.635404303740318917e-11 1.112950127398991494e-09 1.048803815278175986e-06 0.000000000000000000e+00
0.000000000000000000e+00 0.000000000000000000e+00 0.000000000000000000e+00 0.000000000000000000e+00 0.000000000000000000e+00 0.000000000000000000e+00 -1.162963840919400320e-09 -5.004787754014839337e-10 -9.835404460566484910e-10 -4.943605236823755224e-10 -3.423600673878317218e-11 4.169670248394447510e-10 -2.969434233992035443e-10 -1.335626787839849924e-10 1.698264391727026870e-10 2.890867261136845665e-10 1.628394028111900471e-05 1.644810965226238537e-09 1.050041123617830591e-06 0.000000000000000000e+00
0.000000000000000000e+00 0.000000000000000000e+00 0.000000000000000000e+00 0.000000000000000000e+00 0.000000000000000000e+00 0.000000000000000000e+00 -2.781641407251024670e-09 4.945131257591293165e-09 -9.482747892996440742e-10 1.716720146201232892e-09 -2.976723208436067647e-11 -4.446534162901579677e-10 -2.740426615947006702e-11 -4.381333510455573267e-10 5.450184340698984771e-11 1.211462811918709101e-10 7.098688473755528647e-05 1.591339322097975166e-09 1.056544524429073972e-06 0.000000000000000000e+00
0.000000000000000000e+00 0.000000000000000000e+00 0.000000000000000000e+00 0.000000000000000000e+00 0.000000000000000000e+00 0.000000000000000000e+00 3.450702346459783724e-10 3.224160714911524183e-11 -4.664128830894652558e-10 1.244780821594501111e-10 2.076348277601818902e-10 2.586275709829364948e-10 -8.843912100877347528e-11 -1.283726848335633354e-10 3.497555340044235128e-11 4.885139387381196400e-11 6.082344722780498088e-11 4.026316053286936779e-09 8.454672579846485903e+00 0.000000000000000000e+00
0.000000000000000000e+00 0.000000000000000000e+00 0.000000000000000000e+00 0.000000000000000000e+00 0.000000000000000000e+00 0.000000000000000000e+00 -9.508748192137354745e-10 -7.568604332406695390e-10 -3.730232261475591559e-10 3.036194733945340233e-11 -9.283300355283929865e-11 -9.971704051455831421e-11 -4.088884705981259565e-10 -1.726074249377375907e-11 -4.176886284553359570e-11 7.163789754749227972e-11 1.197885174354167569e-10 1.390577032779641367e-08 -1.043697216073488742e+08 0.000000000000000000e+00
0.000000000000000000e+00 0.000000000000000000e+00 0.000000000000000000e+00 0.000000000000000000e+00 0.000000000000000000e+00 0.000000000000000000e+00 2.529027320550883425e-10 8.426757123181362854e-11 8.969486190165399413e-11 4.234401149867265773e-11 2.146795897647684693e-11 7.411981405831405304e-12 4.607490150137432621e-12 2.298054136627972559e-12 1.333320172568195343e-12 6.471597631742336907e-13 1.585716577857652819e-12 5.111769378201513563e-11 9.638934508002740934e-09 0.000000000000000000e+00
0.000000000000000000e+00 0.000000000000000000e+00 0.000000000000000000e+00 0.000000000000000000e+00 0.000000000000000000e+00 0.000000000000000000e+00 1.407133946518649606e-10 6.006256725127719053e-11 3.899398220275026959e-11 2.809929433587182946e-11 2.527943283136510985e-11 1.471664123675274783e-11 6.256088580293911732e-12 2.026827167349619108e-12 1.129972064142468949e-12 1.229934277167406303e-12 2.039033655222639287e-08 6.924370271929554504e-11 9.576763646541895606e-09 0.000000000000000000e+00
0.000000000000000000e+00 0.000000000000000000e+00 0.000000000000000000e+00 0.000000000000000000e+00 0.000000000000000000e+00 0.000000000000000000e+00 1.088172893107229140e-09 3.173692642948064467e-10 3.312139789184595746e-10 1.868579938359622589e-10 1.067092576124079130e-10 3.328407021655834406e-11 8.115985057342593920e-12 4.056815639365011957e-12 2.177083776330522850e-12 1.572043762790670566e-12 1.055771058303400621e-07 6.301590221407013438e-11 9.316665691476227339e-09 0.000000000000000000e+00
0.000000000000000000e+00 0.000000000000000000e+00 0.000000000000000000e+00 0.000000000000000000e+00 0.000000000000000000e+00 0.000000000000000000e+00 5.168814685175881806e-11 2.095367397808304895e-11 1.816892385982869685e-11 9.631244072579199386e-12 8.133870227100215698e-12 4.957810071545616919e-12 3.216064018662902110e-12 1.717277757480073759e-12 1.292729531797276726e-12 6.408194342425724092e-13 1.517094415028982820e-12 1.482299306996971003e-10 -1.063603238029421465e-03 0.000000000000000000e+00
0.000000000000000000e+00 0.000000000000000000e+00 0.000000000000000000e+00 0.000000000000000000e+00 0.000000000000000000e+00 0.000000000000000000e+00 8.106942262660902422e-11 3.240445194194475892e-11 2.110224678173103585e-11 1.558452695899589642e-11 1.548472526167157346e-11 1.248182440448559360e-11 7.755614365717123913e-12 3.489599864122261443e-12 1.649295309063366438e-12 6.726011357220203401e-13 1.590474104671557370e-12 5.991445028293353529e-10 4.615331560571399677e+03 0.000000000000000000e+00
0.000000000000000000e+00 0.000000000000000000e+00 0.000000000000000000e+00 0.000000000000000000e+00 0.000000000000000000e+00 0.000000000000000000e+00 -9.351603296594901977e-10 -1.739102666853233129e-09 8.156910757622475902e-10 -1.542120404790715696e-10 8.277041603939244421e-11 -3.116647414669918358e-11 -5.364110493201828795e-13 -7.758793588050949294e-13 -6.398630449913234516e-13 -2.958882944759346334e-13 -5.541319595784339900e-14 9.074708011644023694e-14 9.148731264537455967e-13 0.000000000000000000e+00
0.000000000000000000e+00 0.000000000000000000e+00 0.000000000000000000e+00 0.000000000000000000e+00 0.000000000000000000e+00 0.000000000000000000e+00 -9.204156420307496291e-10 9.052000752570899677e-10 5.882427988540668797e-10 2.097297219497093221e-10 6.558508435155471581e-11 -2.938565219862156062e-11 5.225645600537004541e-12 2.017331453240840201e-12 -3.132699394888952502e-13 -3.588935053008715920e-13 2.502302922503826136e-11 8.011267238981817602e-14 9.025127375696026477e-13 0.000000000000000000e+00
0.000000000000000000e+00 0.000000000000000000e+00 0.000000000000000000e+00 0.000000000000000000e+00 0.000000000000000000e+00 0.000000000000000000e+00 -9.628052184391043047e-10 -4.138643805564095388e-09 1.076667509448411398e-09 -5.128217091363720110e-10 1.260321536854321240e-10 -4.260426508540440150e-11 -6.805848024023839025e-12 -2.107376837962618978e-12 -1.357273931015077050e-12 -3.654260155026219616e-13 -4.567116780197251991e-11 1.497756011665582458e-13 8.954260605126882803e-13 0.000000000000000000e+00
0.000000000000000000e+00 0.000000000000000000e+00 0.000000000000000000e+00 0.000000000000000000e+00 0.000000000000000000e+00 0.000000000000000000e+00 -6.017594691728219878e-10 -1.601309127876316117e-10 4.682797578123903059e-10 9.078981462536818857e-11 5.324905998230910490e-11 -3.398240073218389307e-11 -3.303952259861692458e-12 -2.753624699861305097e-13 -7.469188522696768253e-13 -3.236539691332488308e-13 -5.784245241460874132e-14 -2.822184175056226152e-13 1.847562997412732178e-09 0.000000000000000000e+00
0.000000000000000000e+00 0.000000000000000000e+00 0.000000000000000000e+00 0.000000000000000000e+00 0.000000000000000000e+00 0.000000000000000000e+00 -5.562791072713849297e-10 7.106339124471835479e-10 4.348819212352099113e-10 1.536998905467705185e-10 3.124231331995217261e-11 -2.014905246627930569e-11 7.538941608495135499e-12 2.887048514583994566e-12 4.078151038366450526e-13 -3.058834349419874962e-13 -9.671862184258300735e-14 1.135408170560227477e-12 3.595748163251032667e-06 0.000000000000000000e+00
0.000000000000000000e+00 0.000000000000000000e+00 0.000000000000000000e+00 0.000000000000000000e+00 0.000000000000000000e+00 0.000000000000000000e+00 1.253057802504610183e-08 -5.569671774742178977e-09 2.533759067528802820e-09 1.361742079379483903e-09 7.171039547443063002e-12 -1.728383580931635848e-10 -1.672112283887438378e-11 -1.644446188802406038e-11 -1.020114399452416671e-11 -4.620019324430634734e-12 1.409561379991862119e-13 4.698020927108296314e-12 -5.232951062753381537e-11 0.000000000000000000e+00
0.000000000000000000e+00 0.000000000000000000e+00 0.000000000000000000e+00 0.000000000000000000e+00 0.000000000000000000e+00 0.000000000000000000e+00 2.708430034262220007e-10 2.143960421360635921e-09 3.577737548283986665e-10 2.724039822663578399e-10 -3.200838354817032193e-10 -1.707066390604737039e-10 1.068184866823719326e-11 -2.317782908676381923e-11 -4.271026119798246861e-12 -6.004230492830462568e-12 -5.150132273736360696e-11 6.769033736089674446e-12 -5.364822881465237567e-11 0.000000000000000000e+00
0.000000000000000000e+00 0.000000000000000000e+00 0.000000000000000000e+00 0.000000000000000000e+00 0.000000000000000000e+00 0.000000000000000000e+00 2.356730159320816431e-08 -1.258000571550480342e-08 4.647868869861158282e-09 2.541064123407372487e-09 3.982258306344087179e-10 -2.164374044343277809e-10 -3.900118567224450110e-11 9.629978384593935992e-12 -1.181080257953784619e-11 -7.065208004970310196e-12 -7.157496382453171558e-10 8.307694611168709301e-12 -5.503212147656861274e-11 0.000000000000000000e+00
0.000000000000000000e+00 0.000000000000000000e+00 0.000000000000000000e+00 0.000000000000000000e+00 0.000000000000000000e+00 0.000000000000000000e+00 4.995498015532667830e-09 -7.189107759981998846e-10 9.127493286100058952e-10 6.076519424188296810e-10 -9.426917759340694867e-11 -1.558526648648272016e-10 1.952243918991392194e-11 -1.914735057343000425e-11 -9.444391769465423099e-12 -4.270659369246418772e-12 3.358835510918933105e-13 -4.882069281383729221e-12 1.547662665296407383e-08 0.000000000000000000e+00
0.000000000000000000e+00 0.000000000000000000e+00 0.000000000000000000e+00 0.000000000000000000e+00 0.000000000000000000e+00 0.000000000000000000e+00 7.084002037730475855e-10 1.699567256891842741e-09 3.720994920872306713e-10 7.342016259546358676e-11 -3.605944236433010697e-10 -1.270271331495660088e-10 -2.172621966138662105e-12 -3.451169319264792881e-11 -3.093499710005675568e-12 -4.332309627452750389e-12 -1.507135271039352272e-12 -8.788023388849278078e-12 4.332829475171554376e-05 0.000000000000000000e+00
0.000000000000000000e+00 0.000000000000000000e+00 0.000000000000000000e+00 0.000000000000000000e+00 0.000000000000000000e+00 0.000000000000000000e+00 -4.607045402970300984e-12 5.147779755415565970e-12 -2.113694115508745244e-11 -2.678255514214499290e-11 -1.575696114387761078e-11 -4.490705202617731403e-12 -7.112990725364192499e-12 -1.185418711577548614e-11 -4.891428856427150983e-12 3.270035623147488848e-14 -4.517695412311409892e-12 -3.369420179578392280e-11 1.854506031260828394e-07 0.000000000000000000e+00
0.000000000000000000e+00 0.000000000000000000e+00 0.000000000000000000e+00 0.000000000000000000e+00 0.000000000000000000e+00 0.000000000000000000e+00 -2.228024905641871432e-12 1.019429251136700232e-10 3.222637091270363654e-11 -2.754860470871255471e-11 -6.303093636376535201e-11 -3.098366012937873040e-11 -7.822836673575745553e-12 -1.500801558783556591e-11 -1.106086785052770920e-11 -8.391476740369817902e-14 -8.692207106394096394e-07 -5.212567563705953642e-11 1.852955751719252028e-07 0.000000000000000000e+00
0.000000000000000000e+00 0.000000000000000000e+00 0.000000000000000000e+00 0.000000000000000000e+00 0.000000000000000000e+00 0.000000000000000000e+00 5.589586764920062007e-11 -8.114826022573323617e-11 -7.149882559854887244e-11 -2.712224307260519491e-11 1.704202338863393583e-11 -6.596272962479735910e-11 -1.987302466856535267e-11 -1.745576950874912585e-11 -1.341441208721042053e-11 -6.520860214098123107e-13 -2.410919563399754653e-06 -4.130695115402711272e-11 1.852121442722940642e-07 0.000000000000000000e+00
0.000000000000000000e+00 0.000000000000000000e+00 0.000000000000000000e+00 0.000000000000000000e+00 0.000000000000000000e+00 0.000000000000000000e+00 2.180280621486242531e-11 4.937635473527616495e-11 -6.032918000513693057e-12 -2.408127142578966229e-11 -1.711083916591256163e-11 -7.065054696271736590e-12 -8.091585994029427272e-12 -1.586413869043978449e-11 -8.717150459069012474e-12 -9.924541152420773289e-14 -4.065170964627977747e-12 7.710780465058763764e-11 2.027089370186366257e-01 0.000000000000000000e+00
0.000000000000000000e+00 0.000000000000000000e+00 0.000000000000000000e+00 0.000000000000000000e+00 0.000000000000000000e+00 0.000000000000000000e+00 1.563946629907174754e-11 5.427079506648092314e-11 1.709825620699858383e-11 -1.177741205970703474e-11 -5.432577380790159558e-11 -2.499642742853602514e-11 -3.421865155379155792e-12 -1.395239773851293205e-11 -8.141307851589554514e-12 1.837161357442616067e-13 -2.296219063290337500e-12 8.175208044215883772e-11 -3.708144928550188779e+05 0.000000000000000000e+00
0.000000000000000000e+00 0.000000000000000000e+00 0.000000000000000000e+00 0.000000000000000000e+00 0.000000000000000000e+00 0.000000000000000000e+00 9.860216262512925050e-18 8.645768856698961095e-18 5.383946051032120880e-18 2.140630435136608998e-18 2.387319269198042008e-18 1.745296795822147319e-18 1.145996342393148180e-18 6.058079827224382965e-19 2.269354593990964656e-19 7.640144086764116667e-20 1.014893337223337213e-19 5.204680706956261044e-18 6.484731590009363456e-16 0.000000000000000000e+00
0.000000000000000000e+00 0.000000000000000000e+00 0.000000000000000000e+00 0.000000000000000000e+00 0.000000000000000000e+00 0.000000000000000000e+00 4.191044980798154771e-17 1.483937550970816931e-17 7.410364917334352478e-18 5.641362892878281433e-18 5.112555521571129717e-18 2.423150347426082056e-18 1.274721062979168930e-18 5.583716068113347724e-19 1.799973664078234961e-19 8.867736593309952362e-20 4.956393092556317664e-16 6.596386876126362275e-18 6.454041258622595237e-16 0.000000000000000000e+00
0.000000000000000000e+00 0.000000000000000000e+00 0.000000000000000000e+00 0.000000000000000000e+00 0.000000000000000000e+00 0.000000000000000000e+00 1.949154267972560063e-17 2.206018557280961444e-17 8.026566112089330521e-18 4.490500475193328840e-18 3.831595956953659336e-18 2.888025047373405092e-18 1.239721512426868002e-18 5.669722034233591582e-19 1.829525540141097166e-19 9.783784513455151716e-20 2.120063549711952304e-15 5.601037747410773767e-18 6.298982051639684544e-16 0.000000000000000000e+00
0.000000000000000000e+00 0.000000000000000000e+00 0.000000000000000000e+00 0.000000000000000000e+00 0.000000000000000000e+00 0.000000000000000000e+00 1.579046563518464042e-17 5.361391675535940554e-18 3.309915455121363126e-18 1.972517117972221562e-18 1.949124221813813812e-18 1.249751956853265327e-18 9.279625199250624214e-19 5.403320235093169446e-19 2.151465850985711856e-19 7.455209563895149588e-20 1.022141216495609073e-19 1.477624130680855033e-17 -5.722026164592533846e-09 0.000000000000000000e+00
0.000000000000000000e+00 0.000000000000000000e+00 0.000000000000000000e+00 0.000000000000000000e+00 0.000000000000000000e+00 0.000000000000000000e+00 2.360685245486996057e-17 8.201374367899182700e-18 3.886107034213458408e-18 3.219804865326104473e-18 3.000016296519514293e-18 1.844087737786217101e-18 1.368679927287563064e-18 7.081228177318926422e-19 2.543603348756072443e-19 7.567927437188001167e-20 1.122874691053578594e-19 1.292516079674937008e-17 -4.861973304485373015e-05 0.000000000000000000e+00
0.000000000000000000e+00 0.000000000000000000e+00 0.000000000000000000e+00 0.000000000000000000e+00 0.000000000000000000e+00 0.000000000000000000e+00 4.575323076286861973e-14 3.951905040351602404e-13 7.885201325110375068e-14 2.235121686999290432e-14 -3.630132030870205591e-16 -2.307475076139467724e-14 7.547716863235778926e-15 -1.325574310309092047e-15 4.264640573281901286e-16 -1.582531890257528381e-17 1.820428115970391912e-17 -4.468448903537735220e-17 2.019815620761076191e-15 0.000000000000000000e+00
0.000000000000000000e+00 0.000000000000000000e+00 0.000000000000000000e+00 0.000000000000000000e+00 0.000000000000000000e+00 0.000000000000000000e+00 -9.436825484982777626e-13 -3.452793551620320200e-13 2.453273490442612231e-13 -6.276513887093461078e-14 3.634275800919959024e-14 -2.891546407996644575e-14 1.317659977356609346e-14 -2.787683838316783494e-15 4.363569327957056589e-16 1.170491724292628087e-17 4.537088350797539986e-15 -9.621564994508679614e-17 2.011986490632805307e-15 0.000000000000000000e+00
0.000000000000000000e+00 0.000000000000000000e+00 0.000000000000000000e+00 0.000000000000000000e+00 0.000000000000000000e+00 0.000000000000000000e+00 9.315186523916161184e-13 1.064870498702816182e-12 -6.469357557025700297e-14 1.047567286782555592e-13 -3.612001134425448734e-14 -2.120277496288237103e-14 6.266084161932040155e-16 -4.881106935222783819e-17 9.986012987894427579e-17 3.046410482244342183e-17 -7.113298558518042848e-15 -1.040217091567255156e-16 2.008902901689937506e-15 0.000000000000000000e+00
0.000000000000000000e+00 0.000000000000000000e+00 0.000000000000000000e+00 0.000000000000000000e+00 0.000000000000000000e+00 0.000000000000000000e+00 -4.203897387937817041e-13 -3.421833720938893523e-14 1.662576960721525265e-13 -1.745995831755410849e-14 1.286220060299483285e-14 -1.953414116252972440e-14 1.042104896923915962e-14 -2.165416532070461909e-15 5.569302291478571833e-16 -1.824685568034823125e-17 1.799300394872591862e-17 4.848172602563379427e-16 4.590585678238491725e-13 0.000000000000000000e+00
0.000000000000000000e+00 0.000000000000000000e+00 0.000000000000000000e+00 0.000000000000000000e+00 0.000000000000000000e+00 0.000000000000000000e+00 -7.907176599175410683e-13 -2.669442080042464912e-13 1.638499651075102339e-13 -4.566943412322576930e-14 3.188851876242130951e-14 -2.655819678372496857e-14 1.335287111347239075e-14 -2.831965914223970796e-15 6.120297692262720596e-16 -2.464692706795584191e-17 2.901316917193089416e-17 1.029781897330401409e-15 -7.983268167312033064e-11 0.000000000000000000e+00
0.000000000000000000e+00 0.000000000000000000e+00 0.000000000000000000e+00 0.000000000000000000e+00 0.000000000000000000e+00 0.000000000000000000e+00 3.850691962682802013e-12 -8.043849586652255048e-13 4.493871788051413356e-13 6.123292027629031474e-14 -2.988156025777971105e-14 -3.676822516124593478e-14 5.051086475435024727e-14 4.369461487461685751e-15 -6.629985626378814358e-16 3.311923308739925931e-16 2.841068002401095184e-16 6.682206498823674489e-16 1.376339606565539302e-14 0.000000000000000000e+00
0.000000000000000000e+00 0.000000000000000000e+00 0.000000000000000000e+00 0.000000000000000000e+00 0.000000000000000000e+00 0.000000000000000000e+00 -1.667836196080018257e-12 -1.777178286536016242e-12 1.059177675532291943e-12 -9.220535172133018654e-14 -7.209961702946415957e-14 -1.427933468524586822e-14 5.675236956717432442e-14 5.968136721510991063e-15 3.856526778160559642e-16 4.239834113475728405e-16 7.302403446761843707e-14 5.753027116252485160e-16 1.322963080259985778e-14 0.000000000000000000e+00
0.000000000000000000e+00 0.000000000000000000e+00 0.000000000000000000e+00 0.000000000000000000e+00 0.000000000000000000e+00 0.000000000000000000e+00 8.830369083997226495e-12 5.136488911776823527e-14 -6.574893172705391270e-14 2.372919549629738219e-13 1.675861034031182440e-14 -7.360870297096415193e-14 3.591619284901008906e-14 -7.030103416506632391e-16 -1.015751620943843568e-15 9.535008448301592906e-16 1.609138406725359136e-13 3.160961472424603361e-16 1.206842575242704765e-14 0.000000000000000000e+00
0.000000000000000000e+00 0.000000000000000000e+00 0.000000000000000000e+00 0.000000000000000000e+00 0.000000000000000000e+00 0.000000000000000000e+00 4.359031575568331804e-13 -1.132893504739860256e-12 6.573955144194287284e-13 7.761544311285841215e-15 -7.792141947474140356e-14 -2.474595086070807086e-14 4.672859349951357343e-14 4.603081975194587811e-15 5.818526946342478817e-16 1.595868225660677428e-16 8.817968303948705185e-17 3.887875523534338639e-15 4.763627048835754155e-11 0.000000000000000000e+00
0.000000000000000000e+00 0.000000000000000000e+00 0.000000000000000000e+00 0.000000000000000000e+00 0.000000000000000000e+00 0.000000000000000000e+00 -1.761503681924085174e-12 -1.336242727165668832e-12 7.226496017436204218e-13 -7.389855166784381894e-14 -4.825751054555049889e-14 -5.137250065054266919e-15 5.858460381990366662e-14 8.162438912600790354e-15 -7.276373962834379422e-16 -1.333734135530623996e-18 -2.987156202334138348e-16 1.173286271240767430e-14 5.745109954268590743e-08 0.000000000000000000e+00
0.000000000000000000e+00 0.000000000000000000e+00 0.000000000000000000e+00 0.000000000000000000e+00 0.000000000000000000e+00 0.000000000000000000e+00 1.079856141557882179e-14 -5.323348084926743893e-14 1.127837166375691061e-14 8.221721831014921105e-15 4.291350652884477481e-15 2.008262772695012245e-15 -6.710691786789012745e-16 -1.062427663322700885e-15 8.915890760335631197e-16 1.488991232876720661e-16 5.920534989676190026e-17 1.831717053572018593e-14 6.758630012499645719e-11 0.000000000000000000e+00
0.000000000000000000e+00 0.000000000000000000e+00 0.000000000000000000e+00 0.000000000000000000e+00 0.000000000000000000e+00 0.000000000000000000e+00 -7.767961458177188892e-14 -7.619278518854795339e-14 4.877385540599107686e-15 -2.078022015509565080e-14 -2.807130639412289991e-14 7.022277788249595546e-15 1.956496493560104004e-15 -5.442430699918272668e-15 -3.112616655620564423e-16 -8.747178218454774131e-16 -8.750344630210958258e-12 1.904105974459739800e-14 6.769851233357698671e-11 0.000000000000000000e+00
0.000000000000000000e+00 0.000000000000000000e+00 0.000000000000000000e+00 0.000000000000000000e+00 0.000000000000000000e+00 0.000000000000000000e+00 -2.536929109025250166e-14 -1.260191400647621790e-13 -5.046311277756705513e-15 3.833458380844519056e-15 4.683467907579761271e-15 1.487499975413461699e-14 4.904510644507782721e-15 1.265956485429669271e-15 2.240135755167601906e-15 -6.596819978723122108e-16 8.172885402716480646e-10 1.574399906057100002e-14 6.781103224810116427e-11 0.000000000000000000e+00
0.000000000000000000e+00 0.000000000000000000e+00 0.000000000000000000e+00 0.000000000000000000e+00 0.000000000000000000e+00 0.000000000000000000e+00 -5.478568199773056281e-15 -5.591666522316773799e-14 8.659127111878660099e-15 1.226156053920233728e-15 -4.091767858595632164e-15 1.912852494639023419e-15 -3.315398042670025707e-16 -3.412869348199936458e-15 -7.995023740028107078e-17 3.333277474093643648e-16 1.698463819709881754e-16 2.060227192854124615e-14 5.018599133005252752e-04 0.000000000000000000e+00
0.000000000000000000e+00 0.000000000000000000e+00 0.000000000000000000e+00 0.000000000000000000e+00 0.000000000000000000e+00 0.000000000000000000e+00 -4.070113596389200944e-14 -6.472424329886234006e-14 6.652284496918050676e-15 -9.430813544568128686e-15 -1.552022061543640916e-14 7.559417907915074213e-15 2.157646304945997482e-15 -7.165950123765423605e-15 -3.062330302460676024e-16 6.485647455403789548e-16 2.288839308559852434e-16 8.620780842696177281e-14 -9.030558134261612580e+00 0.000000000000000000e+00
0.000000000000000000e+00 0.000000000000000000e+00 0.000000000000000000e+00 0.000000000000000000e+00 0.000000000000000000e+00 0.000000000000000000e+00 6.797983924961146645e-09 4.976059559920468221e-09 3.523776034969873072e-09 4.519957318347172602e-09 2.796197959047630081e-09 2.901003610619123558e-09 2.117894193677616327e-09 1.429409586761592826e-09 6.397844950652853364e-10 1.505971819366092374e-10 2.162442911952546360e-10 4.111160384959632735e-08 -1.214373176931609049e-07 0.000000000000000000e+00
0.000000000000000000e+00 0.000000000000000000e+00 0.000000000000000000e+00 0.000000000000000000e+00 0.000000000000000000e+00 0.000000000000000000e+00 8.351023219840294841e-09 -1.224841755956510449e-09 4.754294653786835700e-11 4.331920603542470305e-10 4.010648452627074260e-10 6.206676097164408226e-10 2.189761414414260888e-10 2.755139217208927074e-10 1.040429408262380929e-10 7.772495180496901586e-11 2.694905379487624534e-07 4.206339079127979219e-08 -1.303715073301485970e-07 0.000000000000000000e+00
0.000000000000000000e+00 0.000000000000000000e+00 0.000000000000000000e+00 0.000000000000000000e+00 0.000000000000000000e+00 0.000000000000000000e+00 1.998572932315749944e-08 2.418849517475966586e-08 1.184913240826804901e-08 1.524807816211253761e-08 1.489761822582094858e-08 1.398469214484011629e-08 7.746798748659816222e-09 5.216577627247816434e-09 2.225661188685514128e-09 6.002390254680732674e-10 1.708723828986268309e-06 5.047135742885990198e-08 -1.444192364065128697e-07 0.000000000000000000e+00
0.000000000000000000e+00 0.000000000000000000e+00 0.000000000000000000e+00 0.000000000000000000e+00 0.000000000000000000e+00 0.000000000000000000e+00 3.991027409604808942e-09 -4.721985866850230389e-10 4.175679635437456044e-10 3.909447697759021381e-10 4.070194480813747701e-10 5.420798364014123331e-10 3.470694470759657026e-10 3.303863820811369326e-10 1.763403341875105043e-10 7.441093222033263576e-11 6.456098815317348941e-11 3.049298229144997644e-08 -4.798918362148992856e+01 0.000000000000000000e+00
0.000000000000000000e+00 0.000000000000000000e+00 0.000000000000000000e+00 0.000000000000000000e+00 0.000000000000000000e+00 0.000000000000000000e+00 3.306280358344153813e-09 -1.948639785618077809e-10 7.223254222640754286e-10 -1.397620404922509744e-10 1.811230385489938786e-10 3.699787552772510213e-10 3.667629785738902919e-10 2.369640205348157922e-10 1.446076910767244886e-10 4.636635564467552752e-11 2.327042005610194593e-11 3.168474397135247879e-08 1.899372564449259341e+08 0.000000000000000000e+00
0.000000000000000000e+00 0.000000000000000000e+00 0.000000000000000000e+00 0.000000000000000000e+00 0.000000000000000000e+00 0.000000000000000000e+00 -3.943225979473547724e-08 -1.269270889359181831e-08 -2.580264848288261635e-09 -1.458059349306539863e-08 -5.776012191195739028e-09 -4.866233190516510186e-09 -2.144191614938641886e-09 -9.244750286051960407e-10 -4.052916011485062593e-10 -1.070801876968584151e-10 6.957910071356686857e-11 5.752812835530640730e-10 1.521948510083206597e-09 0.000000000000000000e+00
0.000000000000000000e+00 0.000000000000000000e+00 0.000000000000000000e+00 0.000000000000000000e+00 0.000000000000000000e+00 0.000000000000000000e+00 -6.259429446095268684e-09 1.965665600114191435e-08 3.330608928994943637e-09 -2.047313969845087000e-09 -1.677776028420776002e-09 -5.314318963843341716e-10 7.288403683144725036e-11 2.523218352017692751e-10 4.941093787338280361e-11 -3.294037108515180019e-11 -1.681077623461043258e-10 5.313492034875029438e-10 1.535842511726838125e-09 0.000000000000000000e+00
0.000000000000000000e+00 0.000000000000000000e+00 0.000000000000000000e+00 0.000000000000000000e+00 0.000000000000000000e+00 0.000000000000000000e+00 -6.946090770234081635e-08 -4.215783314716556468e-08 -8.188866277963496682e-09 -2.777070512146464003e-08 -1.031293523655960823e-08 -1.031247913677376052e-08 -4.331539022655204575e-09 -1.959874062658176814e-09 -8.205714597014187981e-10 -2.544547335424641114e-10 -9.750837365372062380e-11 6.239084055450471909e-10 1.554233598048564125e-09 0.000000000000000000e+00
0.000000000000000000e+00 0.000000000000000000e+00 0.000000000000000000e+00 0.000000000000000000e+00 0.000000000000000000e+00 0.000000000000000000e+00 -1.613922018474956603e-08 1.161367430129191818e-08 1.720916819584480696e-09 -2.421101112799814081e-09 -1.261062577162172759e-09 -8.515254908958655802e-10 -2.803549791440718358e-10 -5.690884836104007232e-11 -3.038668086760982182e-11 -3.075087684211894395e-11 1.690549308559362441e-11 1.085413664416579348e-10 -3.303719380499247062e-07 0.000000000000000000e+00
0.000000000000000000e+00 0.000000000000000000e+00 0.000000000000000000e+00 0.000000000000000000e+00 0.000000000000000000e+00 0.000000000000000000e+00 -2.712172198170316636e-09 1.332245589074672574e-08 2.380529358482326536e-09 -1.177719051266610645e-09 -2.086804672843141971e-09 -6.266249699287098168e-10 -1.963485117171122629e-10 1.602084652079131340e-10 -6.879426779845626509e-12 -2.306259060710966434e-11 -5.567080819813721968e-12 7.350701269315743047e-11 7.877450527189465727e-04 0.000000000000000000e+00
0.000000000000000000e+00 0.000000000000000000e+00 0.000000000000000000e+00 0.000000000000000000e+00 0.000000000000000000e+00 0.000000000000000000e+00 -1.615659622104723085e-07 -4.702654790990901624e-08 4.419076473246816715e-11 -4.294074488647397596e-08 -2.977967681487694806e-08 -1.548182111259436760e-08 -5.792601061537355081e-09 -2.194264055820745354e-09 -9.947536352514844785e-10 -1.621507084587286721e-10 1.777913497685316047e-10 2.703977485982769013e-09 -5.137883032815406511e-09 0.000000000000000000e+00
0.000000000000000000e+00 0.000000000000000000e+00 0.000000000000000000e+00 0.000000000000000000e+00 0.000000000000000000e+00 0.000000000000000000e+00 2.837283255013014520e-09 8.918763422531437719e-08 3.252196591650121994e-08 -1.225642086759664296e-08 2.440398134583982368e-09 5.129544134975394236e-10 2.069569932263276809e-09 9.998486264529189561e-10 3.267502864453504290e-10 -4.549907426006973322e-11 3.394704004256152796e-10 2.375692792897599947e-09 -5.047781048524344983e-09 0.000000000000000000e+00
0.000000000000000000e+00 0.000000000000000000e+00 0.000000000000000000e+00 0.000000000000000000e+00 0.000000000000000000e+00 0.000000000000000000e+00 -3.098987526606258919e-07 -1.703829685915658127e-07 -3.036871873762704332e-08 -7.628164219145777481e-08 -6.485478667940423894e-08 -3.451293282575436548e-08 -1.284329001331617458e-08 -4.739848722751077824e-09 -2.099024547238998768e-09 -5.098723781191864726e-10 5.066979602948840245e-09 3.040653718271337966e-09 -4.968606408312832587e-09 0.000000000000000000e+00
0.000000000000000000e+00 0.000000000000000000e+00 0.000000000000000000e+00 0.000000000000000000e+00 0.000000000000000000e+00 0.000000000000000000e+00 -6.014382122490277031e-08 6.088476821051539901e-08 1.765426976926687571e-08 -6.385903617569886089e-09 -9.122591326986586157e-10 -1.019424601058703296e-09 4.565701817707899793e-10 8.079140310068094144e-10 1.131822912448713767e-10 -2.823100439891777037e-11 -1.447439136014098516e-11 -4.304400131337926802e-10 9.965247960330067794e-06 0.000000000000000000e+00
0.000000000000000000e+00 0.000000000000000000e+00 0.000000000000000000e+00 0.000000000000000000e+00 0.000000000000000000e+00 0.000000000000000000e+00 1.394355147055143544e-08 5.849177429645908906e-08 2.492100673477350408e-08 -1.006055846535517598e-08 -8.449438282307151405e-10 -2.064341752532175545e-10 1.356943487894779956e-09 2.920627627213929515e-10 1.261056192152623312e-10 -1.992259599010300698e-11 -2.297840691582922775e-11 7.474247295134790072e-10 1.612604010778143776e-02 0.000000000000000000e+00
0.000000000000000000e+00 0.000000000000000000e+00 0.000000000000000000e+00 0.000000000000000000e+00 0.000000000000000000e+00 0.000000000000000000e+00 2.744157367194345361e-10 -3.398094590015328249e-09 -3.895390315737192858e-09 -3.117434329105879085e-09 9.493258593674990662e-10 4.730503641117065679e-10 -2.344765094896805008e-10 -4.483424701005029264e-10 -1.985059631247316217e-10 -1.150577803240110396e-10 -2.306892860899511306e-10 -1.553098566383983160e-08 1.957689803591626380e-05 0.000000000000000000e+00
0.000000000000000000e+00 0.000000000000000000e+00 0.000000000000000000e+00 0.000000000000000000e+00 0.000000000000000000e+00 0.000000000000000000e+00 8.665618452550478684e-09 -7.037054485735916778e-09 -2.370193230634461361e-09 -1.310159031230770278e-09 -3.033418190448121020e-09 -5.932438065239914640e-10 -5.463345337080108357e-10 -7.255167267136042969e-10 -1.658392108898262207e-10 -7.649005011897499219e-11 2.807974067502900931e-06 -1.713301215892487683e-08 1.961196055543629034e-05 0.000000000000000000e+00
0.000000000000000000e+00 0.000000000000000000e+00 0.000000000000000000e+00 0.000000000000000000e+00 0.000000000000000000e+00 0.000000000000000000e+00 -4.245349560737586334e-10 3.270389045847908208e-09 -4.298271872482809225e-09 -5.381029296783816480e-09 3.328889374156998500e-10 9.035328021849948425e-10 2.458841210295547779e-10 -4.157878018107840672e-10 -2.534990368967829396e-10 1.416179961091858289e-10 3.693125779089202260e-05 -1.746440703227194945e-08 1.964742041802513092e-05 0.000000000000000000e+00
0.000000000000000000e+00 0.000000000000000000e+00 0.000000000000000000e+00 0.000000000000000000e+00 0.000000000000000000e+00 0.000000000000000000e+00 -2.895508358988501830e-09 -6.887580975212019845e-09 2.492480572569305717e-10 -2.729467498829549064e-09 3.857482834028239916e-10 -5.959477690008713757e-10 -2.187061931334637109e-10 -4.522114543708628676e-10 -1.598620404694677453e-10 -1.777124051672975487e-10 -1.675716343841433704e-10 -3.365665250122934090e-08 -2.175658501174295338e+02 0.000000000000000000e+00
0.000000000000000000e+00 0.000000000000000000e+00 0.000000000000000000e+00 0.000000000000000000e+00 0.000000000000000000e+00 0.000000000000000000e+00 4.803819547329178480e-09 -8.823248889212346136e-09 1.639254813003684786e-10 -2.256428164892626815e-09 -1.254831014546105082e-09 1.140255785995411536e-10 -1.268346689403821370e-10 -9.285732331828922996e-10 -3.232114061325766426e-10 -2.393082573321910236e-10 -3.222942831165944451e-11 -5.332886998307938417e-08 -3.970368246297043562e+08 0.000000000000000000e+00
