0.000000000000000000e+00 0.000000000000000000e+00 0.000000000000000000e+00 0.000000000000000000e+00 0.000000000000000000e+00 0.000000000000000000e+00 2.503428030344319868e-12 5.141466307505296855e-13 1.785412410129432380e-13 2.810554445251799732e-13 1.824913903827605897e-13 2.061843312475739305e-13 1.446670976324738527e-13 5.957472519508532093e-14 1.233377264927193223e-14 2.908724199311949663e-13 5.566594509820721396e-12 6.509459706843129742e-12 0.000000000000000000e+00 0.000000000000000000e+00
0.000000000000000000e+00 0.000000000000000000e+00 0.000000000000000000e+00 0.000000000000000000e+00 0.000000000000000000e+00 0.000000000000000000e+00 -3.149454961327067395e-14 -2.576455490683150314e-14 1.814688703725154142e-14 4.235869550866143421e-14 3.034121599131842357e-14 3.960846424436037494e-14 2.125505853144027756e-14 1.522801259888958661e-14 7.244485893171083042e-15 3.132121536842993326e-11 4.750133212713509849e-12 6.557450221315070538e-12 0.000000000000000000e+00 0.000000000000000000e+00
0.000000000000000000e+00 0.000000000000000000e+00 0.000000000000000000e+00 0.000000000000000000e+00 0.000000000000000000e+00 0.000000000000000000e+00 9.237705001949945984e-12 1.893469343468081089e-12 7.425713985147212127e-13 1.589513025464284289e-12 1.938578010771891331e-12 3.897303359781518058e-12 1.722725139652663521e-12 1.219214179164700094e-12 5.880417771432680844e-13 3.346417036713814041e-10 5.519957909548728066e-12 6.664124911588767346e-12 0.000000000000000000e+00 0.000000000000000000e+00
0.000000000000000000e+00 0.000000000000000000e+00 0.000000000000000000e+00 0.000000000000000000e+00 0.000000000000000000e+00 0.000000000000000000e+00 -2.599259425802785544e-14 -1.385240240782577982e-15 1.586258546789750710e-14 1.293001359107230868e-14 -7.436738005607852618e-16 4.622164978452900234e-15 6.467291379810529778e-15 6.396211497407134488e-15 3.031651496422263354e-15 1.498520538993251259e-14 1.247802523045785235e-11 -9.893734872111763397e-05 0.000000000000000000e+00 0.000000000000000000e+00
0.000000000000000000e+00 0.000000000000000000e+00 0.000000000000000000e+00 0.000000000000000000e+00 0.000000000000000000e+00 0.000000000000000000e+00 -2.096181754320988207e-14 -6.729173580861367273e-15 1.691170241516521057e-14 1.193492410443542362e-14 -2.503167674815315466e-15 4.457060264730637767e-15 5.537681503444543997e-15 6.195942189366902696e-15 3.455962141092062615e-15 2.258468113340304319e-14 3.191663301876024263e-11 7.596898082718253136e+02 0.000000000000000000e+00 0.000000000000000000e+00
0.000000000000000000e+00 0.000000000000000000e+00 0.000000000000000000e+00 0.000000000000000000e+00 0.000000000000000000e+00 0.000000000000000000e+00 -9.029799246406842140e-10 -1.338653002968293166e-10 3.496755788591172364e-11 1.046267273835189652e-11 -1.910613007580798293e-12 3.542642203746038457e-12 -6.547794836066012814e-13 -6.963301147319399736e-13 3.216808576359481725e-13 3.232238126411742342e-13 6.814751437898228737e-13 6.570863623022728604e-14 0.000000000000000000e+00 0.000000000000000000e+00
0.000000000000000000e+00 0.000000000000000000e+00 0.000000000000000000e+00 0.000000000000000000e+00 0.000000000000000000e+00 0.000000000000000000e+00 -1.454109633333483443e-11 2.387086349168092980e-11 1.434005541468747586e-11 3.280781044585619549e-11 2.518766119573870437e-12 -5.193051264369733826e-12 1.047128351554400213e-13 4.651021411085808035e-13 2.590963717594660849e-13 1.147760730035993621e-13 4.607817752993884870e-13 1.582451867552307960e-13 0.000000000000000000e+00 0.000000000000000000e+00
0.000000000000000000e+00 0.000000000000000000e+00 0.000000000000000000e+00 0.000000000000000000e+00 0.000000000000000000e+00 0.000000000000000000e+00 -1.726358257252291837e-09 -2.843306421743930775e-10 5.607753928623557221e-11 -1.378047079548972845e-11 -8.663487156351492444e-12 2.862594680577977770e-11 -3.527472925169242633e-12 -4.070342795009687423e-12 9.131501215685694893e-14 3.013360002848506699e-12 5.991215907645191616e-13 1.875045252204988870e-13 0.000000000000000000e+00 0.000000000000000000e+00
0.000000000000000000e+00 0.000000000000000000e+00 0.000000000000000000e+00 0.000000000000000000e+00 0.000000000000000000e+00 0.000000000000000000e+00 -1.252062185040489630e-11 2.423992682003585395e-11 1.788844000221532868e-11 1.977615075831866252e-11 4.670840521957362143e-12 -3.389766829030924018e-12 -2.079906574617857513e-13 3.098365642357565297e-13 2.055241691028721746e-13 1.125493005700118917e-13 -1.593051127345700349e-13 3.523305846932058480e-09 0.000000000000000000e+00 0.000000000000000000e+00
0.000000000000000000e+00 0.000000000000000000e+00 0.000000000000000000e+00 0.000000000000000000e+00 0.000000000000000000e+00 0.000000000000000000e+00 -1.407795772562815747e-11 2.140210231362715150e-11 1.648749838810754967e-11 1.521952348115639243e-11 5.966338648804991625e-12 -3.199401455723056174e-12 -6.198459261268923213e-13 1.238255678582007793e-13 1.805652011805178116e-13 -1.522086350264480089e-14 5.300664590024391022e-13 -3.828230007991232091e-04 0.000000000000000000e+00 0.000000000000000000e+00
0.000000000000000000e+00 0.000000000000000000e+00 0.000000000000000000e+00 0.000000000000000000e+00 0.000000000000000000e+00 0.000000000000000000e+00 -5.528365812308232358e-09 -5.702193700392891222e-10 2.155022154359865038e-10 -5.099147461586887970e-11 -3.476056067906446125e-11 5.247562053563411966e-12 -5.970015051149976145e-12 -5.100079586781285847e-12 4.316459815010079528e-13 7.179814287065219986e-12 1.110601930955398330e-11 -1.031612010089542213e-11 0.000000000000000000e+00 0.000000000000000000e+00
0.000000000000000000e+00 0.000000000000000000e+00 0.000000000000000000e+00 0.000000000000000000e+00 0.000000000000000000e+00 0.000000000000000000e+00 -4.906863989909541819e-11 3.053586600776428895e-11 5.681163837059884370e-12 4.724303289740674935e-11 2.465701063331420653e-11 -2.389834864835297139e-11 -8.052136100879056539e-12 -4.279815792183356804e-13 1.913105428270894435e-14 6.326351827690805286e-11 9.408815268931580063e-12 -1.065840539354429374e-11 0.000000000000000000e+00 0.000000000000000000e+00
0.000000000000000000e+00 0.000000000000000000e+00 0.000000000000000000e+00 0.000000000000000000e+00 0.000000000000000000e+00 0.000000000000000000e+00 -1.060996083548666151e-08 -1.144629974905170979e-09 4.316528320763011916e-10 -1.698960794734025677e-10 -1.248317497093902146e-10 7.387357229092380914e-11 -9.937953960036938402e-12 -2.248931428297274203e-11 -2.900042910968229017e-12 5.491990779781365939e-11 1.140092415095583247e-11 -1.029654890673913492e-11 0.000000000000000000e+00 0.000000000000000000e+00
0.000000000000000000e+00 0.000000000000000000e+00 0.000000000000000000e+00 0.000000000000000000e+00 0.000000000000000000e+00 0.000000000000000000e+00 3.380742441809538073e-11 8.727929409046794314e-11 5.058740188753899198e-12 9.983770562641413049e-12 1.201843185739663003e-11 -1.738070838657519232e-11 -6.834923251072480033e-12 1.214068384327924035e-13 -8.763717714703933364e-14 -2.429508176624909548e-13 -9.870242946759786767e-12 1.511594901191777817e-08 0.000000000000000000e+00 0.000000000000000000e+00
0.000000000000000000e+00 0.000000000000000000e+00 0.000000000000000000e+00 0.000000000000000000e+00 0.000000000000000000e+00 0.000000000000000000e+00 -9.985847086261002835e-12 7.454681140708148504e-11 5.429960486673850432e-12 6.649338918651247237e-12 1.098948893680958535e-11 -6.363098767817594697e-12 -7.466138675230052311e-12 -2.162836065506477854e-12 3.366971773003050247e-13 -1.035502684621032529e-12 3.437426712656044418e-11 -1.241979021113601318e-02 0.000000000000000000e+00 0.000000000000000000e+00
0.000000000000000000e+00 0.000000000000000000e+00 0.000000000000000000e+00 0.000000000000000000e+00 0.000000000000000000e+00 0.000000000000000000e+00 -3.104785600872671937e-12 -3.746570768767105532e-11 -3.778466490632644441e-11 7.708632134692512714e-12 -3.800816048847571099e-12 -5.046804089509986890e-12 5.910572955593278186e-12 1.051751821379487338e-13 1.158082923685195125e-12 7.503845037749089752e-12 -4.961247004452680415e-11 -1.062901248940376616e-08 0.000000000000000000e+00 0.000000000000000000e+00
0.000000000000000000e+00 0.000000000000000000e+00 0.000000000000000000e+00 0.000000000000000000e+00 0.000000000000000000e+00 0.000000000000000000e+00 7.279108683261305165e-11 -6.651328317811258786e-11 -8.031702760660280460e-11 2.373696867720718851e-11 -2.041579110572819910e-11 -1.177031850108179696e-11 -2.541044473864863038e-12 -4.289262626342465406e-12 6.114350432536408973e-12 4.135773155881386266e-07 -6.685690397047584174e-11 -1.119234061064736093e-08 0.000000000000000000e+00 0.000000000000000000e+00
0.000000000000000000e+00 0.000000000000000000e+00 0.000000000000000000e+00 0.000000000000000000e+00 0.000000000000000000e+00 0.000000000000000000e+00 4.366574348978800105e-11 -4.113718710446909637e-11 -1.700057735027968876e-11 7.399106959554739486e-11 -1.282581273591027460e-11 3.317509277480856963e-11 -1.807595439209578645e-11 1.587126185559550427e-11 -1.069207781527639070e-11 4.751018772454158772e-07 -1.072842580000004838e-10 -1.122811040536374860e-08 0.000000000000000000e+00 0.000000000000000000e+00
0.000000000000000000e+00 0.000000000000000000e+00 0.000000000000000000e+00 0.000000000000000000e+00 0.000000000000000000e+00 0.000000000000000000e+00 2.096391084785384937e-11 -2.445822736988061855e-11 -2.239236915695181868e-11 6.979423338056364658e-12 -6.206107784353608951e-12 -7.560951763911120664e-12 -9.740980093444639354e-14 -4.585594452260322921e-12 1.275523539695453288e-12 -3.105314242324523900e-12 -3.605127566064610139e-09 -4.006738217737083607e-01 0.000000000000000000e+00 0.000000000000000000e+00
0.000000000000000000e+00 0.000000000000000000e+00 0.000000000000000000e+00 0.000000000000000000e+00 0.000000000000000000e+00 0.000000000000000000e+00 5.135152557055682849e-12 -4.209403589634236272e-11 -2.473692939496301750e-11 5.264244538549690569e-13 -6.339026342606840847e-12 3.027588824668246609e-12 -3.926518305338111878e-12 -2.731548348520941151e-12 1.181101890208450106e-13 4.958585408442247285e-12 5.394742951099284606e-09 -1.980145155884793854e+10 0.000000000000000000e+00 0.000000000000000000e+00
0.000000000000000000e+00 0.000000000000000000e+00 0.000000000000000000e+00 0.000000000000000000e+00 0.000000000000000000e+00 0.000000000000000000e+00 6.788879719842736034e-10 5.368737543087111188e-11 1.398386656858922415e-11 8.313388604629330415e-12 7.993352064259508930e-12 6.349735937783407143e-12 4.372965601061173751e-12 2.795970637797749694e-12 1.664038630273495983e-12 5.913586611836089928e-12 1.838897401685643673e-10 1.649911365114219915e-09 0.000000000000000000e+00 0.000000000000000000e+00
0.000000000000000000e+00 0.000000000000000000e+00 0.000000000000000000e+00 0.000000000000000000e+00 0.000000000000000000e+00 0.000000000000000000e+00 3.043966152610931185e-12 8.385775228734920303e-12 4.855406042647403934e-13 1.250607642283515516e-11 1.703796486456548071e-12 1.098262050279100533e-11 4.022698819616749713e-12 4.568185264346401864e-12 2.203979327617907166e-12 1.272940039300958891e-09 1.754138818233015260e-10 1.723215897715283418e-09 0.000000000000000000e+00 0.000000000000000000e+00
0.000000000000000000e+00 0.000000000000000000e+00 0.000000000000000000e+00 0.000000000000000000e+00 0.000000000000000000e+00 0.000000000000000000e+00 2.481760122798727590e-09 1.863063760929319608e-10 1.007693251599921071e-10 4.479758325359984691e-11 5.553375189812083832e-11 8.363881237077332526e-11 3.395868137419800683e-11 1.918515829477316248e-11 9.356015600693721238e-12 3.148625707540716177e-09 2.038712417034137410e-10 1.759528562328463606e-09 0.000000000000000000e+00 0.000000000000000000e+00
0.000000000000000000e+00 0.000000000000000000e+00 0.000000000000000000e+00 0.000000000000000000e+00 0.000000000000000000e+00 0.000000000000000000e+00 2.072445066531600451e-12 6.820223995458702989e-12 -3.326539803583597603e-13 4.448899391712720804e-12 9.437146636640924172e-13 4.683837393044422887e-12 3.184772230569600977e-12 3.672405263815660442e-12 1.590951802589793880e-12 5.004844061653335235e-12 3.335405258546409305e-09 -1.318158554091060364e-02 0.000000000000000000e+00 0.000000000000000000e+00
0.000000000000000000e+00 0.000000000000000000e+00 0.000000000000000000e+00 0.000000000000000000e+00 0.000000000000000000e+00 0.000000000000000000e+00 2.345703778689879188e-12 4.719084067201891748e-12 -1.042499760137929533e-12 3.939957939120875078e-12 1.298278222067095613e-12 3.916583733149943184e-12 2.466566657028342977e-12 2.488235891135658273e-12 1.362259870166309326e-12 5.334317125506805837e-12 1.316192561924759134e-08 -5.929923155212402344e+05 0.000000000000000000e+00 0.000000000000000000e+00
0.000000000000000000e+00 0.000000000000000000e+00 0.000000000000000000e+00 0.000000000000000000e+00 0.000000000000000000e+00 0.000000000000000000e+00 -1.678504475770120168e-08 -2.321186155267861255e-10 4.757798822066102334e-10 1.716799711498347576e-10 -6.666687382169596441e-11 -3.161667960295755107e-11 -2.647157092201851936e-11 1.175188026271663807e-11 -5.611310429122155316e-13 8.390972088576614880e-12 2.162254552926787112e-11 3.032872187599312717e-11 0.000000000000000000e+00 0.000000000000000000e+00
0.000000000000000000e+00 0.000000000000000000e+00 0.000000000000000000e+00 0.000000000000000000e+00 0.000000000000000000e+00 0.000000000000000000e+00 1.075078964439195134e-09 -3.820065785941222130e-11 -4.368276846695563962e-10 1.294883672842209688e-10 -1.553582240181055646e-10 -3.384888034244122402e-12 -2.359766692729940479e-11 2.796483697132988130e-11 -6.250854460090221854e-13 4.332289600354623640e-11 2.037482166522939629e-11 2.982502285333312075e-11 0.000000000000000000e+00 0.000000000000000000e+00
0.000000000000000000e+00 0.000000000000000000e+00 0.000000000000000000e+00 0.000000000000000000e+00 0.000000000000000000e+00 0.000000000000000000e+00 -3.332976426886069715e-08 -3.993150145542561447e-10 1.379906339127952156e-09 2.687111978434648857e-10 6.580279117938008415e-11 -1.103088142794653015e-10 -4.748527498009554982e-12 -2.680032213346967502e-11 -1.784862175601005132e-11 -9.092939693415864361e-11 2.268308293981755247e-11 2.999282956962859334e-11 0.000000000000000000e+00 0.000000000000000000e+00
0.000000000000000000e+00 0.000000000000000000e+00 0.000000000000000000e+00 0.000000000000000000e+00 0.000000000000000000e+00 0.000000000000000000e+00 5.730053872152058999e-10 -3.177052225287523835e-10 -3.310415396561074267e-10 8.185924120341593640e-11 -5.242920507141966594e-11 -2.233125964816302301e-11 -2.699385109741277813e-11 2.552027588642274188e-11 -6.605964220010854552e-13 -9.203261358889603088e-13 1.639469152037676231e-11 3.958973113559864853e-08 0.000000000000000000e+00 0.000000000000000000e+00
0.000000000000000000e+00 0.000000000000000000e+00 0.000000000000000000e+00 0.000000000000000000e+00 0.000000000000000000e+00 0.000000000000000000e+00 6.153338197980558906e-10 -3.100956738960347879e-10 -2.490310430704754065e-10 1.301622603871878696e-10 -3.921940080834957194e-11 -1.940401556371890214e-11 -3.520271772058141076e-11 1.828238510244671706e-11 2.164203250202529867e-12 2.817664290587916100e-12 4.131439525535043020e-12 -6.190610864382988833e-03 0.000000000000000000e+00 0.000000000000000000e+00
0.000000000000000000e+00 0.000000000000000000e+00 0.000000000000000000e+00 0.000000000000000000e+00 0.000000000000000000e+00 0.000000000000000000e+00 -1.014897324692132640e-07 -8.147981569482034582e-10 1.092044455770317300e-09 4.295048890866885683e-10 1.386615118104199840e-10 -1.506971217052702873e-10 -4.269138024483307157e-11 -7.473770338259655051e-11 1.957567482710873086e-11 5.880376156720940372e-11 1.207776586608268630e-10 1.953146405962507189e-10 0.000000000000000000e+00 0.000000000000000000e+00
0.000000000000000000e+00 0.000000000000000000e+00 0.000000000000000000e+00 0.000000000000000000e+00 0.000000000000000000e+00 0.000000000000000000e+00 4.214675817238691368e-09 2.496350921896863213e-09 -2.061804028600646994e-09 -3.291010506155311547e-10 3.849515781981158239e-11 -4.600967097326759253e-11 1.230559770744722697e-10 -1.918660128734764871e-11 1.893618682336675743e-11 -1.392139683264533618e-10 9.345600425897012595e-11 1.961611460173747997e-10 0.000000000000000000e+00 0.000000000000000000e+00
0.000000000000000000e+00 0.000000000000000000e+00 0.000000000000000000e+00 0.000000000000000000e+00 0.000000000000000000e+00 0.000000000000000000e+00 -1.994345938367625054e-07 -3.912473522607981150e-09 4.331103977777517494e-09 1.203387842152824617e-09 4.239896023781563872e-10 -4.804803238562446279e-10 -2.834383450073021180e-10 -3.668338892373362421e-10 -1.195327837101184618e-10 -8.739533148854850625e-10 1.076243556366167714e-10 1.945479715599367171e-10 0.000000000000000000e+00 0.000000000000000000e+00
0.000000000000000000e+00 0.000000000000000000e+00 0.000000000000000000e+00 0.000000000000000000e+00 0.000000000000000000e+00 0.000000000000000000e+00 1.973002843440606831e-09 1.132119061648006322e-10 -1.268489794078984895e-09 -5.557869068609090038e-11 1.067385709774161794e-10 -2.880822201427999348e-11 8.920883711000078053e-11 -6.676592333934620192e-13 2.300712208374239132e-11 2.190042887915432032e-11 8.000787093151289196e-11 -2.948297154303291849e-07 0.000000000000000000e+00 0.000000000000000000e+00
0.000000000000000000e+00 0.000000000000000000e+00 0.000000000000000000e+00 0.000000000000000000e+00 0.000000000000000000e+00 0.000000000000000000e+00 2.007185185767329059e-09 3.706224382883019318e-11 -1.119226682030614426e-09 -4.265606921841786494e-11 2.241630316706242251e-10 -4.692204766926446357e-11 2.438223577075936297e-12 -2.152586956152026797e-11 2.412793911269949166e-11 6.404582630583522510e-12 6.170474661203953906e-10 -4.197476007109491869e-01 0.000000000000000000e+00 0.000000000000000000e+00
0.000000000000000000e+00 0.000000000000000000e+00 0.000000000000000000e+00 0.000000000000000000e+00 0.000000000000000000e+00 0.000000000000000000e+00 3.327658412682497886e-11 4.240592714451450039e-10 1.877693299559921714e-11 -5.477428620274527137e-11 8.649884359498721104e-11 -1.459174785809260265e-10 -1.834415219555401294e-10 -1.343625032248538024e-12 -7.580815513117653338e-11 -7.332847919435483616e-11 -9.455419511900112135e-10 -4.440142202695308853e-07 0.000000000000000000e+00 0.000000000000000000e+00
0.000000000000000000e+00 0.000000000000000000e+00 0.000000000000000000e+00 0.000000000000000000e+00 0.000000000000000000e+00 0.000000000000000000e+00 -9.033420680501944927e-10 1.192907006387186763e-10 9.454978701050363409e-10 8.161683868370403693e-10 -8.272547806311418636e-12 1.773155745060125910e-11 -1.237683420339666617e-10 2.264280683613836127e-10 -4.657723743628360273e-11 -6.508091467804496077e-07 -9.906898118437845511e-10 -4.472667999630646451e-07 0.000000000000000000e+00 0.000000000000000000e+00
0.000000000000000000e+00 0.000000000000000000e+00 0.000000000000000000e+00 0.000000000000000000e+00 0.000000000000000000e+00 0.000000000000000000e+00 -2.503584026995166041e-09 2.992731455791311096e-10 -1.081396682875686451e-10 1.557444947302380623e-10 -1.059137275914577295e-09 1.430384145785170989e-10 5.946446640743240185e-10 -1.134086070864459345e-10 1.683462403643466092e-10 2.805798155456278512e-06 -1.214138363367501327e-09 -4.452003987259965488e-07 0.000000000000000000e+00 0.000000000000000000e+00
0.000000000000000000e+00 0.000000000000000000e+00 0.000000000000000000e+00 0.000000000000000000e+00 0.000000000000000000e+00 0.000000000000000000e+00 -8.045684224516137832e-11 -8.932346470595264516e-11 5.523776909394390973e-11 2.265465197216665354e-10 1.365178175904062731e-10 -1.244364444146147189e-10 -1.426640061669971939e-10 1.067289809744138586e-10 -8.351335407870583630e-11 -2.740525323425022631e-11 -2.901017305939891526e-08 -2.847558663609483176e+00 0.000000000000000000e+00 0.000000000000000000e+00
0.000000000000000000e+00 0.000000000000000000e+00 0.000000000000000000e+00 0.000000000000000000e+00 0.000000000000000000e+00 0.000000000000000000e+00 -9.937247722319154679e-12 5.057728280871049937e-11 2.075307946149684983e-10 2.779942663254528242e-10 1.306502111922473547e-10 -1.507871233532436843e-10 -1.364976067104889201e-10 7.427751660702760571e-11 -6.181102439045654688e-11 -2.355954928877616612e-11 -1.123323372002791218e-07 -9.574671474666086426e+11 0.000000000000000000e+00 0.000000000000000000e+00
0.000000000000000000e+00 0.000000000000000000e+00 0.000000000000000000e+00 0.000000000000000000e+00 0.000000000000000000e+00 0.000000000000000000e+00 1.446843627676414534e-10 1.411191431749546313e-11 1.093637023720697805e-11 9.030096072851262468e-12 1.096092256788679965e-11 1.153453823491124864e-11 9.052018330245347627e-12 7.041357205368183059e-12 2.358771902579464938e-12 2.095641611366996121e-11 1.998959630707115138e-10 2.739504603993593379e-10 0.000000000000000000e+00 0.000000000000000000e+00
0.000000000000000000e+00 0.000000000000000000e+00 0.000000000000000000e+00 0.000000000000000000e+00 0.000000000000000000e+00 0.000000000000000000e+00 3.930069515550693551e-12 8.748610287090099678e-14 6.262840534806228888e-13 2.489518205976307072e-12 5.280575904322208288e-12 7.775461538052600825e-12 4.007120929563821732e-12 4.361973150075241975e-12 6.939536400739436132e-12 9.654888257237955473e-09 1.884351009581408677e-10 2.617231404371162845e-10 0.000000000000000000e+00 0.000000000000000000e+00
0.000000000000000000e+00 0.000000000000000000e+00 0.000000000000000000e+00 0.000000000000000000e+00 0.000000000000000000e+00 0.000000000000000000e+00 5.912553917849603488e-10 4.833937732028702822e-11 5.256677377775866869e-11 4.957924173412517144e-11 1.010742665712346331e-10 1.508006259559792556e-10 7.534166699823154711e-11 6.665647321183906012e-11 4.708375196497434390e-11 5.758165779312857673e-08 2.062374586497401570e-10 2.662527398764607725e-10 0.000000000000000000e+00 0.000000000000000000e+00
0.000000000000000000e+00 0.000000000000000000e+00 0.000000000000000000e+00 0.000000000000000000e+00 0.000000000000000000e+00 0.000000000000000000e+00 1.057366584210877061e-12 9.563812976438008177e-13 2.198169382589812427e-13 6.139112601956990550e-13 2.000261480764670403e-12 3.621510311430330021e-12 3.399561176491960365e-12 3.699809999636098050e-12 1.993372466396258000e-12 7.686305878674393466e-12 8.112291392517524714e-10 3.131957206508290820e-03 0.000000000000000000e+00 0.000000000000000000e+00
0.000000000000000000e+00 0.000000000000000000e+00 0.000000000000000000e+00 0.000000000000000000e+00 0.000000000000000000e+00 0.000000000000000000e+00 1.124794645676209763e-12 8.910773536928290594e-13 3.752311604524937967e-13 4.152015534761861083e-13 1.511196829392798631e-12 3.423123746989796655e-12 3.234657544491284558e-12 3.187942895051823249e-12 1.647426761412262269e-12 3.454081318812494862e-12 2.946812816367015544e-09 -2.031655341911315918e+04 0.000000000000000000e+00 0.000000000000000000e+00
0.000000000000000000e+00 0.000000000000000000e+00 0.000000000000000000e+00 0.000000000000000000e+00 0.000000000000000000e+00 0.000000000000000000e+00 -8.734962164033680394e-09 -4.434570657562394754e-10 -6.921554018676189058e-11 1.148128066329831551e-10 -1.333511547312956365e-10 -5.598995569733408958e-11 -3.333053503841786860e-11 -1.327145991714445155e-11 5.995345710460642386e-13 1.796432569796778000e-11 3.388756088425882682e-11 1.138574085315576593e-11 0.000000000000000000e+00 0.000000000000000000e+00
0.000000000000000000e+00 0.000000000000000000e+00 0.000000000000000000e+00 0.000000000000000000e+00 0.000000000000000000e+00 0.000000000000000000e+00 1.374032768245542884e-09 -3.535520812064582216e-10 -2.966518387377795579e-11 3.974540665264658503e-11 2.313544221640763098e-11 1.927725351498858831e-11 4.700687628871131837e-12 -3.004666659058034880e-12 -4.167241434189794789e-12 1.340281116463536936e-12 2.802948251941928390e-11 1.113301363906753767e-11 0.000000000000000000e+00 0.000000000000000000e+00
0.000000000000000000e+00 0.000000000000000000e+00 0.000000000000000000e+00 0.000000000000000000e+00 0.000000000000000000e+00 0.000000000000000000e+00 -1.810795378851062764e-08 -5.312392916027025126e-10 -1.137470003836838448e-10 1.888945034722348541e-10 -3.390810206862159833e-10 -1.924905803204140175e-10 -1.221811686380031016e-10 -5.520607700541703100e-11 -3.677429377530921749e-11 -1.284813149750852893e-10 3.102727036397398005e-11 1.117774149800627707e-11 0.000000000000000000e+00 0.000000000000000000e+00
0.000000000000000000e+00 0.000000000000000000e+00 0.000000000000000000e+00 0.000000000000000000e+00 0.000000000000000000e+00 0.000000000000000000e+00 8.386548636681897680e-11 -2.376697716511969246e-10 -7.828803719578818989e-11 4.736204792046318953e-11 -3.234149353316650556e-11 -1.497040230776254461e-11 1.527628988489543934e-12 -2.654162297855291708e-12 8.059975657229089293e-14 2.892237492406841822e-12 5.507308635167461247e-12 -6.931405349346800617e-09 0.000000000000000000e+00 0.000000000000000000e+00
0.000000000000000000e+00 0.000000000000000000e+00 0.000000000000000000e+00 0.000000000000000000e+00 0.000000000000000000e+00 0.000000000000000000e+00 7.061507783725122673e-10 -3.053732343048453629e-10 -3.995781400806296407e-11 6.263922316718594581e-11 -3.488803819816105493e-11 -7.206135610198653603e-12 -1.899667862044120994e-12 -4.624408472393080130e-12 -1.643386137970321770e-12 -5.476205143639104859e-13 -3.600298148044616986e-12 -2.857485529161904285e-04 0.000000000000000000e+00 0.000000000000000000e+00
0.000000000000000000e+00 0.000000000000000000e+00 0.000000000000000000e+00 0.000000000000000000e+00 0.000000000000000000e+00 0.000000000000000000e+00 -4.654393680707029265e-08 6.472267062900372290e-10 -2.670453680873909592e-11 -4.158847402668442639e-10 -2.191682544520390226e-10 1.091794281240058355e-10 -6.333593007806994832e-12 -4.400570518523350852e-11 2.142276019282902506e-11 8.950985231221743668e-12 2.537171640195099999e-11 5.689271671698557030e-11 0.000000000000000000e+00 0.000000000000000000e+00
0.000000000000000000e+00 0.000000000000000000e+00 0.000000000000000000e+00 0.000000000000000000e+00 0.000000000000000000e+00 0.000000000000000000e+00 8.746389234361503866e-09 -9.635416954215810432e-10 1.366312623062214250e-10 1.964375770900803946e-10 5.865629285214752717e-12 7.022731499339919608e-11 1.849668698939043394e-11 -5.052822972578669774e-11 1.637122893462305583e-11 -7.933722667960068883e-10 1.931455528949657545e-11 6.416054370428125590e-11 0.000000000000000000e+00 0.000000000000000000e+00
0.000000000000000000e+00 0.000000000000000000e+00 0.000000000000000000e+00 0.000000000000000000e+00 0.000000000000000000e+00 0.000000000000000000e+00 -9.781066243591462022e-08 2.216951744073557816e-09 -1.717042474259551457e-10 -1.095552302668486636e-09 -3.972134657207212214e-10 3.061722071817420515e-10 -1.170728535170678108e-10 -1.033169165117389453e-10 -2.857562049415127736e-12 -4.395853202534153922e-11 2.078124833135209519e-11 6.394750741662550164e-11 0.000000000000000000e+00 0.000000000000000000e+00
0.000000000000000000e+00 0.000000000000000000e+00 0.000000000000000000e+00 0.000000000000000000e+00 0.000000000000000000e+00 0.000000000000000000e+00 1.604584678051337030e-09 -5.969622418429810746e-10 5.540822314261325548e-12 1.219880821877129928e-11 -1.035551886892054937e-10 1.140937406805092285e-10 3.886671076390257977e-11 -3.121990465787704523e-11 2.058884614935166939e-11 -1.760616856791843314e-12 -1.070849210318938459e-10 2.153754040847038218e-08 0.000000000000000000e+00 0.000000000000000000e+00
0.000000000000000000e+00 0.000000000000000000e+00 0.000000000000000000e+00 0.000000000000000000e+00 0.000000000000000000e+00 0.000000000000000000e+00 4.756004118089914096e-09 -1.082279111790645512e-09 1.107842502679998641e-10 9.634237208472016097e-12 -1.423329352730487876e-10 6.004810705184345581e-11 8.831301342091481375e-12 -3.511982676678505443e-11 1.398635210576722044e-11 3.139081951378901099e-12 -3.775374922784252676e-10 -4.912546278884607348e-02 0.000000000000000000e+00 0.000000000000000000e+00
0.000000000000000000e+00 0.000000000000000000e+00 0.000000000000000000e+00 0.000000000000000000e+00 0.000000000000000000e+00 0.000000000000000000e+00 -4.117157319045669636e-11 -1.140271246920940569e-10 -8.986504107587732516e-11 1.413483119669712112e-10 -6.969606717851369309e-11 3.967699657496539524e-11 -2.654528408104391196e-11 -7.100507213679619017e-11 -7.510423746858830540e-11 -4.339127658973835126e-11 9.688700003753983217e-12 -5.356010339361179104e-08 0.000000000000000000e+00 0.000000000000000000e+00
0.000000000000000000e+00 0.000000000000000000e+00 0.000000000000000000e+00 0.000000000000000000e+00 0.000000000000000000e+00 0.000000000000000000e+00 2.955259323085946332e-10 4.078936757400852229e-10 -3.376157013744607854e-11 1.129242148253864827e-10 2.774728947850578900e-10 -1.519591161895215457e-10 -3.693827467078167994e-11 -4.783458084965489525e-11 -5.095062058900749868e-11 1.667153241242545344e-06 -8.772719812868554297e-12 -5.310362605633867941e-08 0.000000000000000000e+00 0.000000000000000000e+00
0.000000000000000000e+00 0.000000000000000000e+00 0.000000000000000000e+00 0.000000000000000000e+00 0.000000000000000000e+00 0.000000000000000000e+00 -4.859596625337694841e-10 -3.356741365711232340e-11 -5.265770624229185410e-11 1.527386402415062341e-10 -6.085537690608855912e-10 -5.804064334536024975e-10 9.755160867847737099e-11 -4.707710375522910176e-13 -1.738576282885327552e-10 -1.009742726962088850e-05 7.983092512354150025e-11 -5.274576971462773192e-08 0.000000000000000000e+00 0.000000000000000000e+00
0.000000000000000000e+00 0.000000000000000000e+00 0.000000000000000000e+00 0.000000000000000000e+00 0.000000000000000000e+00 0.000000000000000000e+00 1.596115779370437214e-10 -1.194409053712020325e-10 -4.965977497444748515e-11 1.055764114799154070e-10 4.628572588592189062e-11 2.016817848129726393e-11 -4.337994370392316210e-11 -9.552948396695138609e-11 -7.609574915176697196e-11 -9.822402473958892674e-11 7.233648335796418038e-09 -6.148886298475793044e-01 0.000000000000000000e+00 0.000000000000000000e+00
0.000000000000000000e+00 0.000000000000000000e+00 0.000000000000000000e+00 0.000000000000000000e+00 0.000000000000000000e+00 0.000000000000000000e+00 4.978747673167919905e-11 -2.331138283291107604e-10 -7.506881261389907562e-11 1.415341955015277734e-10 9.227943627346286124e-11 9.494506566264756791e-12 -6.751147099483606399e-11 -7.404287044451534480e-11 -8.456414159639947959e-11 -1.130943977759962716e-10 5.754927821035086904e-08 4.044106261695746613e+10 0.000000000000000000e+00 0.000000000000000000e+00
0.000000000000000000e+00 0.000000000000000000e+00 0.000000000000000000e+00 0.000000000000000000e+00 0.000000000000000000e+00 0.000000000000000000e+00 5.410040495820022472e-11 7.065259775406889657e-12 1.472752635035222775e-12 1.019334106143216968e-12 9.081667362600213161e-13 6.225155483863622870e-13 6.035296624593784457e-13 3.784162631501972631e-13 2.684001933913643527e-13 7.112340582413134381e-13 1.714098602840600157e-11 9.861531205255026664e-11 0.000000000000000000e+00 0.000000000000000000e+00
0.000000000000000000e+00 0.000000000000000000e+00 0.000000000000000000e+00 0.000000000000000000e+00 0.000000000000000000e+00 0.000000000000000000e+00 -2.723481543516938940e-13 1.129626912612778220e-12 7.895544795334523675e-13 6.550158767097855691e-13 9.805968633320829989e-13 9.001186982681346802e-13 6.408842288467042890e-13 4.986739452987666412e-13 3.708658762615847861e-13 6.128388423281976767e-10 1.703070379949106167e-11 1.020906591308623564e-10 0.000000000000000000e+00 0.000000000000000000e+00
0.000000000000000000e+00 0.000000000000000000e+00 0.000000000000000000e+00 0.000000000000000000e+00 0.000000000000000000e+00 0.000000000000000000e+00 2.153930034098505457e-10 3.105907475806334810e-11 8.883364434122854165e-12 4.725961763203566383e-12 5.452860542589782218e-12 8.454064592500626537e-12 3.125550797537514217e-12 2.185894834135618608e-12 1.346314988342694083e-12 -4.882375877172161995e-10 1.889011881591236641e-11 1.026239394677123550e-10 0.000000000000000000e+00 0.000000000000000000e+00
0.000000000000000000e+00 0.000000000000000000e+00 0.000000000000000000e+00 0.000000000000000000e+00 0.000000000000000000e+00 0.000000000000000000e+00 -1.092256295144874620e-13 4.953093562453791873e-13 -5.316772202323613985e-14 1.598362710736861715e-13 3.059761759821037946e-13 3.462715686393987169e-13 4.752987002485284558e-13 4.226248001716868440e-13 2.658173401034286479e-13 5.315460960396238779e-13 2.475220802717229899e-10 -3.705437107645032438e-03 0.000000000000000000e+00 0.000000000000000000e+00
0.000000000000000000e+00 0.000000000000000000e+00 0.000000000000000000e+00 0.000000000000000000e+00 0.000000000000000000e+00 0.000000000000000000e+00 -4.117924434441849080e-13 5.689441155917386455e-13 1.141474243103583603e-14 1.679020186498291302e-13 2.885522259025446114e-13 3.815187306626222466e-13 5.195920943623410546e-13 3.951350716726238343e-13 2.686415460685162084e-13 5.680939747549910899e-13 1.007710940219944510e-09 -1.651654562377929688e+04 0.000000000000000000e+00 0.000000000000000000e+00
0.000000000000000000e+00 0.000000000000000000e+00 0.000000000000000000e+00 0.000000000000000000e+00 0.000000000000000000e+00 0.000000000000000000e+00 -4.926732404592624163e-09 -6.383136846432453949e-11 1.591031324094630082e-10 2.608191195335157650e-11 -4.327719725261179758e-13 1.340948913707482104e-11 3.787721765521087505e-12 8.379330279094394548e-13 1.263556485191153433e-12 1.108726016289521164e-12 4.827762824852591037e-12 3.000597256743297508e-12 0.000000000000000000e+00 0.000000000000000000e+00
0.000000000000000000e+00 0.000000000000000000e+00 0.000000000000000000e+00 0.000000000000000000e+00 0.000000000000000000e+00 0.000000000000000000e+00 5.362968934786889376e-10 5.628723287916243091e-11 -8.265709576646200009e-11 -4.727130694654755684e-11 -3.396565102001168667e-11 2.238789530457341665e-11 -2.341862653210438403e-12 -2.678923741964075557e-13 1.069803120523478190e-12 -6.585570853632688731e-12 4.859295986400710298e-12 3.218406946191088211e-12 0.000000000000000000e+00 0.000000000000000000e+00
0.000000000000000000e+00 0.000000000000000000e+00 0.000000000000000000e+00 0.000000000000000000e+00 0.000000000000000000e+00 0.000000000000000000e+00 -9.983448394257601138e-09 -1.638969658846744958e-10 4.006204608377064753e-10 1.243076318319190303e-10 2.343550558820822579e-11 1.435337993770923342e-12 1.657058424428808229e-11 4.421214570426734998e-12 -3.083400914558543654e-12 -1.904928039105751803e-11 4.930112246690806978e-12 3.324534223013708105e-12 0.000000000000000000e+00 0.000000000000000000e+00
0.000000000000000000e+00 0.000000000000000000e+00 0.000000000000000000e+00 0.000000000000000000e+00 0.000000000000000000e+00 0.000000000000000000e+00 -1.327533018072219524e-10 5.675376790633182688e-11 -4.325494768864396924e-11 -1.862410635658563380e-11 -1.505256551221300850e-11 1.455235580689968838e-11 -4.807615226009463812e-12 1.690672584058288812e-13 9.456655137623979587e-13 3.522518625996643115e-13 4.752521995886786215e-12 8.509110276423543381e-09 0.000000000000000000e+00 0.000000000000000000e+00
0.000000000000000000e+00 0.000000000000000000e+00 0.000000000000000000e+00 0.000000000000000000e+00 0.000000000000000000e+00 0.000000000000000000e+00 9.051457586810603632e-11 5.848861837814874490e-11 -6.445030946962945187e-11 -1.503574949545414104e-11 -5.762521046784406623e-12 9.221503236224612387e-12 -1.696087750180275906e-12 -1.124672306849572064e-12 9.037247455756791171e-13 -4.720817515221562601e-13 7.228601178697086966e-12 4.427719268866639989e-03 0.000000000000000000e+00 0.000000000000000000e+00
0.000000000000000000e+00 0.000000000000000000e+00 0.000000000000000000e+00 0.000000000000000000e+00 0.000000000000000000e+00 0.000000000000000000e+00 -2.928887239784407031e-08 -3.616036723961572395e-10 3.982951771271704484e-10 2.821204631113034778e-10 1.309071349474458785e-10 3.980405395580087231e-11 -3.365848506488018381e-11 -1.424746261899921083e-11 3.169220264833618932e-12 -1.347040199273472483e-12 1.520237628018452813e-11 -1.064201262655316823e-11 0.000000000000000000e+00 0.000000000000000000e+00
0.000000000000000000e+00 0.000000000000000000e+00 0.000000000000000000e+00 0.000000000000000000e+00 0.000000000000000000e+00 0.000000000000000000e+00 2.813809009686085950e-09 -3.140752592445209474e-10 -1.975525052159068811e-10 -2.223399999949321275e-10 -1.480925131885064086e-11 -2.118937969186741281e-11 -1.869862213715268812e-11 -1.358917609128398600e-11 2.293639058779838976e-12 7.411764756322924730e-11 1.811455391058870471e-11 -1.045273457664340699e-11 0.000000000000000000e+00 0.000000000000000000e+00
0.000000000000000000e+00 0.000000000000000000e+00 0.000000000000000000e+00 0.000000000000000000e+00 0.000000000000000000e+00 0.000000000000000000e+00 -5.903360248555044354e-08 -3.771151196213819202e-10 1.005249423439580478e-09 8.606351540566749204e-10 3.995405983968550921e-10 3.864212920488392293e-11 -5.261438237980617823e-11 -3.412123184987313709e-11 -1.401497483808938878e-11 1.738531250100893937e-10 2.101275670789796121e-11 -9.973047673475513876e-12 0.000000000000000000e+00 0.000000000000000000e+00
0.000000000000000000e+00 0.000000000000000000e+00 0.000000000000000000e+00 0.000000000000000000e+00 0.000000000000000000e+00 0.000000000000000000e+00 -6.502430321907450194e-10 -1.613826842586589262e-10 -9.536464600436405071e-11 -8.260279937851710959e-11 -9.491835975800294185e-12 5.620191826873331392e-12 -2.559190616272259272e-11 -1.188296775791899352e-11 5.476749168095141332e-12 -5.074084369575382082e-13 -4.605577151122096251e-11 -1.847937146404599038e-07 0.000000000000000000e+00 0.000000000000000000e+00
0.000000000000000000e+00 0.000000000000000000e+00 0.000000000000000000e+00 0.000000000000000000e+00 0.000000000000000000e+00 0.000000000000000000e+00 8.751621814169797218e-10 -1.033667846175580969e-10 -1.816210841390002001e-10 -5.265762582951882071e-11 -1.010572674761940463e-11 -2.768990363060237984e-11 -3.263386986341563935e-11 -1.657975965601336498e-11 3.455681977859675663e-12 -6.527110860416835026e-12 -2.489558798425207205e-10 6.795809128710224301e-02 0.000000000000000000e+00 0.000000000000000000e+00
0.000000000000000000e+00 0.000000000000000000e+00 0.000000000000000000e+00 0.000000000000000000e+00 0.000000000000000000e+00 0.000000000000000000e+00 1.737500365696520838e-10 8.340517922756010239e-11 7.137604152789911794e-11 4.537809189009845061e-11 3.619309220518080391e-12 -4.262809561687701609e-11 3.883940736778453068e-12 -7.192830649532828473e-12 6.520977449510826156e-12 -7.157163718879429224e-12 -9.829198723662895410e-11 -6.634664336894438462e-08 0.000000000000000000e+00 0.000000000000000000e+00
0.000000000000000000e+00 0.000000000000000000e+00 0.000000000000000000e+00 0.000000000000000000e+00 0.000000000000000000e+00 0.000000000000000000e+00 5.429784211389171079e-11 2.447745570242797015e-10 6.580244519377218084e-11 -2.697178257214154560e-11 2.076272256393192411e-10 1.691311488294483076e-10 4.980424678001455478e-11 -2.787556198940468429e-11 4.077304815809791924e-11 8.630367442440416521e-07 -1.722648504656169972e-10 -6.540760077415930540e-08 0.000000000000000000e+00 0.000000000000000000e+00
0.000000000000000000e+00 0.000000000000000000e+00 0.000000000000000000e+00 0.000000000000000000e+00 0.000000000000000000e+00 0.000000000000000000e+00 2.809516100038099764e-10 -5.480363017965978896e-10 6.825293177051467157e-11 -2.264184547673560198e-10 4.288658531092932078e-11 8.127509202736176457e-11 4.901879315371301868e-11 3.964887794262784347e-11 7.525217313722650354e-11 7.574521170257873882e-07 -2.675740604613649281e-10 -6.543224759257259908e-08 0.000000000000000000e+00 0.000000000000000000e+00
0.000000000000000000e+00 0.000000000000000000e+00 0.000000000000000000e+00 0.000000000000000000e+00 0.000000000000000000e+00 0.000000000000000000e+00 3.435606663848841895e-11 6.722556482074793433e-11 -1.927164624198517284e-11 6.857104814767798897e-11 5.323301444609942994e-11 1.506288650204876790e-11 2.521556565601984455e-11 -1.261771064477567986e-11 3.960345370951442786e-12 2.568343960320918899e-12 -4.419833665861857386e-09 3.132982705059627060e-01 0.000000000000000000e+00 0.000000000000000000e+00
0.000000000000000000e+00 0.000000000000000000e+00 0.000000000000000000e+00 0.000000000000000000e+00 0.000000000000000000e+00 0.000000000000000000e+00 -8.462470467024874903e-11 1.089840590265842329e-10 -4.086615672830019270e-11 8.083294998766953244e-11 2.033885059113898264e-11 -1.950934076503058640e-12 4.566373946186564815e-12 5.745012335223843423e-12 -2.389174289877178602e-13 -3.201472384189511566e-11 -1.486419159909264522e-07 -1.094328678046257477e+11 0.000000000000000000e+00 0.000000000000000000e+00
0.000000000000000000e+00 0.000000000000000000e+00 0.000000000000000000e+00 0.000000000000000000e+00 0.000000000000000000e+00 0.000000000000000000e+00 2.132453652800739275e-08 1.640096177490185806e-08 2.117644217315263810e-08 1.260959019795460253e-08 1.265532620716881000e-08 1.627776484111048904e-08 1.446605551738617490e-08 1.430560806824186284e-08 2.106282488019335893e-08 6.083294158247392954e-08 7.638481817965082458e-08 1.505656508073409311e-07 0.000000000000000000e+00 0.000000000000000000e+00
0.000000000000000000e+00 0.000000000000000000e+00 0.000000000000000000e+00 0.000000000000000000e+00 0.000000000000000000e+00 0.000000000000000000e+00 4.185134584141889507e-08 3.569450096203530775e-08 2.059668361378501202e-08 1.303756364965634423e-08 2.025294444118264420e-08 2.257382363125753824e-08 1.731872880309218709e-08 3.665751705950481031e-08 9.257284549895956550e-08 1.769939237537014251e-04 9.807773167176551527e-08 1.592058976822512635e-07 0.000000000000000000e+00 0.000000000000000000e+00
0.000000000000000000e+00 0.000000000000000000e+00 0.000000000000000000e+00 0.000000000000000000e+00 0.000000000000000000e+00 0.000000000000000000e+00 4.277830112100887481e-08 2.816135375916799605e-08 4.326306878767214065e-08 2.835829772665573194e-08 6.183695230980088203e-08 1.350702525812672730e-07 7.837167303480085181e-08 9.415972306605344750e-08 1.421293771050005660e-07 8.774432420167003219e-05 8.239141957450653950e-08 1.546066422925411200e-07 0.000000000000000000e+00 0.000000000000000000e+00
0.000000000000000000e+00 0.000000000000000000e+00 0.000000000000000000e+00 0.000000000000000000e+00 0.000000000000000000e+00 0.000000000000000000e+00 1.440649209019059891e-08 1.244473867385408247e-08 1.169125472416323814e-08 7.586830903894724729e-09 9.255494895184068205e-09 1.322073141980543866e-08 1.242454345730478861e-08 1.341895628587105391e-08 2.109181418249133089e-08 7.870797336422853526e-08 4.241312749195596562e-07 2.905735625458996663e-02 0.000000000000000000e+00 0.000000000000000000e+00
0.000000000000000000e+00 0.000000000000000000e+00 0.000000000000000000e+00 0.000000000000000000e+00 0.000000000000000000e+00 0.000000000000000000e+00 1.499044028080191251e-08 1.255449851706058810e-08 9.114468905362547724e-09 5.426540533518724419e-09 7.510058048010923671e-09 1.058811059255018055e-08 1.087412744071521730e-08 1.605369070583475505e-08 2.423592240470128880e-08 5.834448318550858119e-08 4.510039903371642405e-07 -2.309297734069824219e+04 0.000000000000000000e+00 0.000000000000000000e+00
0.000000000000000000e+00 0.000000000000000000e+00 0.000000000000000000e+00 0.000000000000000000e+00 0.000000000000000000e+00 0.000000000000000000e+00 -9.824990144321672078e-08 -3.017909159261217651e-08 1.451473185407763248e-08 -4.281131810740305223e-09 -3.854230202074708148e-10 -3.190044521496899591e-10 -5.844763606586961742e-10 5.979047162692049802e-11 7.106379371293945766e-11 4.292304148579121498e-11 1.263862467877013857e-11 1.190355469086277311e-11 0.000000000000000000e+00 0.000000000000000000e+00
0.000000000000000000e+00 0.000000000000000000e+00 0.000000000000000000e+00 0.000000000000000000e+00 0.000000000000000000e+00 0.000000000000000000e+00 -1.416568950776223363e-07 1.141979078664848038e-09 2.260367513272783018e-08 -5.629747757874213109e-09 6.945746464500845509e-10 -1.305537933909408504e-09 -3.149144227914020345e-10 3.264167885809888787e-11 5.534082146649097175e-10 6.983362497943687040e-09 2.223028122154297995e-11 2.009248591200351736e-11 0.000000000000000000e+00 0.000000000000000000e+00
0.000000000000000000e+00 0.000000000000000000e+00 0.000000000000000000e+00 0.000000000000000000e+00 0.000000000000000000e+00 0.000000000000000000e+00 -5.958407335325184760e-08 -6.039188377696967883e-08 7.637364573941588483e-09 -3.466714632261985420e-09 -7.737039726354301362e-10 1.347940656707415682e-09 -1.139468299717328677e-09 -4.734501130476266408e-10 7.372958602954977537e-10 1.086701344368213032e-11 1.857235590333991610e-11 1.419172928743839943e-11 0.000000000000000000e+00 0.000000000000000000e+00
0.000000000000000000e+00 0.000000000000000000e+00 0.000000000000000000e+00 0.000000000000000000e+00 0.000000000000000000e+00 0.000000000000000000e+00 -8.751407832174700395e-08 -1.238146481672977033e-08 1.388547220739048479e-08 -3.692684253497275605e-09 2.325218303641729324e-10 -6.528642753710001988e-10 -4.398777041848007340e-10 1.305544710514251791e-10 6.103017463369335289e-11 4.935728642197731843e-11 7.214258013423725981e-11 -1.068529026917043027e-08 0.000000000000000000e+00 0.000000000000000000e+00
0.000000000000000000e+00 0.000000000000000000e+00 0.000000000000000000e+00 0.000000000000000000e+00 0.000000000000000000e+00 0.000000000000000000e+00 -8.781924795552276323e-08 -4.461062657312545776e-09 1.399821599247469133e-08 -3.495492544391996563e-09 3.630915513861231604e-10 -9.000212376972764153e-10 -3.117900849841468064e-10 1.986002896838552055e-10 -1.539849389214546730e-11 4.455096318562331425e-11 6.020741113512529379e-11 2.077187476891054208e-02 0.000000000000000000e+00 0.000000000000000000e+00
0.000000000000000000e+00 0.000000000000000000e+00 0.000000000000000000e+00 0.000000000000000000e+00 0.000000000000000000e+00 0.000000000000000000e+00 -5.262847163339092613e-07 -4.148191238593161557e-08 6.316351612656351929e-09 8.850134106352749985e-09 1.112431614488559843e-08 -7.258553345065279268e-09 1.469599474733417018e-10 -3.475296590889548265e-10 1.338665021577026646e-10 1.436205732911929235e-09 5.678809131412149930e-10 -3.743638263209208086e-10 0.000000000000000000e+00 0.000000000000000000e+00
0.000000000000000000e+00 0.000000000000000000e+00 0.000000000000000000e+00 0.000000000000000000e+00 0.000000000000000000e+00 0.000000000000000000e+00 -7.971236271280904481e-07 4.607891562607816396e-08 5.651628644509688771e-08 9.498168815611921627e-09 1.569674302087075848e-08 -1.775951883985444900e-08 -1.356880835691549327e-09 -2.770017009154970105e-09 1.166312087980897291e-09 2.108048120308524343e-08 6.958510800858638126e-10 -1.734811639692589487e-10 0.000000000000000000e+00 0.000000000000000000e+00
0.000000000000000000e+00 0.000000000000000000e+00 0.000000000000000000e+00 0.000000000000000000e+00 0.000000000000000000e+00 0.000000000000000000e+00 -2.838770620225345255e-07 -1.241667675999186333e-07 -4.269951784623165417e-08 1.402188796276417071e-08 1.298007024340847347e-08 6.963219146192474001e-09 6.601300572901334550e-09 -5.258781275282733129e-09 1.145718667033467610e-09 2.861537977369456508e-08 6.062282088018129310e-10 -2.704908633971264153e-10 0.000000000000000000e+00 0.000000000000000000e+00
0.000000000000000000e+00 0.000000000000000000e+00 0.000000000000000000e+00 0.000000000000000000e+00 0.000000000000000000e+00 0.000000000000000000e+00 -4.807069729002971273e-07 4.822486262335059161e-09 2.158350547001704481e-08 8.258398717825669345e-09 1.150148739634688065e-08 -1.034472766731328498e-08 -1.147133366094530913e-09 9.982410120176743920e-12 3.118911344906367168e-11 1.614522523786200238e-09 1.656308011609860012e-09 -2.413739992280321726e-07 0.000000000000000000e+00 0.000000000000000000e+00
0.000000000000000000e+00 0.000000000000000000e+00 0.000000000000000000e+00 0.000000000000000000e+00 0.000000000000000000e+00 0.000000000000000000e+00 -4.892876531187291563e-07 2.011889238521514758e-08 2.973495533869739690e-08 6.647286609072399766e-09 1.030155335233418384e-08 -1.295667368014112233e-08 -3.068045095269518332e-09 1.310572601793284715e-09 -4.911149359539321311e-11 1.213732730985656700e-09 2.138102771829028707e-09 9.278507512594019735e-02 0.000000000000000000e+00 0.000000000000000000e+00
0.000000000000000000e+00 0.000000000000000000e+00 0.000000000000000000e+00 0.000000000000000000e+00 0.000000000000000000e+00 0.000000000000000000e+00 3.725046788684614541e-10 8.525167929752272560e-10 6.413481484596742485e-11 -9.328282954246826204e-11 -1.293051092310093966e-10 -1.670693418806321437e-10 3.865178345673781266e-10 -5.865094257372373323e-10 -1.489083410327360121e-09 1.615869009795308015e-09 -3.783778910174593675e-09 1.565353546068286496e-07 0.000000000000000000e+00 0.000000000000000000e+00
0.000000000000000000e+00 0.000000000000000000e+00 0.000000000000000000e+00 0.000000000000000000e+00 0.000000000000000000e+00 0.000000000000000000e+00 1.675842576030015089e-09 2.363833926883050096e-10 3.761638065977671972e-10 -1.273885393187415143e-09 -1.454507502514760382e-09 -2.126748403908675958e-09 -9.843720749249923200e-10 1.604189705863754247e-09 2.229411796014537735e-09 -3.869639502394193244e-05 -2.642892934210509154e-09 1.606413527440803495e-07 0.000000000000000000e+00 0.000000000000000000e+00
0.000000000000000000e+00 0.000000000000000000e+00 0.000000000000000000e+00 0.000000000000000000e+00 0.000000000000000000e+00 0.000000000000000000e+00 -1.718953134858684206e-09 7.157811223188456566e-10 2.401884322543620186e-10 1.403363617110089431e-09 -7.534700262353710758e-10 1.697544934753929768e-09 2.218506402541930690e-09 1.197796255575616154e-08 1.484606060039611084e-08 -5.902415010815955168e-04 -1.161109783879266956e-09 1.576625809517600335e-07 0.000000000000000000e+00 0.000000000000000000e+00
0.000000000000000000e+00 0.000000000000000000e+00 0.000000000000000000e+00 0.000000000000000000e+00 0.000000000000000000e+00 0.000000000000000000e+00 1.401089231369745386e-09 -3.820697640360292456e-10 -2.300653439066433499e-10 -1.118413441092079918e-09 -9.354821720776703956e-10 -8.902251271320632327e-10 2.296228250810709896e-10 -8.701763030640247927e-10 -1.585105972259765778e-09 1.090858838483587373e-09 -3.988512849253948508e-08 2.773146827030574357e+00 0.000000000000000000e+00 0.000000000000000000e+00
0.000000000000000000e+00 0.000000000000000000e+00 0.000000000000000000e+00 0.000000000000000000e+00 0.000000000000000000e+00 0.000000000000000000e+00 1.255059823318985519e-09 -8.238961175288436240e-11 4.480016610369016127e-11 -7.740623126214788408e-10 -6.333394970341469667e-10 -4.690523092115913080e-10 -5.600388648121793069e-10 -1.355760276398989647e-09 -1.681473501786350573e-09 1.938074777580700507e-09 -5.987683642630248022e-07 3.769788744271395874e+11 0.000000000000000000e+00 0.000000000000000000e+00
0.000000000000000000e+00 0.000000000000000000e+00 0.000000000000000000e+00 0.000000000000000000e+00 0.000000000000000000e+00 0.000000000000000000e+00 5.328122462042151015e-13 2.975401658396704408e-13 2.266577158544842413e-13 1.310528473449271267e-13 1.450276935885229197e-13 1.147156982051445728e-13 9.659362202899296025e-14 6.187764577495931918e-14 5.016510986192607253e-14 8.677109259039252415e-14 5.530917788748206819e-13 1.654701083430917246e-12 0.000000000000000000e+00 0.000000000000000000e+00
0.000000000000000000e+00 0.000000000000000000e+00 0.000000000000000000e+00 0.000000000000000000e+00 0.000000000000000000e+00 0.000000000000000000e+00 1.138278147973465272e-12 4.858182247199490059e-13 3.167981186865460459e-13 2.029932525474790320e-13 2.934547567457990494e-13 2.137444271501656413e-13 1.024202834520611342e-13 7.109121458896428294e-14 1.210289994610151345e-13 8.273947150482807615e-10 6.162054939637133804e-13 1.732223666519102331e-12 0.000000000000000000e+00 0.000000000000000000e+00
0.000000000000000000e+00 0.000000000000000000e+00 0.000000000000000000e+00 0.000000000000000000e+00 0.000000000000000000e+00 0.000000000000000000e+00 6.118294236005253126e-13 3.832135632513548748e-13 4.842751104805764028e-13 3.208103271435617252e-13 5.059024819988776618e-13 4.381080985454921055e-13 1.358596166574011427e-13 1.030545230394624322e-13 1.380044650647896286e-13 7.338289790666645529e-10 5.050185498595266918e-13 1.684551616452786205e-12 0.000000000000000000e+00 0.000000000000000000e+00
0.000000000000000000e+00 0.000000000000000000e+00 0.000000000000000000e+00 0.000000000000000000e+00 0.000000000000000000e+00 0.000000000000000000e+00 4.976110487442509096e-13 1.914376665984724371e-13 1.496300815560914719e-13 8.517707321916249758e-14 1.200693278338342704e-13 1.198842088611575609e-13 9.594571637673028086e-14 5.907340821623877699e-14 5.091952470650044685e-14 1.240322524577165863e-13 6.931898185596241944e-12 -1.846898280447379677e-06 0.000000000000000000e+00 0.000000000000000000e+00
0.000000000000000000e+00 0.000000000000000000e+00 0.000000000000000000e+00 0.000000000000000000e+00 0.000000000000000000e+00 0.000000000000000000e+00 5.581300011774202796e-13 1.997159536805213703e-13 1.548204322135082849e-13 8.802906777385927206e-14 1.267770315792282021e-13 1.363114405487865706e-13 9.860338011963314305e-14 6.020863786282754776e-14 5.102628510233336338e-14 2.073274199448767184e-13 1.738700458342326211e-11 -4.625533305108547211e+00 0.000000000000000000e+00 0.000000000000000000e+00
0.000000000000000000e+00 0.000000000000000000e+00 0.000000000000000000e+00 0.000000000000000000e+00 0.000000000000000000e+00 0.000000000000000000e+00 -5.367239195022133284e-10 -6.816779126910116604e-12 3.304883287435413743e-11 -2.099398900987786667e-11 -2.984845521499931843e-12 1.362802727660036314e-12 -1.866380491631914429e-12 -4.476432114682035458e-13 1.340472126774750494e-13 1.050646031106933729e-13 -1.265657411044544109e-14 2.338811920342972453e-13 0.000000000000000000e+00 0.000000000000000000e+00
0.000000000000000000e+00 0.000000000000000000e+00 0.000000000000000000e+00 0.000000000000000000e+00 0.000000000000000000e+00 0.000000000000000000e+00 -8.789249517907509280e-10 -6.941758512355335691e-11 1.103382715087974190e-10 -1.766633872091747038e-11 1.309516057220559329e-12 2.264822447935034313e-12 -1.446182051311863796e-12 -4.311295867253617302e-13 3.986719133219713538e-13 -5.134109062363131583e-12 -4.146587512635367832e-14 2.620963024988137755e-13 0.000000000000000000e+00 0.000000000000000000e+00
0.000000000000000000e+00 0.000000000000000000e+00 0.000000000000000000e+00 0.000000000000000000e+00 0.000000000000000000e+00 0.000000000000000000e+00 -2.285528137911033017e-10 5.077844030972053465e-11 -4.191781504257880653e-11 -2.752413226506889932e-11 -4.190354541389134655e-12 2.209604998237544539e-12 -2.145315488117251434e-12 4.295136008392466883e-14 4.197734539311501733e-13 -1.533191725920032968e-11 -4.168866275456189699e-15 2.548385452194395264e-13 0.000000000000000000e+00 0.000000000000000000e+00
0.000000000000000000e+00 0.000000000000000000e+00 0.000000000000000000e+00 0.000000000000000000e+00 0.000000000000000000e+00 0.000000000000000000e+00 -5.638230024656255880e-10 -3.180718183012367508e-11 7.912646385868537207e-11 -1.643633785250193155e-11 5.698307107080250961e-13 7.678710633600422063e-13 -1.768695400096555460e-12 -4.583973934503603416e-13 1.363593058436174236e-13 8.755828019027931049e-14 -3.312497903398168191e-13 -4.216839059408934515e-11 0.000000000000000000e+00 0.000000000000000000e+00
0.000000000000000000e+00 0.000000000000000000e+00 0.000000000000000000e+00 0.000000000000000000e+00 0.000000000000000000e+00 0.000000000000000000e+00 -5.722780357452619665e-10 -3.868721570608074964e-11 9.132294196326019771e-11 -1.346241635418657133e-11 1.432518262319598538e-12 1.226587840582874164e-12 -1.871380902793473912e-12 -5.226818882392278767e-13 1.308722401711412174e-13 -4.001520843884509890e-15 -5.425269740141748723e-13 -2.204182607338429391e-04 0.000000000000000000e+00 0.000000000000000000e+00
0.000000000000000000e+00 0.000000000000000000e+00 0.000000000000000000e+00 0.000000000000000000e+00 0.000000000000000000e+00 0.000000000000000000e+00 -2.521134658126420233e-09 1.948600828098753174e-10 6.872988152142480910e-11 2.418549324506823007e-11 1.011503271518252362e-12 -2.067181217568229293e-11 -2.951244705440536668e-12 -7.127896683659484484e-12 2.329430082811201167e-12 -1.896601120697291210e-13 2.634877953722199469e-12 -6.836979582421124750e-13 0.000000000000000000e+00 0.000000000000000000e+00
0.000000000000000000e+00 0.000000000000000000e+00 0.000000000000000000e+00 0.000000000000000000e+00 0.000000000000000000e+00 0.000000000000000000e+00 -4.587939089285378050e-09 -1.938605002186910388e-10 2.299556027428599737e-10 -1.805756097004840174e-11 1.020701120832544486e-11 -1.415836070321706844e-11 -4.798325492486648258e-12 -5.426608017671333363e-12 4.868920406738219577e-13 -4.590773432383655874e-12 2.854229397509862939e-12 -9.807178795585888930e-14 0.000000000000000000e+00 0.000000000000000000e+00
0.000000000000000000e+00 0.000000000000000000e+00 0.000000000000000000e+00 0.000000000000000000e+00 0.000000000000000000e+00 0.000000000000000000e+00 -6.449524392203154192e-10 5.700585014052012225e-10 -8.537976476330968019e-11 9.238955025850909145e-11 -3.800844081245586945e-12 -5.413400128421288734e-11 -2.455967427455782727e-12 -7.536867085629843498e-12 9.380568704335293920e-13 -1.464846160762541585e-10 2.397229824340674624e-12 -3.386525441886321393e-13 0.000000000000000000e+00 0.000000000000000000e+00
0.000000000000000000e+00 0.000000000000000000e+00 0.000000000000000000e+00 0.000000000000000000e+00 0.000000000000000000e+00 0.000000000000000000e+00 -3.000794028021807385e-09 -1.066334941528866538e-10 1.620341820951999894e-10 -2.123721239473812551e-11 6.485197682570445161e-12 -1.367366899774647048e-11 -4.873031009886430429e-12 -6.583398382068255375e-12 2.309731225433613484e-12 -6.907879936491172675e-13 1.539517180050219229e-12 -2.748352492875382022e-09 0.000000000000000000e+00 0.000000000000000000e+00
0.000000000000000000e+00 0.000000000000000000e+00 0.000000000000000000e+00 0.000000000000000000e+00 0.000000000000000000e+00 0.000000000000000000e+00 -3.150139766549531519e-09 -1.937408413138378905e-10 1.830443543844535299e-10 -2.670375020383708296e-11 1.064863933272309030e-11 -1.124120678310138680e-11 -5.485382453001496341e-12 -6.469867620448850673e-12 1.990977546382525382e-12 -8.571920310865221377e-13 -1.255870595706355778e-13 -3.100494597489066983e-03 0.000000000000000000e+00 0.000000000000000000e+00
0.000000000000000000e+00 0.000000000000000000e+00 0.000000000000000000e+00 0.000000000000000000e+00 0.000000000000000000e+00 0.000000000000000000e+00 -1.095320192722527914e-12 1.004294741173870288e-11 2.585784297005644929e-12 -3.991157152354154913e-12 -5.349630435137896647e-13 -3.443541559490562724e-13 -3.400279673366718897e-12 1.057821648689059460e-12 2.518986165251277801e-13 -2.702596946415176204e-12 -3.555631395978955758e-11 -1.176668071551981201e-09 0.000000000000000000e+00 0.000000000000000000e+00
0.000000000000000000e+00 0.000000000000000000e+00 0.000000000000000000e+00 0.000000000000000000e+00 0.000000000000000000e+00 0.000000000000000000e+00 -1.190436450011489546e-11 2.233823126745756821e-11 -3.839490730332632112e-12 -4.834163526660403205e-12 -6.939992091126997751e-12 -9.149423126448089715e-13 -2.905075680575342231e-12 -1.243861013516187032e-12 1.206452448460069978e-12 6.360362276893434917e-08 -4.895135574985617913e-11 -1.173156742134493936e-09 0.000000000000000000e+00 0.000000000000000000e+00
0.000000000000000000e+00 0.000000000000000000e+00 0.000000000000000000e+00 0.000000000000000000e+00 0.000000000000000000e+00 0.000000000000000000e+00 -1.679748656066497189e-12 -4.185707466921546636e-12 8.312159243194160642e-12 -7.205315641572938931e-12 2.471621301473499343e-12 -8.859262801394757332e-12 -9.798575765205461421e-12 3.518123862145251160e-12 2.876401591815151293e-13 -2.672829550594665722e-06 -5.485878591230685010e-11 -1.186011335116344373e-09 0.000000000000000000e+00 0.000000000000000000e+00
0.000000000000000000e+00 0.000000000000000000e+00 0.000000000000000000e+00 0.000000000000000000e+00 0.000000000000000000e+00 0.000000000000000000e+00 5.402342100839382315e-13 1.012546307152771764e-11 3.047285866561284817e-12 6.587447283978360953e-13 -6.264614847281493004e-12 -2.489517813277523955e-12 -3.818148245849568813e-12 7.614374110314890076e-13 -1.030721615230286060e-13 -4.814371402302004682e-12 -1.137282644185857120e-10 -6.187201471128050967e-02 0.000000000000000000e+00 0.000000000000000000e+00
0.000000000000000000e+00 0.000000000000000000e+00 0.000000000000000000e+00 0.000000000000000000e+00 0.000000000000000000e+00 0.000000000000000000e+00 -2.880701733313114487e-12 1.398716558242562089e-11 2.285757779395206892e-12 2.434189003625696182e-12 -7.159651521783698185e-12 -4.767692728422550471e-12 -6.031178678010301895e-12 9.867896180482691840e-13 -6.755579416621756936e-15 -7.861224852039342990e-12 2.070053182993825960e-09 2.822369283109961987e+09 0.000000000000000000e+00 0.000000000000000000e+00
0.000000000000000000e+00 0.000000000000000000e+00 0.000000000000000000e+00 0.000000000000000000e+00 0.000000000000000000e+00 0.000000000000000000e+00 3.740194436749751006e-17 2.793569754100218149e-17 2.121593663564318089e-17 1.053383008103331072e-17 1.290462274143268779e-17 1.035389955397353601e-17 8.055161567210634443e-18 5.027332284034739948e-18 3.680577285585369275e-18 4.120758005885824637e-18 2.063653944499764820e-17 1.361378101923826933e-16 0.000000000000000000e+00 0.000000000000000000e+00
0.000000000000000000e+00 0.000000000000000000e+00 0.000000000000000000e+00 0.000000000000000000e+00 0.000000000000000000e+00 0.000000000000000000e+00 7.143022840057987230e-17 5.460649859764836270e-17 4.066803783273961833e-17 2.116092322453791597e-17 2.788942875454485560e-17 1.969478701830320884e-17 8.758717296109407464e-18 5.728427174610067505e-18 4.435570423344645829e-18 -2.221745835345198652e-16 2.686585636574147159e-17 1.416985711345393606e-16 0.000000000000000000e+00 0.000000000000000000e+00
0.000000000000000000e+00 0.000000000000000000e+00 0.000000000000000000e+00 0.000000000000000000e+00 0.000000000000000000e+00 0.000000000000000000e+00 3.554515897439253442e-17 1.481079041722179362e-17 1.212471114230440972e-17 6.931195621332763382e-18 1.531572794147798811e-17 1.802656518078486161e-17 7.264333893817358763e-18 5.940548767767923024e-18 5.314231421230587547e-18 8.263856930521130885e-16 1.975147766236763423e-17 1.406845055841573455e-16 0.000000000000000000e+00 0.000000000000000000e+00
0.000000000000000000e+00 0.000000000000000000e+00 0.000000000000000000e+00 0.000000000000000000e+00 0.000000000000000000e+00 0.000000000000000000e+00 2.935369491266835132e-17 2.235826133435738009e-17 1.696098789904339384e-17 8.641873051590126847e-18 1.110197791980332175e-17 9.971060664273639123e-18 8.134050808891995924e-18 4.948673629942451302e-18 3.738904918321096954e-18 6.571179304927145935e-18 3.470827901480179180e-16 4.001297049285064402e-11 0.000000000000000000e+00 0.000000000000000000e+00
0.000000000000000000e+00 0.000000000000000000e+00 0.000000000000000000e+00 0.000000000000000000e+00 0.000000000000000000e+00 0.000000000000000000e+00 2.862826539743150192e-17 2.119821272186283348e-17 1.583251646147398546e-17 7.986730327222141265e-18 1.040263026453137243e-17 9.981260459479402543e-18 8.136638692987883249e-18 5.053245953399467294e-18 3.723885498118077584e-18 1.112278761687622790e-17 3.985277880904991616e-16 -5.334446261831260472e-02 0.000000000000000000e+00 0.000000000000000000e+00
0.000000000000000000e+00 0.000000000000000000e+00 0.000000000000000000e+00 0.000000000000000000e+00 0.000000000000000000e+00 0.000000000000000000e+00 -4.005697418511699798e-12 2.165050313602793595e-13 5.391805113502926836e-13 4.780047460674552301e-14 5.847924600610619100e-14 1.132915645943669762e-14 -7.055516764055573856e-15 3.380498045554693426e-15 1.474905031821278913e-15 7.513747491847501715e-16 -9.419718158590666357e-16 -6.435624808530039953e-17 0.000000000000000000e+00 0.000000000000000000e+00
0.000000000000000000e+00 0.000000000000000000e+00 0.000000000000000000e+00 0.000000000000000000e+00 0.000000000000000000e+00 0.000000000000000000e+00 -5.501278237449066549e-12 6.691257551849900890e-13 7.541759496129739933e-13 8.694557835099394004e-14 6.665306976125352032e-14 2.081163922972746909e-14 -5.364999991233900937e-15 4.778335709237190675e-15 2.443996948887821328e-15 -9.099963463777017725e-15 -1.154839269450554415e-15 -1.307139424069212054e-16 0.000000000000000000e+00 0.000000000000000000e+00
0.000000000000000000e+00 0.000000000000000000e+00 0.000000000000000000e+00 0.000000000000000000e+00 0.000000000000000000e+00 0.000000000000000000e+00 -2.683195838037643303e-12 -1.969481374435943694e-13 3.729807333878935903e-13 1.508929151194457844e-14 1.173344291333774918e-13 1.536775827468624693e-15 -7.691071058777792126e-15 2.154231154013801684e-15 2.725243431563050436e-15 -2.906262638517629241e-14 -9.622705988766644824e-16 -2.078744975764343772e-16 0.000000000000000000e+00 0.000000000000000000e+00
0.000000000000000000e+00 0.000000000000000000e+00 0.000000000000000000e+00 0.000000000000000000e+00 0.000000000000000000e+00 0.000000000000000000e+00 -3.494238364749707635e-12 4.013614627995532851e-13 4.875499623510467600e-13 4.845058887494796997e-14 4.584992801086206749e-14 1.473236108674555437e-14 -6.412239183096142177e-15 3.604258731604903738e-15 1.506428468741695647e-15 9.838861595592028676e-16 -5.296970916386342970e-15 9.179329793510720143e-13 0.000000000000000000e+00 0.000000000000000000e+00
0.000000000000000000e+00 0.000000000000000000e+00 0.000000000000000000e+00 0.000000000000000000e+00 0.000000000000000000e+00 0.000000000000000000e+00 -3.416264619081175436e-12 4.280832002483946629e-13 4.675763220126319791e-13 5.263015583055430182e-14 3.889307989708092723e-14 1.470803206488803669e-14 -5.803959010425653495e-15 3.746762382446259769e-15 1.558354901355173771e-15 1.202357806112364951e-15 -4.116679664616568370e-15 -2.362958993164527711e-07 0.000000000000000000e+00 0.000000000000000000e+00
0.000000000000000000e+00 0.000000000000000000e+00 0.000000000000000000e+00 0.000000000000000000e+00 0.000000000000000000e+00 0.000000000000000000e+00 -1.996959596329471594e-11 7.493980649327921118e-13 2.047488458162605468e-12 4.284901454859688297e-13 2.307717018624744015e-13 -3.600113483352868696e-13 2.898100829554853823e-14 -1.150477966273764003e-14 1.567251652468931024e-14 -4.715268028522687718e-15 1.737664244545367256e-14 6.495420019104156285e-15 0.000000000000000000e+00 0.000000000000000000e+00
0.000000000000000000e+00 0.000000000000000000e+00 0.000000000000000000e+00 0.000000000000000000e+00 0.000000000000000000e+00 0.000000000000000000e+00 -2.566664345237057660e-11 1.862702224602086747e-12 2.863738486737329790e-12 6.842443541964454816e-13 2.250057190015712211e-13 -4.712277594935431218e-13 3.558589277527840321e-14 -9.917267710209885852e-15 2.042399364308303262e-14 2.626631685212531326e-13 2.175469774081523596e-14 5.869411272626036526e-15 0.000000000000000000e+00 0.000000000000000000e+00
0.000000000000000000e+00 0.000000000000000000e+00 0.000000000000000000e+00 0.000000000000000000e+00 0.000000000000000000e+00 0.000000000000000000e+00 -1.499561840336934954e-11 -2.605910224856362368e-13 1.425697903949681274e-12 2.716594301697479123e-13 4.766950676675773798e-13 -4.552091053552788839e-13 1.577370265124314325e-14 -8.484648226560637303e-15 2.405972672542566143e-14 2.340313122481516892e-13 1.809397881261637082e-14 5.229704043409717769e-15 0.000000000000000000e+00 0.000000000000000000e+00
0.000000000000000000e+00 0.000000000000000000e+00 0.000000000000000000e+00 0.000000000000000000e+00 0.000000000000000000e+00 0.000000000000000000e+00 -1.624481979979510531e-11 1.132440030522497465e-12 1.873760471550667909e-12 4.125085206059457860e-13 1.690909080425407595e-13 -3.482236171568900486e-13 3.344567821820289035e-14 -1.120241974631758660e-14 1.636082685155849907e-14 -8.447569414108886383e-15 2.406702122971421790e-14 -3.815765591281284155e-11 0.000000000000000000e+00 0.000000000000000000e+00
0.000000000000000000e+00 0.000000000000000000e+00 0.000000000000000000e+00 0.000000000000000000e+00 0.000000000000000000e+00 0.000000000000000000e+00 -1.571423308666878319e-11 1.185814765863672098e-12 1.790926532952767992e-12 4.043273655867109875e-13 1.518827755939169587e-13 -3.492790191851904448e-13 3.513703491465503787e-14 -1.371214727069487983e-14 1.689557813773854114e-14 -1.020735883643178854e-14 8.460258165569007377e-14 1.250402828587139283e-05 0.000000000000000000e+00 0.000000000000000000e+00
0.000000000000000000e+00 0.000000000000000000e+00 0.000000000000000000e+00 0.000000000000000000e+00 0.000000000000000000e+00 0.000000000000000000e+00 -4.457528101198823895e-14 -5.016530198035707407e-15 7.334742548912705203e-15 -3.590012595810047953e-14 -6.265396010801904853e-16 -6.784071624100370712e-15 7.088343427094400162e-15 1.291782608367665135e-15 -3.974905302077706382e-15 2.713694883606904411e-15 -2.153834332585899363e-14 3.449388310644252953e-12 0.000000000000000000e+00 0.000000000000000000e+00
0.000000000000000000e+00 0.000000000000000000e+00 0.000000000000000000e+00 0.000000000000000000e+00 0.000000000000000000e+00 0.000000000000000000e+00 -9.416133761727379317e-14 2.597891201515605993e-14 1.305696966882711910e-13 -8.042146812316013298e-14 4.682908551630203610e-14 -4.028467982063795941e-15 5.501386227110266555e-16 8.350782642071248872e-15 4.440851004610874821e-15 -1.457507939925469569e-09 -8.595394480745984629e-14 3.136059904508119203e-12 0.000000000000000000e+00 0.000000000000000000e+00
0.000000000000000000e+00 0.000000000000000000e+00 0.000000000000000000e+00 0.000000000000000000e+00 0.000000000000000000e+00 0.000000000000000000e+00 -6.613008951912243425e-14 8.430307703700039047e-14 -3.429404250301596608e-14 -8.440601933644914515e-14 1.343298639606554168e-14 1.430808703871226114e-13 -1.733590664466162011e-16 2.179163535184224431e-14 -2.321365697978313974e-14 2.578750222243989380e-09 -1.422961532404763222e-13 3.519835644426443288e-12 0.000000000000000000e+00 0.000000000000000000e+00
0.000000000000000000e+00 0.000000000000000000e+00 0.000000000000000000e+00 0.000000000000000000e+00 0.000000000000000000e+00 0.000000000000000000e+00 -5.804422345469015013e-14 -2.035028450400615654e-14 5.487619001707664872e-14 -3.915274962769677968e-14 7.269906984399610965e-15 -7.631516314101262287e-15 4.482461560081013239e-15 1.707622888914937405e-15 -4.874776599932122191e-15 5.757784196936907819e-15 -1.635630318799871156e-13 -6.402796414627334623e-05 0.000000000000000000e+00 0.000000000000000000e+00
0.000000000000000000e+00 0.000000000000000000e+00 0.000000000000000000e+00 0.000000000000000000e+00 0.000000000000000000e+00 0.000000000000000000e+00 -5.106260408592144589e-14 -2.260275399470349242e-14 5.224310494351246899e-14 -3.159077973216949785e-14 1.237018273025678101e-14 6.791197847565849754e-15 1.708996615167875064e-14 -1.658451928985741622e-15 -2.857779682846477297e-15 -2.489473782522424467e-14 2.862578800536376766e-12 4.090571697057598084e+07 0.000000000000000000e+00 0.000000000000000000e+00
0.000000000000000000e+00 0.000000000000000000e+00 0.000000000000000000e+00 0.000000000000000000e+00 0.000000000000000000e+00 0.000000000000000000e+00 1.514604161993850463e-09 1.181758440722726613e-10 2.700188428958529779e-11 3.143703694171245862e-11 2.843405631502351399e-11 2.520442385905995451e-11 1.875311549438015612e-11 1.297823164455372518e-11 6.047750305417460817e-12 3.156639720610493065e-11 5.496553265358000848e-10 2.878881655877622830e-09 0.000000000000000000e+00 0.000000000000000000e+00
0.000000000000000000e+00 0.000000000000000000e+00 0.000000000000000000e+00 0.000000000000000000e+00 0.000000000000000000e+00 0.000000000000000000e+00 2.815733645488811561e-11 9.540387456871249646e-12 5.776393077601946241e-12 3.421324045555222246e-11 1.908060918886604208e-11 3.350378895677794900e-11 1.817173956290218025e-11 1.111162462935775317e-11 9.866334352354575382e-12 2.053722311709656315e-08 5.104238340451192482e-10 3.036891100148150719e-09 0.000000000000000000e+00 0.000000000000000000e+00
0.000000000000000000e+00 0.000000000000000000e+00 0.000000000000000000e+00 0.000000000000000000e+00 0.000000000000000000e+00 0.000000000000000000e+00 5.965321677353734523e-09 5.331720806786551550e-10 2.191645316631692383e-10 1.011128074874931929e-10 1.975101350498003622e-10 2.985354205315641525e-10 1.294144050781862994e-10 9.283731815458376060e-11 5.946980642876512236e-11 2.102197625008170008e-08 5.771039823749790024e-10 3.095963058724279575e-09 0.000000000000000000e+00 0.000000000000000000e+00
0.000000000000000000e+00 0.000000000000000000e+00 0.000000000000000000e+00 0.000000000000000000e+00 0.000000000000000000e+00 0.000000000000000000e+00 6.360181010208218813e-12 1.504864539713097804e-12 -1.994146846042191729e-12 1.029014546616368990e-11 4.686131051780703114e-12 1.590952244656802163e-11 1.520102644751467070e-11 1.016477055334153142e-11 5.579996583534163435e-12 1.707075245596912143e-11 7.051086077292099577e-09 1.608366639789449160e-02 0.000000000000000000e+00 0.000000000000000000e+00
0.000000000000000000e+00 0.000000000000000000e+00 0.000000000000000000e+00 0.000000000000000000e+00 0.000000000000000000e+00 0.000000000000000000e+00 -4.037330087798594605e-13 -1.164600901479624794e-12 -1.658277757978657832e-12 1.121911455779667371e-11 5.211404435222009949e-12 1.368070327503955395e-11 1.432744847917668233e-11 9.309486374261521256e-12 5.107080315390928248e-12 1.515331333310842471e-11 2.198206294552954270e-08 1.566566429901123047e+04 0.000000000000000000e+00 0.000000000000000000e+00
0.000000000000000000e+00 0.000000000000000000e+00 0.000000000000000000e+00 0.000000000000000000e+00 0.000000000000000000e+00 0.000000000000000000e+00 -2.823080181693225759e-08 -5.047794526567739692e-10 3.266320872437955205e-10 1.136822839928572716e-10 -1.678198547085937009e-10 -5.246268800641959984e-11 -5.553272682241507430e-11 -1.323999804414034565e-12 1.782437694223188819e-12 2.252406241133995738e-11 4.043289563665067394e-11 4.005406461718030273e-11 0.000000000000000000e+00 0.000000000000000000e+00
0.000000000000000000e+00 0.000000000000000000e+00 0.000000000000000000e+00 0.000000000000000000e+00 0.000000000000000000e+00 0.000000000000000000e+00 2.438138739849648127e-09 -4.316401992143640499e-10 3.959557264606251627e-11 1.603955382395623422e-10 -6.086178533130792369e-11 1.115698878098472383e-10 -2.347814445224880289e-11 2.482822205030218202e-11 -6.862589042905668109e-12 4.474574998663513586e-11 3.682091210160438310e-11 3.994649298995880918e-11 0.000000000000000000e+00 0.000000000000000000e+00
0.000000000000000000e+00 0.000000000000000000e+00 0.000000000000000000e+00 0.000000000000000000e+00 0.000000000000000000e+00 0.000000000000000000e+00 -5.660110921823617612e-08 -5.245672571303179022e-10 6.031310431417386162e-10 5.329601030193080129e-11 -2.931991761714295328e-10 -4.519722532592763179e-10 -7.763361657797841787e-11 -6.775776940532812118e-11 -3.285585763932394331e-11 -1.355489477007824060e-10 3.984246194275614286e-11 3.968913084069352161e-11 0.000000000000000000e+00 0.000000000000000000e+00
0.000000000000000000e+00 0.000000000000000000e+00 0.000000000000000000e+00 0.000000000000000000e+00 0.000000000000000000e+00 0.000000000000000000e+00 9.003981457259767407e-12 1.553998270443808875e-10 -1.562530127183948433e-10 1.884630107945055634e-10 -5.806419571526154658e-11 3.180633628437324581e-11 -3.441117246668711888e-11 1.725672672683133935e-11 1.208331289444459583e-12 2.884021239115966970e-13 5.447090376822034634e-11 1.734889744326698137e-08 0.000000000000000000e+00 0.000000000000000000e+00
0.000000000000000000e+00 0.000000000000000000e+00 0.000000000000000000e+00 0.000000000000000000e+00 0.000000000000000000e+00 0.000000000000000000e+00 5.346854885291451861e-10 -2.234738731668792535e-10 -1.731812660691492851e-10 2.556521254120679800e-10 -5.283234988432118841e-11 3.398273956828984383e-11 -3.952095813071254746e-11 1.268079457940899782e-11 4.263689214861119941e-12 6.357443049436669166e-12 1.652727345608420228e-11 -3.234238302662618015e-03 0.000000000000000000e+00 0.000000000000000000e+00
0.000000000000000000e+00 0.000000000000000000e+00 0.000000000000000000e+00 0.000000000000000000e+00 0.000000000000000000e+00 0.000000000000000000e+00 -1.583960850557372313e-07 2.465752641658825792e-09 8.079178867084413895e-10 -3.665994211401895374e-10 -3.956400095769711325e-10 -6.809766081484748781e-11 -8.565919598889208163e-11 -1.402948781527091468e-10 4.033570488535908923e-11 5.810857349744070385e-11 8.757099292158663750e-11 -2.619043813345138663e-10 0.000000000000000000e+00 0.000000000000000000e+00
0.000000000000000000e+00 0.000000000000000000e+00 0.000000000000000000e+00 0.000000000000000000e+00 0.000000000000000000e+00 0.000000000000000000e+00 1.479780948321031480e-08 -8.340578474864297868e-12 -8.213004092700139505e-10 -3.989233128984070571e-11 -2.187788564767900118e-11 -1.299289668351565416e-10 -3.598873519745737932e-11 -5.604130525445657461e-11 2.728686232028172063e-11 -1.387244211121951590e-09 4.286009237324671995e-11 -2.605620183238382546e-10 0.000000000000000000e+00 0.000000000000000000e+00
0.000000000000000000e+00 0.000000000000000000e+00 0.000000000000000000e+00 0.000000000000000000e+00 0.000000000000000000e+00 0.000000000000000000e+00 -3.186497804308545390e-07 4.848144601569816324e-09 2.555696773414305912e-09 -9.358873292259488448e-10 -5.823185653024061982e-10 -5.264569476857640433e-10 1.276840939981455097e-11 -4.048781885538216308e-10 -1.102412707964320426e-10 -2.042076445424181763e-09 5.152046624498571791e-11 -2.586060340050913200e-10 0.000000000000000000e+00 0.000000000000000000e+00
0.000000000000000000e+00 0.000000000000000000e+00 0.000000000000000000e+00 0.000000000000000000e+00 0.000000000000000000e+00 0.000000000000000000e+00 2.436453006100833305e-09 1.725438640429864185e-09 -5.663268391307511873e-10 -1.291174638202047189e-10 -1.367999212004747775e-10 6.826845304442693295e-11 -4.238455593502868500e-11 -6.948903817556271090e-11 5.025205743747750454e-11 -6.627037162368693944e-12 -3.633167638836155311e-11 -6.119519173004961507e-07 0.000000000000000000e+00 0.000000000000000000e+00
0.000000000000000000e+00 0.000000000000000000e+00 0.000000000000000000e+00 0.000000000000000000e+00 0.000000000000000000e+00 0.000000000000000000e+00 4.490635412943913197e-09 7.672827692995330094e-10 -6.195289628118544426e-10 -1.326380036236371429e-10 -2.187229372296766791e-10 -1.087068022106124438e-10 -7.605278730107980832e-11 -1.024014644178202705e-10 5.894952798855918699e-11 1.823526759965874108e-11 -5.310961430825535781e-11 2.426663037641801357e-01 0.000000000000000000e+00 0.000000000000000000e+00
0.000000000000000000e+00 0.000000000000000000e+00 0.000000000000000000e+00 0.000000000000000000e+00 0.000000000000000000e+00 0.000000000000000000e+00 -5.266903504667560744e-10 4.785254559002855112e-10 -4.038458906247938142e-11 -1.967875503393498324e-10 5.393052747130362753e-10 5.880343150547033930e-11 -8.571160392980192711e-11 2.293415177037806228e-11 -3.033887226169258796e-13 -1.929800561317060192e-10 -1.437195006609355714e-09 -6.372089147494380800e-07 0.000000000000000000e+00 0.000000000000000000e+00
0.000000000000000000e+00 0.000000000000000000e+00 0.000000000000000000e+00 0.000000000000000000e+00 0.000000000000000000e+00 0.000000000000000000e+00 -9.035585826066410017e-11 -1.975637274395425554e-10 -1.217494190095333964e-09 3.688755759682491914e-10 1.171725055425222163e-09 -1.881764636030643719e-10 4.115187782518424367e-11 2.529510645187901897e-10 1.099707814793409167e-10 6.313612316198815776e-06 -2.113480751349368005e-09 -6.286817761008118223e-07 0.000000000000000000e+00 0.000000000000000000e+00
0.000000000000000000e+00 0.000000000000000000e+00 0.000000000000000000e+00 0.000000000000000000e+00 0.000000000000000000e+00 0.000000000000000000e+00 -2.808398374768959190e-09 1.496438790436417432e-09 -9.153845177601020421e-11 -1.162301000531285613e-09 1.262818223760500294e-09 8.078203313340385881e-11 4.052442164259869957e-10 -5.507789550479141602e-10 3.410834801037984544e-11 1.573215469120638549e-05 -2.513422203497851166e-09 -6.273668553987732240e-07 0.000000000000000000e+00 0.000000000000000000e+00
0.000000000000000000e+00 0.000000000000000000e+00 0.000000000000000000e+00 0.000000000000000000e+00 0.000000000000000000e+00 0.000000000000000000e+00 4.906505857391097381e-10 -1.845326884017297599e-10 -8.626626263864177856e-10 5.182251981479855168e-10 6.885945126894144222e-10 2.227606796250074338e-10 -2.237913145601029333e-11 1.399638244962102282e-10 -2.232067274896761642e-11 -1.112517026594530097e-10 -2.883810906306837411e-08 -1.290355249595213039e+01 0.000000000000000000e+00 0.000000000000000000e+00
0.000000000000000000e+00 0.000000000000000000e+00 0.000000000000000000e+00 0.000000000000000000e+00 0.000000000000000000e+00 0.000000000000000000e+00 2.139190839480537013e-11 -2.468351629962927609e-10 -7.523309228509875723e-10 4.895019765074085817e-10 6.134079746666717834e-10 2.167385075080820333e-10 -1.230220365955700584e-10 1.672101028410055448e-10 9.659398554222011221e-12 -2.784350390262458075e-13 -4.361277630298898471e-07 -1.684242844845185059e+12 0.000000000000000000e+00 0.000000000000000000e+00
