0.000000000000000000e+00 0.000000000000000000e+00 0.000000000000000000e+00 0.000000000000000000e+00 0.000000000000000000e+00 0.000000000000000000e+00 2.731996990607237535e-10 1.101087922067335756e-10 6.713276208285698553e-11 1.216948118992198112e-10 9.268746728250633237e-11 1.076087825414307325e-10 8.877022513809431504e-11 5.710493428824333079e-11 2.109619303902923414e-11 2.737545452220941556e-12 5.898347771161397819e-12 2.125250563927022887e-09 4.611968631523412874e-08 0.000000000000000000e+00
0.000000000000000000e+00 0.000000000000000000e+00 0.000000000000000000e+00 0.000000000000000000e+00 0.000000000000000000e+00 0.000000000000000000e+00 -8.601468720927066236e-12 2.169693939216649044e-12 1.681370066134301799e-13 5.708751101771846836e-12 -1.075255359267016429e-12 -1.324704016106737787e-12 6.516519706713899909e-13 1.655632281123439133e-12 8.332039017450242931e-13 1.465514325983937958e-14 1.118296386459314602e-09 2.087214932131575071e-09 4.601612423670378698e-08 0.000000000000000000e+00
0.000000000000000000e+00 0.000000000000000000e+00 0.000000000000000000e+00 0.000000000000000000e+00 0.000000000000000000e+00 0.000000000000000000e+00 1.072827554844770947e-09 4.046540938556096702e-10 2.737773728557211017e-10 5.010944285350858405e-10 4.642620734863831913e-10 5.579447689617063403e-10 3.777037847544102886e-10 2.334507542680891991e-10 8.649022271634121729e-11 1.776859328824278375e-11 2.727493679898342225e-08 2.648494311046382845e-09 4.639884741327504290e-08 0.000000000000000000e+00
0.000000000000000000e+00 0.000000000000000000e+00 0.000000000000000000e+00 0.000000000000000000e+00 0.000000000000000000e+00 0.000000000000000000e+00 6.927856078610707677e-14 9.355528829606937538e-13 -1.390032077319655030e-12 2.528423622155703433e-12 -1.062095433373077057e-13 -5.402296709232676398e-13 -2.292874174473840520e-13 -3.530088334901552062e-13 -3.092769576797099272e-13 -6.773260475798250729e-14 1.200356088855319793e-15 -3.978197851761269678e-11 -9.946298870280978477e-02 0.000000000000000000e+00
0.000000000000000000e+00 0.000000000000000000e+00 0.000000000000000000e+00 0.000000000000000000e+00 0.000000000000000000e+00 0.000000000000000000e+00 -4.179338072869341414e-12 1.762405413166609969e-12 7.538871571272722005e-13 2.809097942119572931e-12 -5.853463579567925224e-13 -1.302279135767133243e-12 -3.999058578371700573e-13 -3.761343117047567170e-13 -9.839904730627737038e-14 -1.120611359310755456e-14 3.629489509046500180e-14 1.477620518300396495e-10 -1.644837870847245213e+05 0.000000000000000000e+00
0.000000000000000000e+00 0.000000000000000000e+00 0.000000000000000000e+00 0.000000000000000000e+00 0.000000000000000000e+00 0.000000000000000000e+00 -1.100973602340013141e-08 -2.274204162188301127e-09 -6.615523316810892856e-10 8.184129958047397434e-11 -5.412605732203965242e-10 -1.799969120846781027e-12 -5.982829899588340206e-11 -4.184085569318092401e-11 -6.674317691784573083e-12 -1.044640361729513659e-12 1.862179027942528513e-12 1.620840741664607250e-11 2.384424100166639488e-11 0.000000000000000000e+00
0.000000000000000000e+00 0.000000000000000000e+00 0.000000000000000000e+00 0.000000000000000000e+00 0.000000000000000000e+00 0.000000000000000000e+00 1.205516358861318583e-09 -7.958158923663517065e-10 -4.332138504875024438e-10 2.484900392443621450e-10 -8.426671010550643245e-11 -1.234002874298712880e-11 1.017356539857423992e-11 1.167559553437244091e-11 2.839565366025731683e-12 7.895642616840358227e-15 -2.012330857239630381e-12 1.509226953466698557e-11 2.379703810805298198e-11 0.000000000000000000e+00
0.000000000000000000e+00 0.000000000000000000e+00 0.000000000000000000e+00 0.000000000000000000e+00 0.000000000000000000e+00 0.000000000000000000e+00 -2.199940942965222677e-08 -3.657867714712010618e-09 -8.891401990811285405e-10 -9.238226484911117077e-11 -1.106952082955735893e-09 2.165807419024418584e-11 -1.275129250224927044e-10 -9.049666886211188114e-11 -1.492536259711281858e-11 -3.134796102916524640e-12 2.182045507709040222e-11 1.814413789730786867e-11 2.379455953734065956e-11 0.000000000000000000e+00
0.000000000000000000e+00 0.000000000000000000e+00 0.000000000000000000e+00 0.000000000000000000e+00 0.000000000000000000e+00 0.000000000000000000e+00 1.045375927244900050e-09 5.205491595388412328e-11 -3.327761831308110533e-10 1.886053740168417467e-10 -4.356251342807630600e-11 4.270669011860173224e-12 1.645651395063113192e-11 3.937571540556651913e-12 1.227847602627858185e-12 -8.718121926323006237e-14 -1.247980818439722621e-13 -2.478897985260852292e-12 9.702006696528621026e-09 0.000000000000000000e+00
0.000000000000000000e+00 0.000000000000000000e+00 0.000000000000000000e+00 0.000000000000000000e+00 0.000000000000000000e+00 0.000000000000000000e+00 9.528919079474853478e-10 -5.661940135574097129e-10 -3.612532304332742935e-10 2.033671480764291875e-10 -6.925110953447157979e-11 -1.386844558300233893e-11 -3.445804428308435531e-12 3.459111039516728112e-12 1.630807987031173622e-12 -4.897609502859451583e-14 1.381968875372838407e-13 -1.939361510548156266e-12 1.772933452028147973e-05 0.000000000000000000e+00
0.000000000000000000e+00 0.000000000000000000e+00 0.000000000000000000e+00 0.000000000000000000e+00 0.000000000000000000e+00 0.000000000000000000e+00 -6.180436807218512740e-08 -8.501498904042785395e-09 -3.080297010921449962e-10 1.006164782270072454e-09 -2.894764931304342934e-09 -4.199343018668007405e-10 -1.863974748243015067e-10 -2.421834921663153222e-10 -9.027906172762990869e-11 -1.951473192581508258e-11 3.460165042206053042e-11 2.475408450715037108e-10 3.875921690168783694e-10 0.000000000000000000e+00
0.000000000000000000e+00 0.000000000000000000e+00 0.000000000000000000e+00 0.000000000000000000e+00 0.000000000000000000e+00 0.000000000000000000e+00 6.970029661902922284e-09 -3.335197367429189131e-09 -9.599313793505441656e-11 1.328936191547624888e-09 -3.466556874077617524e-10 3.570325452379310547e-11 -4.179440263404303049e-12 7.107974186786779236e-11 3.057823826281640282e-11 -2.023576867136055672e-12 7.695916326933491876e-11 2.230645780234539788e-10 3.940986104677629077e-10 0.000000000000000000e+00
0.000000000000000000e+00 0.000000000000000000e+00 0.000000000000000000e+00 0.000000000000000000e+00 0.000000000000000000e+00 0.000000000000000000e+00 -1.236826648760455018e-07 -1.336511305080525176e-08 -4.867917916622771813e-10 7.198993011554488412e-10 -6.017127984545086131e-09 -8.658208743437688591e-10 -3.403291899448010100e-10 -5.282467810015606648e-10 -1.965025605866401848e-10 -4.932799873678840931e-11 4.185537381414076027e-10 2.806290927293971210e-10 4.002499148284600312e-10 0.000000000000000000e+00
0.000000000000000000e+00 0.000000000000000000e+00 0.000000000000000000e+00 0.000000000000000000e+00 0.000000000000000000e+00 0.000000000000000000e+00 5.565347500291704051e-09 -1.015182500069423174e-09 -2.971735551670505046e-10 3.693679031233916930e-10 -2.962151989699681352e-10 -1.376384408407200762e-11 1.675859599602901871e-11 6.704295679668527351e-12 1.412983726598451927e-11 -4.151661314199587621e-12 -2.766739704677175049e-12 -5.770536320596004213e-11 -1.368655354711666299e-08 0.000000000000000000e+00
0.000000000000000000e+00 0.000000000000000000e+00 0.000000000000000000e+00 0.000000000000000000e+00 0.000000000000000000e+00 0.000000000000000000e+00 5.306360056926655231e-09 -2.176013050165915015e-09 -2.333698130932203661e-10 1.013891472523394730e-09 -2.543994876801672397e-10 -7.843028066555590658e-11 -5.930131020138849212e-11 3.776931277970505899e-11 9.397810561252225754e-12 -7.309468428242575924e-13 4.102498245359448240e-12 1.150730387096314804e-11 -1.159938244125834327e-04 0.000000000000000000e+00
0.000000000000000000e+00 0.000000000000000000e+00 0.000000000000000000e+00 0.000000000000000000e+00 0.000000000000000000e+00 0.000000000000000000e+00 1.271755147611161809e-10 -4.749095052807979715e-10 -1.471321112322792668e-10 9.723245129769726781e-12 -4.395321216602986393e-11 -2.348956746011487296e-11 -2.544995758057936448e-11 -7.833631608493920002e-12 -2.845850938383871011e-11 -7.638568649204473448e-12 4.656021542580922445e-12 -6.361601805617077265e-10 -1.805625009184414640e-06 0.000000000000000000e+00
0.000000000000000000e+00 0.000000000000000000e+00 0.000000000000000000e+00 0.000000000000000000e+00 0.000000000000000000e+00 0.000000000000000000e+00 -6.530582952861104739e-10 -1.384424803862466457e-09 -9.769288020202451420e-11 7.262846560842702376e-11 -5.146401446279984277e-11 -9.897264570000592667e-12 -4.949619356086589479e-11 -3.578295902625477107e-11 -1.757458629245967521e-11 -1.081333865114412738e-11 -2.261369102896514075e-06 -5.343092237881370269e-10 -1.805682781170284575e-06 0.000000000000000000e+00
0.000000000000000000e+00 0.000000000000000000e+00 0.000000000000000000e+00 0.000000000000000000e+00 0.000000000000000000e+00 0.000000000000000000e+00 2.741017669654181194e-10 -1.201814995711029544e-10 1.007644012685642745e-11 6.731947981951097418e-12 -9.625814293428275544e-11 -1.776624881569593617e-11 -7.466763541188536812e-11 -2.669039953235321759e-13 -3.107077392820884921e-11 -2.716000696987587276e-11 7.266105970455280247e-06 -5.653784963016764153e-10 -1.805385790429419893e-06 0.000000000000000000e+00
0.000000000000000000e+00 0.000000000000000000e+00 0.000000000000000000e+00 0.000000000000000000e+00 0.000000000000000000e+00 0.000000000000000000e+00 -6.298818465691104652e-11 -2.620499953491567812e-10 -1.896452545715328698e-10 7.806919432113487676e-11 -3.831536224201885709e-11 -6.742977427006949929e-12 -4.082577549576446729e-12 2.213588763428818289e-14 -2.218762336384338074e-11 -4.058006075478318955e-12 -4.185099528748462699e-16 -2.576677110038344772e-09 7.525308977257497034e+00 0.000000000000000000e+00
0.000000000000000000e+00 0.000000000000000000e+00 0.000000000000000000e+00 0.000000000000000000e+00 0.000000000000000000e+00 0.000000000000000000e+00 -2.338016275525274833e-11 -6.433895719617394063e-10 -6.351657606565404099e-11 -1.873707344120162578e-11 1.997289058305565880e-11 -3.744169490092150482e-12 -4.109219135573350910e-11 -4.524751558727993898e-11 -3.267480143534699275e-11 1.295669126402471169e-12 -8.323557716330943239e-12 -7.501493644091668748e-09 -2.106305600525920466e+07 0.000000000000000000e+00
0.000000000000000000e+00 0.000000000000000000e+00 0.000000000000000000e+00 0.000000000000000000e+00 0.000000000000000000e+00 0.000000000000000000e+00 1.142900692469291443e-08 5.299469426086145556e-09 3.851147985866783024e-09 3.074618909548324832e-09 9.244773426735724749e-10 1.268690433907722957e-09 8.367692298265880769e-10 6.163935081249535021e-10 2.149340801901828632e-10 2.623201421088681063e-11 5.509913876334987872e-11 2.018702633597264967e-08 1.648952395925641851e-06 0.000000000000000000e+00
0.000000000000000000e+00 0.000000000000000000e+00 0.000000000000000000e+00 0.000000000000000000e+00 0.000000000000000000e+00 0.000000000000000000e+00 1.801667494759343538e-11 -1.583474193498129816e-09 1.322384481432114171e-09 1.166651342958911152e-09 1.835130902534789860e-10 4.579080385523756939e-10 3.381475948649721268e-10 1.214513810228774574e-10 5.451075723789703284e-11 7.240429498580220200e-12 2.147728046053132135e-08 2.021656315351654713e-08 1.629046229942760242e-06 0.000000000000000000e+00
0.000000000000000000e+00 0.000000000000000000e+00 0.000000000000000000e+00 0.000000000000000000e+00 0.000000000000000000e+00 0.000000000000000000e+00 4.405692252164494641e-08 1.782012828674506559e-08 1.664886423651749828e-08 9.708374023833128248e-09 6.938867747635753359e-09 5.627076789117279525e-09 3.538174000041964142e-09 2.141513546263101025e-09 7.503948458386545430e-10 1.516884757002644820e-10 2.272945517547419948e-07 2.446185633329439333e-08 1.621292912012994077e-06 0.000000000000000000e+00
0.000000000000000000e+00 0.000000000000000000e+00 0.000000000000000000e+00 0.000000000000000000e+00 0.000000000000000000e+00 0.000000000000000000e+00 1.159143524418985523e-09 -8.473708694802672105e-10 4.685372173987514173e-10 4.921847485575675295e-10 1.127159025908090212e-10 2.523385985939451057e-10 2.186394743660519011e-10 1.159512769967442993e-10 9.152321723177657646e-11 1.378283641110337361e-11 7.933309909773106415e-12 1.464812129327033696e-08 -9.093089737211778356e+01 0.000000000000000000e+00
0.000000000000000000e+00 0.000000000000000000e+00 0.000000000000000000e+00 0.000000000000000000e+00 0.000000000000000000e+00 0.000000000000000000e+00 -4.249995175189966700e-10 -5.091938869765100380e-10 1.417024238498859922e-09 6.928273043329128168e-10 7.822424808773200248e-11 2.547249446923968934e-10 2.944285175473939839e-10 1.660892275831348715e-10 8.711848745599434166e-11 7.151448751527117857e-12 8.304966774141995660e-12 1.844591573102089404e-08 1.960232375352901220e+07 0.000000000000000000e+00
0.000000000000000000e+00 0.000000000000000000e+00 0.000000000000000000e+00 0.000000000000000000e+00 0.000000000000000000e+00 0.000000000000000000e+00 -8.312043731771408069e-08 -1.826204756670541154e-08 2.215012052278104797e-10 -9.172923074970699969e-09 -4.638042845749378898e-09 -2.758751199096552695e-09 -1.032586958937276349e-09 -5.273561672955893658e-10 -1.551662128026463611e-10 -3.841221982698094002e-11 3.000667283943278569e-11 3.147650118385247594e-10 6.673424929182277720e-10 0.000000000000000000e+00
0.000000000000000000e+00 0.000000000000000000e+00 0.000000000000000000e+00 0.000000000000000000e+00 0.000000000000000000e+00 0.000000000000000000e+00 2.543303884173860739e-09 -5.226347044489152092e-09 8.577303635297678215e-09 9.420344016364387641e-10 -1.673357448111278358e-09 1.843334477487274729e-10 4.971466281710555503e-10 -3.648596372574087948e-11 1.170307634622255954e-11 2.394113711505166989e-12 -6.295461401674609132e-11 2.916154193908893122e-10 6.700543197134728963e-10 0.000000000000000000e+00
0.000000000000000000e+00 0.000000000000000000e+00 0.000000000000000000e+00 0.000000000000000000e+00 0.000000000000000000e+00 0.000000000000000000e+00 -1.605127896484318105e-07 -3.013530624234886789e-08 -7.308616958764048690e-09 -1.928806222952781376e-08 -8.614764815003239013e-09 -5.993702541879921214e-09 -2.496901923994648121e-09 -9.036507428545910555e-10 -2.815661247886153862e-10 -1.053053274076032310e-10 -4.074006359640342278e-11 3.528224548306460446e-10 6.798929705301974526e-10 0.000000000000000000e+00
0.000000000000000000e+00 0.000000000000000000e+00 0.000000000000000000e+00 0.000000000000000000e+00 0.000000000000000000e+00 0.000000000000000000e+00 6.810963919111639775e-09 -4.888469447470167777e-09 3.928422595024570207e-09 -2.943669043008149411e-10 -1.563640909260006406e-09 -4.365491692391261658e-10 3.187623963668293790e-10 -8.090038191567516686e-11 -2.148482586122408025e-11 1.975300641807701609e-12 2.098307133863379738e-12 -1.446699349449242381e-11 -3.476019479353294990e-07 0.000000000000000000e+00
0.000000000000000000e+00 0.000000000000000000e+00 0.000000000000000000e+00 0.000000000000000000e+00 0.000000000000000000e+00 0.000000000000000000e+00 -7.517846377618696582e-10 -6.040358918121129302e-09 5.752818865279857745e-09 7.149212417429523624e-10 -9.178407306608807601e-10 -7.100413164104594519e-12 2.869284622232891496e-10 -1.423047557809194518e-10 -2.081513450002583138e-11 6.656849390036502399e-13 -2.142102871453043045e-12 2.463880001105323041e-11 -4.095984206170021156e-04 0.000000000000000000e+00
0.000000000000000000e+00 0.000000000000000000e+00 0.000000000000000000e+00 0.000000000000000000e+00 0.000000000000000000e+00 0.000000000000000000e+00 -4.799203071889870537e-07 -8.713450201853477408e-08 -5.248666892650835344e-09 -3.608221898476792439e-08 -1.895909213039907195e-08 -1.082793301355867102e-08 -6.171532788005929664e-09 -2.684591206900336639e-09 -1.132310604226108738e-09 -1.790659156601933026e-10 2.015241913799069317e-10 1.679578654439257168e-09 -1.464547986359655439e-08 0.000000000000000000e+00
0.000000000000000000e+00 0.000000000000000000e+00 0.000000000000000000e+00 0.000000000000000000e+00 0.000000000000000000e+00 0.000000000000000000e+00 4.293356529980463854e-10 -7.234372330463076746e-09 2.501417379490027337e-08 1.447820092010198048e-09 -1.995910598851215879e-09 -1.153344176196181497e-09 -7.596607641223812604e-10 7.438198884086849022e-11 2.376746148910217978e-10 9.257394194519927229e-12 -6.206804205045761211e-10 1.536652646440860489e-09 -1.478309391052303697e-08 0.000000000000000000e+00
0.000000000000000000e+00 0.000000000000000000e+00 0.000000000000000000e+00 0.000000000000000000e+00 0.000000000000000000e+00 0.000000000000000000e+00 -9.139921190255424417e-07 -1.588133891182951546e-07 -3.310244298883752832e-08 -7.237799552960387914e-08 -3.909109824649417844e-08 -2.209711450864830007e-08 -1.101348115579723024e-08 -4.968774474191328563e-09 -2.296059213769785506e-09 -5.308926640229921585e-10 -2.886705421841397226e-09 1.861954216474245776e-09 -1.483282315979963709e-08 0.000000000000000000e+00
0.000000000000000000e+00 0.000000000000000000e+00 0.000000000000000000e+00 0.000000000000000000e+00 0.000000000000000000e+00 0.000000000000000000e+00 1.488811241049968655e-08 -3.208369951594563326e-08 1.425833426280271526e-08 -4.217431889306061978e-09 -3.275156382638753814e-09 -1.318221324351740035e-09 -1.162547984487275304e-09 -1.022580260363011592e-10 -7.074581215258664776e-11 2.461608276046753144e-11 1.079872684519528685e-11 7.935151830202830195e-10 -8.986026875560033830e-06 0.000000000000000000e+00
0.000000000000000000e+00 0.000000000000000000e+00 0.000000000000000000e+00 0.000000000000000000e+00 0.000000000000000000e+00 0.000000000000000000e+00 -5.983355081359915438e-09 -1.981909857804385250e-08 1.759231532516865020e-08 -2.565152033458033642e-09 -1.256932124408142528e-09 -1.867165281110976292e-09 -1.488021493743924727e-09 -3.540628981652983669e-10 3.640439673091562333e-11 2.436826742918035398e-11 2.406930328664255411e-11 1.665113551706236354e-09 5.087592161404981984e-04 0.000000000000000000e+00
0.000000000000000000e+00 0.000000000000000000e+00 0.000000000000000000e+00 0.000000000000000000e+00 0.000000000000000000e+00 0.000000000000000000e+00 3.575718829738055881e-10 -1.522227879460991423e-09 -1.208325022261514119e-09 -1.095785921731871274e-10 3.379766733466963048e-10 -1.137875380220947489e-09 5.615065093971640399e-11 -1.188415120693422346e-10 -2.556595079543528387e-10 -1.156384325511520710e-10 -9.422310622037560581e-11 -1.055077297996597516e-08 -1.755540822823825541e-05 0.000000000000000000e+00
0.000000000000000000e+00 0.000000000000000000e+00 0.000000000000000000e+00 0.000000000000000000e+00 0.000000000000000000e+00 0.000000000000000000e+00 -1.140707164891967368e-08 -5.800466687054953160e-09 4.568401906733343501e-09 2.292516168467392687e-09 1.596938293659461817e-09 1.212712673957774211e-09 -5.810589241242747691e-10 -2.976152085542962893e-10 -2.003658231702951376e-10 -8.379298164566765084e-11 -1.278842916844506177e-05 -1.068533785175640757e-08 -1.757135640022301895e-05 0.000000000000000000e+00
0.000000000000000000e+00 0.000000000000000000e+00 0.000000000000000000e+00 0.000000000000000000e+00 0.000000000000000000e+00 0.000000000000000000e+00 5.393301729566260020e-09 -1.368964486987213470e-08 -3.042613645828158035e-09 -4.560174556083251851e-09 3.075568629519470782e-09 -2.976987573137438373e-09 -1.012623993683930702e-09 7.191599852157237009e-10 9.001432960816939040e-11 4.262872055796989696e-11 -1.206960165410490322e-05 -9.636487445335407858e-09 -1.759382172468711359e-05 0.000000000000000000e+00
0.000000000000000000e+00 0.000000000000000000e+00 0.000000000000000000e+00 0.000000000000000000e+00 0.000000000000000000e+00 0.000000000000000000e+00 -8.493585028957095045e-09 -2.162184670053814709e-09 1.008103453074643289e-09 -3.149640600237516205e-10 3.113244440570860190e-11 -5.968171878441843166e-10 3.031580855199403646e-10 -6.327390709492797316e-10 -2.950475055310325622e-10 -1.996152723073567045e-10 -5.471406504139311797e-11 -1.691859548921840805e-08 -1.746032274125143431e+02 0.000000000000000000e+00
0.000000000000000000e+00 0.000000000000000000e+00 0.000000000000000000e+00 0.000000000000000000e+00 0.000000000000000000e+00 0.000000000000000000e+00 -5.987523119365783523e-09 -3.340389382808654557e-09 3.414245822182368667e-09 1.281395810080248192e-09 9.817514460546784128e-10 8.917751590924979202e-10 -4.413856514879227373e-10 -9.735469699764056651e-11 -3.733199488216846748e-10 -1.905737037086199553e-10 -4.407293118008940882e-11 -3.811390630942825882e-08 3.707362649504762888e+08 0.000000000000000000e+00
0.000000000000000000e+00 0.000000000000000000e+00 0.000000000000000000e+00 0.000000000000000000e+00 0.000000000000000000e+00 0.000000000000000000e+00 9.413607402531422196e-09 2.642623908710479156e-09 1.271320432602156726e-09 1.434560435357162972e-09 1.922861513481619351e-09 1.852874171166258901e-09 1.636524300391588518e-09 1.228678195581751021e-09 6.418674440669866631e-10 1.829799280770866236e-10 2.225033794055216243e-10 3.020618746276346996e-08 4.876126829451408012e-07 0.000000000000000000e+00
0.000000000000000000e+00 0.000000000000000000e+00 0.000000000000000000e+00 0.000000000000000000e+00 0.000000000000000000e+00 0.000000000000000000e+00 2.594121180660612096e-10 4.294510707327231116e-10 1.948158408737407303e-10 4.085819927081737362e-10 5.134847530006220051e-10 4.338956398714161042e-10 2.610478121028528746e-10 1.852453075932022546e-10 1.100958833443351601e-10 1.007159196741518166e-10 2.419098905635954456e-07 3.059044806765769153e-08 4.868612323216873661e-07 0.000000000000000000e+00
0.000000000000000000e+00 0.000000000000000000e+00 0.000000000000000000e+00 0.000000000000000000e+00 0.000000000000000000e+00 0.000000000000000000e+00 3.224277993268067574e-08 7.301592654236359835e-09 5.796618214207839936e-09 5.955494856225732666e-09 8.717264167810320477e-09 8.892258740591106814e-09 6.434670831714335797e-09 4.541635403728389872e-09 2.098457342734544075e-09 6.650842549761499785e-10 1.101591919083407949e-06 3.593204170873201183e-08 4.888596993599611743e-07 0.000000000000000000e+00
0.000000000000000000e+00 0.000000000000000000e+00 0.000000000000000000e+00 0.000000000000000000e+00 0.000000000000000000e+00 0.000000000000000000e+00 6.753516552929046339e-10 4.298604688766547385e-10 9.647821006432502818e-11 2.612047513318251016e-10 3.775167725623835838e-10 3.655582960853857454e-10 3.150482468578421775e-10 2.983099549245522699e-10 2.205005940618376783e-10 1.066528971112613241e-10 7.283152036652682553e-11 8.534307994582682761e-09 5.901547121813861096e+00 0.000000000000000000e+00
0.000000000000000000e+00 0.000000000000000000e+00 0.000000000000000000e+00 0.000000000000000000e+00 0.000000000000000000e+00 0.000000000000000000e+00 1.266851406253053390e-10 2.499303859539429322e-10 9.363040767025713474e-11 2.077608413633356227e-10 3.181979817624877876e-10 3.406271093834933356e-10 2.585638743758990305e-10 2.074583248598296013e-10 1.141016573867858859e-10 5.508245843910234886e-11 1.469262860937395176e-11 7.521064516384648679e-09 2.516785986489129718e+06 0.000000000000000000e+00
0.000000000000000000e+00 0.000000000000000000e+00 0.000000000000000000e+00 0.000000000000000000e+00 0.000000000000000000e+00 0.000000000000000000e+00 -7.762669793787627486e-08 2.860693539530919135e-09 -2.789853186987416254e-09 -4.149340182715699339e-09 -3.726533699169142046e-09 -2.457040423623771387e-09 -1.323763174777142412e-09 -7.544724876524254484e-10 -3.316734768362032081e-10 -9.649599817123671974e-11 5.397491941560244717e-11 4.237221959837868070e-10 5.898981848388324193e-10 0.000000000000000000e+00
0.000000000000000000e+00 0.000000000000000000e+00 0.000000000000000000e+00 0.000000000000000000e+00 0.000000000000000000e+00 0.000000000000000000e+00 -4.535528111279930485e-09 -3.728757131925592600e-09 -1.592055514944083168e-09 4.224721601104002250e-10 -5.805447910771663602e-10 -4.802226434555881571e-10 1.442846547520971729e-10 5.090558456380848611e-13 -3.767445766928021375e-11 -4.696393676026364215e-11 -6.015668583426909295e-11 3.976549125339236400e-10 5.896103915878834842e-10 0.000000000000000000e+00
0.000000000000000000e+00 0.000000000000000000e+00 0.000000000000000000e+00 0.000000000000000000e+00 0.000000000000000000e+00 0.000000000000000000e+00 -1.435743357367730373e-07 8.890495833577027676e-09 -4.011396755989128662e-09 -8.678822834840760634e-09 -7.398838246183839800e-09 -4.855739310107817257e-09 -2.779155083703577270e-09 -1.444814221854497862e-09 -6.023032681864826764e-10 -2.249302853727516970e-10 -1.868263820808621343e-10 4.615743592124909941e-10 5.966209839108799256e-10 0.000000000000000000e+00
0.000000000000000000e+00 0.000000000000000000e+00 0.000000000000000000e+00 0.000000000000000000e+00 0.000000000000000000e+00 0.000000000000000000e+00 -1.652665024525748060e-08 -1.248489207986011140e-09 -1.629428963021702716e-09 -9.606904157151449765e-11 -1.267669842115509183e-09 -8.542393544921862328e-10 -2.421305892268075141e-10 -2.213034542164337892e-10 -1.180405472118081255e-10 -4.394154908928639365e-11 1.420213011154993284e-11 1.038097885056081089e-10 2.056010737367084901e-08 0.000000000000000000e+00
0.000000000000000000e+00 0.000000000000000000e+00 0.000000000000000000e+00 0.000000000000000000e+00 0.000000000000000000e+00 0.000000000000000000e+00 -2.464646659721037241e-09 -3.883245949534526193e-09 -1.170849393650149434e-09 1.564682502183839421e-10 -6.262776887492052860e-10 -5.168858879573128947e-10 1.511221223561685989e-11 -6.355105987589356342e-11 -4.373564582701004743e-11 -1.458124956197029426e-11 -3.146788316415412577e-12 4.061342030391362029e-11 4.688140774628623924e-05 0.000000000000000000e+00
0.000000000000000000e+00 0.000000000000000000e+00 0.000000000000000000e+00 0.000000000000000000e+00 0.000000000000000000e+00 0.000000000000000000e+00 -3.808538033230348116e-07 1.878801726957039409e-08 -9.088895798073186388e-09 -2.763807387762533465e-08 -1.355875091874573829e-08 -6.907447012075258311e-09 -2.726749536886851519e-09 -1.126944824063055545e-09 2.811261944988073928e-11 1.527525030069547728e-11 3.463470878068310244e-12 4.018351122078417961e-10 -7.282407260156069622e-10 0.000000000000000000e+00
0.000000000000000000e+00 0.000000000000000000e+00 0.000000000000000000e+00 0.000000000000000000e+00 0.000000000000000000e+00 0.000000000000000000e+00 -8.650138658253406378e-09 4.154674442567306627e-10 8.320491550314694615e-10 1.028425045936839829e-09 -3.676532840427796467e-09 -1.711485583812224196e-09 -3.401627671456616906e-10 -8.753093143422442509e-11 1.443424125926364860e-11 -2.919745724458303721e-11 -1.122407436307645994e-10 4.085256702029429003e-10 -7.076950810909550161e-10 0.000000000000000000e+00
0.000000000000000000e+00 0.000000000000000000e+00 0.000000000000000000e+00 0.000000000000000000e+00 0.000000000000000000e+00 0.000000000000000000e+00 -7.164132177380609052e-07 3.581943544831241788e-08 -1.840334594534634111e-08 -5.672246128227514052e-08 -2.578263007034319891e-08 -1.311943361297831736e-08 -5.039043141339288472e-09 -2.115863469541762746e-09 1.141992821114429448e-10 -8.704793099946272723e-12 1.438590938811686179e-10 4.343505302982001491e-10 -7.189605536873940884e-10 0.000000000000000000e+00
0.000000000000000000e+00 0.000000000000000000e+00 0.000000000000000000e+00 0.000000000000000000e+00 0.000000000000000000e+00 0.000000000000000000e+00 -7.090916556608255389e-08 4.804583216048237930e-09 -1.824327576892500008e-09 -4.645769706134504684e-09 -4.509135920093247269e-09 -2.152874585295503537e-09 -1.025281418235079177e-09 -3.451465230501475996e-10 1.148951546170327796e-11 -1.977122121421869081e-12 -5.381191333643442635e-13 1.827075034211102000e-10 -3.008337933640472022e-06 0.000000000000000000e+00
0.000000000000000000e+00 0.000000000000000000e+00 0.000000000000000000e+00 0.000000000000000000e+00 0.000000000000000000e+00 0.000000000000000000e+00 -1.856898951343089174e-09 -2.316370497669043590e-09 7.808017841946374369e-10 4.221691630359652082e-10 -3.416587272522023772e-09 -1.941429699418276438e-09 -4.900242240670808194e-10 -1.643044975526934139e-10 -2.598237986003505077e-11 4.193265265823241384e-12 1.234410044403667577e-12 -6.099505792769390635e-11 7.697061687665705896e-04 0.000000000000000000e+00
0.000000000000000000e+00 0.000000000000000000e+00 0.000000000000000000e+00 0.000000000000000000e+00 0.000000000000000000e+00 0.000000000000000000e+00 3.238935452342686111e-09 -6.605167225756011436e-10 -1.061748800406993085e-11 -3.370805504998745063e-10 -1.311070198563198768e-10 2.843942835661671923e-10 -2.141259659393729077e-10 2.026193612134070017e-11 -7.020654810678643863e-11 -3.297369622699419088e-11 -2.763663574192605083e-10 -8.092884061175969763e-09 -7.089200794837028165e-07 0.000000000000000000e+00
0.000000000000000000e+00 0.000000000000000000e+00 0.000000000000000000e+00 0.000000000000000000e+00 0.000000000000000000e+00 0.000000000000000000e+00 -1.124486482183964591e-09 -1.424427589545773855e-09 -2.418230423295433424e-09 8.684623326055564318e-10 1.661138029693083554e-10 4.024469252398337734e-10 5.209565187615112960e-11 -2.032674290404120851e-10 -1.150617809510442867e-10 -5.368224286095398743e-11 -5.348215365846324441e-06 -9.255784763353486331e-09 -7.141298115518758519e-07 0.000000000000000000e+00
0.000000000000000000e+00 0.000000000000000000e+00 0.000000000000000000e+00 0.000000000000000000e+00 0.000000000000000000e+00 0.000000000000000000e+00 5.679799368427116537e-09 -4.115168480162073032e-09 4.439398345070361392e-09 -8.798857593386743541e-10 -1.460973230140818491e-09 1.394099844768236407e-09 -2.237054203669482942e-10 1.078892551307232343e-10 9.815773321345283599e-11 1.421540248167694052e-11 -4.256449508909722237e-05 -8.810817153674750596e-09 -7.202072025911162126e-07 0.000000000000000000e+00
0.000000000000000000e+00 0.000000000000000000e+00 0.000000000000000000e+00 0.000000000000000000e+00 0.000000000000000000e+00 0.000000000000000000e+00 2.358127690769975956e-09 -5.050729715201926226e-10 -1.167861151415915135e-09 -1.607772361072126565e-10 2.770084667896787137e-10 4.163324892282528716e-10 5.183311581737110868e-11 -1.732329208034458908e-10 -7.714222046958308610e-11 -4.668672829815100329e-11 -1.846009841957315999e-10 -1.685797187460837137e-08 -3.087343210149984785e+01 0.000000000000000000e+00
0.000000000000000000e+00 0.000000000000000000e+00 0.000000000000000000e+00 0.000000000000000000e+00 0.000000000000000000e+00 0.000000000000000000e+00 -2.293057922213470156e-09 5.272306513419840650e-10 -1.712522976360028354e-09 6.197320677526179054e-10 7.022934283233430407e-11 2.053707663019307208e-10 1.281499667329576172e-10 -1.086776872758587589e-10 -1.809359970209303388e-10 -6.514367319622661678e-11 -1.465463130491411571e-10 -7.967306235121429849e-09 4.526748583476103842e+07 0.000000000000000000e+00
0.000000000000000000e+00 0.000000000000000000e+00 0.000000000000000000e+00 0.000000000000000000e+00 0.000000000000000000e+00 0.000000000000000000e+00 5.205397861123195069e-10 2.242431154540301980e-10 1.062032878766397542e-10 4.895276655162948649e-11 4.132873675485037102e-11 2.134798074214226412e-11 2.219472633376486411e-11 1.189752417951831452e-11 4.801583777069726639e-12 1.313593300116662099e-12 9.813539509478236851e-13 2.129908811914751905e-10 -3.821444562944786509e-08 0.000000000000000000e+00
0.000000000000000000e+00 0.000000000000000000e+00 0.000000000000000000e+00 0.000000000000000000e+00 0.000000000000000000e+00 0.000000000000000000e+00 9.361952943218329895e-11 -9.299590621973832346e-12 5.526863706622003617e-11 2.176382576662513896e-11 4.327030025003584024e-11 1.380166576865314300e-11 1.646749454476141867e-11 5.932660068885365326e-12 2.555200020638520050e-12 8.154580115767148787e-13 1.469690410723057273e-09 2.358121006262355732e-10 -3.819296525523422317e-08 0.000000000000000000e+00
0.000000000000000000e+00 0.000000000000000000e+00 0.000000000000000000e+00 0.000000000000000000e+00 0.000000000000000000e+00 0.000000000000000000e+00 1.321414990136222366e-09 7.004152709276159194e-10 3.504542844676733200e-10 1.621933427742655468e-10 1.183275993024980988e-10 9.034823334776186226e-11 4.217812849038209200e-11 2.499960073548440343e-11 8.685299346892247085e-12 2.422035306585700391e-12 -2.972887462329478656e-10 2.494523646807652463e-10 -3.822203561852389703e-08 0.000000000000000000e+00
0.000000000000000000e+00 0.000000000000000000e+00 0.000000000000000000e+00 0.000000000000000000e+00 0.000000000000000000e+00 0.000000000000000000e+00 5.852892732171230357e-11 1.413345135678481094e-11 2.430037021036545185e-11 4.241534991830102345e-12 2.344707403945151140e-11 7.487067749461066222e-12 1.159134793330329462e-11 7.257225050318136709e-12 3.833865189687726465e-12 1.206463667550577599e-12 6.405712608953127151e-13 5.367626993110823660e-10 1.444956720596381139e+00 0.000000000000000000e+00
0.000000000000000000e+00 0.000000000000000000e+00 0.000000000000000000e+00 0.000000000000000000e+00 0.000000000000000000e+00 0.000000000000000000e+00 5.607856699547693936e-11 -6.648457135807481121e-12 3.515664843526454031e-11 8.679956546790133843e-12 1.947702463222807624e-11 8.134485711289293093e-12 1.734441119378565246e-11 7.346275522361520348e-12 3.626060899433008600e-12 1.184411787492851452e-12 4.640683317683604318e-13 4.432120273931224207e-10 -2.414734104562085122e+04 0.000000000000000000e+00
0.000000000000000000e+00 0.000000000000000000e+00 0.000000000000000000e+00 0.000000000000000000e+00 0.000000000000000000e+00 0.000000000000000000e+00 -1.072371992033522354e-08 7.364241306240528885e-10 6.120342082616180002e-11 -4.536422252272170357e-10 -1.905820975184657878e-10 -3.000215366437714803e-10 -1.262207341772940944e-10 -5.115801075344003542e-11 -2.294711415261345647e-11 -6.726755478808691858e-12 3.938632228046255197e-12 3.449346320959900222e-11 2.616884259274175113e-11 0.000000000000000000e+00
0.000000000000000000e+00 0.000000000000000000e+00 0.000000000000000000e+00 0.000000000000000000e+00 0.000000000000000000e+00 0.000000000000000000e+00 -2.823087879633962741e-09 1.031914182455575207e-09 2.949661450048421678e-10 -1.817518682825906287e-10 2.029408135465720201e-10 -1.036533892980469366e-10 -2.055830701513873944e-11 -5.049562635078556844e-12 -5.395743783227959037e-12 -3.969440783183156982e-12 8.211840512296512527e-12 3.407696349473333643e-11 2.553882370858889028e-11 0.000000000000000000e+00
0.000000000000000000e+00 0.000000000000000000e+00 0.000000000000000000e+00 0.000000000000000000e+00 0.000000000000000000e+00 0.000000000000000000e+00 -1.780488229414711168e-08 4.637559548657577704e-10 -1.608757599803203905e-10 -7.384200476074287115e-10 -6.273383839301618901e-10 -5.268767840974139059e-10 -2.322429496651900659e-10 -9.824636324024247014e-11 -4.002603923680028086e-11 -1.457437622140618760e-11 -4.627296369499531867e-12 3.813090703316243515e-11 2.521558213522378707e-11 0.000000000000000000e+00
0.000000000000000000e+00 0.000000000000000000e+00 0.000000000000000000e+00 0.000000000000000000e+00 0.000000000000000000e+00 0.000000000000000000e+00 -3.931652104937326110e-09 6.635056279860460847e-10 6.966334323430085288e-11 -9.757417173463981000e-11 4.192253803992904908e-11 -9.303786960962995333e-11 -2.339140255012080041e-11 -1.702371896226554023e-11 -1.198838899662191979e-11 -3.989637822673434881e-12 1.030596766900690140e-12 1.297817649867138551e-11 -1.527576732400337273e-08 0.000000000000000000e+00
0.000000000000000000e+00 0.000000000000000000e+00 0.000000000000000000e+00 0.000000000000000000e+00 0.000000000000000000e+00 0.000000000000000000e+00 -2.584293959079614575e-09 1.001616186386713046e-09 2.648325873576985189e-10 -1.464873601407160924e-10 1.483910224625120936e-10 -1.425299895689263060e-10 -3.468049735553482823e-11 -6.305234429783953749e-12 -4.085900358924743230e-12 -1.364615281458168804e-12 1.188009954707215947e-13 -5.240443609982489436e-12 2.627000822966752818e-06 0.000000000000000000e+00
0.000000000000000000e+00 0.000000000000000000e+00 0.000000000000000000e+00 0.000000000000000000e+00 0.000000000000000000e+00 0.000000000000000000e+00 -6.775592510270525347e-08 -2.715185655137821721e-09 -4.301882940792200699e-10 -4.434708174751297105e-09 -3.792439031759258694e-10 -7.406146669823761688e-10 -4.379484618585960863e-10 -1.901380400786664869e-10 -2.846448521248939213e-11 -1.967173142039066391e-11 1.188124037314956282e-11 -1.067430801950608453e-11 9.033615287005009769e-10 0.000000000000000000e+00
0.000000000000000000e+00 0.000000000000000000e+00 0.000000000000000000e+00 0.000000000000000000e+00 0.000000000000000000e+00 0.000000000000000000e+00 -2.372600896568585462e-08 3.487739906836009761e-09 -7.776568302733814590e-10 -1.487795174990930051e-09 1.624926408449988669e-09 -7.422553777022458810e-10 -1.476928178262717222e-10 1.926049590004651137e-11 9.511992173623789753e-12 -1.043983267635781322e-11 8.167035605155494881e-11 3.278820468030448616e-13 8.776793540981393855e-10 0.000000000000000000e+00
0.000000000000000000e+00 0.000000000000000000e+00 0.000000000000000000e+00 0.000000000000000000e+00 0.000000000000000000e+00 0.000000000000000000e+00 -1.072474468317096024e-07 -8.424065705081536891e-09 -1.809688739252043701e-10 -7.344024916402005495e-09 -2.305088504446874879e-09 -9.267156646221269436e-10 -7.300128627499068011e-10 -3.916910126857682023e-10 -6.316506798028477980e-11 -2.255884862216215109e-11 2.468295558561253010e-11 4.946525345764323596e-12 8.686563606190092322e-10 0.000000000000000000e+00
0.000000000000000000e+00 0.000000000000000000e+00 0.000000000000000000e+00 0.000000000000000000e+00 0.000000000000000000e+00 0.000000000000000000e+00 -2.609888547236172773e-08 1.496292200055285121e-09 2.317058636083972763e-10 -2.007592217326237990e-09 6.570167610561974691e-10 -3.560086458480033917e-10 -1.127040556978793361e-10 -3.708597419998927306e-11 -4.520485821350171641e-12 -1.550012532136012605e-11 5.977540801753048205e-12 -6.208196081885586783e-11 4.600044453103945557e-07 0.000000000000000000e+00
0.000000000000000000e+00 0.000000000000000000e+00 0.000000000000000000e+00 0.000000000000000000e+00 0.000000000000000000e+00 0.000000000000000000e+00 -2.028695957690807725e-08 3.078429586899728844e-09 -7.056266029198654896e-10 -1.640186778577757883e-09 1.097112891282659138e-09 -6.814404311119562831e-10 -1.936817395893731133e-10 -1.037119883136086725e-11 1.440322282878501057e-11 -1.584757842648440076e-11 -2.978648184842035643e-13 -3.334597445247956524e-10 2.798240598540295386e-05 0.000000000000000000e+00
0.000000000000000000e+00 0.000000000000000000e+00 0.000000000000000000e+00 0.000000000000000000e+00 0.000000000000000000e+00 0.000000000000000000e+00 7.025755230091493665e-11 -1.161006412776528598e-10 -1.035878517553399970e-10 -7.955545131327718162e-11 -2.332195626440874307e-10 2.060371114413505713e-12 3.311819259355042243e-11 2.554153501063919439e-12 -2.955453084651625188e-11 -2.169796142443076745e-12 -5.815420836298997518e-12 -1.322069407041004729e-10 -1.702912008515099342e-06 0.000000000000000000e+00
0.000000000000000000e+00 0.000000000000000000e+00 0.000000000000000000e+00 0.000000000000000000e+00 0.000000000000000000e+00 0.000000000000000000e+00 1.498906302524695443e-09 6.450247616012799278e-10 -5.401846912155635159e-10 -3.240581384651994630e-10 -3.104814493808127056e-10 -2.342202367429250299e-10 3.249056015208605755e-12 -2.408117872585682690e-11 1.766671739363837099e-11 9.643785338812400985e-12 -1.070266852576270584e-06 -1.167445126693515233e-10 -1.704053401585308413e-06 0.000000000000000000e+00
0.000000000000000000e+00 0.000000000000000000e+00 0.000000000000000000e+00 0.000000000000000000e+00 0.000000000000000000e+00 0.000000000000000000e+00 -5.556640316525887680e-10 -2.662262419425622939e-10 2.961517165022861836e-10 2.295445586793408164e-10 -2.802934618786841572e-10 8.813890090813832723e-12 -4.271712301365827920e-11 4.874935710620939943e-11 -7.871259218154390336e-11 1.174891879127932328e-11 -1.063347802967794458e-05 -1.050223766753752936e-10 -1.705784718810573771e-06 0.000000000000000000e+00
0.000000000000000000e+00 0.000000000000000000e+00 0.000000000000000000e+00 0.000000000000000000e+00 0.000000000000000000e+00 0.000000000000000000e+00 7.479734524237881044e-10 3.707404401451779518e-10 1.156747917901954087e-10 7.606885797249602685e-11 -2.700347373281183907e-10 -3.476979815159655681e-11 2.392432425034845308e-11 5.302836382711652560e-12 1.970876699849522086e-12 -6.480683557146898893e-12 8.737343148763167689e-12 -1.573140710299788728e-09 -3.303277195683779865e+01 0.000000000000000000e+00
0.000000000000000000e+00 0.000000000000000000e+00 0.000000000000000000e+00 0.000000000000000000e+00 0.000000000000000000e+00 0.000000000000000000e+00 5.033995601924389612e-10 1.926686425182261431e-10 -3.136681040023518863e-10 -4.433502872411515346e-11 -2.693971850973649405e-10 -2.211214840738283626e-10 -1.417246385682987378e-11 -3.454321184694875897e-11 1.429175385868380605e-11 1.772389197703654760e-12 1.766192873343265531e-11 -1.612723872525310097e-09 -2.216903028508536145e+07 0.000000000000000000e+00
0.000000000000000000e+00 0.000000000000000000e+00 0.000000000000000000e+00 0.000000000000000000e+00 0.000000000000000000e+00 0.000000000000000000e+00 1.414623369576208386e-08 8.032862798598475601e-09 4.969381648619561047e-09 2.469900355781856027e-09 2.799323339874542961e-09 1.634386713608090906e-09 1.166001816938236609e-09 5.545320668529912201e-10 2.203863859404560713e-10 7.319371159309175431e-11 8.350857418489418464e-11 3.889393579549701249e-09 5.315132949179946782e-07 0.000000000000000000e+00
0.000000000000000000e+00 0.000000000000000000e+00 0.000000000000000000e+00 0.000000000000000000e+00 0.000000000000000000e+00 0.000000000000000000e+00 1.127371312651262435e-08 1.415946178739158328e-08 8.656875887268495436e-09 4.113409881748671859e-09 4.176459055842562344e-09 2.463323052269546065e-09 1.223839408417994582e-09 5.187026863275932905e-10 1.766241175501663023e-10 7.618720642764963682e-11 1.851952055555770504e-07 5.033214916567062143e-09 5.315891116041220186e-07 0.000000000000000000e+00
0.000000000000000000e+00 0.000000000000000000e+00 0.000000000000000000e+00 0.000000000000000000e+00 0.000000000000000000e+00 0.000000000000000000e+00 2.631903591394263098e-08 8.860295153109373787e-09 8.435816375677175560e-09 3.115703284482274228e-09 3.729896560436450365e-09 2.496861577602814048e-09 1.155820510236848530e-09 4.126956525667545108e-10 1.473958545777434205e-10 7.223354688996918899e-11 1.306186901164951097e-06 4.094477573507396179e-09 5.203052310220608046e-07 0.000000000000000000e+00
0.000000000000000000e+00 0.000000000000000000e+00 0.000000000000000000e+00 0.000000000000000000e+00 0.000000000000000000e+00 0.000000000000000000e+00 5.121458042004765447e-09 5.246198905398190603e-09 3.339800233345866144e-09 1.736401595928082681e-09 1.712660369138218373e-09 1.260040984687504056e-09 9.265152370986292745e-10 5.046599224782133124e-10 2.151408697660302749e-10 7.334225986416067258e-11 8.645886472742726550e-11 1.069829357561724525e-08 -3.162098518540972236e-01 0.000000000000000000e+00
0.000000000000000000e+00 0.000000000000000000e+00 0.000000000000000000e+00 0.000000000000000000e+00 0.000000000000000000e+00 0.000000000000000000e+00 5.943286225479961308e-09 7.521959766845750588e-09 4.626937074092365368e-09 2.298049088234363771e-09 2.551151094452050584e-09 1.852590045281138842e-09 1.333898375412627276e-09 6.619656431394457860e-10 2.493419297624401948e-10 7.710165520343799175e-11 1.055500366807554736e-10 1.074969620705420892e-08 2.863015685520826955e+05 0.000000000000000000e+00
0.000000000000000000e+00 0.000000000000000000e+00 0.000000000000000000e+00 0.000000000000000000e+00 0.000000000000000000e+00 0.000000000000000000e+00 -8.330357166964084377e-08 3.404442162219570003e-09 6.389831659577030707e-09 -1.165341067346269496e-10 -1.013022786495685010e-09 4.868751683206750522e-10 -2.029492649202163781e-10 -1.154438071779720460e-11 -2.002746223213076988e-12 2.937106680806342906e-12 -3.826904871135766868e-13 2.452963691360335383e-12 1.752140032586502516e-11 0.000000000000000000e+00
0.000000000000000000e+00 0.000000000000000000e+00 0.000000000000000000e+00 0.000000000000000000e+00 0.000000000000000000e+00 0.000000000000000000e+00 -7.028520711491025667e-08 4.777863094343761343e-09 4.175001395047502363e-09 1.559402312635575187e-10 -9.883125890526976983e-10 4.415368950099877200e-10 -1.742496395369690228e-10 -2.740702245357303642e-11 2.528667654440010910e-12 2.901085776868343010e-12 -1.402134279320006754e-10 2.890225312048584371e-12 1.725211960596010851e-11 0.000000000000000000e+00
0.000000000000000000e+00 0.000000000000000000e+00 0.000000000000000000e+00 0.000000000000000000e+00 0.000000000000000000e+00 0.000000000000000000e+00 -9.591095950421007438e-08 2.241936470637139596e-09 8.653970011631566911e-09 -3.272803754849371121e-10 -1.203117805265881617e-09 6.024330579737270395e-10 -2.239140379863401690e-10 4.350562121790748046e-12 -2.907257173390653736e-12 2.698896930995349729e-12 3.033589658818421713e-10 2.412779880460495966e-12 1.724688862118897358e-11 0.000000000000000000e+00
0.000000000000000000e+00 0.000000000000000000e+00 0.000000000000000000e+00 0.000000000000000000e+00 0.000000000000000000e+00 0.000000000000000000e+00 -5.154475890947033151e-08 3.179727671560068323e-09 3.560315717801138375e-09 2.312752552963549118e-10 -6.992595610468677136e-10 3.238110308622360917e-10 -1.926254370622712235e-10 -1.818441004924936600e-11 1.775837984148079056e-12 2.838946837521880227e-12 -3.539836687993177356e-13 3.572049555365631094e-12 3.006688885853745085e-09 0.000000000000000000e+00
0.000000000000000000e+00 0.000000000000000000e+00 0.000000000000000000e+00 0.000000000000000000e+00 0.000000000000000000e+00 0.000000000000000000e+00 -5.100472397428845764e-08 3.309751341741798191e-09 3.033514405015792822e-09 1.314211333548159685e-10 -7.854718862094262525e-10 3.872362771981135193e-10 -1.564470990015582006e-10 -2.425364205039354492e-11 2.401049852348462257e-13 3.028664043286305745e-12 -7.050449920194333955e-13 -1.634858972981917783e-12 1.230185126296028160e-05 0.000000000000000000e+00
0.000000000000000000e+00 0.000000000000000000e+00 0.000000000000000000e+00 0.000000000000000000e+00 0.000000000000000000e+00 0.000000000000000000e+00 -3.932887838396169909e-07 2.804236693836117595e-08 2.879804243706946501e-08 6.425883994257821558e-09 2.388017800371940845e-10 -2.066246280060245578e-09 3.801164987801791853e-10 5.035836595525434466e-11 2.836099193629270143e-11 -2.390334607082350984e-11 3.493811130804490943e-11 -8.861804592557736772e-11 2.691718475790405937e-10 0.000000000000000000e+00
0.000000000000000000e+00 0.000000000000000000e+00 0.000000000000000000e+00 0.000000000000000000e+00 0.000000000000000000e+00 0.000000000000000000e+00 -3.369480057798966648e-07 -3.171902327792161903e-09 2.005140342503233646e-08 9.201683907392837818e-09 1.601854423896985641e-09 -4.294516600054231951e-09 2.478339413455360173e-10 7.520640033331023781e-11 3.825144525943822392e-11 -4.389984423172481328e-12 -1.270446146341178427e-10 -1.051485066534495200e-10 2.695935694888999135e-10 0.000000000000000000e+00
0.000000000000000000e+00 0.000000000000000000e+00 0.000000000000000000e+00 0.000000000000000000e+00 0.000000000000000000e+00 0.000000000000000000e+00 -4.482220553346034411e-07 5.648656650886904107e-08 3.773911759176659068e-08 4.589684790562768868e-09 -8.240371624643514160e-10 -2.434732741272909504e-11 4.663649829860838429e-10 -1.814471444787976553e-11 1.488438839332878961e-11 -5.071260861924646240e-12 -1.205177361119696694e-09 -8.601946620145369180e-11 2.610655413029907146e-10 0.000000000000000000e+00
0.000000000000000000e+00 0.000000000000000000e+00 0.000000000000000000e+00 0.000000000000000000e+00 0.000000000000000000e+00 0.000000000000000000e+00 -2.477214247412221487e-07 5.294332112687901013e-09 1.684812372735005308e-08 6.119939435182299366e-09 7.494777109294860159e-10 -2.709290577097525757e-09 9.926642378739735446e-11 1.376487953478651909e-10 4.265776571716590798e-11 -2.305563890662176363e-11 3.566312444778063741e-11 -1.821959636980383359e-10 5.485039970280462188e-09 0.000000000000000000e+00
0.000000000000000000e+00 0.000000000000000000e+00 0.000000000000000000e+00 0.000000000000000000e+00 0.000000000000000000e+00 0.000000000000000000e+00 -2.449804721527393953e-07 -3.797987687415024066e-09 1.468569849442321097e-08 6.988737762660435724e-09 1.320250737182094114e-09 -3.733504290108832012e-09 2.975400418025420608e-10 7.753569476979073791e-11 4.133824217846390304e-11 -1.982390660507734986e-11 2.815101064801037011e-11 -6.421241378314509117e-11 -2.323121710980152667e-04 0.000000000000000000e+00
0.000000000000000000e+00 0.000000000000000000e+00 0.000000000000000000e+00 0.000000000000000000e+00 0.000000000000000000e+00 0.000000000000000000e+00 -4.024178472821417517e-11 -4.977526061777085024e-11 6.506217776894625978e-11 -1.055867089921793571e-10 1.942810202848853401e-11 -1.016684289252875808e-11 -3.888964773464775352e-11 -1.743019005172625455e-11 -2.405951776331898108e-11 5.698341127776770772e-13 -2.322141790073583150e-11 -4.593863273466959603e-10 -2.217123313115611677e-07 0.000000000000000000e+00
0.000000000000000000e+00 0.000000000000000000e+00 0.000000000000000000e+00 0.000000000000000000e+00 0.000000000000000000e+00 0.000000000000000000e+00 -1.357786858231337918e-10 8.906482888517153992e-11 6.843365235772925305e-11 -1.023583177005217610e-10 5.523535681476485364e-11 -1.067092693125344938e-12 -1.117626197326981980e-10 -3.418728921322984207e-11 -4.619889101349540225e-12 -4.119687788567828661e-11 9.527474152425103483e-07 -6.207215144051579089e-10 -2.237757355627563517e-07 0.000000000000000000e+00
0.000000000000000000e+00 0.000000000000000000e+00 0.000000000000000000e+00 0.000000000000000000e+00 0.000000000000000000e+00 0.000000000000000000e+00 -9.269893284248451799e-11 -2.353973436653583456e-10 1.836826503400358010e-10 -1.407831001781140970e-10 -3.891116463279799381e-11 -5.383268528328240095e-11 -1.175364075956766592e-10 -3.367988283792742386e-11 -2.246162472194710503e-11 -4.306187837546283396e-11 -4.246486240876562186e-06 -6.786103176676589786e-10 -2.257360506788321621e-07 0.000000000000000000e+00
0.000000000000000000e+00 0.000000000000000000e+00 0.000000000000000000e+00 0.000000000000000000e+00 0.000000000000000000e+00 0.000000000000000000e+00 -7.178437148556583065e-11 5.501325622268753989e-11 4.532267722426286748e-11 -1.117723725791140758e-10 4.623166037643342438e-11 1.806365517414492894e-11 -9.923544576468437597e-11 -2.620172988427812142e-11 -1.225508296779527385e-11 1.551385905648241428e-12 -2.394470895564527772e-11 -6.268055727451118182e-10 -1.684845348992152214e+00 0.000000000000000000e+00
0.000000000000000000e+00 0.000000000000000000e+00 0.000000000000000000e+00 0.000000000000000000e+00 0.000000000000000000e+00 0.000000000000000000e+00 -1.225386548967311825e-10 1.289299275625310814e-10 4.635346126088486300e-11 -3.571262283165046403e-11 7.109027808869290550e-11 3.202086888817804174e-11 -7.921974504907583765e-11 -2.863498585116072158e-11 -1.035238188127894328e-11 5.918158220585551422e-13 -2.577571818824883687e-11 -1.414627143442105513e-09 -2.874896981808555126e+07 0.000000000000000000e+00
0.000000000000000000e+00 0.000000000000000000e+00 0.000000000000000000e+00 0.000000000000000000e+00 0.000000000000000000e+00 0.000000000000000000e+00 1.215318590212259300e-12 9.173053027048102938e-13 6.127486773599369291e-13 3.468041832414297385e-13 2.621646874302523221e-13 1.087741802999768595e-13 6.597358255864340595e-14 2.930761049458402938e-14 1.506234188607809970e-14 6.330311111163576055e-15 8.107673750766227281e-15 4.131414479238798314e-13 3.253270713636157227e-11 0.000000000000000000e+00
0.000000000000000000e+00 0.000000000000000000e+00 0.000000000000000000e+00 0.000000000000000000e+00 0.000000000000000000e+00 0.000000000000000000e+00 1.874067098395943163e-12 4.727621224323934243e-13 5.915654317194881678e-13 3.106319365317204370e-13 2.681757970826516379e-13 1.389033237054107382e-13 7.401778984547510183e-14 3.000010107526063009e-14 1.376911635700981707e-14 8.588877635908504755e-15 3.272762779096154639e-11 5.279851896657101067e-13 3.217105239125249767e-11 0.000000000000000000e+00
0.000000000000000000e+00 0.000000000000000000e+00 0.000000000000000000e+00 0.000000000000000000e+00 0.000000000000000000e+00 0.000000000000000000e+00 1.675027885341670277e-12 3.442880209658964265e-12 1.856794686872993145e-12 1.070979507743243834e-12 7.309761981354074788e-13 2.418468050241051536e-13 8.966003651530322908e-14 2.894398062037835712e-14 1.380961161733607558e-14 9.200020082609934412e-15 4.231493349544072178e-10 4.964753691548989253e-13 3.102268708767881853e-11 0.000000000000000000e+00
0.000000000000000000e+00 0.000000000000000000e+00 0.000000000000000000e+00 0.000000000000000000e+00 0.000000000000000000e+00 0.000000000000000000e+00 8.094505340928935000e-13 1.839792861830930555e-13 2.419543167268433613e-13 1.407332477840180560e-13 1.278034167443733271e-13 7.523883401662691434e-14 4.912196234875386951e-14 2.812399689625927919e-14 1.537568608334214520e-14 6.388346395441492731e-15 8.034903236943511756e-15 1.114177015870775028e-12 3.256301860478362736e-06 0.000000000000000000e+00
0.000000000000000000e+00 0.000000000000000000e+00 0.000000000000000000e+00 0.000000000000000000e+00 0.000000000000000000e+00 0.000000000000000000e+00 1.020243160442852012e-12 2.476892991272915135e-13 3.216497851006584039e-13 1.680331719276795560e-13 1.596345888301211117e-13 1.065864728533348425e-13 8.464408673806468971e-14 4.007689557803023176e-14 1.889060334654372814e-14 6.840419733060582386e-15 8.921615963585580229e-15 2.802614597478734247e-12 -5.916000967742881755e+00 0.000000000000000000e+00
0.000000000000000000e+00 0.000000000000000000e+00 0.000000000000000000e+00 0.000000000000000000e+00 0.000000000000000000e+00 0.000000000000000000e+00 -5.810848960473440512e-10 1.879853363995352775e-10 7.879902520885672115e-11 -3.046643082693495189e-13 -5.636264740191098803e-13 2.947583397021632596e-12 -8.714372997245025361e-13 5.362266535406494753e-14 6.387591956763298744e-15 3.306590897366025258e-14 -7.563575163062110149e-15 2.576362182166038813e-14 3.281503323749535764e-13 0.000000000000000000e+00
0.000000000000000000e+00 0.000000000000000000e+00 0.000000000000000000e+00 0.000000000000000000e+00 0.000000000000000000e+00 0.000000000000000000e+00 -9.951676837860153749e-10 -1.162712633055358596e-10 3.980568313982631852e-11 8.528325672460761304e-12 5.886934358543474499e-13 3.009525144696488314e-12 -6.380193082579645236e-13 -1.496545138112757757e-13 -1.097403315535529505e-14 3.257377214978521327e-14 3.106739876679714408e-13 3.172058214706999430e-14 3.262861208920193324e-13 0.000000000000000000e+00
0.000000000000000000e+00 0.000000000000000000e+00 0.000000000000000000e+00 0.000000000000000000e+00 0.000000000000000000e+00 0.000000000000000000e+00 -2.197323885295815095e-10 4.633792941744522100e-10 1.180424722181092705e-10 -9.343103306486202608e-12 -1.601764312033171148e-12 2.971035872180251830e-12 -1.328151507008398617e-12 2.329589791135441577e-13 -2.348195237894276866e-14 2.725754792816842602e-14 -5.394822895830746257e-12 2.712938661693116410e-14 3.203535627404728039e-13 0.000000000000000000e+00
0.000000000000000000e+00 0.000000000000000000e+00 0.000000000000000000e+00 0.000000000000000000e+00 0.000000000000000000e+00 0.000000000000000000e+00 -6.219495366495722676e-10 7.020104824331644835e-12 4.364200567716278577e-11 3.463905423115819197e-12 3.449760717552643386e-12 2.446560646928850849e-12 -1.132645788712125566e-12 -3.628426598415351335e-14 1.430005868929049232e-15 3.353164856268914156e-14 -1.873601097092383613e-14 9.066986905505472096e-15 -5.674859171598221107e-11 0.000000000000000000e+00
0.000000000000000000e+00 0.000000000000000000e+00 0.000000000000000000e+00 0.000000000000000000e+00 0.000000000000000000e+00 0.000000000000000000e+00 -7.427655407452851776e-10 -8.659023670245070928e-11 2.839661529103314682e-11 6.212941306578504730e-12 9.201132860820737760e-13 2.604940582787227258e-12 -3.294403269889112468e-13 -1.530574422903262331e-13 1.521572280032174535e-14 3.437265711230356775e-14 -1.927117790093523452e-14 -7.377028731033766834e-14 4.755937561603677869e-08 0.000000000000000000e+00
0.000000000000000000e+00 0.000000000000000000e+00 0.000000000000000000e+00 0.000000000000000000e+00 0.000000000000000000e+00 0.000000000000000000e+00 -2.764738083773722276e-09 7.200898411474343946e-10 1.539833021183601889e-10 5.619019032388154305e-11 1.602706214332534776e-11 -1.205891392661510953e-11 -6.268104839135610604e-12 1.721375238282909243e-12 9.116290355799294938e-13 1.891786073203076807e-13 2.146910421527368440e-13 6.970275612088050074e-13 7.310808131698829046e-12 0.000000000000000000e+00
0.000000000000000000e+00 0.000000000000000000e+00 0.000000000000000000e+00 0.000000000000000000e+00 0.000000000000000000e+00 0.000000000000000000e+00 -5.473857297882821218e-09 -5.132670473991946591e-10 2.138646382484045875e-10 6.317744873130358967e-11 1.671719020102494614e-11 -1.431317317415157351e-11 -3.963508665812933051e-13 8.994585064743912521e-13 8.361060349573388788e-13 -1.976094410173033133e-14 -9.153672678411351048e-12 9.327600767131651623e-13 7.215577313765992961e-12 0.000000000000000000e+00
0.000000000000000000e+00 0.000000000000000000e+00 0.000000000000000000e+00 0.000000000000000000e+00 0.000000000000000000e+00 0.000000000000000000e+00 -3.868956918820961030e-10 1.835841022817897189e-09 1.060344718979154218e-10 5.475202135529075419e-11 1.850976684042483390e-11 -1.288822373210388841e-11 -1.233220486925460853e-11 2.689698130004655830e-12 1.658903049325339167e-13 -1.721606657547627732e-13 2.101539212213995578e-11 8.887369720589895013e-13 7.112181971840129289e-12 0.000000000000000000e+00
0.000000000000000000e+00 0.000000000000000000e+00 0.000000000000000000e+00 0.000000000000000000e+00 0.000000000000000000e+00 0.000000000000000000e+00 -3.285271361535264617e-09 3.968856952069668466e-11 1.373259963850769717e-10 4.287349759771099662e-11 2.658023411782095973e-11 -9.125154123710053947e-12 -4.945231302408675491e-12 9.578615428363737653e-13 1.158674358290739228e-12 2.121118210899351525e-13 1.309775176955985881e-13 4.850530570840214986e-13 4.673135006484211657e-09 0.000000000000000000e+00
0.000000000000000000e+00 0.000000000000000000e+00 0.000000000000000000e+00 0.000000000000000000e+00 0.000000000000000000e+00 0.000000000000000000e+00 -4.104341317184471584e-09 -3.775670819660211042e-10 1.546247678490548065e-10 4.112223710905856295e-11 1.388612911825627659e-11 -1.282327337394993872e-11 1.068592114836976073e-13 1.002539524509809877e-12 1.104639764122839394e-12 3.164473383705054669e-13 1.035624951484484524e-13 -2.287145157653305683e-12 -6.034984805015819047e-07 0.000000000000000000e+00
0.000000000000000000e+00 0.000000000000000000e+00 0.000000000000000000e+00 0.000000000000000000e+00 0.000000000000000000e+00 0.000000000000000000e+00 -3.106829130109783329e-12 4.860797251725610714e-12 3.147237219216618154e-13 2.784563353091318864e-12 -2.531766723026525129e-13 1.975022065267820373e-13 4.663157077299266068e-13 -1.321701652406963009e-13 -1.491514719017768531e-14 2.151839229422810339e-13 -1.347303466778489227e-14 2.878971560652790878e-12 -1.364634714759780386e-08 0.000000000000000000e+00
0.000000000000000000e+00 0.000000000000000000e+00 0.000000000000000000e+00 0.000000000000000000e+00 0.000000000000000000e+00 0.000000000000000000e+00 -5.360377026118757058e-12 1.152166342173047408e-11 1.836478726695158372e-12 4.873160164697365615e-12 2.425556497994676719e-12 1.009880226417428367e-12 -5.061440906441122350e-13 -5.719230829085791314e-13 3.297342849262318162e-13 -2.075061148462803328e-13 -2.874159546588775179e-08 2.337828053881503454e-12 -1.364485569290148117e-08 0.000000000000000000e+00
0.000000000000000000e+00 0.000000000000000000e+00 0.000000000000000000e+00 0.000000000000000000e+00 0.000000000000000000e+00 0.000000000000000000e+00 -3.324514336572407434e-12 8.696397962533236885e-13 -1.716911468367893490e-12 3.900567757156636325e-12 -3.711874298335332615e-12 -1.400261397900043620e-12 -5.967490712664267304e-13 5.536578079729706986e-13 4.147641097577741970e-14 2.487772191394029586e-14 -4.663206401028852820e-07 2.249728099516112328e-12 -1.364534180009373994e-08 0.000000000000000000e+00
0.000000000000000000e+00 0.000000000000000000e+00 0.000000000000000000e+00 0.000000000000000000e+00 0.000000000000000000e+00 0.000000000000000000e+00 -6.775515391869022143e-12 4.732442771894435980e-12 1.212282249950052757e-12 2.392196549312690735e-12 1.182344762617811850e-14 8.444435440904868166e-13 3.754982360756822853e-13 -1.730599758683083693e-13 4.393990398922312348e-14 2.312385868674661580e-13 -2.644518926075727672e-14 2.467176005738219873e-12 1.991873032805871122e-02 0.000000000000000000e+00
0.000000000000000000e+00 0.000000000000000000e+00 0.000000000000000000e+00 0.000000000000000000e+00 0.000000000000000000e+00 0.000000000000000000e+00 -5.664653946126970290e-12 1.077890175793986259e-11 3.168729085865713099e-12 2.883151292020071734e-12 1.995534508427660456e-12 1.436520344979533317e-12 -8.742772988778553770e-14 -4.268059810659359341e-13 1.677084471633398805e-13 2.562914757472056716e-13 2.999655949862582448e-13 3.520794163573981303e-11 -2.093996276391641877e+05 0.000000000000000000e+00
0.000000000000000000e+00 0.000000000000000000e+00 0.000000000000000000e+00 0.000000000000000000e+00 0.000000000000000000e+00 0.000000000000000000e+00 1.520552477233803004e-15 1.320614710388564992e-15 1.003568798261072960e-15 4.930076299518162092e-16 5.017085600203644290e-16 2.822365354203790062e-16 1.977403289264887930e-16 9.089986020674495790e-17 3.521794656215472131e-17 1.171567394880682107e-17 1.002165383652288986e-17 5.126859205587427831e-16 2.374070309622494206e-14 0.000000000000000000e+00
0.000000000000000000e+00 0.000000000000000000e+00 0.000000000000000000e+00 0.000000000000000000e+00 0.000000000000000000e+00 0.000000000000000000e+00 2.075064229475696878e-15 2.119203596604395116e-15 1.582406886428043124e-15 7.649950805832312986e-16 8.068660262159798408e-16 4.095932318915763593e-16 2.190012257766440976e-16 8.742239451131256257e-17 2.940777308395527767e-17 1.152028162357089081e-17 -1.517424991918996451e-15 6.604988125608314320e-16 2.383873667210435699e-14 0.000000000000000000e+00
0.000000000000000000e+00 0.000000000000000000e+00 0.000000000000000000e+00 0.000000000000000000e+00 0.000000000000000000e+00 0.000000000000000000e+00 2.065278394608202566e-15 1.048043939574447651e-15 7.233707568702756304e-16 3.929833298759720047e-16 4.459062498221826334e-16 2.604752798993674856e-16 1.395569431670580471e-16 5.910439844835359041e-17 2.238515443219457483e-17 1.057787777682843008e-17 1.207467633270481144e-14 5.077255680426467455e-16 2.280182923164932684e-14 0.000000000000000000e+00
0.000000000000000000e+00 0.000000000000000000e+00 0.000000000000000000e+00 0.000000000000000000e+00 0.000000000000000000e+00 0.000000000000000000e+00 8.676508913543310407e-16 8.931145651207252987e-16 6.855739628864254786e-16 3.336445782212349642e-16 3.621530921426888186e-16 2.224515069844108370e-16 1.684860145356615372e-16 8.471229729088588466e-17 3.500235018746032414e-17 1.176037800116229659e-17 1.051980397976989901e-17 1.454724410315415477e-15 -6.887647693808664353e-11 0.000000000000000000e+00
0.000000000000000000e+00 0.000000000000000000e+00 0.000000000000000000e+00 0.000000000000000000e+00 0.000000000000000000e+00 0.000000000000000000e+00 1.123517436526862992e-15 1.130058723648814487e-15 8.519202733325474274e-16 4.201630366836305320e-16 4.769076407063374991e-16 3.107341622182751033e-16 2.332442596986984641e-16 1.083527432536016082e-16 4.066956498364966963e-17 1.234821877499144935e-17 1.228679921146521325e-17 4.969693701911197794e-16 1.394451476577541343e-02 0.000000000000000000e+00
0.000000000000000000e+00 0.000000000000000000e+00 0.000000000000000000e+00 0.000000000000000000e+00 0.000000000000000000e+00 0.000000000000000000e+00 -3.348353236290052359e-11 -3.376970407264614197e-13 5.314559987788047794e-12 -1.729909819114084822e-12 8.988637615526983079e-14 3.475689438880665603e-13 -4.955559322478911193e-14 -3.761991666814907273e-14 1.143979790050362282e-14 -4.230727168355501938e-16 4.521168208411421874e-16 -3.628706964837809907e-16 1.207303840197278625e-14 0.000000000000000000e+00
0.000000000000000000e+00 0.000000000000000000e+00 0.000000000000000000e+00 0.000000000000000000e+00 0.000000000000000000e+00 0.000000000000000000e+00 -3.339166179680480500e-11 -3.396157382954563822e-12 7.103681743980897568e-12 -2.188987627973722166e-12 8.686950863065360127e-14 4.070159328016697513e-13 -4.342347421681635497e-14 -4.084075222583328526e-14 1.101615859557976048e-14 -6.504215972587255456e-16 8.238933575832535496e-15 -3.851600395279965885e-16 1.212328150136211565e-14 0.000000000000000000e+00
0.000000000000000000e+00 0.000000000000000000e+00 0.000000000000000000e+00 0.000000000000000000e+00 0.000000000000000000e+00 0.000000000000000000e+00 -3.399641186962342579e-11 2.374887298382288619e-12 3.948325032022200323e-12 -1.469427852035601117e-12 1.255582744678875064e-13 3.514188345704181024e-13 -4.908638655241355258e-14 -3.006555533335976041e-14 8.675410226992684196e-15 -6.328530903398282168e-16 -1.089451110109483816e-14 -3.977096298348132910e-16 1.194234193711718233e-14 0.000000000000000000e+00
0.000000000000000000e+00 0.000000000000000000e+00 0.000000000000000000e+00 0.000000000000000000e+00 0.000000000000000000e+00 0.000000000000000000e+00 -2.412699623861006339e-11 -1.464182684889660995e-12 4.575174915028892870e-12 -1.450205332741053102e-12 7.489617032393884866e-14 2.942554213720827532e-13 -4.093674425087278731e-14 -3.673311639781863459e-14 1.178885383688836730e-14 -3.643320672311311258e-16 4.718150756552405313e-16 -2.420779555533161585e-17 -2.752090199858003476e-13 0.000000000000000000e+00
0.000000000000000000e+00 0.000000000000000000e+00 0.000000000000000000e+00 0.000000000000000000e+00 0.000000000000000000e+00 0.000000000000000000e+00 -2.470279786692303661e-11 -2.441616313436352441e-12 5.212008474567719018e-12 -1.618744441233606078e-12 8.918148914991120906e-14 3.400203090929603160e-13 -4.593629982547336134e-14 -4.223659905307137967e-14 1.253542656957074694e-14 -4.355330111984047982e-16 5.004214122245180341e-16 1.294496580797046181e-16 3.280280499076482545e-09 0.000000000000000000e+00
0.000000000000000000e+00 0.000000000000000000e+00 0.000000000000000000e+00 0.000000000000000000e+00 0.000000000000000000e+00 0.000000000000000000e+00 -1.759289153332462088e-10 -2.713172431392673136e-12 1.317215371338387186e-11 5.635483345468645484e-13 9.451910352147307213e-13 -6.082582184611057139e-13 -1.504957779668617131e-13 -2.552541755718881435e-13 3.363308680026347223e-15 2.658643416654055072e-15 2.035723059475031483e-14 -1.266079291323994704e-14 1.259637195962904855e-13 0.000000000000000000e+00
0.000000000000000000e+00 0.000000000000000000e+00 0.000000000000000000e+00 0.000000000000000000e+00 0.000000000000000000e+00 0.000000000000000000e+00 -1.741749237224916355e-10 -8.475386986633374197e-12 1.755436704595917017e-11 -3.096600579254008875e-14 1.117680438168387976e-12 -7.219248692324678355e-13 -1.194971999762567206e-13 -2.529617430525525604e-13 2.511039782043415901e-15 2.381074826739567841e-15 -3.523785342532185273e-14 -1.555843879432365892e-14 1.239063995240820243e-13 0.000000000000000000e+00
0.000000000000000000e+00 0.000000000000000000e+00 0.000000000000000000e+00 0.000000000000000000e+00 0.000000000000000000e+00 0.000000000000000000e+00 -1.797473234623994801e-10 2.340698896835557643e-12 9.880302130854108889e-12 1.217514727019207683e-12 1.046524082649013035e-12 -5.528257410595086690e-13 -1.431190229974360183e-13 -2.259123810942170409e-13 3.327431681801611784e-16 3.814358135301459508e-15 2.465747650672650437e-13 -1.214068908215017592e-14 1.238298253976725961e-13 0.000000000000000000e+00
0.000000000000000000e+00 0.000000000000000000e+00 0.000000000000000000e+00 0.000000000000000000e+00 0.000000000000000000e+00 0.000000000000000000e+00 -1.262362370503585109e-10 -4.148634794926508926e-12 1.131627007939330875e-11 1.426884953476808090e-13 8.176380953077771326e-13 -5.549858902786542588e-13 -1.354779358499837099e-13 -2.371330050257912111e-13 5.491824797241703758e-15 2.763083434029463341e-15 2.074609300079197502e-14 -2.002923620224860021e-14 1.610267336495794095e-11 0.000000000000000000e+00
0.000000000000000000e+00 0.000000000000000000e+00 0.000000000000000000e+00 0.000000000000000000e+00 0.000000000000000000e+00 0.000000000000000000e+00 -1.288282504973017021e-10 -6.065756615051598400e-12 1.290246626695200108e-11 -2.492627683311892351e-16 9.309112963310016814e-13 -6.555890653763667970e-13 -1.366786295476122633e-13 -2.673608301859117692e-13 3.567096190092544248e-15 2.340218277812728825e-15 2.076269033528951875e-14 -1.612028499831251687e-14 4.424370079861743005e-08 0.000000000000000000e+00
0.000000000000000000e+00 0.000000000000000000e+00 0.000000000000000000e+00 0.000000000000000000e+00 0.000000000000000000e+00 0.000000000000000000e+00 -4.296588109378000742e-14 6.771432807871966410e-15 1.069168515116333404e-13 3.971414239649488988e-14 2.084697635849687214e-14 -6.351433025553096012e-16 1.061060442438584426e-14 8.479938197895916099e-15 5.643067858758105151e-16 -1.030182803513291435e-15 2.361274441633109705e-16 -1.782744002635558507e-13 -1.424998303409837698e-10 0.000000000000000000e+00
0.000000000000000000e+00 0.000000000000000000e+00 0.000000000000000000e+00 0.000000000000000000e+00 0.000000000000000000e+00 0.000000000000000000e+00 8.198799281057815258e-14 4.948974582364416893e-14 1.664381913616689451e-13 3.807446146681939049e-14 9.613332181336181239e-15 6.606928901827974184e-15 1.617926690570327155e-14 -1.209352730740535562e-14 -3.311206331903606452e-15 -9.887838806452656960e-15 -7.046011226036607884e-11 -1.759523504915642625e-13 -1.430198869580744091e-10 0.000000000000000000e+00
0.000000000000000000e+00 0.000000000000000000e+00 0.000000000000000000e+00 0.000000000000000000e+00 0.000000000000000000e+00 0.000000000000000000e+00 -8.526614972741316391e-14 5.476470539939515515e-14 1.021427702505779563e-13 4.413047636838523785e-14 -9.169074044962682713e-15 1.125431477363800757e-14 4.731712633484239315e-15 -2.919705864444040714e-14 -5.330461157334471376e-15 -1.848383069539458774e-14 -1.459438419291735359e-10 -1.758481773350887979e-13 -1.436382398940708110e-10 0.000000000000000000e+00
0.000000000000000000e+00 0.000000000000000000e+00 0.000000000000000000e+00 0.000000000000000000e+00 0.000000000000000000e+00 0.000000000000000000e+00 7.519940454649126889e-16 -6.592991906948677659e-15 6.864145987936508111e-14 2.609366682987116958e-14 1.661845156086689680e-15 -5.129205475072908500e-15 6.320741040092759831e-15 6.491531640014226806e-15 -1.185426164827976470e-18 -6.122835990664019570e-16 -7.986325002673889556e-17 -4.134985074586417891e-13 5.594315029793589999e-04 0.000000000000000000e+00
0.000000000000000000e+00 0.000000000000000000e+00 0.000000000000000000e+00 0.000000000000000000e+00 0.000000000000000000e+00 0.000000000000000000e+00 3.296768345833599048e-14 5.298792913550678448e-15 7.281561383672856861e-14 3.037939946188314654e-14 1.608319890874305044e-14 1.329976100228553160e-14 1.449425381510625178e-14 -1.338197339450653376e-14 -2.117850040265633805e-15 -4.302897698693872435e-16 1.902527067127698189e-15 -1.182830477757363346e-12 2.029403090726389337e+03 0.000000000000000000e+00
0.000000000000000000e+00 0.000000000000000000e+00 0.000000000000000000e+00 0.000000000000000000e+00 0.000000000000000000e+00 0.000000000000000000e+00 3.086243420137029891e-08 9.945488008081126865e-09 4.906966831486259312e-09 3.324276023173843284e-09 3.588223933691141462e-09 3.689434429853544191e-09 2.838027735637680475e-09 1.890223063360770408e-09 9.015680691000042342e-10 2.416367820154449829e-10 2.963242346371674214e-10 4.952042097202173538e-08 1.763326977833321648e-06 0.000000000000000000e+00
0.000000000000000000e+00 0.000000000000000000e+00 0.000000000000000000e+00 0.000000000000000000e+00 0.000000000000000000e+00 0.000000000000000000e+00 -1.386813868944425891e-09 -4.419307094852645320e-10 2.690505096133106140e-09 1.643032200129643748e-09 4.128724168106765922e-10 9.882271018568532963e-10 6.481743232704339741e-10 4.710873266022056770e-10 2.069973366476660532e-10 1.360047037172019640e-10 1.799202223088068750e-07 5.099206060866754296e-08 1.760227050304701652e-06 0.000000000000000000e+00
0.000000000000000000e+00 0.000000000000000000e+00 0.000000000000000000e+00 0.000000000000000000e+00 0.000000000000000000e+00 0.000000000000000000e+00 1.222383077353467440e-07 3.169216608211497063e-08 2.453174364803784760e-08 1.553809589884628723e-08 1.581509538437810548e-08 1.646689873116116120e-08 1.142339238925597449e-08 6.878729400916671319e-09 2.858248879093696774e-09 8.574054622474806193e-10 2.096903539115235460e-06 5.976248267877035935e-08 1.766738638104507070e-06 0.000000000000000000e+00
0.000000000000000000e+00 0.000000000000000000e+00 0.000000000000000000e+00 0.000000000000000000e+00 0.000000000000000000e+00 0.000000000000000000e+00 2.170386326217468885e-09 -3.829552709350188160e-11 1.248981226601333096e-09 3.819997016998044928e-10 4.267393816152776087e-10 9.388255733379985101e-10 5.656744543380556065e-10 5.725309434545063503e-10 3.861964231356443643e-10 1.646080164719395291e-10 1.075614077458938638e-10 2.532307048877139920e-08 -1.828149404008343026e+01 0.000000000000000000e+00
0.000000000000000000e+00 0.000000000000000000e+00 0.000000000000000000e+00 0.000000000000000000e+00 0.000000000000000000e+00 0.000000000000000000e+00 -8.122276996017502620e-10 5.808331596084751123e-10 1.660988998480480549e-09 1.144511121005001941e-09 3.760524651595675646e-10 6.605078782235385345e-10 6.356899820410017986e-10 5.239175997435355941e-10 2.557281745240098170e-10 9.375105534332798978e-11 3.901465041597112470e-11 5.876999338676039598e-08 8.251782940599673986e+07 0.000000000000000000e+00
0.000000000000000000e+00 0.000000000000000000e+00 0.000000000000000000e+00 0.000000000000000000e+00 0.000000000000000000e+00 0.000000000000000000e+00 -1.358430702998808149e-07 -1.767455108953045634e-08 -5.205065667002439779e-09 -1.093262838147682711e-08 -6.262557292252537771e-09 -4.481376828676056308e-09 -2.528689383195659693e-09 -1.091925509230904246e-09 -3.391788440142408353e-10 -9.748439166496636232e-11 7.013669176419157053e-11 5.702316825907895897e-10 1.281784720204933406e-09 0.000000000000000000e+00
0.000000000000000000e+00 0.000000000000000000e+00 0.000000000000000000e+00 0.000000000000000000e+00 0.000000000000000000e+00 0.000000000000000000e+00 1.729430256069614234e-08 -1.114644918352119100e-08 1.024247684425310252e-09 3.801863106285949061e-09 -1.010565658141092165e-09 -2.260283900737631929e-10 1.267008227477504477e-10 -6.869552568074842113e-13 2.343706853783907941e-11 -3.327006331062435907e-11 -1.417198425808100132e-10 5.319490815552211935e-10 1.290308165403104818e-09 0.000000000000000000e+00
0.000000000000000000e+00 0.000000000000000000e+00 0.000000000000000000e+00 0.000000000000000000e+00 0.000000000000000000e+00 0.000000000000000000e+00 -2.738911392993198196e-07 -2.359901475455137834e-08 -1.110411762926102693e-08 -2.534013669392608174e-08 -1.236930532700090846e-08 -9.304442338197245736e-09 -5.092225653308520785e-09 -2.041987374952524680e-09 -6.692614653205221833e-10 -2.595779072718317736e-10 -4.169816138652787531e-10 6.286880525163461094e-10 1.301195737521085765e-09 0.000000000000000000e+00
0.000000000000000000e+00 0.000000000000000000e+00 0.000000000000000000e+00 0.000000000000000000e+00 0.000000000000000000e+00 0.000000000000000000e+00 1.030482961862666867e-08 -8.405803324021943186e-09 -2.146628260967033448e-09 3.053153310047769793e-10 -2.122226225435611568e-09 -1.182246932193142939e-09 -3.025627918818079841e-10 -2.405636117586736609e-10 -5.303882776606118703e-11 -2.369228887663571570e-11 1.378063896133434090e-11 5.457915232458963588e-11 -4.568042246275170374e-07 0.000000000000000000e+00
0.000000000000000000e+00 0.000000000000000000e+00 0.000000000000000000e+00 0.000000000000000000e+00 0.000000000000000000e+00 0.000000000000000000e+00 1.074868794734796610e-08 -1.031930057425034844e-08 8.053099003508896567e-10 2.494229233954067735e-09 -1.031191973329228796e-09 -5.087912535842692815e-10 -1.775551577191666650e-10 -1.297668584908578325e-10 -1.570888784228175147e-11 -6.614359361832789308e-12 -2.614098804998744583e-12 4.304202536916514982e-11 -2.442646801554541522e-04 0.000000000000000000e+00
0.000000000000000000e+00 0.000000000000000000e+00 0.000000000000000000e+00 0.000000000000000000e+00 0.000000000000000000e+00 0.000000000000000000e+00 -7.340071446479050924e-07 -6.719565575459308605e-08 -1.702463513551583644e-08 -4.874706912686481480e-08 -2.726487247031492669e-08 -1.371502086794148123e-08 -8.174615275104214612e-09 -3.356718427793308981e-09 -8.158764020745110419e-10 -2.126493143918150241e-10 2.234534112547841649e-10 1.996072370163922098e-09 -1.468344333406594515e-08 0.000000000000000000e+00
0.000000000000000000e+00 0.000000000000000000e+00 0.000000000000000000e+00 0.000000000000000000e+00 0.000000000000000000e+00 0.000000000000000000e+00 1.051956095346574622e-07 -4.808086038283548353e-09 1.364864380469464465e-08 1.405307594053216389e-08 -3.712456700704019212e-09 -8.842531683460129491e-10 -1.916690227363205788e-09 1.690508463743434144e-10 2.950140613454870621e-10 1.315938873662863087e-11 1.265738092921824214e-09 1.794151908226113949e-09 -1.477282809718155987e-08 0.000000000000000000e+00
0.000000000000000000e+00 0.000000000000000000e+00 0.000000000000000000e+00 0.000000000000000000e+00 0.000000000000000000e+00 0.000000000000000000e+00 -1.489807349166388177e-06 -1.229939006009344105e-07 -4.512570220597660914e-08 -1.091380125260864045e-07 -5.376165724826691370e-08 -2.881081721538222453e-08 -1.414771677897892138e-08 -6.390022662568335506e-09 -1.741061422933598835e-09 -6.058902016708286593e-10 -4.452384763550975519e-09 2.237086169362528168e-09 -1.480825057104019810e-08 0.000000000000000000e+00
0.000000000000000000e+00 0.000000000000000000e+00 0.000000000000000000e+00 0.000000000000000000e+00 0.000000000000000000e+00 0.000000000000000000e+00 6.768241132858872905e-08 -2.783894606129224837e-08 6.259408292380584889e-09 -7.194948489492738469e-09 -6.979891284336076522e-09 -2.374264161195105122e-09 -2.270202636594911889e-09 -5.616794663484869605e-10 9.914710191494666148e-11 2.676350515394121083e-11 -8.381041382881204399e-12 4.814044721421263372e-10 -1.137023258763618246e-05 0.000000000000000000e+00
0.000000000000000000e+00 0.000000000000000000e+00 0.000000000000000000e+00 0.000000000000000000e+00 0.000000000000000000e+00 0.000000000000000000e+00 6.719609517652827256e-08 -1.505006729773032795e-08 1.146301079707455659e-08 5.486222993728752756e-09 -4.086937756438120890e-09 -1.451244011996645173e-09 -2.824301185624667425e-09 -2.787205646596499498e-10 4.281398070779914278e-11 -1.478574272466979532e-11 3.104798527002593655e-11 1.361543408729127695e-09 1.020579201741892567e-02 0.000000000000000000e+00
0.000000000000000000e+00 0.000000000000000000e+00 0.000000000000000000e+00 0.000000000000000000e+00 0.000000000000000000e+00 0.000000000000000000e+00 6.691667751091496684e-09 -1.693939678604273405e-09 -2.297938159159454734e-09 1.105227862259315732e-09 2.949276915758712400e-11 -6.899173985200775489e-10 -3.157244331309567430e-10 -4.341712611033366069e-10 -4.356684774667062870e-10 -6.658928927548584308e-11 -2.429958905156646848e-10 -1.422202034929764815e-08 -2.401409503217483856e-05 0.000000000000000000e+00
0.000000000000000000e+00 0.000000000000000000e+00 0.000000000000000000e+00 0.000000000000000000e+00 0.000000000000000000e+00 0.000000000000000000e+00 -1.508618140131225105e-08 9.181231083277544357e-10 1.042367990859697424e-09 2.173927089460527096e-09 1.033507019027274314e-09 2.299690666237460037e-09 -9.650431464369240404e-10 -6.827202904064694654e-10 -3.168168531861585061e-10 -4.053721050359721964e-11 -1.926529648889080081e-05 -1.515645472875158169e-08 -2.405269564181644477e-05 0.000000000000000000e+00
0.000000000000000000e+00 0.000000000000000000e+00 0.000000000000000000e+00 0.000000000000000000e+00 0.000000000000000000e+00 0.000000000000000000e+00 2.366222076107132325e-08 -2.552903243536245780e-08 5.529929874196451226e-09 -3.513210208894513658e-09 2.121039763342922764e-09 -4.729239319583845814e-09 -2.375349638122247609e-09 -4.989028549197659662e-10 3.702466723458254272e-10 7.997512487888618075e-11 5.217809517708183354e-05 -1.305741333564806991e-08 -2.408984580171330398e-05 0.000000000000000000e+00
0.000000000000000000e+00 0.000000000000000000e+00 0.000000000000000000e+00 0.000000000000000000e+00 0.000000000000000000e+00 0.000000000000000000e+00 -6.467739681527325787e-09 -1.483820445589680688e-09 7.731784761687938409e-10 1.448123446632881518e-09 -1.877263980689351214e-10 -4.806640049803619334e-10 1.915710073615558801e-11 -8.577988247889257515e-10 -6.305772606115994605e-10 -1.704195371396084699e-10 -1.740555246093579711e-10 -3.603548134727683390e-08 -2.331923019060680531e+02 0.000000000000000000e+00
0.000000000000000000e+00 0.000000000000000000e+00 0.000000000000000000e+00 0.000000000000000000e+00 0.000000000000000000e+00 0.000000000000000000e+00 -4.794972075118944309e-09 3.063563331412527800e-09 9.753485928442819115e-10 2.012529303449024754e-09 3.299155193001482731e-13 2.023101385643833590e-09 -5.635768183527045841e-10 -7.299238014484060426e-10 -6.862580385391642158e-10 -2.352236409913526197e-10 -4.901302153528686250e-11 -8.743182066467030780e-08 3.716519219659063220e+08 0.000000000000000000e+00
