0.000000000000000000e+00 0.000000000000000000e+00 0.000000000000000000e+00 0.000000000000000000e+00 0.000000000000000000e+00 0.000000000000000000e+00 1.763863152975787132e-10 6.776756583736686251e-11 1.239491828430613449e-10 1.243181384461032490e-10 1.272479689464517236e-10 1.154160804524896890e-10 1.050592406078041176e-10 6.642046316047110418e-11 2.602081252760542255e-11 3.323488731755200845e-12 7.123894658282337844e-12 2.538803979974916480e-09 2.204640269615969026e-08 0.000000000000000000e+00
0.000000000000000000e+00 0.000000000000000000e+00 0.000000000000000000e+00 0.000000000000000000e+00 0.000000000000000000e+00 0.000000000000000000e+00 4.995910853557126596e-12 3.703827621506059596e-12 -7.097342497343474684e-13 -6.237801378588633345e-12 -1.975481507253251177e-12 -2.385017442427541571e-12 4.953566160781192672e-14 2.597375997450283716e-12 9.354836634223003873e-13 1.610092429017092224e-14 2.470892263319086270e-10 2.484966023290371453e-09 2.195464855217620634e-08 0.000000000000000000e+00
0.000000000000000000e+00 0.000000000000000000e+00 0.000000000000000000e+00 0.000000000000000000e+00 0.000000000000000000e+00 0.000000000000000000e+00 5.811794067602471570e-10 2.724689201791531946e-10 4.265027483019000215e-10 5.348104208386563439e-10 6.326788628518327746e-10 5.963158110936082631e-10 4.621575927499214161e-10 2.782741702262340808e-10 1.062792742171367861e-10 2.114249119446760381e-11 4.205000092933349009e-08 3.172824343131481744e-09 2.255116558552125663e-08 0.000000000000000000e+00
0.000000000000000000e+00 0.000000000000000000e+00 0.000000000000000000e+00 0.000000000000000000e+00 0.000000000000000000e+00 0.000000000000000000e+00 5.970936798695323898e-12 4.054652341799408590e-12 3.672934471791445911e-13 -1.790135926207642047e-12 -1.462806638468891012e-12 -1.236021599931375849e-12 -1.642640212851915750e-12 -2.671302090654427145e-13 -4.672586292283390665e-13 -8.688695798385912457e-14 -5.340303219312452337e-14 -5.479644163546440752e-11 8.380690302490911847e-02 0.000000000000000000e+00
0.000000000000000000e+00 0.000000000000000000e+00 0.000000000000000000e+00 0.000000000000000000e+00 0.000000000000000000e+00 0.000000000000000000e+00 5.115073143171082958e-12 1.443048394494652461e-12 1.519975785783941263e-12 -2.199155868380200516e-12 -1.014444195312787388e-12 -2.405181562570499123e-12 -2.470260677983278582e-12 -1.414617576508029923e-13 -3.989957245619337226e-13 -5.083259787809470733e-14 -3.445117363920791207e-14 1.537459107081220157e-10 1.081041674256483093e+05 0.000000000000000000e+00
0.000000000000000000e+00 0.000000000000000000e+00 0.000000000000000000e+00 0.000000000000000000e+00 0.000000000000000000e+00 0.000000000000000000e+00 -1.653758091330384002e-09 3.197536802761978416e-10 4.676089232112456756e-10 -3.093493143323450157e-10 1.618326084492781396e-10 -2.334116592285514828e-10 -5.779171718090744770e-11 -1.171556768193312316e-11 -1.051098724049651291e-11 -2.132869314355784536e-12 1.990914754577346456e-12 1.973367340699343747e-11 1.209255092889873309e-14 0.000000000000000000e+00
0.000000000000000000e+00 0.000000000000000000e+00 0.000000000000000000e+00 0.000000000000000000e+00 0.000000000000000000e+00 0.000000000000000000e+00 1.493237961477209915e-10 -7.477276608202828365e-10 3.623843324648458031e-11 -2.361733181895424270e-10 -1.589411579327231572e-10 1.235070484526676858e-11 3.243871686306697813e-13 3.437422055318583204e-12 3.560899222178273936e-12 7.277616236992437823e-15 -3.237648275271567531e-12 1.829581193216996204e-11 1.073253944248017786e-13 0.000000000000000000e+00
0.000000000000000000e+00 0.000000000000000000e+00 0.000000000000000000e+00 0.000000000000000000e+00 0.000000000000000000e+00 0.000000000000000000e+00 -3.282067696441317331e-09 1.286538252366339614e-09 8.916557599110067738e-10 -4.078758925607053329e-10 4.912756093895911347e-10 -5.287925702625357147e-10 -1.171100978674282948e-10 -2.545791299723704776e-11 -2.386792849149633491e-11 -5.697522139776565192e-12 9.812193014933003278e-12 2.215371433152141136e-11 6.962770331871005255e-13 0.000000000000000000e+00
0.000000000000000000e+00 0.000000000000000000e+00 0.000000000000000000e+00 0.000000000000000000e+00 0.000000000000000000e+00 0.000000000000000000e+00 1.674407593203385629e-10 -2.147126862496744776e-10 2.251678895528552864e-11 -1.416098259830634050e-10 -3.592459517725641731e-11 8.729709508027775407e-12 -9.200265587082263907e-12 4.852766671757440518e-12 1.366978190772308390e-12 -3.337921354866176569e-13 1.420287273046211855e-13 -3.662961345432271849e-12 -2.720215086513514231e-08 0.000000000000000000e+00
0.000000000000000000e+00 0.000000000000000000e+00 0.000000000000000000e+00 0.000000000000000000e+00 0.000000000000000000e+00 0.000000000000000000e+00 1.275168555827940974e-10 -5.544730957831574228e-10 -3.164662628298685563e-11 -1.832407966704505137e-10 -1.033738549996909025e-10 -1.785476143217835712e-11 -3.015302986788694541e-12 -7.997758556103490498e-13 2.225035404001664482e-12 3.734546275392358004e-13 -1.122531198529717989e-15 2.599354689753593909e-12 -6.890070153738201352e-05 0.000000000000000000e+00
0.000000000000000000e+00 0.000000000000000000e+00 0.000000000000000000e+00 0.000000000000000000e+00 0.000000000000000000e+00 0.000000000000000000e+00 -1.136230419304631656e-08 1.631805126182589589e-09 9.424637325155424147e-10 -3.857850132969988919e-10 -6.461099246162100458e-10 -9.289849051159330475e-10 -8.304984769513414828e-11 -6.828629929994694124e-11 -1.283430953250150334e-10 -3.699956753767264268e-11 2.827331269825378210e-11 2.574936931121488761e-10 2.277220794383755919e-10 0.000000000000000000e+00
0.000000000000000000e+00 0.000000000000000000e+00 0.000000000000000000e+00 0.000000000000000000e+00 0.000000000000000000e+00 0.000000000000000000e+00 -4.024533819673725758e-11 -2.344318766924237488e-10 -4.027490652030102349e-10 -6.281448629997077317e-10 -4.371423076079838727e-10 1.683197904495984235e-10 1.611191575886665788e-11 2.841535600332482815e-11 2.520852371394164800e-11 5.606942496607220739e-12 -1.118031936481688786e-11 2.429000559452366523e-10 2.314692504000883630e-10 0.000000000000000000e+00
0.000000000000000000e+00 0.000000000000000000e+00 0.000000000000000000e+00 0.000000000000000000e+00 0.000000000000000000e+00 0.000000000000000000e+00 -2.163751151525024229e-08 3.308523540767457053e-09 2.266853945551048679e-09 -2.448804411084621203e-10 -1.040683885337945680e-09 -2.207806022968078827e-09 -1.765514047118763751e-10 -1.456471291839213597e-10 -2.595714824423180087e-10 -1.071710072923536327e-10 -4.732111079639398301e-11 2.940902722820235765e-10 2.394248257086107071e-10 0.000000000000000000e+00
0.000000000000000000e+00 0.000000000000000000e+00 0.000000000000000000e+00 0.000000000000000000e+00 0.000000000000000000e+00 0.000000000000000000e+00 -2.306013943023928324e-12 1.770702666658361758e-09 -5.292226344986259897e-10 -4.440682637024431559e-10 -1.780341347501776196e-10 6.836060852169696948e-11 8.304312452094598606e-12 1.462539517660420442e-11 -6.301907211214977907e-12 6.172077475661382040e-12 -1.859176408831512659e-12 2.047410655863172856e-11 -1.380347890939994355e-07 0.000000000000000000e+00
0.000000000000000000e+00 0.000000000000000000e+00 0.000000000000000000e+00 0.000000000000000000e+00 0.000000000000000000e+00 0.000000000000000000e+00 4.019141884537989601e-10 -3.886961739849383731e-10 -1.591176809953548263e-10 -3.260025807176241352e-10 -3.281266306188033877e-10 2.394528678674121750e-11 2.026155698881218293e-12 -7.786549505884279837e-13 4.854736186258633527e-12 7.512724658237794158e-13 2.564773358410733392e-12 -8.587475786921010800e-11 -7.475081050946071733e-06 0.000000000000000000e+00
0.000000000000000000e+00 0.000000000000000000e+00 0.000000000000000000e+00 0.000000000000000000e+00 0.000000000000000000e+00 0.000000000000000000e+00 1.809835194177737210e-10 -1.933547184064096866e-10 1.659306683818671934e-11 1.433369758445243198e-11 4.540923716694321365e-11 -3.424893697667387988e-11 2.463977142784792282e-11 2.899446368986946708e-11 1.281883366694612559e-11 2.441811366801823510e-12 2.525652739001463081e-12 -3.295956447400404151e-10 -3.853701160347899325e-07 0.000000000000000000e+00
0.000000000000000000e+00 0.000000000000000000e+00 0.000000000000000000e+00 0.000000000000000000e+00 0.000000000000000000e+00 0.000000000000000000e+00 -4.033070801206804772e-11 5.915465590682506385e-14 2.313103490150795171e-10 9.821795401324442119e-11 8.538262636859401444e-12 7.263234442797159870e-11 7.776678668277138182e-11 2.370513444043836619e-11 -5.249519981005242811e-12 1.093180307246187150e-12 -1.821333219074210192e-06 -4.280491019603975872e-10 -3.868340070123388948e-07 0.000000000000000000e+00
0.000000000000000000e+00 0.000000000000000000e+00 0.000000000000000000e+00 0.000000000000000000e+00 0.000000000000000000e+00 0.000000000000000000e+00 6.029418341241114713e-10 -1.372925301476822400e-10 -6.175086946682252992e-11 -1.145182231488838354e-10 -3.040922764722301890e-11 -3.063473441588130673e-11 2.562233525329507734e-11 8.098116970199412665e-11 5.099613714376105446e-11 1.178862562837625351e-11 -6.422870449586531996e-06 -5.437240172256337227e-10 -3.886014733335688492e-07 0.000000000000000000e+00
0.000000000000000000e+00 0.000000000000000000e+00 0.000000000000000000e+00 0.000000000000000000e+00 0.000000000000000000e+00 0.000000000000000000e+00 2.928079605199515352e-11 6.654699453718012622e-11 1.248566997691421666e-10 1.004183044640443984e-11 1.552981542067964489e-11 -3.575411725816543219e-11 5.084210648375711974e-11 2.469343866215927417e-11 -6.362342142883686187e-12 -2.259477003130860308e-12 4.236739471641517142e-12 -1.598041682639382822e-09 -1.760808985303851992e+00 0.000000000000000000e+00
0.000000000000000000e+00 0.000000000000000000e+00 0.000000000000000000e+00 0.000000000000000000e+00 0.000000000000000000e+00 0.000000000000000000e+00 -7.034905040251840554e-11 1.924353869516546563e-11 1.580389334438600525e-10 2.773352382076442989e-11 9.711580133810177370e-11 5.414132286534772820e-11 1.116807985975307476e-10 4.694134795650799789e-11 7.793163195123618540e-12 -5.951964496700558480e-12 1.363659213853318108e-11 -1.789549029788054313e-09 -2.841623054041448981e+07 0.000000000000000000e+00
0.000000000000000000e+00 0.000000000000000000e+00 0.000000000000000000e+00 0.000000000000000000e+00 0.000000000000000000e+00 0.000000000000000000e+00 3.774069042310318181e-09 6.609273274077448024e-10 1.248460933506247447e-09 1.254281090682768351e-09 1.452607147075823614e-09 1.556408445568854595e-09 1.013066533850770750e-09 4.969506519718397882e-10 1.967754853356615844e-10 3.268553875010546288e-11 5.097967733079025298e-11 1.940190113553339993e-08 4.508286645857947222e-06 0.000000000000000000e+00
0.000000000000000000e+00 0.000000000000000000e+00 0.000000000000000000e+00 0.000000000000000000e+00 0.000000000000000000e+00 0.000000000000000000e+00 2.353400271985679241e-09 -1.725179558401871481e-09 -8.277145570827245149e-11 -2.462618344742245032e-10 3.922125043223460613e-10 2.702839245508206939e-10 1.008379414312898046e-10 4.878075931602150037e-11 3.455375253069818885e-11 8.669505263492528659e-12 -3.295407955468368178e-08 1.955848579332827370e-08 4.499115519181851952e-06 0.000000000000000000e+00
0.000000000000000000e+00 0.000000000000000000e+00 0.000000000000000000e+00 0.000000000000000000e+00 0.000000000000000000e+00 0.000000000000000000e+00 6.274758449511415715e-09 3.837674501465651375e-09 4.577064552453181242e-09 6.255200637433863256e-09 7.823767166521015830e-09 7.147457855664573144e-09 3.753042222508867400e-09 2.187035174564911725e-09 7.185586281574463407e-10 1.470825801249134627e-10 2.903140079519820106e-07 2.484244805357205681e-08 4.488742458867771247e-06 0.000000000000000000e+00
0.000000000000000000e+00 0.000000000000000000e+00 0.000000000000000000e+00 0.000000000000000000e+00 0.000000000000000000e+00 0.000000000000000000e+00 8.580157736640640174e-10 6.922641081437547514e-10 -2.121630709121688151e-10 3.982097418964845311e-10 2.632527176149810557e-10 2.058178654122590836e-10 2.788240788323353582e-11 5.900195879136292544e-11 2.049714505886535843e-11 2.627413222499941851e-11 8.556762796662661850e-12 1.563133919746791915e-08 2.719195782788273164e+01 0.000000000000000000e+00
0.000000000000000000e+00 0.000000000000000000e+00 0.000000000000000000e+00 0.000000000000000000e+00 0.000000000000000000e+00 0.000000000000000000e+00 6.344599910569515923e-10 -9.633486074284133479e-10 4.593166731808716315e-12 -1.488743236798828740e-10 2.580012509629765001e-10 5.627067966547697547e-11 1.505067713651280264e-10 3.353182471201308858e-11 6.164829664338789203e-11 1.382844827750578445e-11 1.649304155694313985e-12 4.941486573161870890e-10 1.674025793542490005e+08 0.000000000000000000e+00
0.000000000000000000e+00 0.000000000000000000e+00 0.000000000000000000e+00 0.000000000000000000e+00 0.000000000000000000e+00 0.000000000000000000e+00 1.680079429349158988e-09 -1.908147421703868767e-09 -5.419312868664170869e-09 -6.175469233994478400e-09 -6.057205153550400759e-09 -2.754570385194598261e-09 -1.429303686958693993e-09 -3.900995637163683073e-10 -1.852249989722612267e-10 -3.649602725679020526e-11 2.971831172255013882e-11 3.137359653263475259e-10 6.016738099076453272e-11 0.000000000000000000e+00
0.000000000000000000e+00 0.000000000000000000e+00 0.000000000000000000e+00 0.000000000000000000e+00 0.000000000000000000e+00 0.000000000000000000e+00 4.198076713126960335e-09 7.506203159362130016e-09 -1.135993842057965876e-09 -1.601407530185061927e-09 1.369817564657198922e-09 -4.490471768917050830e-10 -1.578482560414601642e-11 8.996202432278626765e-11 -9.839728727971185292e-12 -6.311671163412642111e-12 2.937120150076145525e-11 2.848390229610665023e-10 7.055203768532897100e-11 0.000000000000000000e+00
0.000000000000000000e+00 0.000000000000000000e+00 0.000000000000000000e+00 0.000000000000000000e+00 0.000000000000000000e+00 0.000000000000000000e+00 -4.843980297323602481e-10 -1.036452727054500699e-08 -9.683516087447840750e-09 -1.085984702796062393e-08 -1.433827658481863633e-08 -5.873334996425295933e-09 -2.723889194038360374e-09 -8.794543799140009973e-10 -3.210065878394162544e-10 -8.604025466072289505e-11 7.030496216445621125e-11 3.468289582544017356e-10 7.868868242215007813e-11 0.000000000000000000e+00
0.000000000000000000e+00 0.000000000000000000e+00 0.000000000000000000e+00 0.000000000000000000e+00 0.000000000000000000e+00 0.000000000000000000e+00 2.237855217567258272e-09 -7.844259464962976383e-10 1.177247471349887563e-10 -2.019965034508796075e-09 3.658538836550821006e-10 -3.046884228039649004e-10 -9.540675197278581834e-11 3.972969933309718847e-11 -4.383966224757476896e-11 -1.012991873662044386e-11 1.280826560399647607e-12 -4.028911500531335935e-11 2.610173742516820701e-07 0.000000000000000000e+00
0.000000000000000000e+00 0.000000000000000000e+00 0.000000000000000000e+00 0.000000000000000000e+00 0.000000000000000000e+00 0.000000000000000000e+00 2.497102538784433412e-09 6.161817369027960413e-09 -1.924801826651132299e-09 -1.150894401347619183e-09 1.037497510168282303e-09 -3.665496650938847385e-10 -2.435873010022661599e-10 4.054223068027034794e-11 -5.044057301013007093e-11 -4.137485639646786003e-12 -1.565073251881809007e-12 2.403902171837542236e-11 7.559897961787162600e-04 0.000000000000000000e+00
0.000000000000000000e+00 0.000000000000000000e+00 0.000000000000000000e+00 0.000000000000000000e+00 0.000000000000000000e+00 0.000000000000000000e+00 -2.085781358998675439e-08 -2.361620884733658670e-08 -1.467148042631192088e-08 -2.205553547937330672e-08 -1.820060196045332955e-08 -1.300726183721276896e-08 -7.299598304081530183e-09 -2.198908951369059896e-09 -9.602939187873404921e-10 -1.728358300807196489e-10 2.486358076692950949e-10 3.160817086863839329e-09 3.900519600703007946e-09 0.000000000000000000e+00
0.000000000000000000e+00 0.000000000000000000e+00 0.000000000000000000e+00 0.000000000000000000e+00 0.000000000000000000e+00 0.000000000000000000e+00 -2.118822209918347069e-08 3.710754096699471245e-08 9.377991791931857685e-09 8.720008132905402732e-10 1.551589854567432982e-08 -4.734452361373644757e-09 -1.146035788359005359e-09 4.738912873884124061e-10 3.807989556303950594e-11 3.371454276744233694e-11 7.428443341060408563e-10 2.971566406733539282e-09 4.165784247330680482e-09 0.000000000000000000e+00
0.000000000000000000e+00 0.000000000000000000e+00 0.000000000000000000e+00 0.000000000000000000e+00 0.000000000000000000e+00 0.000000000000000000e+00 -2.065363587654775105e-08 -7.854280256872273656e-08 -3.780682166780444318e-08 -4.514209820221588090e-08 -5.468003210143272571e-08 -2.396997350989338657e-08 -1.233310172847530677e-08 -4.720640781689831254e-09 -1.815629329930913646e-09 -6.348103462357037027e-10 1.048758181311658606e-09 3.440465637026483215e-09 4.326810086208158226e-09 0.000000000000000000e+00
0.000000000000000000e+00 0.000000000000000000e+00 0.000000000000000000e+00 0.000000000000000000e+00 0.000000000000000000e+00 0.000000000000000000e+00 -2.133242774236129334e-08 7.661060892167988735e-09 6.246043572289745591e-09 1.441186880597666760e-09 7.622896486311964046e-09 -2.789175847779088297e-09 -1.469433602722039711e-09 -7.319113286100015252e-11 -2.777618522264068706e-10 4.586419880999324422e-11 1.647198189913928560e-12 2.776368909360155946e-10 -2.371325230774365886e-06 0.000000000000000000e+00
0.000000000000000000e+00 0.000000000000000000e+00 0.000000000000000000e+00 0.000000000000000000e+00 0.000000000000000000e+00 0.000000000000000000e+00 -1.654590864727545853e-08 2.937876928660979428e-08 5.268756940306436015e-09 1.118173672400063811e-09 1.152590296960803496e-08 -4.769615996171916365e-09 -2.011535163157945428e-09 3.914278873793062944e-10 7.769210566864900435e-11 7.626074245284768300e-11 -2.037867165922923112e-11 7.786724635365308435e-10 1.234472764320058980e-02 0.000000000000000000e+00
0.000000000000000000e+00 0.000000000000000000e+00 0.000000000000000000e+00 0.000000000000000000e+00 0.000000000000000000e+00 0.000000000000000000e+00 -3.584588434080874419e-10 2.001710475954597502e-10 9.402042304999561762e-10 -1.286218983839327521e-09 -1.070006620281420438e-09 3.357358790413861996e-10 -7.204726419093273381e-11 -1.612037554177015483e-10 7.703578264698260654e-11 -8.236013240278929113e-11 -9.744681642508490570e-11 -8.098281485982677928e-09 -1.052299440101259813e-05 0.000000000000000000e+00
0.000000000000000000e+00 0.000000000000000000e+00 0.000000000000000000e+00 0.000000000000000000e+00 0.000000000000000000e+00 0.000000000000000000e+00 4.832497994156350503e-10 -3.905668271817464867e-09 -3.114411124425894622e-09 -2.653474481096588417e-09 -4.785662567542725436e-10 4.508115347745835954e-10 -1.196410486013166793e-09 -1.241798306953606157e-10 -1.215330476659554603e-10 -8.117337228288620262e-11 1.279517890101635655e-05 -1.037389198347465795e-08 -1.052667298601761023e-05 0.000000000000000000e+00
0.000000000000000000e+00 0.000000000000000000e+00 0.000000000000000000e+00 0.000000000000000000e+00 0.000000000000000000e+00 0.000000000000000000e+00 -1.876952470872102577e-09 2.732361414491358430e-09 3.350941501496055061e-09 -2.384163645016134229e-10 -1.060672434366660281e-09 1.916823898655233873e-09 9.120601562047045979e-11 -4.776549141908412490e-10 6.033335026675589408e-11 -2.919280110273199298e-11 3.780337926536691189e-05 -1.095703197076912002e-08 -1.053118841508617721e-05 0.000000000000000000e+00
0.000000000000000000e+00 0.000000000000000000e+00 0.000000000000000000e+00 0.000000000000000000e+00 0.000000000000000000e+00 0.000000000000000000e+00 -1.179294356989004825e-09 -4.345634674640521116e-10 -5.759721649460253844e-10 -2.077309998512724849e-09 -4.482725893837887549e-10 2.780826233519152607e-10 -5.278152950506765716e-10 -2.772892112031043990e-10 -3.653286253384959758e-11 -1.134829648745192515e-10 -3.037687204897991017e-11 -1.963222299487126677e-08 3.858111857648795251e+01 0.000000000000000000e+00
0.000000000000000000e+00 0.000000000000000000e+00 0.000000000000000000e+00 0.000000000000000000e+00 0.000000000000000000e+00 0.000000000000000000e+00 -1.693975778299867558e-09 -1.833568962828469686e-09 -8.074152396182823916e-10 -7.331506291488187530e-10 -1.138298843045799929e-10 1.165443806245672587e-10 -1.217994903128599488e-09 -9.028368780162062143e-12 -1.309694005104207446e-10 -3.498035190010473969e-11 -2.571704255616592697e-11 -2.238041654988749235e-08 -9.988295301738552749e+07 0.000000000000000000e+00
0.000000000000000000e+00 0.000000000000000000e+00 0.000000000000000000e+00 0.000000000000000000e+00 0.000000000000000000e+00 0.000000000000000000e+00 6.181136801221401484e-10 3.649850390413110589e-09 2.025380903872015249e-09 1.754895310848581846e-09 2.473226520534274258e-09 2.474803329577047996e-09 1.934323461948165959e-09 1.340793334178545077e-09 6.422180426189408148e-10 1.487083190516873257e-10 2.206291653650298358e-10 3.256043388350175636e-08 2.691983887586700243e-07 0.000000000000000000e+00
0.000000000000000000e+00 0.000000000000000000e+00 0.000000000000000000e+00 0.000000000000000000e+00 0.000000000000000000e+00 0.000000000000000000e+00 2.274681726880645714e-10 2.648041649511481603e-10 2.283802760526124303e-10 4.418165652244684164e-10 3.467650091078162101e-10 3.381259628781800536e-10 2.418873385837636203e-10 1.694406328802290638e-10 8.016053607260086381e-11 6.349119848445467424e-11 1.913102950824078836e-07 3.405443319369754633e-08 2.706540382837815956e-07 0.000000000000000000e+00
0.000000000000000000e+00 0.000000000000000000e+00 0.000000000000000000e+00 0.000000000000000000e+00 0.000000000000000000e+00 0.000000000000000000e+00 2.011266593418565969e-09 1.116813868571359889e-08 8.289432881382190671e-09 7.214556387852658775e-09 1.156649594780882593e-08 1.231159264526118618e-08 7.532279419705029326e-09 4.909034709221975884e-09 2.155419097937245344e-09 6.256724196358899810e-10 1.755345072410352281e-06 3.971736184660918940e-08 2.726962445274536438e-07 0.000000000000000000e+00
0.000000000000000000e+00 0.000000000000000000e+00 0.000000000000000000e+00 0.000000000000000000e+00 0.000000000000000000e+00 0.000000000000000000e+00 1.656519227531667685e-10 6.297591756464029267e-10 2.630927830623548167e-10 2.594095568040518297e-10 3.265123871345304901e-10 3.432657137143677508e-10 3.581683662386716076e-10 3.139950492579643193e-10 1.807454544060647161e-10 6.668483789219238480e-11 6.022208920406769041e-11 1.070274523657330585e-08 -3.400301006729591791e+00 0.000000000000000000e+00
0.000000000000000000e+00 0.000000000000000000e+00 0.000000000000000000e+00 0.000000000000000000e+00 0.000000000000000000e+00 0.000000000000000000e+00 1.017200038351808260e-10 1.483106654588157266e-10 1.028054786563242262e-10 2.278567763001602976e-10 1.952732618299013163e-10 2.314515174305724046e-10 2.558181756731987071e-10 1.992797637071133380e-10 9.856048266621271336e-11 3.774660343424673409e-11 1.603540804724671713e-11 9.254027441203874852e-09 1.705659389929558150e+06 0.000000000000000000e+00
0.000000000000000000e+00 0.000000000000000000e+00 0.000000000000000000e+00 0.000000000000000000e+00 0.000000000000000000e+00 0.000000000000000000e+00 -1.058938243667527223e-09 6.380993110399788493e-10 -8.535578550634389586e-09 -3.015602045970515419e-09 -4.137119625460747628e-09 -2.230666318343130615e-09 -9.516461964991757560e-10 -5.364801161278338692e-10 -3.058046192789193869e-10 -9.763001816226188204e-11 5.795259143509355830e-11 4.446325586038588919e-10 6.274470591301612418e-10 0.000000000000000000e+00
0.000000000000000000e+00 0.000000000000000000e+00 0.000000000000000000e+00 0.000000000000000000e+00 0.000000000000000000e+00 0.000000000000000000e+00 1.346206081844425987e-09 3.293816474230495609e-09 -4.666454108282711069e-10 -1.416481667748595627e-10 1.038751378624116419e-10 -4.776831488059634621e-10 1.716523718231629205e-10 6.183785838163321170e-11 -7.275302084198339182e-12 -4.285388738818914786e-11 4.176029224292260275e-11 4.211214755281509378e-10 6.280432616305456401e-10 0.000000000000000000e+00
0.000000000000000000e+00 0.000000000000000000e+00 0.000000000000000000e+00 0.000000000000000000e+00 0.000000000000000000e+00 0.000000000000000000e+00 -3.212432801575872025e-09 -1.765878716574781353e-09 -1.625011897347708709e-08 -5.990806752094174928e-09 -9.194402411142498756e-09 -4.456334168315651639e-09 -2.043384849742291389e-09 -1.109090507300036097e-09 -6.021891947959496365e-10 -2.148559345058674093e-10 1.558996058511096268e-10 4.885395297107792203e-10 6.346696033134209581e-10 0.000000000000000000e+00
0.000000000000000000e+00 0.000000000000000000e+00 0.000000000000000000e+00 0.000000000000000000e+00 0.000000000000000000e+00 0.000000000000000000e+00 9.630971953765615441e-11 2.237274333557464060e-09 -2.717573619809071154e-09 -4.121822875007223589e-10 -7.920743628887055915e-10 -6.852056898938747807e-10 -1.570252034279821919e-10 -1.240036703948799433e-10 -9.004551629822790941e-11 -4.634701573549221305e-11 1.726548862565358718e-11 9.729497760819368776e-11 -1.284158731547022488e-07 0.000000000000000000e+00
0.000000000000000000e+00 0.000000000000000000e+00 0.000000000000000000e+00 0.000000000000000000e+00 0.000000000000000000e+00 0.000000000000000000e+00 1.023361469961289192e-09 2.393224994541484846e-09 -5.839510698560294673e-10 -1.769438042135353670e-10 7.527178670984682548e-11 -4.560227505139372313e-10 9.165569878084330665e-11 2.997206561105637175e-11 2.046266548648509615e-12 -1.838323355337158115e-11 -3.800694205153088067e-12 1.119139557490754563e-11 -4.612750181685732175e-05 0.000000000000000000e+00
0.000000000000000000e+00 0.000000000000000000e+00 0.000000000000000000e+00 0.000000000000000000e+00 0.000000000000000000e+00 0.000000000000000000e+00 -2.345571095407173840e-08 -3.468685502290762385e-08 -3.795518007282546672e-08 -1.565332365392933229e-08 -1.006476533096790746e-08 -6.866961814444876975e-09 -2.212198830617190300e-09 -2.366617668865970849e-10 -1.843532879142409385e-10 -4.067927240088782528e-12 1.318506517812087381e-11 -1.335505424995308755e-11 1.610324959801939509e-09 0.000000000000000000e+00
0.000000000000000000e+00 0.000000000000000000e+00 0.000000000000000000e+00 0.000000000000000000e+00 0.000000000000000000e+00 0.000000000000000000e+00 9.991703549896097879e-09 -1.719750468734959402e-09 -2.965653035653121097e-10 4.896083533247465094e-10 2.893257057940920941e-09 -2.225816003152636404e-09 3.549278684765038732e-10 -5.299939444630755839e-11 -2.256254638697891111e-11 1.577989563502156751e-11 -1.529449364966445099e-09 -2.236280710361868178e-11 1.619747600976515846e-09 0.000000000000000000e+00
0.000000000000000000e+00 0.000000000000000000e+00 0.000000000000000000e+00 0.000000000000000000e+00 0.000000000000000000e+00 0.000000000000000000e+00 -5.372378587782427519e-08 -6.504343900880314705e-08 -7.352980136393328106e-08 -3.214144057235038414e-08 -2.474798375948795181e-08 -1.292103304607721851e-08 -4.712071312079815460e-09 -2.997342585549589086e-10 -3.268154063988646428e-10 -3.127816307542238257e-12 -1.105920896281870006e-09 3.215571907353371584e-12 1.643575114808110103e-09 0.000000000000000000e+00
0.000000000000000000e+00 0.000000000000000000e+00 0.000000000000000000e+00 0.000000000000000000e+00 0.000000000000000000e+00 0.000000000000000000e+00 -4.076036787044151030e-09 -9.394838938636379555e-09 -1.227881750650794938e-08 -2.611562336280640803e-09 -1.463615816424842415e-09 -2.788064546384188597e-09 -2.548500132073725044e-10 -1.109933162443868001e-10 -8.585964513110922238e-11 1.148185257653949729e-11 1.875108798278960695e-11 -1.902503526423076442e-10 1.220161117108780912e-06 0.000000000000000000e+00
0.000000000000000000e+00 0.000000000000000000e+00 0.000000000000000000e+00 0.000000000000000000e+00 0.000000000000000000e+00 0.000000000000000000e+00 8.405645008971250489e-09 1.143903425980483604e-10 -1.898926098042704736e-09 4.495536302562247810e-10 1.721261699803540503e-09 -1.840471855550636190e-09 8.190011724126669598e-11 -8.233121435380818425e-11 2.390984537377946280e-11 1.726329935333277550e-11 3.673314948590818113e-12 -1.640365060690099424e-10 -1.003844538187117748e-03 0.000000000000000000e+00
0.000000000000000000e+00 0.000000000000000000e+00 0.000000000000000000e+00 0.000000000000000000e+00 0.000000000000000000e+00 0.000000000000000000e+00 1.489955057654435084e-09 -2.360273500230649943e-10 4.269184954900389020e-12 4.229978120140339367e-10 -2.310306590765741272e-10 9.161520002239565420e-11 -3.633214404386627545e-11 -8.001252998385326981e-11 -1.809794234996771862e-12 -7.026525962212738875e-11 -1.892295685361931409e-10 -7.088695896070607200e-09 -3.115834384465360421e-06 0.000000000000000000e+00
0.000000000000000000e+00 0.000000000000000000e+00 0.000000000000000000e+00 0.000000000000000000e+00 0.000000000000000000e+00 0.000000000000000000e+00 -6.873250765713129380e-10 -2.014233248467408947e-10 -6.803755017021297623e-10 -5.327161434710918697e-10 5.733610160883860996e-11 -3.910031871025616637e-10 -2.271985987314163941e-10 -2.657182980999425733e-10 -5.570730721828263392e-11 -5.565766791644316097e-11 1.470561019043222713e-06 -7.618269123243378704e-09 -3.116806368336520024e-06 0.000000000000000000e+00
0.000000000000000000e+00 0.000000000000000000e+00 0.000000000000000000e+00 0.000000000000000000e+00 0.000000000000000000e+00 0.000000000000000000e+00 1.232797714117797379e-09 -1.749382968279810922e-09 4.642365590712337200e-10 2.164530883257619864e-10 -1.896835657011377979e-10 6.078015929623686518e-10 2.046740513976755016e-10 1.649740503649386173e-10 7.787156078591685698e-11 -5.783289228122010625e-11 1.318218685396673419e-05 -7.769273196387160648e-09 -3.115819245066103852e-06 0.000000000000000000e+00
0.000000000000000000e+00 0.000000000000000000e+00 0.000000000000000000e+00 0.000000000000000000e+00 0.000000000000000000e+00 0.000000000000000000e+00 8.848080179284022953e-10 7.110970686865354478e-10 -3.576505575628069992e-10 5.500744600818071895e-10 3.719345619807922962e-11 -1.304568361821391127e-10 2.566745232015729915e-11 -1.481242077591279014e-10 -2.059851977437881445e-11 -7.706841399335851583e-11 -1.218876111238574779e-10 -1.063112689345185641e-08 6.906450518729708676e+01 0.000000000000000000e+00
0.000000000000000000e+00 0.000000000000000000e+00 0.000000000000000000e+00 0.000000000000000000e+00 0.000000000000000000e+00 0.000000000000000000e+00 6.580934797597305453e-10 8.163318526783481728e-12 -8.219767596869676936e-10 3.494161516649374345e-10 3.473077039991865518e-10 -1.854065549019916775e-10 -2.880278337459100357e-10 -3.048731237979786322e-10 -9.878866730697015202e-11 -6.619737844749152826e-11 -9.036415553367292974e-11 -7.839368465027587793e-09 -1.232944031326868385e+07 0.000000000000000000e+00
0.000000000000000000e+00 0.000000000000000000e+00 0.000000000000000000e+00 0.000000000000000000e+00 0.000000000000000000e+00 0.000000000000000000e+00 -1.644771822699610546e-11 6.434488720633509003e-11 4.067194998830150265e-11 2.436174864546197417e-11 9.722351156805882061e-12 1.217937751468843306e-11 1.007134624232833012e-11 6.359432009872800911e-12 2.438167389346822088e-12 5.806355479166831179e-13 5.712719874621990825e-13 1.573862246330346053e-10 -7.782422785019896995e-09 0.000000000000000000e+00
0.000000000000000000e+00 0.000000000000000000e+00 0.000000000000000000e+00 0.000000000000000000e+00 0.000000000000000000e+00 0.000000000000000000e+00 8.001917579915912681e-12 -2.592897433877881881e-11 1.216439025386849045e-11 1.988207630645797991e-12 1.012769174233248348e-11 8.108982721286888017e-12 9.161592601542936430e-12 4.608046644991291361e-12 1.217147099252073085e-12 2.824626577068461141e-13 -1.735071836293183452e-09 1.590764398447389178e-10 -7.886973471743807636e-09 0.000000000000000000e+00
0.000000000000000000e+00 0.000000000000000000e+00 0.000000000000000000e+00 0.000000000000000000e+00 0.000000000000000000e+00 0.000000000000000000e+00 -4.644758484910003260e-11 3.141262738986054797e-10 1.279657046055296060e-10 1.150478852951965332e-10 7.953534193623692807e-11 6.372928639125229128e-11 2.612123700765827658e-11 1.516745242106399974e-11 5.772889764527516936e-12 1.485503088383978443e-12 5.467341601929330904e-09 1.753928066083151162e-10 -8.038659378247979515e-09 0.000000000000000000e+00
0.000000000000000000e+00 0.000000000000000000e+00 0.000000000000000000e+00 0.000000000000000000e+00 0.000000000000000000e+00 0.000000000000000000e+00 -6.360012024659872900e-12 -9.235292208901019131e-12 7.716321597688285144e-12 9.993328590920986553e-12 1.816713323759744596e-12 3.113744369589802706e-12 5.190070715670635315e-12 5.728785040371834803e-12 1.979263529288456296e-12 5.044268926563514396e-13 2.331710880422129806e-13 2.011409207190502744e-10 -5.677997201803623994e-01 0.000000000000000000e+00
0.000000000000000000e+00 0.000000000000000000e+00 0.000000000000000000e+00 0.000000000000000000e+00 0.000000000000000000e+00 0.000000000000000000e+00 -5.465397406572254333e-12 -5.089371404221846798e-12 7.075098838753784220e-12 -5.339374437439621302e-13 2.291972020066490793e-12 3.637498662037715731e-12 9.308513675486951277e-12 5.487531289023880431e-12 1.701844374840567851e-12 4.925987266183172867e-13 1.553401334138906465e-13 2.723346973206741891e-10 1.025387414071645471e+05 0.000000000000000000e+00
0.000000000000000000e+00 0.000000000000000000e+00 0.000000000000000000e+00 0.000000000000000000e+00 0.000000000000000000e+00 0.000000000000000000e+00 -3.720565748262387694e-10 -1.333983733926882637e-09 -1.344635121214621255e-09 -3.208134759910248497e-10 -4.466470847192978045e-10 -3.259545684044076675e-10 -1.288308260989993098e-10 -6.230536985883072518e-11 -2.535980415844888277e-11 -7.425016791956719858e-12 3.141086017338198000e-12 3.199439198596430212e-11 5.794088122381562730e-12 0.000000000000000000e+00
0.000000000000000000e+00 0.000000000000000000e+00 0.000000000000000000e+00 0.000000000000000000e+00 0.000000000000000000e+00 0.000000000000000000e+00 -3.939787183613477139e-10 -2.056650333253626739e-10 -1.112442979163286519e-09 -9.003648374310539246e-11 4.942227407576526882e-11 -1.554151940806533370e-10 -4.574636378911869586e-11 1.282384838051608502e-12 -5.344568396857947174e-12 -3.212090358933000204e-12 -3.743068758450420399e-12 3.052481576631284618e-11 6.193846311901027734e-12 0.000000000000000000e+00
0.000000000000000000e+00 0.000000000000000000e+00 0.000000000000000000e+00 0.000000000000000000e+00 0.000000000000000000e+00 0.000000000000000000e+00 -3.663127477905338898e-10 -2.359788553281679154e-09 -1.583821191374719112e-09 -5.913089029000806062e-10 -1.029964605306984476e-09 -5.974946498469586673e-10 -2.073967022480333881e-10 -1.172727712190146298e-10 -4.407702610967891489e-11 -1.499302776073982499e-11 1.422361891612996591e-11 3.475037771551892721e-11 7.829331148270940871e-12 0.000000000000000000e+00
0.000000000000000000e+00 0.000000000000000000e+00 0.000000000000000000e+00 0.000000000000000000e+00 0.000000000000000000e+00 0.000000000000000000e+00 -1.511170950354877292e-10 4.425152005039697164e-12 -9.185010663335915135e-10 -8.523333347571633061e-11 -8.880261790625031435e-11 -1.280522281761480662e-10 -6.581846636042210117e-11 -1.128948279741243291e-11 -1.077442267904540593e-11 -3.250114287031786514e-12 5.561152102564648637e-13 1.302009774199694895e-11 -1.419706186968901653e-08 0.000000000000000000e+00
0.000000000000000000e+00 0.000000000000000000e+00 0.000000000000000000e+00 0.000000000000000000e+00 0.000000000000000000e+00 0.000000000000000000e+00 -2.266465368725171712e-10 7.984921934161721369e-12 -1.021003521488228260e-09 2.052105678376215698e-11 4.433070327423051199e-11 -1.323108784969282710e-10 -4.797524894027789198e-11 -6.534279936126472920e-12 -6.263893597260716214e-12 -2.511052902665917434e-12 -2.538205102421120842e-13 5.131642672115286840e-12 -2.008591668558843771e-05 0.000000000000000000e+00
0.000000000000000000e+00 0.000000000000000000e+00 0.000000000000000000e+00 0.000000000000000000e+00 0.000000000000000000e+00 0.000000000000000000e+00 -1.723881084228177645e-09 -6.868626821214264732e-09 -3.706799841393273422e-09 1.656988528084707856e-10 -1.651909633554112343e-09 -9.029026626220553336e-10 -2.201316385140907043e-10 -1.474225207075850824e-10 -8.675613786020308979e-11 -1.830317850459760264e-11 2.003306890318061462e-12 1.232150169385611871e-10 1.982189085333014852e-11 0.000000000000000000e+00
0.000000000000000000e+00 0.000000000000000000e+00 0.000000000000000000e+00 0.000000000000000000e+00 0.000000000000000000e+00 0.000000000000000000e+00 -4.353895595714336169e-09 3.010654278076505822e-09 -1.019498667133126326e-09 -6.814545660758356816e-10 2.871877279615308276e-10 -1.295237766238979278e-11 7.438092459895685084e-11 3.184466367659527339e-12 -2.586722091357264953e-11 -1.158899015779590986e-11 -4.076245982454630180e-11 1.236487618937284396e-10 3.722178858425446222e-11 0.000000000000000000e+00
0.000000000000000000e+00 0.000000000000000000e+00 0.000000000000000000e+00 0.000000000000000000e+00 0.000000000000000000e+00 0.000000000000000000e+00 5.158789307135863508e-10 -1.581469124978326347e-08 -6.130531403563021713e-09 6.710650232076188362e-10 -3.797383724370325633e-09 -1.949425704089686241e-09 -4.747273885437378081e-10 -2.953827163677807429e-10 -1.343084850093822675e-10 -1.560521851621726119e-11 -2.329226764424818402e-10 1.489191637896754191e-10 3.945000860222436807e-11 0.000000000000000000e+00
0.000000000000000000e+00 0.000000000000000000e+00 0.000000000000000000e+00 0.000000000000000000e+00 0.000000000000000000e+00 0.000000000000000000e+00 -1.708297590583902660e-09 -2.374839365623618810e-10 -1.523099475502702558e-09 3.722990639784357365e-11 -3.167869637198720585e-10 -1.954128638312501396e-10 2.856303743811440978e-11 -8.935668460087972386e-12 -4.568055690402825893e-11 -1.174055770432377817e-11 3.113815256237751872e-12 4.922038135141524737e-12 -5.976350225083181215e-07 0.000000000000000000e+00
0.000000000000000000e+00 0.000000000000000000e+00 0.000000000000000000e+00 0.000000000000000000e+00 0.000000000000000000e+00 0.000000000000000000e+00 -2.790218789584135458e-09 1.827403987268347600e-09 -1.535955891688135042e-09 2.810495278899624511e-10 2.890961828542114743e-10 -1.354880950559177012e-10 6.668375320419502497e-11 -9.629639079308437290e-12 -4.325300921772054611e-11 -2.124127510948309433e-11 -4.594354305816843287e-12 -1.739025466166777109e-11 -3.588600981783994005e-04 0.000000000000000000e+00
0.000000000000000000e+00 0.000000000000000000e+00 0.000000000000000000e+00 0.000000000000000000e+00 0.000000000000000000e+00 0.000000000000000000e+00 8.472456567378689604e-10 -9.324715717901238466e-10 -1.544709809144274628e-11 1.744641548477235573e-10 3.930568826598253510e-12 -2.286110024134825364e-10 -6.542570695376157049e-11 -7.125695844099999226e-11 -9.736926628832891479e-13 -1.127458683447537099e-11 -4.993950808324640468e-12 -9.310995240811412788e-10 -1.294055798301781096e-06 0.000000000000000000e+00
0.000000000000000000e+00 0.000000000000000000e+00 0.000000000000000000e+00 0.000000000000000000e+00 0.000000000000000000e+00 0.000000000000000000e+00 1.332733769785272650e-09 -3.715251689305889016e-10 -6.991964802487696678e-10 3.055300995858365707e-10 -9.256100357817129732e-11 -3.313449446782824936e-10 3.359025812123971127e-11 -8.001071998920165368e-11 -2.372239262584988341e-11 -1.478932063765864157e-11 -1.280568656123069950e-06 -1.051441719287383128e-09 -1.296559859217021040e-06 0.000000000000000000e+00
0.000000000000000000e+00 0.000000000000000000e+00 0.000000000000000000e+00 0.000000000000000000e+00 0.000000000000000000e+00 0.000000000000000000e+00 7.847588015885189068e-10 -1.132639399647932021e-09 -1.470622035287056386e-10 -5.192725577333900053e-11 1.267584461413737017e-10 -2.156404985790316321e-10 2.993485015181095393e-11 -2.719082964092576503e-11 4.023511719362241841e-11 -2.458153611298916754e-11 6.402851138606375987e-07 -1.081629974688632166e-09 -1.297989429230992010e-06 0.000000000000000000e+00
0.000000000000000000e+00 0.000000000000000000e+00 0.000000000000000000e+00 0.000000000000000000e+00 0.000000000000000000e+00 0.000000000000000000e+00 1.376781326562874930e-09 -3.981795209795120706e-10 3.555226967781868432e-11 1.466395293177488985e-10 -3.267425688674534227e-11 -2.223563231002341781e-10 -4.123782121386937001e-11 -4.400999934932665530e-11 -1.640657839665497252e-11 -6.781884414313141835e-12 -7.889095695965120732e-12 -1.841386164444112879e-09 2.396312481065262290e+01 0.000000000000000000e+00
0.000000000000000000e+00 0.000000000000000000e+00 0.000000000000000000e+00 0.000000000000000000e+00 0.000000000000000000e+00 0.000000000000000000e+00 1.261736478092204556e-09 -2.458685031610559637e-10 -2.483826220386538924e-10 1.249347970945120786e-10 -3.608788314288683088e-11 -3.595210936962276793e-10 3.947313333298638252e-11 -8.774606513909962630e-11 -2.327972304582575848e-11 -3.542278178142174687e-12 5.480556196955804651e-14 -5.201139146812305064e-09 -1.583547742531120079e+06 0.000000000000000000e+00
0.000000000000000000e+00 0.000000000000000000e+00 0.000000000000000000e+00 0.000000000000000000e+00 0.000000000000000000e+00 0.000000000000000000e+00 1.820366803709085358e-07 8.962934102833406695e-08 5.351411259411260298e-08 3.237672716139724608e-08 3.087333140609986575e-08 2.027119703437135616e-08 1.351954586389130191e-08 6.445241553421887421e-09 2.454104165230284475e-09 8.049843669732352684e-10 9.174675531009975270e-10 4.085065526140691968e-08 3.709898619582523206e-06 0.000000000000000000e+00
0.000000000000000000e+00 0.000000000000000000e+00 0.000000000000000000e+00 0.000000000000000000e+00 0.000000000000000000e+00 0.000000000000000000e+00 9.764612508801022036e-08 6.194340145044492121e-08 6.603420210282032272e-08 4.108433559117528676e-08 4.886860196993201574e-08 3.019365977888919900e-08 1.552023274011208802e-08 6.078953125175366990e-09 2.019190634290382400e-09 8.707891006588277181e-10 2.543845846567324640e-06 5.229708257045009583e-08 3.710190427020709710e-06 0.000000000000000000e+00
0.000000000000000000e+00 0.000000000000000000e+00 0.000000000000000000e+00 0.000000000000000000e+00 0.000000000000000000e+00 0.000000000000000000e+00 3.111427386828226913e-07 1.636288318299993377e-07 7.412781774352141664e-08 4.865553840557728264e-08 4.201755199442039768e-08 2.152706888011144662e-08 9.655848530980895352e-09 4.352834775033107929e-09 1.574791967798851074e-09 8.083883339987241975e-10 9.772294231162436727e-06 4.167529913740998635e-08 3.596980862368460036e-06 0.000000000000000000e+00
0.000000000000000000e+00 0.000000000000000000e+00 0.000000000000000000e+00 0.000000000000000000e+00 0.000000000000000000e+00 0.000000000000000000e+00 5.598873250594385026e-08 3.277203960106616628e-08 2.946583621429513816e-08 1.765031730546223369e-08 2.113696311918167561e-08 1.583833457497519911e-08 1.167587801728079126e-08 5.913756009512239580e-09 2.428033753532605807e-09 8.089726381631928444e-10 9.594854960638560664e-10 1.166488904054652875e-07 -6.879800369123192372e-01 0.000000000000000000e+00
0.000000000000000000e+00 0.000000000000000000e+00 0.000000000000000000e+00 0.000000000000000000e+00 0.000000000000000000e+00 0.000000000000000000e+00 5.049736641095665884e-08 3.297710423155730587e-08 3.628402824611624716e-08 2.330849137834297936e-08 2.882101755831806067e-08 2.306681639001078997e-08 1.662092110044495045e-08 7.721710676648191711e-09 2.827196560446196833e-09 8.479260684339615592e-10 1.158948695640926931e-09 1.049786907846175282e-07 1.269486827732218662e+05 0.000000000000000000e+00
0.000000000000000000e+00 0.000000000000000000e+00 0.000000000000000000e+00 0.000000000000000000e+00 0.000000000000000000e+00 0.000000000000000000e+00 -9.258486223462955301e-09 2.050350809219789005e-08 -2.639347155954475843e-08 -2.413780466654667195e-10 7.425234682091133240e-10 8.769320234517179827e-10 -1.641395567701575893e-10 -2.172788403688632037e-10 3.603057932194464822e-11 1.080794134793446706e-11 3.773817601202362755e-13 1.783492488556405456e-11 1.092086607190695852e-10 0.000000000000000000e+00
0.000000000000000000e+00 0.000000000000000000e+00 0.000000000000000000e+00 0.000000000000000000e+00 0.000000000000000000e+00 0.000000000000000000e+00 -1.584968751640984817e-08 1.838271244619833586e-08 -1.883227039698762955e-08 3.973784622859678570e-09 6.346646520120559099e-09 2.316968483115670039e-09 -3.508879529166556762e-10 -2.008792395504625789e-10 3.363033998615774664e-11 1.363390524752837918e-11 5.105717148466633477e-11 1.977158891686699740e-11 1.090109092716801906e-10 0.000000000000000000e+00
0.000000000000000000e+00 0.000000000000000000e+00 0.000000000000000000e+00 0.000000000000000000e+00 0.000000000000000000e+00 0.000000000000000000e+00 -3.481435717402737544e-09 2.285293798687566750e-08 -3.444585250379689517e-08 -4.687278926299119452e-09 -4.226893874177863602e-09 -4.649151836037626448e-10 7.978425284431679004e-11 -1.748676976171128434e-10 2.483200881374666200e-11 1.152850036458247668e-11 -2.490441979178239039e-10 1.516477093070029178e-11 1.064834350672257980e-10 0.000000000000000000e+00
0.000000000000000000e+00 0.000000000000000000e+00 0.000000000000000000e+00 0.000000000000000000e+00 0.000000000000000000e+00 0.000000000000000000e+00 -1.001767472821286221e-08 1.360216389184905251e-08 -1.546308539715985054e-08 2.081430374693350946e-09 3.350177162106961648e-09 1.339352010837933331e-09 -2.393859606812524405e-10 -1.925971651227719278e-10 3.686485617636438788e-11 1.130220052659688545e-11 2.845432292548105393e-13 4.710436890647451322e-11 4.415022011933632683e-08 0.000000000000000000e+00
0.000000000000000000e+00 0.000000000000000000e+00 0.000000000000000000e+00 0.000000000000000000e+00 0.000000000000000000e+00 0.000000000000000000e+00 -1.169442601610204223e-08 1.384756910385510927e-08 -1.348103979419879992e-08 3.299567669510127276e-09 4.762543766131776739e-09 1.974911039103379062e-09 -3.418099114790232788e-10 -2.363230805808742844e-10 4.239924035458056392e-11 1.083379489741871628e-11 4.223678152480243486e-13 2.929118043670388375e-11 -4.767266366919353724e-07 0.000000000000000000e+00
0.000000000000000000e+00 0.000000000000000000e+00 0.000000000000000000e+00 0.000000000000000000e+00 0.000000000000000000e+00 0.000000000000000000e+00 7.938418897264675381e-08 -6.573280245369700544e-08 -6.046392952988459327e-08 6.104564417729609769e-09 1.585781308348485643e-08 1.949449458338178637e-09 -4.961301393558721256e-09 -1.612350534237925042e-09 1.904452441985971405e-10 1.253539198475952807e-10 4.930662417475643022e-11 -1.712223276783581382e-10 -5.522879327770483316e-10 0.000000000000000000e+00
0.000000000000000000e+00 0.000000000000000000e+00 0.000000000000000000e+00 0.000000000000000000e+00 0.000000000000000000e+00 0.000000000000000000e+00 -6.626079934730175829e-08 -3.588445962592126606e-08 -2.787973847645212990e-08 5.699258182282816020e-09 3.484777179122033027e-08 3.993549676783809229e-09 -5.378535731754292214e-09 -1.577003331641655090e-09 1.750595156014523796e-10 1.455264507393189287e-10 -4.881253285317698490e-09 -2.185970914602025098e-10 -5.536140438936141268e-10 0.000000000000000000e+00
0.000000000000000000e+00 0.000000000000000000e+00 0.000000000000000000e+00 0.000000000000000000e+00 0.000000000000000000e+00 0.000000000000000000e+00 2.101141793009672559e-07 -9.403424634199642052e-08 -9.279834844511213445e-08 5.741769579974440848e-09 1.943989386029799408e-09 1.950482214722378916e-10 -4.179952004913679943e-09 -1.455193630827375678e-09 1.849989630197741500e-10 1.543481755217952000e-10 -5.164371589538576603e-09 -2.209791807881931224e-10 -5.840351304052476729e-10 0.000000000000000000e+00
0.000000000000000000e+00 0.000000000000000000e+00 0.000000000000000000e+00 0.000000000000000000e+00 0.000000000000000000e+00 0.000000000000000000e+00 -2.179307173211974084e-08 -3.305869891031288759e-08 -2.768652869956221170e-08 5.797958854331198906e-09 2.207461073902708353e-08 2.545417728030797399e-09 -4.454603132594554135e-09 -1.378980529360189250e-09 1.634755637546716321e-10 1.249648818696612427e-10 5.114043583361599015e-11 3.618071536095237445e-11 -1.100073488807700764e-07 0.000000000000000000e+00
0.000000000000000000e+00 0.000000000000000000e+00 0.000000000000000000e+00 0.000000000000000000e+00 0.000000000000000000e+00 0.000000000000000000e+00 -5.321226343845246508e-08 -2.374258708974646962e-08 -1.975534990735938744e-08 4.718167866470233256e-09 2.703667442621027776e-08 3.537174364412559907e-09 -5.458302397590302521e-09 -1.694921980782600650e-09 2.044316618326995175e-10 1.108617838668527577e-10 4.603043380147880502e-11 -3.624663693861545421e-10 6.800830755534665326e-04 0.000000000000000000e+00
0.000000000000000000e+00 0.000000000000000000e+00 0.000000000000000000e+00 0.000000000000000000e+00 0.000000000000000000e+00 0.000000000000000000e+00 2.525545861177391184e-11 2.216516609754271015e-10 1.105547121467085999e-10 -1.507463234728024794e-10 1.740359824988046965e-11 -1.455408440282065406e-10 3.063880628273905683e-11 -1.010849713481921907e-11 -5.935054856400087415e-11 -9.870674613640565967e-12 -3.846150279325670454e-11 -1.098865002619574510e-09 -7.391775356868189787e-07 0.000000000000000000e+00
0.000000000000000000e+00 0.000000000000000000e+00 0.000000000000000000e+00 0.000000000000000000e+00 0.000000000000000000e+00 0.000000000000000000e+00 -2.272917917745687245e-10 1.118814619022889480e-09 4.853154989129241481e-10 -1.397097081539580004e-11 1.682947465454194320e-10 -1.421870320006623598e-10 -6.492358509238035998e-11 1.734740832149033984e-11 -8.912968688025207452e-11 7.865923846070849390e-11 -1.771534999565840783e-06 -1.544024567548205954e-09 -7.381564885352327136e-07 0.000000000000000000e+00
0.000000000000000000e+00 0.000000000000000000e+00 0.000000000000000000e+00 0.000000000000000000e+00 0.000000000000000000e+00 0.000000000000000000e+00 3.103539281939980606e-10 1.879538591992929021e-10 -3.389292452720516739e-10 -4.035930536139943232e-10 -3.438660852354344782e-10 -5.190533953459969408e-10 -8.986599378446352198e-11 7.269418736481149458e-11 6.189457127697969242e-12 7.365961245002322083e-11 -1.765836172047242187e-05 -1.676524861899965268e-09 -7.337462192431657007e-07 0.000000000000000000e+00
0.000000000000000000e+00 0.000000000000000000e+00 0.000000000000000000e+00 0.000000000000000000e+00 0.000000000000000000e+00 0.000000000000000000e+00 2.165613828282421141e-11 3.515133422690571799e-10 2.370528137681286669e-10 -2.407490442395762688e-12 9.902410712936073076e-11 1.228395962216497485e-11 5.041994173799068726e-11 3.990444909454173115e-11 -2.268635746097753695e-11 -8.867404541437876261e-12 -4.958508530289804345e-11 -3.763328673015805946e-09 -3.252955579929182051e+00 0.000000000000000000e+00
0.000000000000000000e+00 0.000000000000000000e+00 0.000000000000000000e+00 0.000000000000000000e+00 0.000000000000000000e+00 0.000000000000000000e+00 -5.024911264190588800e-10 6.677579090689039684e-10 2.875103514673381502e-10 2.525258307033647766e-11 -6.307068161262830884e-11 -3.248039369548617849e-10 -5.867910362302120941e-11 1.774454444649210431e-11 -8.862894655598564323e-11 -5.349546502299581045e-12 -3.217095598105934737e-11 -1.147879076023993686e-08 -6.081901079677695036e+07 0.000000000000000000e+00
0.000000000000000000e+00 0.000000000000000000e+00 0.000000000000000000e+00 0.000000000000000000e+00 0.000000000000000000e+00 0.000000000000000000e+00 7.129467107017510779e-13 8.085800469959638561e-13 3.811863125818211643e-13 1.922048238253509351e-13 1.493641049919515927e-13 7.916595753208011174e-14 5.790288496300683108e-14 2.373775291902306744e-14 1.045987245716661955e-14 6.160901211404031366e-15 8.331864143547939498e-15 3.009851995562841622e-13 1.675867174883465713e-11 0.000000000000000000e+00
0.000000000000000000e+00 0.000000000000000000e+00 0.000000000000000000e+00 0.000000000000000000e+00 0.000000000000000000e+00 0.000000000000000000e+00 6.151432763916618240e-13 3.975179208620831788e-13 2.005816659458728126e-13 1.019437317435762718e-13 1.399969764738224727e-13 1.303598292916146754e-13 6.783607367986640286e-14 2.144565303227339098e-14 8.791134757001631661e-15 6.545321975713348049e-15 4.267844293358582469e-11 3.869900522007626676e-13 1.663082906436111921e-11 0.000000000000000000e+00
0.000000000000000000e+00 0.000000000000000000e+00 0.000000000000000000e+00 0.000000000000000000e+00 0.000000000000000000e+00 0.000000000000000000e+00 1.353798995022928546e-12 1.913259704541213987e-12 1.125710253149743627e-12 6.992897806376118150e-13 5.190642251399299669e-13 2.354588643150912312e-13 7.117343207765102639e-14 2.460169248568474819e-14 9.866002975854087905e-15 6.815151206026728595e-15 1.478687598747626424e-10 3.410227635616991139e-13 1.544035800788689604e-11 0.000000000000000000e+00
0.000000000000000000e+00 0.000000000000000000e+00 0.000000000000000000e+00 0.000000000000000000e+00 0.000000000000000000e+00 0.000000000000000000e+00 3.103758937861975212e-13 2.502481981810565305e-13 1.179095439144727667e-13 4.166603897226820771e-14 5.502779487969080385e-14 5.373658438272591163e-14 4.060282536337277280e-14 1.988484444368808712e-14 1.029527760290404071e-14 6.161637971995904907e-15 8.401280053656146955e-15 7.410267777503552209e-13 2.008397791126928381e-04 0.000000000000000000e+00
0.000000000000000000e+00 0.000000000000000000e+00 0.000000000000000000e+00 0.000000000000000000e+00 0.000000000000000000e+00 0.000000000000000000e+00 3.110382016326367040e-13 2.175426335490732911e-13 1.072164168209479531e-13 5.908322753397608958e-14 8.601118191138300682e-14 1.002530508375267524e-13 7.853553988906996986e-14 3.008705507803650109e-14 1.188965103302306808e-14 6.573726233313791984e-15 1.006624472627684394e-14 1.643976650917729741e-12 -1.837854238263077491e+02 0.000000000000000000e+00
0.000000000000000000e+00 0.000000000000000000e+00 0.000000000000000000e+00 0.000000000000000000e+00 0.000000000000000000e+00 0.000000000000000000e+00 2.814987744871148823e-11 -1.465918401363039946e-10 -2.007324635312416730e-11 2.824737676782603511e-12 6.115052792644064850e-12 3.485189134301515848e-12 -1.577533935220991089e-12 -1.570980107201673009e-13 3.275409329250431696e-14 4.266186644773408363e-14 -1.075092649141375430e-14 3.666958391140564664e-14 4.922364410508643089e-14 0.000000000000000000e+00
0.000000000000000000e+00 0.000000000000000000e+00 0.000000000000000000e+00 0.000000000000000000e+00 0.000000000000000000e+00 0.000000000000000000e+00 5.794012136949080636e-12 -2.609669557162910525e-11 -2.395940275436560709e-11 2.368930247589112864e-11 1.264719499115160942e-11 4.638243677484901790e-12 -2.237176485803851570e-12 -2.886152497298412877e-13 4.216320860303225205e-14 3.388709941899833249e-14 8.825532408266193808e-13 4.776874303247585129e-14 4.297862783647917296e-14 0.000000000000000000e+00
0.000000000000000000e+00 0.000000000000000000e+00 0.000000000000000000e+00 0.000000000000000000e+00 0.000000000000000000e+00 0.000000000000000000e+00 4.840377959354987150e-11 -2.577811387831661108e-10 -1.669374720161981111e-11 -1.532614583257418358e-11 2.721295748469103253e-13 3.000350344332829350e-12 -1.078801090894323152e-12 -3.314694632919335681e-14 3.807293458397103187e-14 4.282437357920526906e-14 1.115681134357673935e-12 3.851152076442373211e-14 5.179736311204316932e-14 0.000000000000000000e+00
0.000000000000000000e+00 0.000000000000000000e+00 0.000000000000000000e+00 0.000000000000000000e+00 0.000000000000000000e+00 0.000000000000000000e+00 5.058431004694846589e-12 -5.135957180827367623e-11 -1.776077153657343669e-11 1.647043108302207830e-11 6.509940644287747566e-12 2.411003034279047413e-12 -1.389844258719734618e-12 -1.290394322715359955e-13 4.501131360874192844e-14 4.071583285368945815e-14 -1.154536578652724187e-14 5.270311064262150517e-14 -1.530637957713336808e-11 0.000000000000000000e+00
0.000000000000000000e+00 0.000000000000000000e+00 0.000000000000000000e+00 0.000000000000000000e+00 0.000000000000000000e+00 0.000000000000000000e+00 4.198809695512668958e-12 -1.721377318602755418e-11 -1.983823147810839976e-11 1.751464923796782421e-11 1.116980509923968454e-11 4.116415104684965542e-12 -2.242457587329989282e-12 -3.341145650552927193e-13 2.633464839338049693e-14 3.400442860057615688e-14 -4.076224003793446582e-15 -3.708995746025530790e-14 -1.431117929194843384e-07 0.000000000000000000e+00
0.000000000000000000e+00 0.000000000000000000e+00 0.000000000000000000e+00 0.000000000000000000e+00 0.000000000000000000e+00 0.000000000000000000e+00 9.136521825209759525e-10 -7.606894866766699426e-10 6.492226988787429693e-11 -2.210075122106320494e-11 3.670242423944796254e-11 -7.042722590610077918e-12 -1.200043616200213897e-11 3.864381585367339505e-13 7.163310682923003776e-13 4.626682124826136214e-13 -2.372223429685063429e-14 1.709665035259966060e-13 -1.625802959773743536e-11 0.000000000000000000e+00
0.000000000000000000e+00 0.000000000000000000e+00 0.000000000000000000e+00 0.000000000000000000e+00 0.000000000000000000e+00 0.000000000000000000e+00 4.650037016379789521e-10 -3.202122795126680894e-10 -1.101255099630842675e-12 4.956440913820058073e-11 3.399232481445226201e-11 7.394089128670803750e-12 -1.241220007680855610e-11 5.649369905637078488e-13 3.336500302776598578e-13 7.686618198016126943e-14 -2.202620940271583728e-11 3.194833364729132754e-13 -1.612048403279406317e-11 0.000000000000000000e+00
0.000000000000000000e+00 0.000000000000000000e+00 0.000000000000000000e+00 0.000000000000000000e+00 0.000000000000000000e+00 0.000000000000000000e+00 1.325548836712148186e-09 -1.171554140582151092e-09 1.304812238148320336e-10 -8.904169852630005741e-11 4.605983006025286257e-11 -2.472444540726726343e-11 -1.011363546946592131e-11 -2.466204431425034090e-13 1.093754068746955008e-12 1.507501507673770291e-13 7.897462500941218834e-12 2.936859743582525736e-13 -1.610285502902614721e-11 0.000000000000000000e+00
0.000000000000000000e+00 0.000000000000000000e+00 0.000000000000000000e+00 0.000000000000000000e+00 0.000000000000000000e+00 0.000000000000000000e+00 4.024081692671262748e-10 -3.880125327535925839e-10 6.569751408132428567e-12 7.870403714992750165e-12 1.924197670868405558e-11 -9.253594383951516808e-13 -9.763965950493324914e-12 1.234893824633731239e-12 3.648209574131310025e-13 4.149441046102308028e-13 2.304663245937468327e-14 3.648910251273053472e-14 -1.552617829081829367e-08 0.000000000000000000e+00
0.000000000000000000e+00 0.000000000000000000e+00 0.000000000000000000e+00 0.000000000000000000e+00 0.000000000000000000e+00 0.000000000000000000e+00 3.331888311574550888e-10 -2.211116325999159039e-10 -1.561373369129008710e-11 4.649064839373241888e-11 3.088062054238377213e-11 7.836801981600100178e-12 -1.341195803943198878e-11 2.239455670299285665e-13 3.098244626998942108e-13 4.865788465317458684e-13 8.219454906344680408e-14 -7.881091898147805265e-13 2.975819033135071117e-06 0.000000000000000000e+00
0.000000000000000000e+00 0.000000000000000000e+00 0.000000000000000000e+00 0.000000000000000000e+00 0.000000000000000000e+00 0.000000000000000000e+00 -4.091465045739917764e-12 -8.499541487034988989e-13 -5.150909086145044622e-13 2.268476580393898751e-13 -1.402479649255304701e-12 5.852838105044722972e-13 2.125187825720449637e-13 -1.298108779470021637e-13 -1.065735998695801533e-13 -5.331177700151738108e-14 -1.188752155823794575e-13 -1.474767430473732917e-12 8.044239728428688290e-09 0.000000000000000000e+00
0.000000000000000000e+00 0.000000000000000000e+00 0.000000000000000000e+00 0.000000000000000000e+00 0.000000000000000000e+00 0.000000000000000000e+00 -5.333457966590273844e-12 5.949007185254267953e-12 8.911085583547858085e-13 -3.756888853694944611e-12 -4.204590230276774443e-13 1.772285170633857954e-12 1.722228859192749373e-13 6.244642922522166347e-14 1.696269033299883307e-13 6.983084113008235781e-15 3.787662889844434933e-08 -5.529379681058418458e-12 8.041145691343481233e-09 0.000000000000000000e+00
0.000000000000000000e+00 0.000000000000000000e+00 0.000000000000000000e+00 0.000000000000000000e+00 0.000000000000000000e+00 0.000000000000000000e+00 -5.576773996298734873e-12 -3.911530436193960416e-12 1.957189870268654924e-12 1.883225367020720159e-12 -3.604608454728020028e-12 -4.686541464416743862e-13 -1.680610124453253524e-12 -5.205267446268893436e-13 4.009098795558327651e-13 2.901706504602100280e-13 -3.652770202695427076e-07 -4.711126654545167660e-12 8.046598261185473078e-09 0.000000000000000000e+00
0.000000000000000000e+00 0.000000000000000000e+00 0.000000000000000000e+00 0.000000000000000000e+00 0.000000000000000000e+00 0.000000000000000000e+00 -3.498809721017193160e-12 -8.605672072337990021e-13 2.428353312585857694e-13 1.042029499142520937e-12 -9.428947174992224695e-13 1.207509965165790210e-12 8.083450703813683553e-13 3.236001235941157488e-13 6.375135017748060507e-14 -7.597523790291442841e-14 -1.652816393332889034e-13 -3.123554671276903024e-11 5.778645036646236355e-02 0.000000000000000000e+00
0.000000000000000000e+00 0.000000000000000000e+00 0.000000000000000000e+00 0.000000000000000000e+00 0.000000000000000000e+00 0.000000000000000000e+00 -3.555260243010780310e-12 2.425591671894529442e-12 -5.331998094179701557e-13 -1.860493544567654412e-12 -1.089829116948877535e-12 8.658788053760544605e-13 -5.926013540201044323e-13 -2.161576749751307365e-14 -2.591156209017940976e-13 -3.961263260348578746e-14 -4.578183282841901049e-14 -8.334424784727228266e-11 1.500050291029515211e+05 0.000000000000000000e+00
0.000000000000000000e+00 0.000000000000000000e+00 0.000000000000000000e+00 0.000000000000000000e+00 0.000000000000000000e+00 0.000000000000000000e+00 3.685839640182378634e-18 3.921958475247590755e-18 3.405296914174258703e-18 1.944916668992526781e-18 1.684517538161805632e-18 1.065113656401802709e-18 7.146165883619806132e-19 3.512327683546584715e-19 1.422397817354568202e-19 5.012607527669885396e-20 6.919960668673074277e-20 2.569107309559773331e-18 3.557581427959303470e-16 0.000000000000000000e+00
0.000000000000000000e+00 0.000000000000000000e+00 0.000000000000000000e+00 0.000000000000000000e+00 0.000000000000000000e+00 0.000000000000000000e+00 5.359322290607949359e-18 5.479530326410130649e-18 3.491144486509630816e-18 1.892029666988729453e-18 2.254060041620674689e-18 1.452027045835315916e-18 8.059394547239166757e-19 3.282139598256928295e-19 1.152743560888617127e-19 6.238231815167723750e-20 -1.010685528035993788e-18 3.276821472065348414e-18 3.545704143800609226e-16 0.000000000000000000e+00
0.000000000000000000e+00 0.000000000000000000e+00 0.000000000000000000e+00 0.000000000000000000e+00 0.000000000000000000e+00 0.000000000000000000e+00 5.851945573338748003e-18 5.167833049800143015e-18 5.031021446747936062e-18 3.822974967798349900e-18 2.845473748826995520e-18 1.987484132792356722e-18 7.616084608009895595e-19 3.197922130120478541e-19 1.146057812141160683e-19 6.693437762314563391e-20 7.788082540750551124e-16 2.734177311593153604e-18 3.479257519724799277e-16 0.000000000000000000e+00
0.000000000000000000e+00 0.000000000000000000e+00 0.000000000000000000e+00 0.000000000000000000e+00 0.000000000000000000e+00 0.000000000000000000e+00 1.767141506912111900e-18 2.562545212389169221e-18 1.622038328546618142e-18 8.420400783982951735e-19 9.979296030198311664e-19 7.547126529844501471e-19 5.812968764679300565e-19 3.132491482897199463e-19 1.405837348293197655e-19 5.025660353215055042e-20 6.958306856805511157e-20 6.981888906498248008e-18 1.478529763359857956e-10 0.000000000000000000e+00
0.000000000000000000e+00 0.000000000000000000e+00 0.000000000000000000e+00 0.000000000000000000e+00 0.000000000000000000e+00 0.000000000000000000e+00 2.936417999598846227e-18 2.782329641250447787e-18 1.962405284913146512e-18 1.067619957175637732e-18 1.315027411929757004e-18 1.109105708232273923e-18 8.720814107279570276e-19 4.396250665799675601e-19 1.705331709650225711e-19 5.171616392493526594e-20 7.866483590747196207e-20 1.246752393433508569e-17 -1.143279575616869574e-04 0.000000000000000000e+00
0.000000000000000000e+00 0.000000000000000000e+00 0.000000000000000000e+00 0.000000000000000000e+00 0.000000000000000000e+00 0.000000000000000000e+00 5.236341847760934152e-15 -3.805162803305554047e-14 -1.773164460055500385e-13 -1.864243025470420737e-14 5.021082606260849892e-14 2.265888977803326181e-14 -3.060987822642159899e-15 -2.759927517053538565e-15 3.937927143343267159e-16 3.712328484069339196e-17 -1.232828396478796651e-17 2.166794858369533386e-16 -1.840675876877607942e-16 0.000000000000000000e+00
0.000000000000000000e+00 0.000000000000000000e+00 0.000000000000000000e+00 0.000000000000000000e+00 0.000000000000000000e+00 0.000000000000000000e+00 -6.082478376143293428e-14 -3.661941997169405173e-14 -1.346308824521608417e-13 -1.101592950071176316e-14 5.402119544994853226e-14 2.710365450116434383e-14 -5.566288842690263570e-15 -1.984815920409155843e-15 4.944752994515893799e-16 4.695431647901870526e-17 -3.988362483230754924e-15 2.318578869667128905e-16 -1.797284040754408491e-16 0.000000000000000000e+00
0.000000000000000000e+00 0.000000000000000000e+00 0.000000000000000000e+00 0.000000000000000000e+00 0.000000000000000000e+00 0.000000000000000000e+00 6.472985897362497129e-14 -4.016276451216950498e-14 -2.244091260215901696e-13 -2.928838187568683211e-14 5.606302542021937059e-14 2.286650572502119676e-14 -6.593676967601762901e-16 -2.927630447565551703e-15 2.679187158226250469e-16 1.071303601073277177e-16 -6.765075395774653435e-15 2.390321846395044325e-16 -1.733337627527714570e-16 0.000000000000000000e+00
0.000000000000000000e+00 0.000000000000000000e+00 0.000000000000000000e+00 0.000000000000000000e+00 0.000000000000000000e+00 0.000000000000000000e+00 -2.962187484708108152e-14 -5.034864834900701985e-14 -1.094167592121349199e-13 -1.787663040180613123e-14 3.916561863398774891e-14 2.017251695567144648e-14 -3.477984974730547653e-15 -2.074328702231068405e-15 5.173094083652779862e-16 2.624834275172749707e-17 -1.339179528463046785e-17 2.198211913572786715e-16 -2.680230161343022996e-12 0.000000000000000000e+00
0.000000000000000000e+00 0.000000000000000000e+00 0.000000000000000000e+00 0.000000000000000000e+00 0.000000000000000000e+00 0.000000000000000000e+00 -5.062258828278239207e-14 -9.369230679648464719e-15 -9.455452158014582735e-14 -7.986844729595790202e-15 4.334223115440321846e-14 2.257040977942060445e-14 -5.207032455873714807e-15 -2.437136022740570946e-15 4.715492853115577264e-16 4.451831568734182240e-18 -3.454280603451174420e-17 1.310028398540463508e-16 -3.567142795192296942e-10 0.000000000000000000e+00
0.000000000000000000e+00 0.000000000000000000e+00 0.000000000000000000e+00 0.000000000000000000e+00 0.000000000000000000e+00 0.000000000000000000e+00 5.062874210573390151e-13 -5.421278951108170492e-13 -5.613292242669970598e-13 -8.872125000660111407e-14 1.484135503006055582e-13 4.208397649617820497e-14 -4.359464348323358866e-14 -4.725407224731485267e-15 3.293433503412631322e-15 8.980923709342792609e-16 -4.238924985863265255e-17 -1.343007610832079973e-15 -2.050071080511203248e-14 0.000000000000000000e+00
0.000000000000000000e+00 0.000000000000000000e+00 0.000000000000000000e+00 0.000000000000000000e+00 0.000000000000000000e+00 0.000000000000000000e+00 1.012541236767899874e-12 -9.270739523775514063e-13 4.635418199868405205e-16 -1.415557866638208916e-13 1.304604956426802584e-13 6.364197277057919165e-14 -4.569717480149630596e-14 -4.649496158017236985e-15 2.930804332296064295e-15 1.172551800064617730e-15 2.223927262524418962e-14 -1.354585194172056426e-15 -1.990550885754049075e-14 0.000000000000000000e+00
0.000000000000000000e+00 0.000000000000000000e+00 0.000000000000000000e+00 0.000000000000000000e+00 0.000000000000000000e+00 0.000000000000000000e+00 6.929632169354317505e-14 -2.157390193573949389e-13 -1.097790388688667155e-12 -4.440092242633890762e-14 1.953262836404957637e-13 3.827465634257765830e-14 -4.001355713833548282e-14 -3.472729517538673528e-15 3.918439000755610428e-15 1.466479544166349151e-15 6.672327810399561691e-14 -7.351810752568759390e-16 -2.002001654276518435e-14 0.000000000000000000e+00
0.000000000000000000e+00 0.000000000000000000e+00 0.000000000000000000e+00 0.000000000000000000e+00 0.000000000000000000e+00 0.000000000000000000e+00 4.127098703161929204e-13 -6.048011123869036942e-13 -1.954324432930946954e-13 -1.003786806221761815e-13 9.341228589908647217e-14 4.278911155448145939e-14 -3.807136248460955071e-14 -4.638051825234102526e-15 3.486187232964998458e-15 8.819151850080742084e-16 -9.550748122857587668e-17 -3.008264291052749584e-15 6.575864557930597772e-11 0.000000000000000000e+00
0.000000000000000000e+00 0.000000000000000000e+00 0.000000000000000000e+00 0.000000000000000000e+00 0.000000000000000000e+00 0.000000000000000000e+00 7.084183894295574119e-13 -5.747278439044678843e-13 -1.166344604211334787e-14 -1.264861062329881181e-13 1.131155731314322641e-13 4.533175031188875054e-14 -4.515002333055117017e-14 -5.634634821497768129e-15 2.078855598037893905e-15 7.101350827747250860e-16 2.688077901671569902e-16 -5.512223133884860397e-15 1.066596859962863819e-08 0.000000000000000000e+00
0.000000000000000000e+00 0.000000000000000000e+00 0.000000000000000000e+00 0.000000000000000000e+00 0.000000000000000000e+00 0.000000000000000000e+00 -2.448023247359444014e-15 -2.153208844181659863e-14 3.754422679920688208e-15 6.567818824055519037e-16 7.862146086430434462e-16 3.968874154492350832e-15 1.218211282902684595e-15 -8.130485576655377588e-16 5.186355149427117515e-17 2.097553625428928596e-16 1.488930161289114670e-16 1.280736870867157078e-15 -1.159463757839848101e-11 0.000000000000000000e+00
0.000000000000000000e+00 0.000000000000000000e+00 0.000000000000000000e+00 0.000000000000000000e+00 0.000000000000000000e+00 0.000000000000000000e+00 -9.644682268079273530e-15 -4.641653185919106788e-15 3.878770343090937018e-14 -5.199189735393438096e-15 -1.407304066574365078e-14 5.154689841983102617e-15 -8.627486536650755864e-16 4.779752997030192968e-16 -3.688982686481986392e-16 -2.891550294849564191e-16 -3.620899228472474007e-11 4.270207636330277497e-16 -1.157799496995640078e-11 0.000000000000000000e+00
0.000000000000000000e+00 0.000000000000000000e+00 0.000000000000000000e+00 0.000000000000000000e+00 0.000000000000000000e+00 0.000000000000000000e+00 -3.668315482012630415e-14 -1.605385738340930043e-14 9.151641412432514415e-15 6.334514481791174596e-15 2.026538121564265504e-16 1.192111643904999748e-14 2.699801303494403714e-15 2.170604013649008524e-15 -7.008373377697655323e-16 -7.745689955915481219e-16 2.385960934534171095e-10 -5.184650900955323555e-16 -1.157550752679846272e-11 0.000000000000000000e+00
0.000000000000000000e+00 0.000000000000000000e+00 0.000000000000000000e+00 0.000000000000000000e+00 0.000000000000000000e+00 0.000000000000000000e+00 1.763622285953076338e-15 -2.389955124411742141e-14 3.404798772116524706e-15 -2.409622414002710856e-15 4.423601506790505267e-15 5.660819287480575170e-15 1.001833703899239344e-15 -2.016748740306482656e-17 -1.387159404226112071e-16 2.235624446369448447e-16 1.118124244122758164e-16 1.265098036474560642e-15 -1.139018138802037162e-04 0.000000000000000000e+00
0.000000000000000000e+00 0.000000000000000000e+00 0.000000000000000000e+00 0.000000000000000000e+00 0.000000000000000000e+00 0.000000000000000000e+00 8.208673348558465672e-16 6.442880035879477088e-17 2.387419244582112717e-14 -8.955675974275684035e-15 -5.280040679687041110e-15 3.489991343108113438e-15 -1.515886625273800685e-15 -4.995351758206655176e-16 -3.168134253151418846e-17 3.906786057239233296e-16 3.706970692596802441e-16 9.266835414339931602e-14 -2.791006582439695762e+02 0.000000000000000000e+00
0.000000000000000000e+00 0.000000000000000000e+00 0.000000000000000000e+00 0.000000000000000000e+00 0.000000000000000000e+00 0.000000000000000000e+00 1.570049095873564944e-09 4.377847372372196215e-09 2.686978090588769098e-09 3.222068928898596410e-09 3.555776603930454198e-09 3.759844624523706033e-09 2.592510494580776601e-09 1.673438371921176335e-09 6.920454960235241265e-10 1.496628246545802320e-10 2.421163431060517944e-10 4.527381626885562254e-08 6.102340535714552948e-06 0.000000000000000000e+00
0.000000000000000000e+00 0.000000000000000000e+00 0.000000000000000000e+00 0.000000000000000000e+00 0.000000000000000000e+00 0.000000000000000000e+00 3.409966370576963568e-09 1.588271096175411609e-09 -1.831115267009425691e-09 -1.508469402228128520e-10 3.602541197197288974e-11 9.048250507175751913e-10 2.389600469735758729e-10 1.711278047846522654e-10 1.324786635573029095e-10 6.427803615887351744e-11 1.895950913314291267e-07 4.624375803080319618e-08 6.099612325950981399e-06 0.000000000000000000e+00
0.000000000000000000e+00 0.000000000000000000e+00 0.000000000000000000e+00 0.000000000000000000e+00 0.000000000000000000e+00 0.000000000000000000e+00 7.766004880352360834e-09 1.688943008744810960e-08 9.366301349495004814e-09 1.276526329559500355e-08 1.713186936565615468e-08 1.734988951262470450e-08 1.003202578471038203e-08 6.192108310320092171e-09 2.387379870179475157e-09 6.878038135980626365e-10 3.160675708350489156e-06 5.529205339678887514e-08 6.108273556537234701e-06 0.000000000000000000e+00
0.000000000000000000e+00 0.000000000000000000e+00 0.000000000000000000e+00 0.000000000000000000e+00 0.000000000000000000e+00 0.000000000000000000e+00 8.131521376740204874e-10 1.990857718585660601e-09 -1.347568015297101023e-09 -1.111409595415672264e-10 4.131165031332584556e-10 3.252573045051371935e-10 3.503831760182377887e-10 3.949331476757140592e-10 2.400339800856865999e-10 6.668320176672927335e-11 6.833575200529687392e-11 1.968356216706928685e-08 -6.639001480139785372e+01 0.000000000000000000e+00
0.000000000000000000e+00 0.000000000000000000e+00 0.000000000000000000e+00 0.000000000000000000e+00 0.000000000000000000e+00 0.000000000000000000e+00 1.571833956638694299e-09 5.726741319131201142e-11 -8.507407164035719346e-10 -3.907221076136295948e-10 3.143264571807079497e-10 4.076403805225524175e-10 3.138595503279575201e-10 2.524127045090123828e-10 1.618454159646794966e-10 3.477902992227167707e-11 2.498543224866551915e-11 7.419566720852735655e-10 -1.289389286787389219e+08 0.000000000000000000e+00
0.000000000000000000e+00 0.000000000000000000e+00 0.000000000000000000e+00 0.000000000000000000e+00 0.000000000000000000e+00 0.000000000000000000e+00 -3.788699212807130004e-09 -3.269025623206265544e-09 -1.830643159257080691e-08 -9.351759291016128017e-09 -8.388741020688268574e-09 -3.848200942339336729e-09 -2.109145568621250201e-09 -8.037360506377967220e-10 -4.555676551803237776e-10 -1.112114773608060398e-10 6.947874741328816166e-11 6.000041887218980561e-10 4.291782816700700057e-10 0.000000000000000000e+00
0.000000000000000000e+00 0.000000000000000000e+00 0.000000000000000000e+00 0.000000000000000000e+00 0.000000000000000000e+00 0.000000000000000000e+00 6.207589222841075379e-09 1.283705325341004447e-08 -9.026784385019265573e-09 -5.790318258025148909e-10 -7.565270816397796254e-11 -2.368115029268249948e-10 3.593547439305888743e-11 5.884160582952629287e-11 -8.610723213814809848e-11 -4.071996744513450582e-11 1.336193253588200843e-10 5.613540782676263457e-10 4.425628460089238533e-10 0.000000000000000000e+00
0.000000000000000000e+00 0.000000000000000000e+00 0.000000000000000000e+00 0.000000000000000000e+00 0.000000000000000000e+00 0.000000000000000000e+00 -1.275001815350172024e-08 -1.748057693574929218e-08 -2.713293206126848744e-08 -1.830133688977544156e-08 -1.773747823577401848e-08 -8.513814356331442789e-09 -4.120191797306302643e-09 -1.601296134752174714e-09 -7.638701824879599789e-10 -2.580896015068066916e-10 1.949845673347448346e-10 6.573117900052681992e-10 4.529018057719472649e-10 0.000000000000000000e+00
0.000000000000000000e+00 0.000000000000000000e+00 0.000000000000000000e+00 0.000000000000000000e+00 0.000000000000000000e+00 0.000000000000000000e+00 1.339066274670146490e-09 2.628916253737657060e-09 -7.398213409541973888e-09 -1.743094597573336058e-09 -9.245191464819895496e-10 -6.815811290305131023e-10 -2.391926353052696925e-10 -1.400311982497194552e-10 -2.087850472314501250e-10 -4.269998633091771754e-11 1.558611749964728744e-11 9.259572023136844668e-11 -1.138911913492904754e-07 0.000000000000000000e+00
0.000000000000000000e+00 0.000000000000000000e+00 0.000000000000000000e+00 0.000000000000000000e+00 0.000000000000000000e+00 0.000000000000000000e+00 4.197480132374435830e-09 7.964939843432957235e-09 -1.054489855669271772e-08 -5.327057525514204052e-10 -5.642902993972452904e-10 -1.856780708360453095e-10 -2.471169362843391584e-10 -1.526526912945630422e-11 -1.036517095696369044e-10 -1.665182776760675467e-11 -7.386209715464927652e-12 1.984538326242666998e-11 -1.596405072607810511e-04 0.000000000000000000e+00
0.000000000000000000e+00 0.000000000000000000e+00 0.000000000000000000e+00 0.000000000000000000e+00 0.000000000000000000e+00 0.000000000000000000e+00 -5.159424032678222968e-08 -6.545046963399546673e-08 -6.627043175956134925e-08 -4.129657964481728828e-08 -2.985828551786567693e-08 -1.781518196914427006e-08 -7.555296154878404958e-09 -1.768346138900952178e-09 -1.213721923627852344e-09 -1.563815737960183187e-10 2.963256116943204965e-10 3.213286781760417260e-09 6.169363033897890876e-09 0.000000000000000000e+00
0.000000000000000000e+00 0.000000000000000000e+00 0.000000000000000000e+00 0.000000000000000000e+00 0.000000000000000000e+00 0.000000000000000000e+00 -4.039170465067412040e-08 3.516564933174029760e-08 -2.274490616819365084e-08 -1.253743584103813747e-08 1.731317595359542028e-09 -4.473652894188944784e-09 -9.254113251138935895e-10 1.461250570219619814e-10 1.481806497573702642e-11 7.633858394032293993e-11 -3.852334174663116954e-11 3.011879493412182632e-09 6.526323359690452818e-09 0.000000000000000000e+00
0.000000000000000000e+00 0.000000000000000000e+00 0.000000000000000000e+00 0.000000000000000000e+00 0.000000000000000000e+00 0.000000000000000000e+00 -6.274900349245745058e-08 -1.557925300391350793e-07 -1.087232342548520326e-07 -7.112168482799280967e-08 -6.561556328993167486e-08 -3.616687011756499053e-08 -1.324555113883504529e-08 -3.273349836615459605e-09 -2.204492478187390841e-09 -6.536749042281881797e-10 2.560736075177824889e-10 3.547104037546761893e-09 6.695299505178412929e-09 0.000000000000000000e+00
0.000000000000000000e+00 0.000000000000000000e+00 0.000000000000000000e+00 0.000000000000000000e+00 0.000000000000000000e+00 0.000000000000000000e+00 -4.671711132910965517e-08 -1.255702089497805044e-08 -2.198115431608730102e-08 -1.041333515181682658e-08 -2.532168504631782839e-09 -3.427535735584025557e-09 -7.034065397208404472e-10 -3.692400887278440874e-10 -3.806129749937299286e-10 1.069802180054780666e-10 4.558213034578520738e-11 6.899555420402145614e-10 -8.782513311029105626e-06 0.000000000000000000e+00
0.000000000000000000e+00 0.000000000000000000e+00 0.000000000000000000e+00 0.000000000000000000e+00 0.000000000000000000e+00 0.000000000000000000e+00 -2.527573467137935290e-08 1.974190220631762265e-08 -1.784138585237167454e-08 -8.668414623493537509e-09 -1.217158895087982344e-09 -3.877764957727993172e-09 -1.980505904319120420e-09 7.991982132127342189e-11 -2.727892306660572066e-11 4.641911151727191303e-11 -6.964869254288024606e-11 8.149929206307174368e-10 2.643605015163912487e-03 0.000000000000000000e+00
0.000000000000000000e+00 0.000000000000000000e+00 0.000000000000000000e+00 0.000000000000000000e+00 0.000000000000000000e+00 0.000000000000000000e+00 3.065801381507861176e-09 -4.324374935248884781e-09 5.223957620423216587e-10 -4.203495737687656672e-10 -3.898582758353859900e-10 6.305970447128992506e-11 -2.050949632178211234e-10 -1.337213031060309455e-10 -3.212804088307340939e-11 -1.835681487974097970e-10 -2.242045195431929289e-10 -1.227701463247746107e-08 -1.945877454833265985e-05 0.000000000000000000e+00
0.000000000000000000e+00 0.000000000000000000e+00 0.000000000000000000e+00 0.000000000000000000e+00 0.000000000000000000e+00 0.000000000000000000e+00 3.899857492917928828e-09 -8.547858000606734574e-09 -9.523868839812490062e-09 -4.518297993173974460e-10 -1.797112321026309669e-09 -3.707562730627447852e-10 -5.333185658730132349e-10 4.168947826903835141e-11 -2.328930983981753575e-10 -1.681312924042002179e-10 -4.771999954513564388e-06 -1.405712732752389783e-08 -1.948412354645037166e-05 0.000000000000000000e+00
0.000000000000000000e+00 0.000000000000000000e+00 0.000000000000000000e+00 0.000000000000000000e+00 0.000000000000000000e+00 0.000000000000000000e+00 -2.534670208997787350e-09 -1.971670382067591566e-10 4.441971421639177326e-09 -8.540614686539960723e-10 1.406248633054945792e-09 -2.542851144570074320e-10 2.388810422037482080e-10 -5.273287186248478658e-10 1.018465583009274177e-11 -1.069859659534389675e-10 2.696363787416921815e-05 -1.543691202167353786e-08 -1.951107042699519207e-05 0.000000000000000000e+00
0.000000000000000000e+00 0.000000000000000000e+00 0.000000000000000000e+00 0.000000000000000000e+00 0.000000000000000000e+00 0.000000000000000000e+00 2.772108813227328424e-09 -2.729122186332736337e-09 -2.152891998187739729e-09 -1.064899162176037045e-09 -6.718563771484849844e-10 -2.931734047358216234e-10 -3.585391958273361394e-10 -3.596783545091560451e-10 -2.242917718308251216e-10 -2.241648204799240861e-10 -1.516026178731888671e-10 -2.745309623131307953e-08 -3.695174926611554156e+01 0.000000000000000000e+00
0.000000000000000000e+00 0.000000000000000000e+00 0.000000000000000000e+00 0.000000000000000000e+00 0.000000000000000000e+00 0.000000000000000000e+00 1.303760275047430266e-09 -2.018958877809159828e-09 -3.591820604810249127e-09 3.075741916880580358e-10 -1.060384816621745346e-09 -3.377043196356116828e-10 -5.700919232738984721e-10 2.842150246582918368e-10 -2.754451027168669717e-10 -1.589951983663853582e-10 -6.702064736539240188e-11 -4.799099720743816870e-08 -8.010886606368365884e+07 0.000000000000000000e+00
