0.000000000000000000e+00 0.000000000000000000e+00 0.000000000000000000e+00 0.000000000000000000e+00 0.000000000000000000e+00 0.000000000000000000e+00 -1.125861242872670070e-12 -5.642657442704213130e-12 -3.756667894080617166e-12 -2.808420584837740806e-12 -4.844167839783453397e-12 -4.088763872955619333e-12 -2.451072608937444041e-12 -1.628181000875496772e-12 -9.287820315959266574e-13 -4.208517349874324395e-13 -4.232588094983500526e-13 -6.346696621562598617e-11 -8.800582416204211528e-09 0.000000000000000000e+00
0.000000000000000000e+00 0.000000000000000000e+00 0.000000000000000000e+00 0.000000000000000000e+00 0.000000000000000000e+00 0.000000000000000000e+00 -7.640390108119963733e-13 -7.801360044655674131e-13 -6.333857311027898710e-13 -6.583226980915929584e-13 -8.526451326875209807e-13 -1.078306044385289468e-12 -9.988726171416860990e-13 -8.571152798701020775e-13 -5.270264744585865720e-13 -1.169781906054806963e-12 -1.580456707671720263e-04 -8.099734611737338524e-11 -8.813181833022387723e-09 0.000000000000000000e+00
0.000000000000000000e+00 0.000000000000000000e+00 0.000000000000000000e+00 0.000000000000000000e+00 0.000000000000000000e+00 0.000000000000000000e+00 -3.339223042366711903e-13 -1.202567794429197610e-12 -1.195333595236928814e-12 -7.992243310009337946e-13 -1.516306914659628491e-12 -1.432068982641527406e-12 -1.183926564030499632e-12 -9.871020809822920565e-13 -6.990946470715379515e-13 -4.247260498590932264e-13 -3.314746116201686015e-13 -1.318014272191177948e-10 -2.247422560889278734e-02 0.000000000000000000e+00
0.000000000000000000e+00 0.000000000000000000e+00 0.000000000000000000e+00 0.000000000000000000e+00 0.000000000000000000e+00 0.000000000000000000e+00 -2.245288940240826367e-13 -3.227913941233106672e-13 -5.611675001714039920e-13 -4.214535935536569293e-13 -7.100996088561102178e-13 -8.440314044466079231e-13 -9.410249463097824903e-13 -8.828247327161450952e-13 -6.820032669684562123e-13 -4.659711220196156715e-13 -3.934964690909384340e-13 -1.761974914628560741e-10 -3.309359902104323792e-02 0.000000000000000000e+00
0.000000000000000000e+00 0.000000000000000000e+00 0.000000000000000000e+00 0.000000000000000000e+00 0.000000000000000000e+00 0.000000000000000000e+00 -4.044258398334395279e-11 1.034746057417019279e-11 -1.022718040690286167e-11 -2.841429151052337332e-11 -7.000094215887996808e-13 -3.592865027872026999e-12 -4.070920328870847385e-12 -1.589034965187220400e-12 -5.337598133040898661e-13 -2.769245271175433238e-13 1.491636078896151093e-13 1.405051201406207689e-12 9.684242727738785213e-13 0.000000000000000000e+00
0.000000000000000000e+00 0.000000000000000000e+00 0.000000000000000000e+00 0.000000000000000000e+00 0.000000000000000000e+00 0.000000000000000000e+00 2.227353813567718490e-12 -1.062260853739427121e-11 -1.229810269955703127e-12 -4.847017059890071088e-12 -1.688135824247349176e-12 1.490523998107953274e-12 -6.340001932851794614e-13 4.027808544337959266e-15 3.947116265569458980e-14 -1.667068999648597240e-13 -4.709829528465776972e-11 1.537660078533865802e-12 1.000831585855735584e-12 0.000000000000000000e+00
0.000000000000000000e+00 0.000000000000000000e+00 0.000000000000000000e+00 0.000000000000000000e+00 0.000000000000000000e+00 0.000000000000000000e+00 -1.342192347459132291e-11 1.340879069026485226e-12 -1.363177070357588420e-11 -1.092782020652081976e-11 -2.484058882695217064e-14 -9.899334199241111455e-13 -1.689020613252257917e-12 -5.852868972544183655e-13 -2.093379622167378252e-13 -1.687264790889980131e-13 7.554623609744107071e-14 3.452056792244352461e-13 -6.571369401775646416e-10 0.000000000000000000e+00
0.000000000000000000e+00 0.000000000000000000e+00 0.000000000000000000e+00 0.000000000000000000e+00 0.000000000000000000e+00 0.000000000000000000e+00 -2.338123077847376090e-12 -3.546601335396277570e-12 -1.175413395049079273e-11 -4.793153124085794792e-12 -3.830774688326570575e-14 9.963201925058166334e-14 -7.311777111196995170e-13 -1.338393950380163327e-13 -4.820224084773269813e-14 -8.969127381952338464e-14 2.096759296320805024e-14 2.761149687551688817e-14 -8.208168821010505668e-10 0.000000000000000000e+00
0.000000000000000000e+00 0.000000000000000000e+00 0.000000000000000000e+00 0.000000000000000000e+00 0.000000000000000000e+00 0.000000000000000000e+00 -4.014852402684987619e-10 -1.296451615473646217e-10 -1.013107999205184833e-10 -5.635784912205235938e-11 -3.192416770506956052e-11 -3.789098901371224422e-11 -3.881750279533657032e-13 -1.378599838276217673e-11 -8.715508350198793296e-12 -4.584128864679666480e-12 2.120293309039312131e-12 1.818352368196247105e-11 3.455620490210822945e-11 0.000000000000000000e+00
0.000000000000000000e+00 0.000000000000000000e+00 0.000000000000000000e+00 0.000000000000000000e+00 0.000000000000000000e+00 0.000000000000000000e+00 5.564196161204744885e-11 1.383528982103088208e-11 -2.645515133070770453e-11 -2.622907503970991551e-12 -2.978121325919610568e-12 5.668970909345961887e-12 -1.558463258974998366e-12 3.070727242360620820e-13 -4.366591064845181117e-12 -7.886726160800810741e-12 -1.206470651594899504e-08 2.006295946182175558e-11 3.485710361660205595e-11 0.000000000000000000e+00
0.000000000000000000e+00 0.000000000000000000e+00 0.000000000000000000e+00 0.000000000000000000e+00 0.000000000000000000e+00 0.000000000000000000e+00 -1.639511897004457584e-10 -1.837967152999278690e-11 -7.154922252807104756e-11 -2.763102486936663863e-11 -1.105843807189485847e-11 -1.198504253225607260e-11 -1.276356599862257749e-12 -5.278109789595636124e-12 -3.559795781924714854e-12 -3.217274160026153267e-12 1.173734737942614325e-12 6.048627934327295716e-12 -3.945004630593876050e-09 0.000000000000000000e+00
0.000000000000000000e+00 0.000000000000000000e+00 0.000000000000000000e+00 0.000000000000000000e+00 0.000000000000000000e+00 0.000000000000000000e+00 -5.831441246671882865e-11 1.553243048902017032e-11 -5.420885551139465965e-11 -1.588896892221815735e-11 -3.729338020573846623e-12 -1.786367754082418348e-12 -1.708743547845440959e-12 -1.744760394721224700e-12 -9.624302792531754297e-13 -2.121426124889729275e-12 5.700632951938216251e-13 1.557657527887129367e-12 -4.673656286081537890e-09 0.000000000000000000e+00
0.000000000000000000e+00 0.000000000000000000e+00 0.000000000000000000e+00 0.000000000000000000e+00 0.000000000000000000e+00 0.000000000000000000e+00 -1.108896678985394915e-12 4.090864820411187034e-12 1.870313626290599268e-12 3.425184949588887784e-12 -6.646616361781065670e-13 -1.414168090656259016e-12 -2.419520740842827692e-13 -3.362653894305444351e-13 -5.186574813853842766e-13 -4.800589780378557268e-13 -1.336481767281322230e-12 -2.645321234608776959e-11 1.793526399469137278e-08 0.000000000000000000e+00
0.000000000000000000e+00 0.000000000000000000e+00 0.000000000000000000e+00 0.000000000000000000e+00 0.000000000000000000e+00 0.000000000000000000e+00 -2.664720175127029900e-11 1.611308772412842735e-11 3.547264263247783804e-12 5.922312245857473153e-12 1.609836264549848673e-12 1.112351439874159842e-12 1.470867340029771809e-12 1.241535099459192736e-13 5.170012932074967537e-14 -3.091143723977216440e-12 -1.725667773050580667e-02 -2.180388243752742053e-11 1.803999282034992265e-08 0.000000000000000000e+00
0.000000000000000000e+00 0.000000000000000000e+00 0.000000000000000000e+00 0.000000000000000000e+00 0.000000000000000000e+00 0.000000000000000000e+00 -1.760747853838145018e-12 -1.849936552249209623e-12 -6.280610647160532714e-14 1.030393218742118818e-12 -7.696425594649418596e-13 -7.608827746342822381e-13 -1.885948434418763844e-13 -3.603170577094464844e-13 -4.859129052522842276e-13 -2.884846409897747369e-13 -1.252488252546466274e-12 -5.404123445917616827e-11 -6.640752112931745943e-01 0.000000000000000000e+00
0.000000000000000000e+00 0.000000000000000000e+00 0.000000000000000000e+00 0.000000000000000000e+00 0.000000000000000000e+00 0.000000000000000000e+00 -3.782197972669361495e-12 -5.362017250179406543e-13 6.205278075747723906e-13 -4.601527110644756703e-13 -7.424778190758705244e-13 6.240502472647612722e-14 -1.342354396699866714e-13 -4.212229783770276035e-13 -4.917732486630285331e-13 -2.444516859415223044e-13 -1.275770618264651048e-12 -8.197052723484002960e-11 -9.899044819782188975e-01 0.000000000000000000e+00
0.000000000000000000e+00 0.000000000000000000e+00 0.000000000000000000e+00 0.000000000000000000e+00 0.000000000000000000e+00 0.000000000000000000e+00 4.780423870143224135e-13 5.998002458863001247e-13 2.084973391046917637e-13 2.980327685312343824e-13 3.675527009746914197e-13 3.577905131988959523e-13 3.351494370710517903e-13 2.202249015789012860e-13 1.137997025406932368e-13 2.284555694408920266e-14 3.271291279855463603e-14 5.064736253109135422e-11 2.185607818305819466e-07 0.000000000000000000e+00
0.000000000000000000e+00 0.000000000000000000e+00 0.000000000000000000e+00 0.000000000000000000e+00 0.000000000000000000e+00 0.000000000000000000e+00 1.391028228169973067e-13 1.956878176907480709e-14 -1.152793308370064585e-13 3.572257593358051081e-13 3.388551632659539663e-13 2.556803700776906051e-13 2.095085898540165026e-13 1.237493227986921176e-13 5.785873792198958836e-14 1.672383088886758077e-14 -1.279311599744647432e-07 5.917352623926069396e-11 2.186215875586397697e-07 0.000000000000000000e+00
0.000000000000000000e+00 0.000000000000000000e+00 0.000000000000000000e+00 0.000000000000000000e+00 0.000000000000000000e+00 0.000000000000000000e+00 1.989262001568601004e-13 -2.850081330658151737e-14 5.391623459972000017e-14 2.663853528126284817e-13 2.054088110893243974e-13 1.701598460183065651e-13 2.035287197385364280e-13 1.881175968589551359e-13 1.432710347310535391e-13 4.763550692223430081e-14 7.052134420208715226e-14 2.484240864021528800e-10 2.781143737287390394e-01 0.000000000000000000e+00
0.000000000000000000e+00 0.000000000000000000e+00 0.000000000000000000e+00 0.000000000000000000e+00 0.000000000000000000e+00 0.000000000000000000e+00 4.115802304426025865e-13 -1.864492334532540647e-13 2.174655622967875571e-14 3.544955825943204897e-13 2.894672000268358380e-13 2.574470270003505975e-13 2.895320420978133023e-13 2.499383442100033947e-13 1.944811139256230477e-13 7.686582703809353011e-14 1.503269430536484010e-13 3.389451302509003940e-10 3.905510484951033590e-01 0.000000000000000000e+00
0.000000000000000000e+00 0.000000000000000000e+00 0.000000000000000000e+00 0.000000000000000000e+00 0.000000000000000000e+00 0.000000000000000000e+00 -8.196064344240327866e-11 -1.443135483228354325e-11 -4.107507212160897934e-11 -9.343582458715466323e-11 -6.110385397712764451e-11 -2.800240235565968209e-11 -1.668599151951191648e-11 -6.238008720719636855e-12 -2.383916125305258311e-12 -4.448553438559908693e-13 4.843621691039661623e-13 7.066379580672287030e-12 -3.415600138793333021e-12 0.000000000000000000e+00
0.000000000000000000e+00 0.000000000000000000e+00 0.000000000000000000e+00 0.000000000000000000e+00 0.000000000000000000e+00 0.000000000000000000e+00 7.222589932044286436e-11 8.373748680109665715e-11 -1.885989448622161750e-11 -3.858972876693674224e-11 1.107263785796945175e-11 9.735020373753313273e-12 -2.108161402563806097e-12 1.653248350256948738e-12 6.874230897479968815e-13 2.950004625504363781e-13 -7.276658944575150841e-12 7.130591491314411586e-12 -2.867988233765619588e-12 0.000000000000000000e+00
0.000000000000000000e+00 0.000000000000000000e+00 0.000000000000000000e+00 0.000000000000000000e+00 0.000000000000000000e+00 0.000000000000000000e+00 5.334685140243294520e-11 4.164220022039415388e-12 -4.684127783080575622e-12 -3.832509429523648686e-11 2.436857580820806551e-11 9.494575758519735026e-12 3.930747141851190803e-13 3.363276068573430499e-13 2.460077686574394318e-13 1.690596012774688896e-13 -1.698658815691594731e-13 -1.852692294622776284e-12 -3.312594590843553752e-08 0.000000000000000000e+00
0.000000000000000000e+00 0.000000000000000000e+00 0.000000000000000000e+00 0.000000000000000000e+00 0.000000000000000000e+00 0.000000000000000000e+00 8.697383865572790478e-11 2.708647749100638759e-11 -8.392668879485929486e-13 -1.941380565204552594e-11 4.619573475909291962e-11 2.001723285514832967e-11 4.782789734939555623e-12 2.613549974686936263e-12 1.143821854471477802e-12 5.291972889704502135e-13 -4.486308249545275830e-13 -3.891970361663569578e-12 -3.997944139522686539e-08 0.000000000000000000e+00
0.000000000000000000e+00 0.000000000000000000e+00 0.000000000000000000e+00 0.000000000000000000e+00 0.000000000000000000e+00 0.000000000000000000e+00 -6.235014527146371102e-10 -7.598747466187208571e-11 -7.083445078387180024e-11 -3.879951658574916882e-10 -1.777939463349157662e-10 -2.090053849603597495e-10 -1.045438986462746840e-10 -3.476953685739075123e-11 -2.051444925893897582e-11 -2.468268527020895032e-12 4.825675265642154794e-12 9.082395518347251607e-11 1.827742465530421924e-10 0.000000000000000000e+00
0.000000000000000000e+00 0.000000000000000000e+00 0.000000000000000000e+00 0.000000000000000000e+00 0.000000000000000000e+00 0.000000000000000000e+00 2.899620076733392630e-10 4.975274358660575705e-10 -1.630885323880068716e-11 -1.299422055339785013e-10 1.129417042820100283e-10 -8.819533687085660093e-11 -1.760631391520663247e-11 1.037389726550804481e-11 1.953756328753385593e-12 4.539809179036628614e-12 -4.437849486346902343e-10 9.209909033645681468e-11 1.973678722372964288e-10 0.000000000000000000e+00
0.000000000000000000e+00 0.000000000000000000e+00 0.000000000000000000e+00 0.000000000000000000e+00 0.000000000000000000e+00 0.000000000000000000e+00 3.430641315545663257e-10 2.042421561324265636e-10 3.587808574613782730e-11 -9.174487693767960744e-11 1.140117521106205620e-10 -2.975610252673159340e-11 -8.001717199833104353e-13 4.920904324423344684e-12 -4.899402238345627370e-12 4.906113019279831305e-12 -1.579010647645788365e-12 -1.371065484343814454e-11 -1.712594217426357166e-07 0.000000000000000000e+00
0.000000000000000000e+00 0.000000000000000000e+00 0.000000000000000000e+00 0.000000000000000000e+00 0.000000000000000000e+00 0.000000000000000000e+00 5.694595410905279683e-10 3.146641763584384614e-10 5.360193783910225739e-11 -5.165853267828950457e-12 1.957028141616068604e-10 1.236947907273946785e-11 2.541365176558236604e-11 1.815011344305802491e-11 1.444631000535656645e-12 9.162939875686400429e-12 -4.494616212909286303e-12 -3.469008182447350902e-11 -1.935307715177616251e-07 0.000000000000000000e+00
0.000000000000000000e+00 0.000000000000000000e+00 0.000000000000000000e+00 0.000000000000000000e+00 0.000000000000000000e+00 0.000000000000000000e+00 -3.259232097070546604e-11 -3.478153597158785467e-11 5.145538458535542060e-12 1.820093322413343210e-11 -1.261471686542315854e-11 -8.390652367393497255e-14 -7.190390671505734644e-12 -5.359766272394249967e-12 -2.254625367707175673e-12 -3.640680136655140291e-12 -3.009612926568211868e-12 -2.082832787127574122e-10 1.973849397299423228e-07 0.000000000000000000e+00
0.000000000000000000e+00 0.000000000000000000e+00 0.000000000000000000e+00 0.000000000000000000e+00 0.000000000000000000e+00 0.000000000000000000e+00 -5.035852312866185826e-11 -4.901216251943809016e-11 -1.901037811590414281e-11 3.774287597999489188e-11 -1.066708657401544785e-11 -1.139897637989332776e-11 -1.124265502415106393e-11 -6.687900945737740202e-12 -2.434164275497386211e-12 -8.025277528334984319e-13 5.784132338617607033e-03 -2.208400969023533008e-10 1.978560293589533933e-07 0.000000000000000000e+00
0.000000000000000000e+00 0.000000000000000000e+00 0.000000000000000000e+00 0.000000000000000000e+00 0.000000000000000000e+00 0.000000000000000000e+00 -1.153278082696182657e-11 -2.317566853409822488e-11 8.976398991812869854e-12 7.774194649435894200e-12 9.750876685652597372e-13 2.398555603948486286e-13 -6.401355092768383691e-12 -5.657334316972864610e-12 -3.319105051659548422e-12 -4.789413493748913198e-12 -2.173835774794800178e-12 -2.921541671667576490e-10 -6.872039419472341315e+00 0.000000000000000000e+00
0.000000000000000000e+00 0.000000000000000000e+00 0.000000000000000000e+00 0.000000000000000000e+00 0.000000000000000000e+00 0.000000000000000000e+00 -8.867812056088061756e-12 -1.775468537835483565e-11 8.357024200638698411e-12 4.778163536584829192e-12 5.809320019637150338e-12 -2.840259033180421751e-12 -6.868290399875387177e-12 -5.250348870137869413e-12 -3.935162346159433242e-12 -5.433366603766363312e-12 -1.978467274082920639e-12 -4.174318350631174279e-10 -1.011121087541743613e+01 0.000000000000000000e+00
0.000000000000000000e+00 0.000000000000000000e+00 0.000000000000000000e+00 0.000000000000000000e+00 0.000000000000000000e+00 0.000000000000000000e+00 9.319306341262972426e-11 1.478382219873402831e-10 1.376778866757146053e-10 8.999762717484696237e-11 1.411510623519744279e-10 1.584536771189219497e-10 1.516551347283146078e-10 1.179372568380668017e-10 7.472211669970625919e-11 2.184302799262889878e-11 3.965346809320930153e-11 5.344003973011683398e-09 4.816150953881884124e-07 0.000000000000000000e+00
0.000000000000000000e+00 0.000000000000000000e+00 0.000000000000000000e+00 0.000000000000000000e+00 0.000000000000000000e+00 0.000000000000000000e+00 1.296044123238941924e-11 4.536993538444834109e-11 2.188983846536232429e-11 4.557994318991949115e-11 5.095661427538942329e-11 5.995494976598707456e-11 4.230210704134275203e-11 2.942702472761048776e-11 1.770084580559237874e-11 1.868758798518688109e-11 3.267748096187959948e-04 6.373915845375969561e-09 4.815974645754164638e-07 0.000000000000000000e+00
0.000000000000000000e+00 0.000000000000000000e+00 0.000000000000000000e+00 0.000000000000000000e+00 0.000000000000000000e+00 0.000000000000000000e+00 2.246992713453038416e-11 4.336741503612349610e-11 3.336468968701622202e-11 2.231317422852594576e-11 3.985486723499619115e-11 4.246214768805220026e-11 4.657279673232355842e-11 4.001082259561557686e-11 2.997218805245001429e-11 1.246277626845249771e-11 1.565437554063784345e-11 3.115230509727440475e-09 1.765406673639284385e+00 0.000000000000000000e+00
0.000000000000000000e+00 0.000000000000000000e+00 0.000000000000000000e+00 0.000000000000000000e+00 0.000000000000000000e+00 0.000000000000000000e+00 1.475043654538137801e-11 2.661764744837738983e-11 1.662599089491322459e-11 1.496249976291071534e-11 2.501790393248437431e-11 3.165764973560321141e-11 3.464277421636401209e-11 3.178393784005846755e-11 2.399981877477364404e-11 1.028353135731811563e-11 8.554098525755667081e-12 3.578039571184407380e-09 2.666601875174186453e+00 0.000000000000000000e+00
0.000000000000000000e+00 0.000000000000000000e+00 0.000000000000000000e+00 0.000000000000000000e+00 0.000000000000000000e+00 0.000000000000000000e+00 -1.425443927247886477e-09 1.994011450777695432e-10 -2.416613765799604182e-09 -6.651195071075916208e-10 -9.322589279670425870e-10 -4.896727502840199839e-10 -1.950741583163886883e-10 -1.637495845150684060e-10 -9.704659800340045321e-11 -3.567043548324428766e-11 2.593393420126395211e-11 1.759645733360061437e-10 2.427559889073437531e-10 0.000000000000000000e+00
0.000000000000000000e+00 0.000000000000000000e+00 0.000000000000000000e+00 0.000000000000000000e+00 0.000000000000000000e+00 0.000000000000000000e+00 2.389288236167653760e-10 4.311851192365040357e-10 -1.191406269632366509e-10 2.521283599161417957e-10 -2.139144982079961029e-10 -1.470457092223941737e-10 1.295705299983706453e-11 7.377179434307616336e-12 -7.748498670193666237e-12 -1.903824522473691179e-11 1.840767107159250010e-09 1.879919648155617345e-10 2.430774130604053053e-10 0.000000000000000000e+00
0.000000000000000000e+00 0.000000000000000000e+00 0.000000000000000000e+00 0.000000000000000000e+00 0.000000000000000000e+00 0.000000000000000000e+00 -5.516135511097371503e-10 3.376683673675297649e-10 -9.827153856384820114e-10 -5.660978741792827924e-11 -3.224090924171213793e-10 -1.829310414393717765e-10 -4.219783706370583726e-11 -5.340866117519330804e-11 -3.135562103051243199e-11 -1.703725736070652353e-11 1.098765089354138191e-11 3.856415649644802095e-11 -4.538861312830499997e-08 0.000000000000000000e+00
0.000000000000000000e+00 0.000000000000000000e+00 0.000000000000000000e+00 0.000000000000000000e+00 0.000000000000000000e+00 0.000000000000000000e+00 -1.911128723360248339e-10 3.427515567327845953e-10 -4.702078476561291505e-10 1.583213197854782450e-10 -1.149728118946335004e-10 -8.147272904651519248e-11 1.249949260887828297e-11 -8.599068609113806550e-12 -1.439417970904982583e-12 -3.446380499697179587e-12 2.222381480375198255e-12 -4.528389992290642616e-12 -5.638072996297061836e-08 0.000000000000000000e+00
0.000000000000000000e+00 0.000000000000000000e+00 0.000000000000000000e+00 0.000000000000000000e+00 0.000000000000000000e+00 0.000000000000000000e+00 -9.900845868391194708e-09 -5.926986368240429862e-09 -8.621687005395674845e-09 -2.661992348729310528e-09 -2.530399215132603863e-09 -2.386146631272922351e-09 -6.512472607605094367e-10 -1.019016509865681070e-10 -3.667177483539163791e-11 1.592536135952455448e-11 -1.007455892175817621e-12 1.855111525081584798e-11 2.466257285440055872e-10 0.000000000000000000e+00
0.000000000000000000e+00 0.000000000000000000e+00 0.000000000000000000e+00 0.000000000000000000e+00 0.000000000000000000e+00 0.000000000000000000e+00 1.879917369767499720e-09 -7.847166030738850544e-10 -1.537746665304450205e-10 5.334601810778551245e-10 -1.478835894876909370e-10 -7.554227699743259651e-10 -9.962291278503677008e-11 3.547385468902575951e-12 -3.117262710811636258e-11 9.860725498295583803e-12 -2.344329087545325184e-09 2.502416041695526597e-11 2.383500998694363540e-10 0.000000000000000000e+00
0.000000000000000000e+00 0.000000000000000000e+00 0.000000000000000000e+00 0.000000000000000000e+00 0.000000000000000000e+00 0.000000000000000000e+00 -3.981084319858103246e-09 -2.280627796139441307e-09 -2.802078964540037273e-09 -4.822993652368192694e-10 -7.892728846991792623e-10 -1.077287140949216416e-09 -2.210829268643513142e-10 -3.857647690375745123e-11 -2.640205567876776792e-11 3.932187635855783328e-12 1.735674416444965642e-12 -1.110776703676035410e-10 6.118644271037557583e-07 0.000000000000000000e+00
0.000000000000000000e+00 0.000000000000000000e+00 0.000000000000000000e+00 0.000000000000000000e+00 0.000000000000000000e+00 0.000000000000000000e+00 -1.434214668460135329e-09 -8.748001840051695388e-10 -7.176368314653952862e-10 3.275309178987295495e-10 -2.078636343518591977e-10 -5.760114134792617952e-10 -7.898562179827429714e-11 -1.243765135463825452e-11 -1.926036485405714532e-11 -5.670917898436458837e-12 3.959857200076008579e-12 -1.514223342920667684e-10 7.967053292972101913e-07 0.000000000000000000e+00
0.000000000000000000e+00 0.000000000000000000e+00 0.000000000000000000e+00 0.000000000000000000e+00 0.000000000000000000e+00 0.000000000000000000e+00 -1.083561330503793431e-10 5.506106016739069824e-11 -1.267027880497875289e-10 1.176834913064772703e-11 -7.355482226868586533e-11 -1.877153275479755512e-11 -6.864330579090612847e-11 -4.675988945091981946e-11 -2.322359831546230417e-11 -1.949462135363729971e-11 -5.971337176311908718e-11 -3.230973626164215330e-09 8.723996609686769775e-07 0.000000000000000000e+00
0.000000000000000000e+00 0.000000000000000000e+00 0.000000000000000000e+00 0.000000000000000000e+00 0.000000000000000000e+00 0.000000000000000000e+00 3.343188446870396929e-10 -2.259258527502735195e-10 -2.646294296809301639e-10 3.811533242227890551e-10 -2.317291447635172070e-10 -3.950237352091626611e-11 -1.350209187737142583e-10 -7.431544750842351029e-11 -5.869157640833940083e-11 -2.959584851540708315e-11 2.529176560398120437e-03 -3.930038197270368552e-09 8.728303300953411225e-07 0.000000000000000000e+00
0.000000000000000000e+00 0.000000000000000000e+00 0.000000000000000000e+00 0.000000000000000000e+00 0.000000000000000000e+00 0.000000000000000000e+00 -1.603880710902669173e-10 7.833894763418766972e-11 -5.449046662845785187e-11 4.648180896032419271e-11 -7.362086837947303225e-11 2.270317009335013445e-11 -6.524621098230926706e-11 -5.076991880571509539e-11 -4.625352970220877958e-11 -3.067010726618673359e-11 -3.761916585353650405e-11 -3.578400691553365307e-09 -1.091782400528064301e+01 0.000000000000000000e+00
0.000000000000000000e+00 0.000000000000000000e+00 0.000000000000000000e+00 0.000000000000000000e+00 0.000000000000000000e+00 0.000000000000000000e+00 -1.946317771974394455e-10 1.277040374702506077e-10 -7.701181197520792356e-11 6.428927615086783109e-11 -6.414588516887618792e-11 8.996240938660673118e-12 -7.480479654184877576e-11 -6.587514492403931127e-11 -6.297367297755251286e-11 -4.218120941657368500e-11 -2.787532614923466076e-11 -3.475172197923810973e-09 -1.688328175127749731e+01 0.000000000000000000e+00
0.000000000000000000e+00 0.000000000000000000e+00 0.000000000000000000e+00 0.000000000000000000e+00 0.000000000000000000e+00 0.000000000000000000e+00 -1.824817692979841914e-13 3.433101081699391314e-12 1.194667928752479819e-12 1.044292182212055918e-12 8.547665352808028784e-13 1.240013044050795894e-12 9.029466866016174442e-13 7.775114898882647395e-13 4.808352056872003853e-13 2.027825268972590596e-13 2.083872557175883744e-13 9.524059599508223720e-11 7.671757250577567632e-08 0.000000000000000000e+00
0.000000000000000000e+00 0.000000000000000000e+00 0.000000000000000000e+00 0.000000000000000000e+00 0.000000000000000000e+00 0.000000000000000000e+00 7.715365817442380004e-14 1.056210224327386373e-12 4.898946951992387389e-13 3.716819509866061475e-13 1.628847727824871240e-12 1.259590500552995860e-12 8.517977521731940874e-13 6.556847795999728121e-13 2.954086559397608042e-13 1.065757972924996569e-13 3.841657200682456733e-07 1.160133278694706187e-10 7.673312231878883907e-08 0.000000000000000000e+00
0.000000000000000000e+00 0.000000000000000000e+00 0.000000000000000000e+00 0.000000000000000000e+00 0.000000000000000000e+00 0.000000000000000000e+00 1.206873498327237527e-12 1.051612160003492813e-12 4.595791218575545313e-13 4.534950658709431673e-13 3.167850243216313829e-13 5.845421143501488368e-13 5.588791237716101709e-13 6.357951873835638534e-13 4.602416822789855472e-13 2.215002161929575754e-13 1.873603813054069034e-13 3.313955409816908147e-10 6.950377971715104852e-03 0.000000000000000000e+00
0.000000000000000000e+00 0.000000000000000000e+00 0.000000000000000000e+00 0.000000000000000000e+00 0.000000000000000000e+00 0.000000000000000000e+00 1.478476939667116094e-12 1.094541397554598341e-12 4.967796129755202122e-13 4.167769323190530026e-13 4.426506662481160214e-13 5.545448587623031763e-13 6.282329615089216407e-13 7.147329476508422109e-13 5.304384773660685932e-13 2.638692630101359192e-13 2.673775378956769890e-13 4.596927734797451704e-10 8.492017366532711442e-03 0.000000000000000000e+00
0.000000000000000000e+00 0.000000000000000000e+00 0.000000000000000000e+00 0.000000000000000000e+00 0.000000000000000000e+00 0.000000000000000000e+00 -7.918483226641780410e-11 -2.160822544990738787e-10 -2.344603716423017373e-10 -6.527155131935915253e-11 -8.346405730528973090e-11 -6.019493084205919128e-11 -2.345758976249347290e-11 -1.369394312389651430e-11 -5.852001651734742186e-12 -1.669439186022929812e-12 1.169248830131573479e-12 1.157393516554923643e-11 8.362816115613758929e-12 0.000000000000000000e+00
0.000000000000000000e+00 0.000000000000000000e+00 0.000000000000000000e+00 0.000000000000000000e+00 0.000000000000000000e+00 0.000000000000000000e+00 -2.993287938967391186e-11 -1.779804036906947021e-11 -2.997015924756882519e-10 -2.807270337349184018e-11 1.562937440379831259e-12 -3.809998605318425080e-11 -1.550487704966819150e-11 -1.022964716727600163e-12 -1.240302100393802470e-12 -3.916750679517671081e-13 -1.126904230279345413e-10 1.237336331336044635e-11 8.547010711638699759e-12 0.000000000000000000e+00
0.000000000000000000e+00 0.000000000000000000e+00 0.000000000000000000e+00 0.000000000000000000e+00 0.000000000000000000e+00 0.000000000000000000e+00 -2.323837561802032156e-11 -2.466008983689294242e-11 -1.707709560345797214e-10 -1.836774932878723914e-11 -2.402241813584653894e-11 -2.628999175160204583e-11 -1.660083236207753508e-11 -2.643637258344843851e-12 -2.645861503944163015e-12 -5.652831943964185422e-13 3.130373994025402376e-13 4.251314659084293221e-12 -2.010647443241554775e-08 0.000000000000000000e+00
0.000000000000000000e+00 0.000000000000000000e+00 0.000000000000000000e+00 0.000000000000000000e+00 0.000000000000000000e+00 0.000000000000000000e+00 -1.320092586630748046e-12 5.200868934798656911e-11 -1.640901929528344463e-10 -1.339147855806950450e-12 -2.695075079230560967e-12 -1.608342160912717092e-11 -1.356072083515491800e-11 8.116650338595803221e-13 -1.323246197519128902e-12 1.607829369990655268e-13 -1.515981741893307505e-13 1.881900142080351454e-12 -2.442389964834770620e-08 0.000000000000000000e+00
0.000000000000000000e+00 0.000000000000000000e+00 0.000000000000000000e+00 0.000000000000000000e+00 0.000000000000000000e+00 0.000000000000000000e+00 -1.230745526343210605e-10 -1.440950682783258450e-09 -4.635327744653332062e-10 1.264579181562480802e-10 -2.384956769646996111e-10 -1.967505968280859624e-10 -3.658801878065554122e-11 -2.014310894039041097e-11 -1.863115752775824641e-11 -3.282427031791307601e-12 1.361777837418748128e-12 4.508752873060221349e-11 -4.463092313832752839e-11 0.000000000000000000e+00
0.000000000000000000e+00 0.000000000000000000e+00 0.000000000000000000e+00 0.000000000000000000e+00 0.000000000000000000e+00 0.000000000000000000e+00 -2.129329822167800092e-10 5.966457480448946109e-10 -6.626675906634415181e-10 7.686007333856323484e-12 1.454819225890093962e-10 9.877357526054015120e-12 -4.829754664289828569e-12 -5.450997379548449898e-12 -6.050049283231355499e-12 -3.476419461502697190e-12 -2.960515742968539952e-09 5.055988120070599252e-11 -3.574881420234630409e-11 0.000000000000000000e+00
0.000000000000000000e+00 0.000000000000000000e+00 0.000000000000000000e+00 0.000000000000000000e+00 0.000000000000000000e+00 0.000000000000000000e+00 -7.590610637603427778e-11 -2.670874159063570153e-10 -3.303856096544044779e-10 9.742767839348861254e-11 -9.575238714746921392e-12 -4.832932901550317721e-11 -1.038507511299889252e-11 1.495273629523915415e-12 -1.138330393536021141e-11 -2.850231648545834059e-12 1.146618147849343693e-12 1.236210744523164613e-11 -1.591765403035761009e-07 0.000000000000000000e+00
0.000000000000000000e+00 0.000000000000000000e+00 0.000000000000000000e+00 0.000000000000000000e+00 0.000000000000000000e+00 0.000000000000000000e+00 -6.454735571909571775e-11 2.246136159634243808e-10 -3.286008040481045401e-10 9.592805518354478010e-11 7.721963625858803568e-11 1.409215535347980358e-12 -8.033227922438853040e-13 7.801336474794901155e-12 -8.938847240665658215e-12 -3.077404868267252444e-12 5.561344136637823321e-13 -8.861156711334883088e-13 -1.935555658527608486e-07 0.000000000000000000e+00
0.000000000000000000e+00 0.000000000000000000e+00 0.000000000000000000e+00 0.000000000000000000e+00 0.000000000000000000e+00 0.000000000000000000e+00 -5.942913462334049705e-11 -4.296368797380011627e-11 -6.693364528725780224e-11 6.606882918449618816e-12 8.673851636736937172e-12 -1.937459869172420531e-12 -5.878573686184682831e-12 2.717075752311352598e-12 -5.367672662725194479e-12 1.347005788014384894e-12 -4.827805302543780633e-12 -2.396278884359562873e-10 7.514839836860574315e-08 0.000000000000000000e+00
0.000000000000000000e+00 0.000000000000000000e+00 0.000000000000000000e+00 0.000000000000000000e+00 0.000000000000000000e+00 0.000000000000000000e+00 -4.049815039875955697e-10 2.004440412090549148e-10 -9.387813266004981417e-11 1.788254172478567625e-11 1.673321622132626260e-11 -6.280887725017329805e-11 -1.132923462812217346e-11 -1.358546747543752041e-12 -3.305634685761915214e-12 -1.452220706509843411e-12 -5.665671080438364031e-03 -3.215962935068195119e-10 7.531223490550406320e-08 0.000000000000000000e+00
0.000000000000000000e+00 0.000000000000000000e+00 0.000000000000000000e+00 0.000000000000000000e+00 0.000000000000000000e+00 0.000000000000000000e+00 -7.269618844627870200e-11 -7.031711352188316676e-11 -6.297428324859761785e-11 -6.576975735636404969e-12 2.079619566555058970e-11 9.731924570649870297e-12 -6.279161125635758899e-12 -1.430825766642579326e-12 -6.255433117619173942e-12 6.316921130195911138e-13 -2.167321080305856651e-12 -1.083926350744519315e-10 -4.875814705380337344e+00 0.000000000000000000e+00
0.000000000000000000e+00 0.000000000000000000e+00 0.000000000000000000e+00 0.000000000000000000e+00 0.000000000000000000e+00 0.000000000000000000e+00 -8.611809247396263196e-11 -5.446300230819842271e-11 -6.261327799895190684e-11 -9.641947652425471254e-12 1.757806053709419787e-11 1.039370907956120680e-11 -4.797905218529179094e-12 -4.608344678237526760e-12 -7.780480912955218034e-12 -1.304197989707812132e-14 -8.672617023892987332e-13 -6.540791388853141017e-11 -7.159727762277304564e+00 0.000000000000000000e+00
0.000000000000000000e+00 0.000000000000000000e+00 0.000000000000000000e+00 0.000000000000000000e+00 0.000000000000000000e+00 0.000000000000000000e+00 8.848883118943141723e-11 1.568892623464293550e-10 1.267946546259109684e-10 8.363985982703311352e-11 1.434832789507994178e-10 1.542728894269568030e-10 1.481653620780716216e-10 1.188082995868731497e-10 7.389849860220393611e-11 2.195433827159761242e-11 3.907784833073349274e-11 5.307201520043268354e-09 7.133932954273422558e-07 0.000000000000000000e+00
0.000000000000000000e+00 0.000000000000000000e+00 0.000000000000000000e+00 0.000000000000000000e+00 0.000000000000000000e+00 0.000000000000000000e+00 1.555498666218040439e-11 4.454071396360638660e-11 3.698535739636989360e-11 4.503423468307111903e-11 5.305683668359954982e-11 5.992969149191019919e-11 4.239104325762473898e-11 3.033826042732974961e-11 1.791104330563565974e-11 1.891585009023333924e-11 4.364370143892372747e-04 6.340436393362448165e-09 7.134851737268918371e-07 0.000000000000000000e+00
0.000000000000000000e+00 0.000000000000000000e+00 0.000000000000000000e+00 0.000000000000000000e+00 0.000000000000000000e+00 0.000000000000000000e+00 2.169047610107792464e-11 4.624141672075908661e-11 3.833168381673600391e-11 2.225414442931717644e-11 3.944183828513166085e-11 4.232150243289377120e-11 4.667466175625092953e-11 4.134013579080638225e-11 3.042377579752054413e-11 1.293362360504898003e-11 1.578113712609149945e-11 3.471242604633197120e-09 1.115545442244122221e+00 0.000000000000000000e+00
0.000000000000000000e+00 0.000000000000000000e+00 0.000000000000000000e+00 0.000000000000000000e+00 0.000000000000000000e+00 0.000000000000000000e+00 1.475614018252605259e-11 2.735917844087604806e-11 2.441438788486332113e-11 1.412856639877396020e-11 2.448408397214291684e-11 3.100330217818628056e-11 3.505415520439636055e-11 3.271435860712670216e-11 2.455352308192084967e-11 1.090962074867179042e-11 8.855312552478309872e-12 3.968648176656546407e-09 1.668947492696108981e+00 0.000000000000000000e+00
0.000000000000000000e+00 0.000000000000000000e+00 0.000000000000000000e+00 0.000000000000000000e+00 0.000000000000000000e+00 0.000000000000000000e+00 -1.348784044623464590e-09 2.716407916246015500e-10 -2.513984079936633018e-09 -6.508855393966094814e-10 -8.878059672556249302e-10 -4.605165116136631552e-10 -1.762823530173613503e-10 -1.561557079841428549e-10 -9.519741163778052783e-11 -3.430348895834049430e-11 2.502173213878012649e-11 1.649588700387768816e-10 2.243017521847043323e-10 0.000000000000000000e+00
0.000000000000000000e+00 0.000000000000000000e+00 0.000000000000000000e+00 0.000000000000000000e+00 0.000000000000000000e+00 0.000000000000000000e+00 4.799000552275189270e-10 5.148281249884070550e-10 -2.681048662410041263e-10 3.063583037986696341e-10 -2.208054656512762324e-10 -1.055446952850882577e-10 2.050412550402685136e-11 1.228676440147193090e-11 -9.688667659752565253e-12 -1.837473544997994281e-11 1.675660549527826231e-09 1.770537733939494185e-10 2.248385774867272073e-10 0.000000000000000000e+00
0.000000000000000000e+00 0.000000000000000000e+00 0.000000000000000000e+00 0.000000000000000000e+00 0.000000000000000000e+00 0.000000000000000000e+00 -3.929016031032310382e-10 3.063514436914473244e-10 -1.050103114076727928e-09 -2.547506801349468759e-11 -3.309682092469773017e-10 -1.750885148910137735e-10 -3.261656718300114945e-11 -4.649948627218628303e-11 -3.341144667963066680e-11 -1.628689838993232568e-11 1.075729668646751130e-11 4.498844279103608008e-11 -4.110644320431764452e-08 0.000000000000000000e+00
0.000000000000000000e+00 0.000000000000000000e+00 0.000000000000000000e+00 0.000000000000000000e+00 0.000000000000000000e+00 0.000000000000000000e+00 -7.768819989287117658e-12 2.844627741771397761e-10 -5.381160057098175256e-10 1.899650827926945050e-10 -1.397715817404317525e-10 -7.154536986751646917e-11 1.873197942270594785e-11 -2.631421501472576337e-12 -4.817061239462289287e-12 -3.102470742863354100e-12 2.353714323790470646e-12 5.340122139409695170e-12 -5.069528727554022851e-08 0.000000000000000000e+00
0.000000000000000000e+00 0.000000000000000000e+00 0.000000000000000000e+00 0.000000000000000000e+00 0.000000000000000000e+00 0.000000000000000000e+00 -1.048957163365601115e-08 -6.110887455481887004e-09 -8.726923022449567276e-09 -2.803850102139882353e-09 -2.465080790450750914e-09 -2.408249487694575084e-09 -5.947894658805735346e-10 -1.064931932086548493e-10 -3.567053524957238809e-11 1.723195467161313460e-11 3.311727734129848052e-12 7.892120063821982744e-11 -8.317935094206925378e-10 0.000000000000000000e+00
0.000000000000000000e+00 0.000000000000000000e+00 0.000000000000000000e+00 0.000000000000000000e+00 0.000000000000000000e+00 0.000000000000000000e+00 2.059309146720132229e-09 -1.215583501471857196e-09 -4.187671724022940575e-10 4.231809051981806664e-10 -4.304513271554560276e-10 -9.260421458007394540e-10 -7.096641147401152439e-11 -2.657452151935359104e-11 -1.756219473832798782e-11 1.305070183186096392e-11 -1.180645169438916611e-08 1.028668207811428049e-10 -8.334359395268193716e-10 0.000000000000000000e+00
0.000000000000000000e+00 0.000000000000000000e+00 0.000000000000000000e+00 0.000000000000000000e+00 0.000000000000000000e+00 0.000000000000000000e+00 -4.647955308727492786e-09 -2.912168991485422131e-09 -2.954846332655755148e-09 -5.583932454220217092e-10 -8.342280109945733784e-10 -1.187004597375868100e-09 -1.588872198988100954e-10 -3.912895172311620579e-11 -1.505748287962790692e-11 9.088179119569794401e-12 5.243018536795958805e-13 -1.287617222538115582e-10 5.367683135785746722e-07 0.000000000000000000e+00
0.000000000000000000e+00 0.000000000000000000e+00 0.000000000000000000e+00 0.000000000000000000e+00 0.000000000000000000e+00 0.000000000000000000e+00 -1.866119173705142542e-09 -1.711338035956575484e-09 -8.502929635031786740e-10 2.500942020355964202e-10 -3.019755144130306756e-10 -7.071194367666567837e-10 -2.065136380139234524e-11 -2.077638584256735014e-11 -3.455561911510605314e-12 1.585111109291824760e-12 -2.758874508012819339e-13 -2.039592574912733354e-10 6.799095984421721914e-07 0.000000000000000000e+00
0.000000000000000000e+00 0.000000000000000000e+00 0.000000000000000000e+00 0.000000000000000000e+00 0.000000000000000000e+00 0.000000000000000000e+00 -5.779628476227758909e-11 -1.445064703946052623e-10 -8.498004839016359695e-11 6.792611020291369540e-12 -7.705429804839756963e-11 1.551811290774842179e-11 -6.980593763507072278e-11 -4.505707760150510392e-11 -2.779357936215917537e-11 -2.696761093936015085e-11 -6.245661375842563114e-11 -2.806794270555263370e-09 1.004555373093342489e-06 0.000000000000000000e+00
0.000000000000000000e+00 0.000000000000000000e+00 0.000000000000000000e+00 0.000000000000000000e+00 0.000000000000000000e+00 0.000000000000000000e+00 2.679814065040433712e-10 -1.450906955359522978e-10 -2.066914841396558395e-10 4.946603004382673978e-10 -1.600879213811020850e-10 4.457506712042534646e-11 -1.898995525624243821e-10 -8.879161777891699625e-11 -5.785888271604142222e-11 -2.892488585216898387e-11 -2.705922290471013403e-02 -3.517812639106070925e-09 1.005692513622485371e-06 0.000000000000000000e+00
0.000000000000000000e+00 0.000000000000000000e+00 0.000000000000000000e+00 0.000000000000000000e+00 0.000000000000000000e+00 0.000000000000000000e+00 -1.599927335518389689e-10 -8.229278548703918143e-11 -1.691815003194143694e-11 3.309856875970625048e-11 -8.411633105139988959e-11 6.783189059478063171e-11 -8.494173256016087950e-11 -5.870641569248170908e-11 -5.202432636066288461e-11 -4.073056973715665627e-11 -4.467810516996013412e-11 -2.464745948985932140e-09 -2.342181243359985388e+01 0.000000000000000000e+00
0.000000000000000000e+00 0.000000000000000000e+00 0.000000000000000000e+00 0.000000000000000000e+00 0.000000000000000000e+00 0.000000000000000000e+00 -2.104864485477122979e-10 -8.290169006372930870e-12 -2.126847951883414886e-11 5.169428594301916950e-11 -8.224471360361883652e-11 6.301859945746716313e-11 -1.039589924136216828e-10 -7.587252366993385722e-11 -6.863087305249909166e-11 -5.346749318186628593e-11 -3.653662307620823343e-11 -2.295078585919266187e-09 -3.502958194695051475e+01 0.000000000000000000e+00
0.000000000000000000e+00 0.000000000000000000e+00 0.000000000000000000e+00 0.000000000000000000e+00 0.000000000000000000e+00 0.000000000000000000e+00 1.500390824874038260e-10 2.634792117382100945e-10 1.356206218478503139e-10 7.575061135553297481e-11 1.592356143390315277e-10 1.828768107977684737e-10 1.791374196746120641e-10 1.419898713642517249e-10 8.717385612084970214e-11 2.540358417165894266e-11 4.604319230051090796e-11 6.319341345243956151e-09 1.197289187226127104e-06 0.000000000000000000e+00
0.000000000000000000e+00 0.000000000000000000e+00 0.000000000000000000e+00 0.000000000000000000e+00 0.000000000000000000e+00 0.000000000000000000e+00 5.345675243302123238e-11 4.792493277545804099e-11 4.079000686435891636e-11 4.748850160858629951e-11 6.124284699838880281e-11 7.965256546200015183e-11 5.188936717272116451e-11 3.495693833983117120e-11 2.062598724859178263e-11 2.070938364860999734e-11 -1.065688380307372256e-04 7.516825935990924087e-09 1.196935150929708186e-06 0.000000000000000000e+00
0.000000000000000000e+00 0.000000000000000000e+00 0.000000000000000000e+00 0.000000000000000000e+00 0.000000000000000000e+00 0.000000000000000000e+00 3.321776390118922828e-11 6.361589390991717872e-11 4.146085850907646489e-11 1.841173058818667975e-11 4.506351964552614682e-11 5.146086403812554000e-11 5.652576733639411834e-11 4.782796721169326487e-11 3.605946044651670344e-11 1.479814888783539233e-11 1.886419861787442664e-11 4.568015430656458207e-09 2.914775205171591388e+00 0.000000000000000000e+00
0.000000000000000000e+00 0.000000000000000000e+00 0.000000000000000000e+00 0.000000000000000000e+00 0.000000000000000000e+00 0.000000000000000000e+00 2.849353611634761805e-11 3.160422533165035911e-11 3.009623081228071772e-11 1.207832016636958106e-11 3.003427639206349795e-11 4.032395682923225825e-11 4.249347234135242408e-11 3.773342564440506687e-11 2.917930917900738222e-11 1.249791349708446906e-11 1.100683411823172370e-11 5.350992113836599376e-09 4.207020736817094431e+00 0.000000000000000000e+00
0.000000000000000000e+00 0.000000000000000000e+00 0.000000000000000000e+00 0.000000000000000000e+00 0.000000000000000000e+00 0.000000000000000000e+00 -1.890816864392970493e-09 -4.529385383708807074e-10 -3.458501375997466933e-09 -5.011028114092643658e-10 -1.025707729805043236e-09 -6.292497642539787933e-10 -1.986934495676953032e-10 -1.793935665203261421e-10 -1.057006203401268354e-10 -3.669935518729242098e-11 2.697371387280185557e-11 1.814652052798003424e-10 2.659303802967381904e-10 0.000000000000000000e+00
0.000000000000000000e+00 0.000000000000000000e+00 0.000000000000000000e+00 0.000000000000000000e+00 0.000000000000000000e+00 0.000000000000000000e+00 3.803040271137044015e-10 6.512180200610561869e-10 -1.074156908433495725e-09 8.179463949027789002e-10 -3.261195896732562035e-10 -2.167097833244992882e-10 2.333159504341465766e-12 6.175874443826856669e-12 -9.880595340500532099e-12 -1.538161474127864004e-11 1.430449367993908182e-09 1.946587798197465103e-10 2.670404655486712717e-10 0.000000000000000000e+00
0.000000000000000000e+00 0.000000000000000000e+00 0.000000000000000000e+00 0.000000000000000000e+00 0.000000000000000000e+00 0.000000000000000000e+00 -6.220775630613473405e-10 -2.105613090983241037e-11 -1.783364802289805106e-09 6.365078781306883691e-11 -4.354407161564539466e-10 -2.701914726283254073e-10 -4.163835521838444288e-11 -6.270934254056984951e-11 -3.996624996194127024e-11 -1.682055635056889941e-11 1.165974911303955780e-11 4.843383326091656960e-11 -1.647463379274582391e-08 0.000000000000000000e+00
0.000000000000000000e+00 0.000000000000000000e+00 0.000000000000000000e+00 0.000000000000000000e+00 0.000000000000000000e+00 0.000000000000000000e+00 -1.159956757539097208e-10 1.255144575838402280e-10 -1.188147440200366768e-09 3.137782891020627289e-10 -2.313443666447598348e-10 -1.447181490042934841e-10 1.181412731461572922e-11 -1.383266526477348729e-11 -9.263531506887928384e-12 -2.414676312503545263e-12 2.579953796587803940e-12 4.683525076730916146e-12 -2.048388146992638002e-08 0.000000000000000000e+00
0.000000000000000000e+00 0.000000000000000000e+00 0.000000000000000000e+00 0.000000000000000000e+00 0.000000000000000000e+00 0.000000000000000000e+00 -1.545988488519451474e-08 -1.143370743592275436e-08 -1.133414213390937726e-08 -2.460898805611442399e-09 -3.104042422859608036e-09 -3.141598668348347438e-09 -6.961617909340314767e-10 -1.044593725881821999e-10 -5.657366178693857793e-11 7.593014791952969017e-12 1.113763496143521106e-11 1.783780123643629769e-10 -7.702777821346524674e-10 0.000000000000000000e+00
0.000000000000000000e+00 0.000000000000000000e+00 0.000000000000000000e+00 0.000000000000000000e+00 0.000000000000000000e+00 0.000000000000000000e+00 -4.032217465661713613e-09 -3.649188779773104910e-10 -3.762397521822474797e-09 1.471323376563257706e-09 -7.210027926159230276e-10 -1.611387755232283259e-09 -1.289276141110147662e-10 2.365717724614102756e-11 -3.082151801728326093e-11 -2.435702358747840283e-11 -9.598635705733281603e-09 2.183699240677168557e-10 -7.621887673530151455e-10 0.000000000000000000e+00
0.000000000000000000e+00 0.000000000000000000e+00 0.000000000000000000e+00 0.000000000000000000e+00 0.000000000000000000e+00 0.000000000000000000e+00 -8.744224222270961923e-09 -4.116044845599233375e-09 -4.880524393076500519e-09 -2.818592341731597731e-10 -1.165144456314119365e-09 -1.744132049553246871e-09 -1.954945358619858159e-10 -2.658938598537663238e-11 -3.120477744041138331e-11 -1.086442558839652430e-11 5.794627315540112895e-12 -2.585513707830666415e-11 1.612169035330497972e-07 0.000000000000000000e+00
0.000000000000000000e+00 0.000000000000000000e+00 0.000000000000000000e+00 0.000000000000000000e+00 0.000000000000000000e+00 0.000000000000000000e+00 -5.728174741161151168e-09 -1.329959375919371581e-09 -2.642382825622841152e-09 6.054737139501652011e-10 -5.132298047283819643e-10 -1.199150357849473397e-09 -4.320825099741739063e-11 2.802975664996357335e-12 -1.786602490220652836e-11 -2.393342166048937492e-11 7.953641283795317298e-13 -1.187475686379861264e-10 2.293231837332035481e-07 0.000000000000000000e+00
0.000000000000000000e+00 0.000000000000000000e+00 0.000000000000000000e+00 0.000000000000000000e+00 0.000000000000000000e+00 0.000000000000000000e+00 -1.477401178579484047e-10 -1.007192173163003173e-10 -3.446725870970627022e-10 -6.783106559950805651e-12 -7.798643078642723417e-11 2.945530190543077010e-11 -5.445928091351252065e-12 -5.880153897975778829e-11 -5.586089498093659642e-11 -2.825411847133185415e-11 -7.590437859530809438e-11 -3.030196230488554064e-09 1.475497603990780352e-06 0.000000000000000000e+00
0.000000000000000000e+00 0.000000000000000000e+00 0.000000000000000000e+00 0.000000000000000000e+00 0.000000000000000000e+00 0.000000000000000000e+00 5.473546252270444341e-10 7.272622631748624906e-11 -6.192910554522516776e-10 3.507907446909340403e-10 -1.107824387801818931e-10 7.368858028192908033e-11 -9.842120107656348498e-11 -9.345868439996391049e-11 -8.133231674457123290e-11 -6.619877856286644137e-11 -4.178492294722131913e-03 -3.853106493049771101e-09 1.478884380100792287e-06 0.000000000000000000e+00
0.000000000000000000e+00 0.000000000000000000e+00 0.000000000000000000e+00 0.000000000000000000e+00 0.000000000000000000e+00 0.000000000000000000e+00 -1.596013080276273436e-10 1.015766275503017914e-11 -2.754589095393092045e-10 1.066359840765298597e-11 -9.344994150088128946e-11 9.422010068719701033e-11 -2.586881251656581016e-11 -6.298515387201984463e-11 -7.980387009666430994e-11 -4.237484278603950035e-11 -5.633577827160074924e-11 -3.015445836839335891e-09 -4.553875624743309913e+01 0.000000000000000000e+00
0.000000000000000000e+00 0.000000000000000000e+00 0.000000000000000000e+00 0.000000000000000000e+00 0.000000000000000000e+00 0.000000000000000000e+00 -1.689010195845341138e-10 1.526851868243113473e-10 -2.954036015594008322e-10 2.121973628590461466e-11 -9.152498338449526074e-11 8.929041148043766102e-11 -3.954429350813291099e-11 -7.949438798378176837e-11 -9.766370528938668324e-11 -5.679295973157876796e-11 -4.619213346051006615e-11 -3.341602496486860635e-09 -6.784990118162653516e+01 0.000000000000000000e+00
