0.000000000000000000e+00 0.000000000000000000e+00 0.000000000000000000e+00 0.000000000000000000e+00 0.000000000000000000e+00 0.000000000000000000e+00 -4.543997031048512099e-11 -3.213121749030171914e-11 -3.905292052598156800e-11 -3.577004037855602798e-11 -3.448498401250556998e-11 -2.559451678504024036e-11 -1.587824586009037053e-11 -9.842659017311824150e-12 -5.598521355707554941e-12 -2.339320687920989458e-12 -3.107748373763662486e-12 -3.863083012348536396e-10 -3.338660027565809596e-08 0.000000000000000000e+00
0.000000000000000000e+00 0.000000000000000000e+00 0.000000000000000000e+00 0.000000000000000000e+00 0.000000000000000000e+00 0.000000000000000000e+00 -3.552506876853588957e-12 -3.854406296238550268e-12 -4.745209761250099395e-12 -5.252505637089058154e-12 -6.295010782135379412e-12 -7.877186230930125387e-12 -6.276174179315410839e-12 -4.908834742942959608e-12 -3.280892785681649574e-12 -7.880035198865082825e-12 -2.963951763576428149e-04 -4.982579959825275674e-10 -3.342776771779234431e-08 0.000000000000000000e+00
0.000000000000000000e+00 0.000000000000000000e+00 0.000000000000000000e+00 0.000000000000000000e+00 0.000000000000000000e+00 0.000000000000000000e+00 -1.602171427168247426e-11 -1.002746001208256962e-11 -1.254682925714118729e-11 -1.231498067509296985e-11 -1.151781079182367409e-11 -1.013847722411597238e-11 -7.596520388719336772e-12 -5.356208866727953567e-12 -3.708158624566877485e-12 -2.141316767502649563e-12 -2.137229650868069075e-12 -6.486399829313349024e-10 -8.253915128886193942e-02 0.000000000000000000e+00
0.000000000000000000e+00 0.000000000000000000e+00 0.000000000000000000e+00 0.000000000000000000e+00 0.000000000000000000e+00 0.000000000000000000e+00 -7.429668053406052964e-12 -4.442890405186427381e-12 -5.633862380222717560e-12 -6.041841367196710930e-12 -5.767391231461859442e-12 -6.253740676918116683e-12 -5.736294089783830649e-12 -4.664343764184161988e-12 -3.572163616882175959e-12 -2.298939019352361501e-12 -2.271546085833816830e-12 -8.466576985887374802e-10 -1.200965019965099662e-01 0.000000000000000000e+00
0.000000000000000000e+00 0.000000000000000000e+00 0.000000000000000000e+00 0.000000000000000000e+00 0.000000000000000000e+00 0.000000000000000000e+00 5.661080321755908358e-11 -7.442701099679220178e-11 -1.198346439785406895e-11 -2.295624415425229552e-11 -9.210246770648445958e-12 -1.221333754196791867e-12 -5.289503137867664639e-12 -6.026714209843323754e-13 -7.798811263334882004e-13 -2.400567182976904952e-13 3.019193374326962164e-13 1.167873505267965921e-12 2.756384620614808872e-12 0.000000000000000000e+00
0.000000000000000000e+00 0.000000000000000000e+00 0.000000000000000000e+00 0.000000000000000000e+00 0.000000000000000000e+00 0.000000000000000000e+00 1.753698575573252154e-11 -2.150927468382085126e-11 -1.735953357742722104e-11 -2.054731875789908959e-12 -1.408258756193824408e-12 -8.239503065534959323e-13 7.845386290363992241e-14 3.603105808778661532e-13 -2.472592523971555007e-13 -3.781036030742727696e-13 -8.734806041231237962e-10 1.277091810016995248e-12 2.779312601175160396e-12 0.000000000000000000e+00
0.000000000000000000e+00 0.000000000000000000e+00 0.000000000000000000e+00 0.000000000000000000e+00 0.000000000000000000e+00 0.000000000000000000e+00 2.872367496487304240e-11 -3.776692055111548891e-11 -1.411047784725666988e-11 -1.110710177148606165e-11 -4.359443256015898105e-12 -1.310276166030805251e-12 -2.281934656365877799e-12 1.228311932550990236e-14 -3.647533549745423290e-13 -1.211111534597303278e-13 2.104758679359964856e-13 4.052222834302886748e-13 1.666569019242286577e-10 0.000000000000000000e+00
0.000000000000000000e+00 0.000000000000000000e+00 0.000000000000000000e+00 0.000000000000000000e+00 0.000000000000000000e+00 0.000000000000000000e+00 2.052375713300110535e-11 -2.245309970094475653e-11 -1.432046388869013879e-11 -5.762897060130320135e-12 -2.503691072166781216e-12 -1.123154481920389373e-12 -1.093364861814086809e-12 2.456076939096895115e-13 -1.706443832859174401e-13 -3.316776312895208607e-14 1.599996340288594375e-13 1.545148574330879113e-13 2.451914024259877567e-10 0.000000000000000000e+00
0.000000000000000000e+00 0.000000000000000000e+00 0.000000000000000000e+00 0.000000000000000000e+00 0.000000000000000000e+00 0.000000000000000000e+00 1.547555293373954314e-10 -2.043385369898109355e-10 -1.034874944128037064e-10 -1.000660153759312966e-10 -5.410249048382828208e-11 -4.787077357904241392e-12 -1.950829635739945965e-11 -1.037890042392469587e-11 -1.120116892038822515e-11 -2.880734688058624658e-12 2.359035280622647236e-12 1.800295679101084414e-11 1.175847875722445601e-12 0.000000000000000000e+00
0.000000000000000000e+00 0.000000000000000000e+00 0.000000000000000000e+00 0.000000000000000000e+00 0.000000000000000000e+00 0.000000000000000000e+00 6.170218436665199231e-11 -1.655429546020556704e-10 -9.554757572258853369e-11 -4.033753426279621560e-11 -3.905469731698091538e-12 6.873717340196966241e-12 1.055421464310369989e-12 -2.149809551837117096e-12 -2.546779374719880033e-12 -5.327548738375965620e-12 6.917823275093435646e-09 1.843765591968303134e-11 1.426329795774396437e-12 0.000000000000000000e+00
0.000000000000000000e+00 0.000000000000000000e+00 0.000000000000000000e+00 0.000000000000000000e+00 0.000000000000000000e+00 0.000000000000000000e+00 7.391397523555678566e-11 -1.335508368767135429e-10 -7.786711128360479693e-11 -5.046543539264259323e-11 -2.600774050711297808e-11 -1.523016016694444092e-12 -6.991719067445369453e-12 -4.188736964288590308e-12 -4.777351350488763986e-12 -1.487940472671856233e-12 1.364760525947884594e-12 3.401439380682335935e-12 1.782476678946501539e-08 0.000000000000000000e+00
0.000000000000000000e+00 0.000000000000000000e+00 0.000000000000000000e+00 0.000000000000000000e+00 0.000000000000000000e+00 0.000000000000000000e+00 4.907024549918155111e-11 -1.018402740299710902e-10 -6.818317921187662432e-11 -3.217301267995844248e-11 -1.334223827603981583e-11 1.263489701173069063e-12 -2.052575042393509311e-12 -1.703643862962716885e-12 -1.843956278463643949e-12 -4.262076771221483498e-13 7.795990281955710417e-13 -5.068811962636761076e-13 2.138525664342186190e-08 0.000000000000000000e+00
0.000000000000000000e+00 0.000000000000000000e+00 0.000000000000000000e+00 0.000000000000000000e+00 0.000000000000000000e+00 0.000000000000000000e+00 -1.255375956837023400e-11 8.193032584272618683e-13 -1.045276919067269449e-11 3.338331864851830626e-12 2.558468505451006282e-13 -3.898511289823513638e-12 -2.387406020450843026e-12 -1.439388573670810748e-13 -9.072164247221550626e-13 -6.131023771256383829e-14 -1.961170291347668159e-12 -2.593647522807648487e-11 7.864728388311960174e-09 0.000000000000000000e+00
0.000000000000000000e+00 0.000000000000000000e+00 0.000000000000000000e+00 0.000000000000000000e+00 0.000000000000000000e+00 0.000000000000000000e+00 -5.157983851165458548e-11 8.614293233954508704e-12 -1.867556383306524143e-11 3.228056895417283806e-12 8.245954677352419964e-12 -1.308056019416941739e-11 -1.483666970707607682e-12 1.252828580911465846e-12 -1.206274553129079127e-12 6.517244958377353075e-12 -3.417863331783428573e-03 -2.624677410008989005e-11 7.536458638414331564e-09 0.000000000000000000e+00
0.000000000000000000e+00 0.000000000000000000e+00 0.000000000000000000e+00 0.000000000000000000e+00 0.000000000000000000e+00 0.000000000000000000e+00 -2.228988471537766505e-11 -4.942598889415592099e-12 -1.143580718184790225e-11 5.646180336903304170e-12 1.087942757394315806e-12 -3.973685765523247983e-12 -1.761797889236761034e-12 9.209029571415913796e-13 -3.095393534014966227e-13 -3.068734655039976257e-14 -1.417658251645600541e-12 -5.053018108333032359e-11 -1.114330946318266707e-01 0.000000000000000000e+00
0.000000000000000000e+00 0.000000000000000000e+00 0.000000000000000000e+00 0.000000000000000000e+00 0.000000000000000000e+00 0.000000000000000000e+00 -2.509995216417368075e-11 -5.147399989644484369e-12 -1.231736047444584857e-11 6.302946480599256553e-12 1.910132651333645344e-12 -4.093932973367965589e-12 -1.249740497759486769e-12 1.418960664850892358e-12 -1.171737814277167620e-13 -3.227275532100356389e-14 -9.482587268200149586e-13 -5.710152358842808824e-11 -1.576990620003239085e-01 0.000000000000000000e+00
0.000000000000000000e+00 0.000000000000000000e+00 0.000000000000000000e+00 0.000000000000000000e+00 0.000000000000000000e+00 0.000000000000000000e+00 5.275143029230497918e-13 1.086926953650778143e-12 3.766520031877347234e-13 2.927428904136331141e-13 4.314944614194620168e-13 4.722699348167810179e-13 3.672159184073875268e-13 2.545508178127222526e-13 1.227957963386063044e-13 2.461246693962479519e-14 3.321934838735386549e-14 5.188041520907917322e-11 1.617968743926901876e-07 0.000000000000000000e+00
0.000000000000000000e+00 0.000000000000000000e+00 0.000000000000000000e+00 0.000000000000000000e+00 0.000000000000000000e+00 0.000000000000000000e+00 1.899664287277535526e-13 -6.008968216748129792e-14 9.782057855852888477e-14 3.786898396496772506e-13 3.904859304966440041e-13 4.116427468581620695e-13 2.027284327029006282e-13 1.963254905077293813e-13 6.404350018042149965e-14 1.818308065252230416e-14 -4.309834920738318651e-07 6.185752951253043462e-11 1.618062408839703701e-07 0.000000000000000000e+00
0.000000000000000000e+00 0.000000000000000000e+00 0.000000000000000000e+00 0.000000000000000000e+00 0.000000000000000000e+00 0.000000000000000000e+00 -9.789548264413263133e-14 2.895416020859596844e-13 6.561097799857174348e-14 2.422425010950894032e-13 1.873035611784928468e-13 2.330114461393772962e-13 2.462211548525530720e-13 2.577544502997443555e-13 1.530035613691290840e-13 5.109609074596817908e-14 7.339438199453085584e-14 2.604577794056247011e-10 1.785687811271436387e-01 0.000000000000000000e+00
0.000000000000000000e+00 0.000000000000000000e+00 0.000000000000000000e+00 0.000000000000000000e+00 0.000000000000000000e+00 0.000000000000000000e+00 1.206737963279856229e-14 4.430726845868490974e-13 1.180223682040470533e-13 3.506393133447880034e-13 2.081098993048695549e-13 2.955879231493811569e-13 3.199552363584151847e-13 3.405609018353349331e-13 2.054582480326515485e-13 8.212881613848195508e-14 1.525877071216312688e-13 3.577458360457543897e-10 2.626825185949167585e-01 0.000000000000000000e+00
0.000000000000000000e+00 0.000000000000000000e+00 0.000000000000000000e+00 0.000000000000000000e+00 0.000000000000000000e+00 0.000000000000000000e+00 2.229435457893821864e-10 3.869849477447399124e-11 -7.526178459240950298e-11 -5.065042440392705964e-11 -7.753442554733963841e-11 -2.747551445949325994e-11 -1.166879355837832343e-11 -6.547047505434808691e-12 -1.842065166168090906e-12 -3.736510972124503153e-13 4.767227941630825166e-13 7.090516903719162554e-12 1.054679836716025612e-11 0.000000000000000000e+00
0.000000000000000000e+00 0.000000000000000000e+00 0.000000000000000000e+00 0.000000000000000000e+00 0.000000000000000000e+00 0.000000000000000000e+00 2.224024806836076096e-10 -1.036089842401654153e-11 -3.313208348266742256e-11 4.176842656502690511e-11 -2.754395732809360235e-11 -1.182104166043763440e-11 2.711559065449497533e-12 -4.561297450285096708e-14 1.217200718473378883e-12 3.766874182356889004e-13 6.385328878109196603e-12 7.538115009290449702e-12 1.056352757832138879e-11 0.000000000000000000e+00
0.000000000000000000e+00 0.000000000000000000e+00 0.000000000000000000e+00 0.000000000000000000e+00 0.000000000000000000e+00 0.000000000000000000e+00 6.906547200050848070e-11 7.094845758123607930e-11 1.451414155272662628e-11 4.460935167509387501e-11 -4.041145939087827388e-12 -5.425230386628365415e-13 4.212205567574533888e-12 1.411997269472651398e-12 1.383107097531692338e-12 2.877174334687315435e-13 -1.080363172654526791e-13 -3.603270333709039377e-12 -2.267414702448543183e-08 0.000000000000000000e+00
0.000000000000000000e+00 0.000000000000000000e+00 0.000000000000000000e+00 0.000000000000000000e+00 0.000000000000000000e+00 0.000000000000000000e+00 3.547999592367609091e-11 6.376765224974287941e-11 3.470172576329895406e-11 6.704095885763179902e-11 1.294934121162960902e-11 6.262489347885948835e-12 7.863570669040764454e-12 3.362929025104834573e-12 2.333231645847847653e-12 6.748709395652105536e-13 -3.748596427202515457e-13 -6.231565929930136141e-12 -2.796856113263416236e-08 0.000000000000000000e+00
0.000000000000000000e+00 0.000000000000000000e+00 0.000000000000000000e+00 0.000000000000000000e+00 0.000000000000000000e+00 0.000000000000000000e+00 2.338917237174084193e-10 1.232614160115072889e-09 -5.265906494555368361e-10 -1.240661390306132227e-10 -2.853550158336589444e-10 -2.004911998340047731e-10 -5.319989758011210315e-11 -2.955768887963459321e-11 -1.927145745206863785e-11 -3.978843667221730034e-12 5.145893149174036529e-12 4.246876883569329893e-11 8.796360818903441034e-11 0.000000000000000000e+00
0.000000000000000000e+00 0.000000000000000000e+00 0.000000000000000000e+00 0.000000000000000000e+00 0.000000000000000000e+00 0.000000000000000000e+00 4.600963169844190253e-10 1.509860640689780642e-10 2.880806886361498530e-10 1.608454340025598718e-10 -2.636249977684165248e-11 -3.986313287081641616e-11 2.477481767038072813e-11 7.218262672281752747e-12 5.400060873146655000e-12 4.302792190422188317e-13 -5.357046453848619441e-10 4.881988805147719350e-11 9.486305468173954052e-11 0.000000000000000000e+00
0.000000000000000000e+00 0.000000000000000000e+00 0.000000000000000000e+00 0.000000000000000000e+00 0.000000000000000000e+00 0.000000000000000000e+00 2.382083783973413558e-10 5.179537630911822771e-10 3.285949591462820569e-10 1.254020941204994921e-10 1.089307879064807288e-11 6.451873896932569812e-12 1.932285298007181017e-11 6.909903082983869753e-12 1.315875642069117855e-12 -1.030187579293248819e-12 -4.225316721935085341e-13 -5.957897613892312874e-11 -1.419600044364504781e-07 0.000000000000000000e+00
0.000000000000000000e+00 0.000000000000000000e+00 0.000000000000000000e+00 0.000000000000000000e+00 0.000000000000000000e+00 0.000000000000000000e+00 2.292575854401977471e-10 2.342947884890056786e-10 5.498751683996217795e-10 1.977496373768884117e-10 7.952138700217388858e-11 5.725144103768230411e-11 4.010156029215074261e-11 1.844004955974461505e-11 8.507318460735671479e-12 7.251559420835176233e-13 -3.160851104996789301e-12 -8.277426510182817140e-11 -1.608286293168574442e-07 0.000000000000000000e+00
0.000000000000000000e+00 0.000000000000000000e+00 0.000000000000000000e+00 0.000000000000000000e+00 0.000000000000000000e+00 0.000000000000000000e+00 7.255737597262134608e-11 3.118026458516148093e-12 1.688325248005058892e-11 -1.159820516665001658e-11 4.412427570139221587e-12 -1.633434079703279460e-12 1.186236060492260948e-12 -2.479617635185366630e-12 -6.998387906855105876e-12 -5.351909577091359086e-13 -4.844981012147583496e-12 -3.900875829212897850e-10 2.265334404998561541e-07 0.000000000000000000e+00
0.000000000000000000e+00 0.000000000000000000e+00 0.000000000000000000e+00 0.000000000000000000e+00 0.000000000000000000e+00 0.000000000000000000e+00 5.804313583339753497e-11 2.007209495442432816e-11 1.235222344986970817e-11 1.861252929985749275e-11 8.970896468934887645e-12 -1.392992727873408215e-11 -3.852223575528311494e-12 5.958285594948805771e-12 -5.135636202826158633e-12 -8.652738449130679481e-13 6.589434251622111952e-03 -3.124814980513862321e-10 2.269587795589424372e-07 0.000000000000000000e+00
0.000000000000000000e+00 0.000000000000000000e+00 0.000000000000000000e+00 0.000000000000000000e+00 0.000000000000000000e+00 0.000000000000000000e+00 4.585982403859835154e-12 2.737940021129637866e-11 -1.271090113418332012e-11 -1.995943321464649990e-11 8.908141134463297082e-12 -2.262883919385194120e-12 -5.117531363752489059e-12 1.161119079707379323e-12 -8.646652692874435639e-12 -1.321670415803561051e-12 -5.367849066432137395e-12 -5.742655542227019691e-10 -8.268922324803302359e+00 0.000000000000000000e+00
0.000000000000000000e+00 0.000000000000000000e+00 0.000000000000000000e+00 0.000000000000000000e+00 0.000000000000000000e+00 0.000000000000000000e+00 -8.701649279037941301e-12 2.671392031142481375e-11 -1.647315855054887799e-11 -1.576501078914116687e-11 1.270421179735524375e-11 -3.782474246775031775e-12 -7.741803701804242177e-12 2.088178641530185619e-12 -9.722684667203915825e-12 -1.785994095895348340e-12 -6.483887024098715284e-12 -6.538330465516555067e-10 -1.220847980815747569e+01 0.000000000000000000e+00
0.000000000000000000e+00 0.000000000000000000e+00 0.000000000000000000e+00 0.000000000000000000e+00 0.000000000000000000e+00 0.000000000000000000e+00 3.475290171151348903e-11 1.748063944790876185e-10 1.804920446540263318e-10 9.734913123797963058e-11 1.227999233303512951e-10 1.621925907553916687e-10 1.640110292177164482e-10 1.361943835126213002e-10 8.133242306226863283e-11 2.539629301498671610e-11 5.427523710906090979e-11 5.715875433705173600e-09 5.760116744612573684e-07 0.000000000000000000e+00
0.000000000000000000e+00 0.000000000000000000e+00 0.000000000000000000e+00 0.000000000000000000e+00 0.000000000000000000e+00 0.000000000000000000e+00 2.594550010827032152e-11 6.989849825311792452e-11 3.493391988338707925e-11 5.240793329151092559e-11 4.897515824662552649e-11 3.976573105298836912e-11 2.998616419171406752e-11 2.410742472135941675e-11 2.058541867709858568e-11 3.506884115473934394e-11 1.276877265273563579e-03 6.678795697100004870e-09 5.762210047690295209e-07 0.000000000000000000e+00
0.000000000000000000e+00 0.000000000000000000e+00 0.000000000000000000e+00 0.000000000000000000e+00 0.000000000000000000e+00 0.000000000000000000e+00 7.949911513875214490e-12 6.223398121347823482e-11 3.643618256628012353e-11 2.846287806643775582e-11 3.392107447491762276e-11 4.469697714533484959e-11 4.493339866465988531e-11 4.207230638240289895e-11 3.045575260856027369e-11 1.383166763240231451e-11 2.564682617375333612e-11 3.022528429203779662e-09 1.376448815907786560e+00 0.000000000000000000e+00
0.000000000000000000e+00 0.000000000000000000e+00 0.000000000000000000e+00 0.000000000000000000e+00 0.000000000000000000e+00 0.000000000000000000e+00 6.846530140838325649e-12 4.167546213826229847e-11 1.449883728759399778e-11 2.279933421394855760e-11 2.233291771678216622e-11 2.757712953888977105e-11 2.923274725443770104e-11 2.886272488025338329e-11 2.170317470984943402e-11 1.059975459875164206e-11 1.542713335409380393e-11 3.481970190470578853e-09 2.067023028848310240e+00 0.000000000000000000e+00
0.000000000000000000e+00 0.000000000000000000e+00 0.000000000000000000e+00 0.000000000000000000e+00 0.000000000000000000e+00 0.000000000000000000e+00 1.241984321721639648e-09 1.262928273550236698e-09 -2.938934584156819189e-09 -1.506231601807479358e-09 -6.276609671619247696e-10 -6.028728798067478774e-10 -2.875837822741069006e-10 -1.768011010396061914e-10 -9.449739260134428217e-11 -3.270109062800862342e-11 2.504346021850538953e-11 1.789319370276887301e-10 1.686978867376383411e-10 0.000000000000000000e+00
0.000000000000000000e+00 0.000000000000000000e+00 0.000000000000000000e+00 0.000000000000000000e+00 0.000000000000000000e+00 0.000000000000000000e+00 2.360539870053363322e-10 5.709159918538133439e-10 -8.503439090445712658e-10 -3.135691546243347804e-10 -7.733623712643838914e-11 -1.013264160328235732e-10 1.035316981048147806e-11 -5.350424837735978817e-12 -1.639680024524347147e-11 -1.824332414253625990e-11 7.824560058659474381e-09 1.884090225326856670e-10 1.684565531320551452e-10 0.000000000000000000e+00
0.000000000000000000e+00 0.000000000000000000e+00 0.000000000000000000e+00 0.000000000000000000e+00 0.000000000000000000e+00 0.000000000000000000e+00 1.414487574831571133e-10 5.059617065427270223e-10 -1.138112149163637450e-09 -5.797894714587593117e-10 -1.808538037406611450e-10 -1.988630645996207026e-10 -7.238006080753671006e-11 -6.591672869252217623e-11 -3.463650667309492863e-11 -1.385975355859649008e-11 1.053390408682758467e-11 4.441496861139366060e-11 4.723902993745389602e-08 0.000000000000000000e+00
0.000000000000000000e+00 0.000000000000000000e+00 0.000000000000000000e+00 0.000000000000000000e+00 0.000000000000000000e+00 0.000000000000000000e+00 -1.278146690392181803e-10 2.796344392885815812e-10 -5.025447249444070112e-10 -2.451977486449904728e-10 -2.016829845679620145e-11 -6.137505316311914398e-11 6.668785752817032109e-12 -2.121649621609562503e-11 -8.165232603154943012e-12 2.106774316623541028e-13 1.974544269393287241e-12 2.503740591948954905e-12 5.853839946031038307e-08 0.000000000000000000e+00
0.000000000000000000e+00 0.000000000000000000e+00 0.000000000000000000e+00 0.000000000000000000e+00 0.000000000000000000e+00 0.000000000000000000e+00 2.230595756378292117e-09 3.787793816651929255e-09 -1.447641304040212264e-08 -4.630059142720855042e-09 -2.210894079833309438e-09 -1.810380639070597922e-09 -3.008039435172499885e-11 -1.607253511536168313e-10 -2.448536887250865847e-11 2.030096642111882175e-11 3.753711573466496756e-11 -5.139815707286099646e-11 -1.450096019682476785e-10 0.000000000000000000e+00
0.000000000000000000e+00 0.000000000000000000e+00 0.000000000000000000e+00 0.000000000000000000e+00 0.000000000000000000e+00 0.000000000000000000e+00 2.155183176502003836e-09 5.543605467077912038e-09 -2.677157301509119326e-09 1.821357642311294251e-10 -9.159205074784887685e-10 -3.447619346506658521e-10 -4.277051412845226094e-11 -3.712475221176045992e-11 -4.579528522028604724e-11 3.666581100509180702e-11 3.935419917932196718e-08 -6.574713071561945155e-11 -1.352160391890198630e-10 0.000000000000000000e+00
0.000000000000000000e+00 0.000000000000000000e+00 0.000000000000000000e+00 0.000000000000000000e+00 0.000000000000000000e+00 0.000000000000000000e+00 6.819736922840349622e-10 3.559130782598367092e-09 -6.084792532517121290e-09 -1.115019973809650842e-09 -6.869416054510876676e-10 -4.839853629231045076e-10 8.480186712552370709e-11 -5.741018599663565235e-11 -2.818862949317532589e-11 1.091100241774328872e-11 2.303931742187223759e-11 -1.124619392544334862e-10 -1.122035035142638598e-06 0.000000000000000000e+00
0.000000000000000000e+00 0.000000000000000000e+00 0.000000000000000000e+00 0.000000000000000000e+00 0.000000000000000000e+00 0.000000000000000000e+00 4.001842694088886733e-10 3.571136896761181735e-09 -2.857604802059359209e-09 1.693136287554273556e-10 -2.298496833898944424e-10 -2.652558919189465530e-11 1.076113069769810003e-10 -3.130160180275418677e-11 -3.933574178986464077e-11 2.481052520719219220e-12 1.095102000446256582e-11 -1.358625429877630884e-10 -1.380790296905546969e-06 0.000000000000000000e+00
0.000000000000000000e+00 0.000000000000000000e+00 0.000000000000000000e+00 0.000000000000000000e+00 0.000000000000000000e+00 0.000000000000000000e+00 1.682253142437085982e-10 -4.169269518238959487e-11 1.132273918475181331e-10 -3.575052297145773886e-10 -1.109250753254983681e-10 -4.303625238089129005e-11 3.357185528318798865e-12 -9.566796287147145942e-12 -4.525700812555276159e-11 -4.513964704633777914e-12 -9.682311999164060272e-11 -3.128095840205184695e-09 6.087728454362323057e-07 0.000000000000000000e+00
0.000000000000000000e+00 0.000000000000000000e+00 0.000000000000000000e+00 0.000000000000000000e+00 0.000000000000000000e+00 0.000000000000000000e+00 2.655184820038764984e-10 4.117427343461376107e-10 1.846944938752226291e-10 -5.472780523097060204e-10 -5.674333329680275601e-10 -1.240118942805390944e-10 -1.895301682589012605e-11 -7.930005914031684641e-11 -4.997951419781978027e-11 1.669393912144977206e-12 4.068093196298713798e-02 -3.374336298430537090e-09 6.102351959376016049e-07 0.000000000000000000e+00
0.000000000000000000e+00 0.000000000000000000e+00 0.000000000000000000e+00 0.000000000000000000e+00 0.000000000000000000e+00 0.000000000000000000e+00 1.334458633322078428e-10 4.908917005668628120e-11 2.475703083945947380e-11 -3.206983288818763852e-10 -5.485722693872477413e-11 -2.721776716326216033e-11 -1.642889957564190241e-11 -3.506543547428313560e-11 -3.451971204428190814e-11 -6.860382069731165937e-12 -5.983480201681715842e-11 -4.646851183715364666e-09 -5.854917358726694054e+00 0.000000000000000000e+00
0.000000000000000000e+00 0.000000000000000000e+00 0.000000000000000000e+00 0.000000000000000000e+00 0.000000000000000000e+00 0.000000000000000000e+00 5.907681135548331621e-11 9.234623957376796726e-11 -5.860299810556434413e-12 -2.846515219363298729e-10 -3.934945234902694546e-11 -3.411947101668535659e-11 -3.019470431886031193e-11 -5.942717344511735023e-11 -4.063191390943022987e-11 -1.086550790610445258e-11 -3.659732595322882602e-11 -4.786734691021597089e-09 -8.402913633825738415e+00 0.000000000000000000e+00
0.000000000000000000e+00 0.000000000000000000e+00 0.000000000000000000e+00 0.000000000000000000e+00 0.000000000000000000e+00 0.000000000000000000e+00 7.814092970078430430e-12 1.380708979719763222e-12 8.931981017593986070e-12 2.650427060167143036e-12 2.079591799984333910e-12 2.204157285277681359e-12 1.687602725154079309e-12 1.162458269618824680e-12 6.683274423217731919e-13 2.360763299338009452e-13 2.474579883117743102e-13 9.819494015062745134e-11 8.683352262676849625e-08 0.000000000000000000e+00
0.000000000000000000e+00 0.000000000000000000e+00 0.000000000000000000e+00 0.000000000000000000e+00 0.000000000000000000e+00 0.000000000000000000e+00 2.150859709643314206e-12 4.307541201019698748e-12 4.438697809523909582e-12 2.694155300260537271e-12 3.149241298754545859e-12 2.419688517216067785e-12 1.440691057640654387e-12 8.571923062263740821e-13 3.489675806123720794e-13 1.172228270865919176e-13 5.245191713948901463e-07 1.207944955812184516e-10 8.687660184845103875e-08 0.000000000000000000e+00
0.000000000000000000e+00 0.000000000000000000e+00 0.000000000000000000e+00 0.000000000000000000e+00 0.000000000000000000e+00 0.000000000000000000e+00 1.741287152797491021e-12 7.741181972367468285e-13 1.878436536245143021e-12 7.388174657688146465e-13 1.232830928682696174e-12 1.184922898925672948e-12 1.108411059036278046e-12 9.608593248393325064e-13 5.777895131727737258e-13 2.501778233981321360e-13 2.046436638199785296e-13 3.406142585101394376e-10 2.927122461185858726e-01 0.000000000000000000e+00
0.000000000000000000e+00 0.000000000000000000e+00 0.000000000000000000e+00 0.000000000000000000e+00 0.000000000000000000e+00 0.000000000000000000e+00 7.745406349313777270e-13 7.221018209617532888e-13 1.054437716201914748e-12 7.299147022244319029e-13 1.199199670614191249e-12 1.151057180180244768e-12 1.072813794626144332e-12 1.009396962391952949e-12 6.200595106466852846e-13 2.865716575056430614e-13 2.656084539866123406e-13 4.706210272995180454e-10 4.329674817888130578e-01 0.000000000000000000e+00
0.000000000000000000e+00 0.000000000000000000e+00 0.000000000000000000e+00 0.000000000000000000e+00 0.000000000000000000e+00 0.000000000000000000e+00 1.492700570363124100e-09 1.464941600543138425e-10 -5.353540295983758741e-10 -8.733515389199737951e-11 -8.246317944614452783e-11 -5.548320711988728163e-11 -2.423907543087932548e-11 -7.825405951800141669e-12 -4.609887626546398506e-12 -1.383491460829440526e-12 1.344145519006282931e-12 1.188514221033708309e-11 3.370029072091292280e-11 0.000000000000000000e+00
0.000000000000000000e+00 0.000000000000000000e+00 0.000000000000000000e+00 0.000000000000000000e+00 0.000000000000000000e+00 0.000000000000000000e+00 -3.258314033368254798e-10 2.543692356678704611e-10 -9.947764912811166062e-11 4.217461676423647549e-11 -7.267856747101135682e-11 -1.176649370923923949e-11 -2.489601159426528522e-12 -3.024564171486057064e-13 -1.025294492372031104e-14 -2.267570330126136793e-13 4.021498769220886873e-10 1.285302433722090346e-11 3.392441358590585624e-11 0.000000000000000000e+00
0.000000000000000000e+00 0.000000000000000000e+00 0.000000000000000000e+00 0.000000000000000000e+00 0.000000000000000000e+00 0.000000000000000000e+00 4.859387847373075426e-10 1.893737319571856196e-10 -1.401817397197248651e-10 -3.097383582871567354e-11 -4.394508994174879431e-11 -2.193657765654530335e-11 -9.800618601267986591e-12 -2.303136293567905862e-12 -9.554346597867328485e-13 -5.520625129697412576e-13 4.498359730358485068e-13 5.894751846634956524e-12 4.906835255453764692e-08 0.000000000000000000e+00
0.000000000000000000e+00 0.000000000000000000e+00 0.000000000000000000e+00 0.000000000000000000e+00 0.000000000000000000e+00 0.000000000000000000e+00 4.082324954827309679e-11 1.965171052669848337e-10 -8.881790382131057496e-12 -1.181552644986878869e-11 -3.241989663692533737e-11 -9.985355276866239695e-12 -4.425924814153922329e-12 -1.104410273546680563e-13 5.417003512058230470e-13 5.691946965924266474e-14 -4.675326072943769465e-14 4.008282795070707907e-12 5.988610225610999081e-08 0.000000000000000000e+00
0.000000000000000000e+00 0.000000000000000000e+00 0.000000000000000000e+00 0.000000000000000000e+00 0.000000000000000000e+00 0.000000000000000000e+00 2.606938392362094227e-09 5.440197108310524379e-10 -3.646360736544130596e-09 -4.750298787140119204e-10 -6.928558759278172177e-10 -2.311616674003306713e-10 -7.367326144392443259e-11 -1.832886087264021408e-11 -2.605465107837050944e-11 6.354870958988609325e-13 -2.745529126256339034e-13 1.739229541291197380e-11 1.128983157444497258e-10 0.000000000000000000e+00
0.000000000000000000e+00 0.000000000000000000e+00 0.000000000000000000e+00 0.000000000000000000e+00 0.000000000000000000e+00 0.000000000000000000e+00 -8.170436952962085409e-10 2.261317748606141431e-09 -1.479754060092839314e-09 5.173208719546628440e-12 -4.805752834465971978e-10 -1.778926237769586659e-10 -1.034762475197503003e-11 -2.614509719070170650e-11 -1.069914923636348582e-11 1.429397525209310151e-12 6.191223360260003882e-10 4.743945231154885205e-12 1.219266318122622418e-10 0.000000000000000000e+00
0.000000000000000000e+00 0.000000000000000000e+00 0.000000000000000000e+00 0.000000000000000000e+00 0.000000000000000000e+00 0.000000000000000000e+00 7.561414960867738538e-10 9.375198522295009790e-10 -1.197998030840749799e-09 -2.300110935520783579e-11 -3.735359301606557420e-10 -1.306328235652393701e-10 -1.636053669862296581e-11 -9.275487799949576348e-12 -2.007123765126265916e-11 2.421284305113268268e-12 -2.369144748646585354e-13 5.342531260566247636e-11 -3.215371116803322127e-07 0.000000000000000000e+00
0.000000000000000000e+00 0.000000000000000000e+00 0.000000000000000000e+00 0.000000000000000000e+00 0.000000000000000000e+00 0.000000000000000000e+00 -6.084360639621579837e-11 1.110634930816156114e-09 -4.062679643557955303e-10 8.437578596776410671e-11 -2.731127334668127565e-10 -9.756336604988058212e-11 1.224444810744117029e-12 -1.055108196149510221e-11 -1.721392286583199686e-11 3.237724581147819445e-12 -1.023888606775555438e-13 6.348534582809074370e-11 -3.930463717534295666e-07 0.000000000000000000e+00
0.000000000000000000e+00 0.000000000000000000e+00 0.000000000000000000e+00 0.000000000000000000e+00 0.000000000000000000e+00 0.000000000000000000e+00 -1.232661004700124788e-11 4.215891077560169815e-11 9.539248038724228042e-11 2.940417873756803126e-11 -1.574146375856633291e-11 -1.082446967163044790e-11 -8.957546435858766933e-12 -8.321016448252418176e-12 -2.586556665175711913e-12 -7.163090382991581063e-13 -2.324151745785240682e-12 -2.380753239210468857e-10 3.692429290763737053e-07 0.000000000000000000e+00
0.000000000000000000e+00 0.000000000000000000e+00 0.000000000000000000e+00 0.000000000000000000e+00 0.000000000000000000e+00 0.000000000000000000e+00 -1.168206486508322744e-10 3.073354322813748896e-10 7.077257946639207282e-12 6.550307765246979760e-11 -9.535478046792086554e-11 -1.302055951726939139e-10 -2.535384878864947001e-11 -2.834916371966787308e-11 -4.535750759967695981e-12 -1.114631243728351716e-11 -2.746671381064340681e-02 -2.365229438228434207e-10 3.705178676100117974e-07 0.000000000000000000e+00
0.000000000000000000e+00 0.000000000000000000e+00 0.000000000000000000e+00 0.000000000000000000e+00 0.000000000000000000e+00 0.000000000000000000e+00 3.385829624987270818e-11 5.534122739418313403e-11 8.069986840943353426e-11 5.358069478696454909e-11 3.861363773872361656e-13 -2.024926770063733791e-11 -2.097980653444526730e-11 -1.584098295022018908e-11 -7.002459095998231380e-12 -1.223440277125154062e-12 -2.705004140399492463e-12 -1.239748689139275498e-09 -4.343351353544763427e+00 0.000000000000000000e+00
0.000000000000000000e+00 0.000000000000000000e+00 0.000000000000000000e+00 0.000000000000000000e+00 0.000000000000000000e+00 0.000000000000000000e+00 5.937204927364805611e-11 6.598346210496134494e-11 7.450553732547003052e-11 5.846114240939917374e-11 -3.506946784066873988e-12 -3.640826111460559394e-11 -2.654873846650881426e-11 -1.996041222111570145e-11 -9.873454700246206984e-12 -1.527763956730303560e-12 -3.224932871350790659e-12 -1.695566805637600229e-09 -6.107997814031381090e+00 0.000000000000000000e+00
0.000000000000000000e+00 0.000000000000000000e+00 0.000000000000000000e+00 0.000000000000000000e+00 0.000000000000000000e+00 0.000000000000000000e+00 1.747831772885127991e-11 1.791256646762243487e-10 1.849811686397610727e-10 9.488597163869900756e-11 1.198930309696510122e-10 1.636424686644067123e-10 1.614194197610881617e-10 1.352323575647916245e-10 8.092750800735519430e-11 2.546689932562166791e-11 5.423564114092665988e-11 5.560664931421153726e-09 8.907449079609956782e-07 0.000000000000000000e+00
0.000000000000000000e+00 0.000000000000000000e+00 0.000000000000000000e+00 0.000000000000000000e+00 0.000000000000000000e+00 0.000000000000000000e+00 4.760082864492138980e-12 8.738103396731902659e-11 4.107227494155432748e-11 5.499032622635203221e-11 4.539532481958411697e-11 4.680184323160668779e-11 2.990894051198007849e-11 2.490837745007281762e-11 2.114080053838254805e-11 3.563561515805645119e-11 1.124356907531775173e-03 6.556696110509024773e-09 8.910634360547739776e-07 0.000000000000000000e+00
0.000000000000000000e+00 0.000000000000000000e+00 0.000000000000000000e+00 0.000000000000000000e+00 0.000000000000000000e+00 0.000000000000000000e+00 -3.794090584801522351e-12 6.420229000024219495e-11 3.859964170007337782e-11 3.068101603882090707e-11 3.753105409567618765e-11 4.720632684826566262e-11 4.478742236600161625e-11 4.304798557002771444e-11 3.128478236692071336e-11 1.403077544715765466e-11 2.614030073362725914e-11 3.450386804570290682e-09 6.440402169603958171e-01 0.000000000000000000e+00
0.000000000000000000e+00 0.000000000000000000e+00 0.000000000000000000e+00 0.000000000000000000e+00 0.000000000000000000e+00 0.000000000000000000e+00 -2.672985905282687563e-12 4.410180384754377841e-11 1.705592704730685171e-11 2.604789405290744040e-11 2.486709040081032140e-11 3.102324611574062312e-11 2.857438266983083727e-11 2.943766341353128455e-11 2.244239898055439663e-11 1.066593514715962143e-11 1.593812769050960532e-11 4.065314587847949709e-09 8.787271886437624246e-01 0.000000000000000000e+00
0.000000000000000000e+00 0.000000000000000000e+00 0.000000000000000000e+00 0.000000000000000000e+00 0.000000000000000000e+00 0.000000000000000000e+00 6.425790723652221089e-10 1.415407088547846011e-09 -2.879436078526543637e-09 -1.382740334166859000e-09 -5.832907426723567372e-10 -5.814700856630397776e-10 -2.769293108290610230e-10 -1.653316235306155017e-10 -9.112118566561889754e-11 -3.174273120565479880e-11 2.392462527889657817e-11 1.649695188110755543e-10 1.364775135197876395e-10 0.000000000000000000e+00
0.000000000000000000e+00 0.000000000000000000e+00 0.000000000000000000e+00 0.000000000000000000e+00 0.000000000000000000e+00 0.000000000000000000e+00 2.625894539961577230e-10 7.971050217960846598e-10 -7.461385068539349149e-10 -1.145589239803688479e-10 -3.500870330167675482e-11 -1.682547854684261029e-10 -1.947997366334593509e-12 1.146422824583278172e-12 -1.686672811737308748e-11 -1.780114647845600212e-11 7.419013624729200013e-09 1.747890188561048050e-10 1.363407190260531901e-10 0.000000000000000000e+00
0.000000000000000000e+00 0.000000000000000000e+00 0.000000000000000000e+00 0.000000000000000000e+00 0.000000000000000000e+00 0.000000000000000000e+00 -3.988795108190156790e-10 7.147352220171782148e-10 -9.445530719876025536e-10 -4.246155447751122194e-10 -1.707294665695068498e-10 -2.331934362718531580e-10 -7.784002423065065471e-11 -5.978494287929429235e-11 -3.370251328731515686e-11 -1.379300396702402703e-11 1.030849810372798515e-11 4.225876146167742381e-11 2.367643134879694594e-08 0.000000000000000000e+00
0.000000000000000000e+00 0.000000000000000000e+00 0.000000000000000000e+00 0.000000000000000000e+00 0.000000000000000000e+00 0.000000000000000000e+00 -5.397449732099759568e-10 4.608629994712428608e-10 -2.951452218966107513e-10 -9.080152640137610690e-11 -1.947074871937819630e-11 -1.155224085700760498e-10 -6.136845596420037366e-12 -1.654863854184939646e-11 -8.381374526661253771e-12 -2.045441037543330864e-13 2.182218932914475966e-12 2.865944447789043509e-12 2.994898702703036804e-08 0.000000000000000000e+00
0.000000000000000000e+00 0.000000000000000000e+00 0.000000000000000000e+00 0.000000000000000000e+00 0.000000000000000000e+00 0.000000000000000000e+00 7.318847829470986837e-10 4.581502098847462159e-09 -1.506335444041226064e-08 -4.220886799410525146e-09 -2.033344935085779552e-09 -1.747779730210035192e-09 6.169499308988731555e-11 -1.306819663148838702e-10 -2.009431880906182224e-11 2.441786863690734050e-11 3.857443144032119810e-11 -3.125836594158080619e-11 9.894115954082593034e-10 0.000000000000000000e+00
0.000000000000000000e+00 0.000000000000000000e+00 0.000000000000000000e+00 0.000000000000000000e+00 0.000000000000000000e+00 0.000000000000000000e+00 2.096814996216570861e-09 6.994950709324794575e-09 -2.670907772152603981e-09 6.359572267556267318e-10 -8.595407992865822174e-10 -4.405180730644581140e-10 1.132839579966439335e-11 -4.548642595508694202e-12 -3.796571732618308273e-11 3.867901964654691223e-11 3.956464202538528853e-08 -4.223410649228731754e-11 9.851604594858722178e-10 0.000000000000000000e+00
0.000000000000000000e+00 0.000000000000000000e+00 0.000000000000000000e+00 0.000000000000000000e+00 0.000000000000000000e+00 0.000000000000000000e+00 -5.223201631620127671e-10 3.807015342640783902e-09 -5.787149034133050777e-09 -7.697991361212573228e-10 -6.605833290278016543e-10 -5.753275225763510388e-10 1.461358868336198410e-10 -2.003622253892352318e-11 -2.334664802624408141e-11 1.842763709852414254e-11 2.198028027139969868e-11 -5.864272846789741650e-11 -2.527925445123794976e-06 0.000000000000000000e+00
0.000000000000000000e+00 0.000000000000000000e+00 0.000000000000000000e+00 0.000000000000000000e+00 0.000000000000000000e+00 0.000000000000000000e+00 -4.700332118310938522e-10 3.645385636262631293e-09 -2.373852174006000527e-09 4.769972341030276719e-10 -2.309083916280188008e-10 -1.596656853207021756e-10 1.580726021726734289e-10 9.082510369557486050e-12 -3.415222633173717735e-11 1.230824764059020221e-11 8.828556802660670734e-12 -7.744625209427585150e-11 -3.067877069190715002e-06 0.000000000000000000e+00
0.000000000000000000e+00 0.000000000000000000e+00 0.000000000000000000e+00 0.000000000000000000e+00 0.000000000000000000e+00 0.000000000000000000e+00 -6.878831138443367917e-11 -4.327494228346511464e-11 1.498387803812880146e-10 -3.568405165665619991e-10 -4.754144109101515091e-11 -6.068760149920305114e-11 -5.513928416180103932e-13 -1.632258227521066308e-11 -5.330079427147114407e-11 2.825267151889374735e-12 -9.013283107005878812e-11 -2.957600075974273824e-09 4.351213130177824968e-07 0.000000000000000000e+00
0.000000000000000000e+00 0.000000000000000000e+00 0.000000000000000000e+00 0.000000000000000000e+00 0.000000000000000000e+00 0.000000000000000000e+00 4.860743117153449363e-10 4.954275551103503197e-10 2.614732182177218852e-11 -5.967009652181702045e-10 -6.272054516055159468e-10 -8.077179637609614673e-11 -2.508108606254293449e-11 -6.469679024861125460e-11 -6.278583207837774926e-11 2.274716833690971025e-12 2.659234143182755139e-02 -3.354515339874926606e-09 4.330671760977076055e-07 0.000000000000000000e+00
0.000000000000000000e+00 0.000000000000000000e+00 0.000000000000000000e+00 0.000000000000000000e+00 0.000000000000000000e+00 0.000000000000000000e+00 -6.600597709693614338e-12 1.021581273420222751e-10 1.567738605727195746e-11 -3.620892664161425880e-10 -6.548988479921264965e-11 -7.007576509877543018e-11 -2.482055310747095379e-11 -3.611437760361682024e-11 -5.067070183827665435e-11 -2.395987602567591644e-12 -5.421860920595325086e-11 -5.173259989162182400e-09 -1.462400365523686574e+01 0.000000000000000000e+00
0.000000000000000000e+00 0.000000000000000000e+00 0.000000000000000000e+00 0.000000000000000000e+00 0.000000000000000000e+00 0.000000000000000000e+00 -1.379515921343973242e-11 1.203975004635379244e-10 -4.512208340191455059e-11 -3.209362084007598179e-10 -8.348167905910193723e-11 -8.126228501395915733e-11 -4.269748475064600448e-11 -5.777923836838568000e-11 -6.072341792782381950e-11 -8.996677879283028500e-12 -3.089330730564744862e-11 -5.880368381494811167e-09 -2.088152245163574960e+01 0.000000000000000000e+00
0.000000000000000000e+00 0.000000000000000000e+00 0.000000000000000000e+00 0.000000000000000000e+00 0.000000000000000000e+00 0.000000000000000000e+00 -2.307723296818594694e-11 1.377545428201960941e-10 1.629410661940193129e-10 7.159872557242198385e-11 8.751078081268946930e-11 1.553877346202428126e-10 1.565727532255972671e-10 1.302061995321244529e-10 7.844463041929954558e-11 2.195788283609430728e-11 5.327538728582765496e-11 5.361731063788047579e-09 7.299989091714936373e-07 0.000000000000000000e+00
0.000000000000000000e+00 0.000000000000000000e+00 0.000000000000000000e+00 0.000000000000000000e+00 0.000000000000000000e+00 0.000000000000000000e+00 -1.228623454128452744e-11 1.098851012689231418e-10 5.306509845739238071e-11 3.576029442317761026e-11 3.928639140049153126e-11 4.443076837021601747e-11 2.245610517641107053e-11 1.516504077246765947e-11 1.455832020627155317e-11 1.859790473517983760e-11 6.589083618035280424e-04 6.226921926006952223e-09 7.300571858358529791e-07 0.000000000000000000e+00
0.000000000000000000e+00 0.000000000000000000e+00 0.000000000000000000e+00 0.000000000000000000e+00 0.000000000000000000e+00 0.000000000000000000e+00 -2.216542233380869724e-11 5.698382459881517773e-11 3.608998712006755406e-11 2.340452433272756792e-11 2.773491957112033358e-11 4.416317466433429824e-11 3.911838092016890787e-11 3.402566949881408358e-11 2.587998018477904659e-11 9.945912075717634073e-12 2.373013098011233539e-11 2.114033561646110643e-09 -1.985247904549204634e+00 0.000000000000000000e+00
0.000000000000000000e+00 0.000000000000000000e+00 0.000000000000000000e+00 0.000000000000000000e+00 0.000000000000000000e+00 0.000000000000000000e+00 -5.102023059664812454e-12 4.170911183907444987e-11 2.087516021521139041e-11 2.322134195373581180e-11 2.219301440650119844e-11 2.908015114655394911e-11 2.368411638833075691e-11 1.990014034247438416e-11 1.628392162667972481e-11 6.125441484386115591e-12 1.215039761250186705e-11 2.132879379983663089e-09 -2.892849287059149788e+00 0.000000000000000000e+00
0.000000000000000000e+00 0.000000000000000000e+00 0.000000000000000000e+00 0.000000000000000000e+00 0.000000000000000000e+00 0.000000000000000000e+00 2.133233498709054335e-09 2.535762524488457362e-09 -3.488998480444218012e-09 -1.556634338848978310e-09 -6.210462940860305415e-10 -6.451406039856743377e-10 -3.002194478288460589e-10 -1.880692743834021534e-10 -9.885305455410807027e-11 -3.255682845382504939e-11 2.528856219815539480e-11 1.804193407859553422e-10 1.609871815029934337e-10 0.000000000000000000e+00
0.000000000000000000e+00 0.000000000000000000e+00 0.000000000000000000e+00 0.000000000000000000e+00 0.000000000000000000e+00 0.000000000000000000e+00 -1.922221817044878544e-11 1.457078301474638839e-09 -1.066339610163766645e-09 -6.387836383926323508e-11 -2.237590604280020269e-10 -2.416474013091086378e-10 2.856326956151385801e-11 4.238396093981160389e-12 -1.506399504436397743e-11 -1.009675942609797115e-11 1.134157413062663331e-08 1.919878592626643139e-10 1.612806507498787601e-10 0.000000000000000000e+00
0.000000000000000000e+00 0.000000000000000000e+00 0.000000000000000000e+00 0.000000000000000000e+00 0.000000000000000000e+00 0.000000000000000000e+00 1.604532792279970444e-10 1.334743137497664302e-09 -1.268612493804512335e-09 -4.969261275946778785e-10 -2.575616940347547648e-10 -2.885075038008538128e-10 -8.221470098134432344e-11 -7.099094519158538384e-11 -3.559639114709213481e-11 -1.326863552124319096e-11 1.035500332687894289e-11 5.123415330916223742e-11 5.777330781487625379e-08 0.000000000000000000e+00
0.000000000000000000e+00 0.000000000000000000e+00 0.000000000000000000e+00 0.000000000000000000e+00 0.000000000000000000e+00 0.000000000000000000e+00 -3.378153186009936330e-10 8.930373380587618775e-10 -4.825813729319391011e-10 -1.347836835266082119e-10 -1.145192646444580413e-10 -1.649875352244148974e-10 1.497458370879417180e-12 -2.132938696108658433e-11 -7.869092932611984203e-12 1.250712687017815868e-12 1.506456566965563072e-12 8.900384009527034907e-12 7.168465886047588937e-08 0.000000000000000000e+00
0.000000000000000000e+00 0.000000000000000000e+00 0.000000000000000000e+00 0.000000000000000000e+00 0.000000000000000000e+00 0.000000000000000000e+00 3.773084321484384062e-09 5.941962703458069967e-09 -1.846073645866609851e-08 -4.232159142772224570e-09 -2.588321328225245885e-09 -1.668609079316821944e-09 1.412417456798976802e-10 -8.477221728039688466e-11 -7.728261488711010673e-11 3.050751378798370163e-11 4.878778395244777183e-11 -4.439061078443415246e-11 -1.297308600451006589e-10 0.000000000000000000e+00
0.000000000000000000e+00 0.000000000000000000e+00 0.000000000000000000e+00 0.000000000000000000e+00 0.000000000000000000e+00 0.000000000000000000e+00 1.315165821409422199e-09 1.108469580435880869e-08 -5.682684379467754084e-09 9.331349616381805711e-10 -1.914333044656953067e-09 -5.522624916119553367e-10 2.848839713546929279e-10 2.454953357006591445e-11 -5.141157992868116707e-11 4.908375244699483319e-11 3.993015159001023526e-08 -9.021852026629259859e-11 -1.405947327061976356e-10 0.000000000000000000e+00
0.000000000000000000e+00 0.000000000000000000e+00 0.000000000000000000e+00 0.000000000000000000e+00 0.000000000000000000e+00 0.000000000000000000e+00 4.158389453129130558e-10 5.884919903362171916e-09 -8.151923288418193769e-09 -5.045601062494986206e-10 -1.280174038327261449e-09 -6.227348512699790534e-10 3.023836774542857475e-10 2.945245941907014855e-11 -5.490513855590159845e-11 3.345219206073052480e-11 2.204921990353013500e-11 -9.521343465952902089e-11 -2.198009321964548391e-06 0.000000000000000000e+00
0.000000000000000000e+00 0.000000000000000000e+00 0.000000000000000000e+00 0.000000000000000000e+00 0.000000000000000000e+00 0.000000000000000000e+00 -2.716941585241455320e-10 5.979974391774253499e-09 -4.265937025416685758e-09 7.204588573601005349e-10 -8.295366216433953429e-10 -2.196366948448200532e-10 3.532236639876044317e-10 6.170841509166533351e-11 -5.732776421369800035e-11 3.337120883215046512e-11 3.310566925711019434e-12 -9.441986279172781292e-11 -2.664480743207407653e-06 0.000000000000000000e+00
0.000000000000000000e+00 0.000000000000000000e+00 0.000000000000000000e+00 0.000000000000000000e+00 0.000000000000000000e+00 0.000000000000000000e+00 1.095412849006791596e-10 -2.678413376983547467e-10 1.860716060178290703e-10 -4.102324507104193069e-10 -7.379729489460871028e-12 -8.519362661709365991e-11 -5.283800447489200223e-11 -2.807238797191941071e-11 -4.766834956010536896e-11 7.922735271695358446e-12 -8.784897340907068910e-11 -3.177596329426804632e-09 8.819125948373023653e-07 0.000000000000000000e+00
0.000000000000000000e+00 0.000000000000000000e+00 0.000000000000000000e+00 0.000000000000000000e+00 0.000000000000000000e+00 0.000000000000000000e+00 5.338091185549644275e-10 9.348214062670029223e-10 2.075297901465908039e-10 -5.773446731315147344e-10 -4.742316789154759127e-10 -1.717886070705295930e-10 -1.848348460405995131e-10 -7.324950538562449067e-11 -5.270497559394462366e-11 -7.974409960321560206e-12 -1.493496486471366791e-01 -3.582463171351804935e-09 8.827327654180505586e-07 0.000000000000000000e+00
0.000000000000000000e+00 0.000000000000000000e+00 0.000000000000000000e+00 0.000000000000000000e+00 0.000000000000000000e+00 0.000000000000000000e+00 1.237726904813549241e-10 4.309093970308727027e-11 2.849097651992485663e-11 -3.012750542412085229e-10 1.865044791261380798e-11 -8.224641927550976502e-11 -1.162704633975297855e-10 -5.550711996510797309e-11 -4.132765149360059389e-11 2.805841485930810648e-12 -5.150740575671637872e-11 -4.755538034160577046e-09 -1.577654793578445691e+01 0.000000000000000000e+00
0.000000000000000000e+00 0.000000000000000000e+00 0.000000000000000000e+00 0.000000000000000000e+00 0.000000000000000000e+00 0.000000000000000000e+00 7.675347289915810277e-11 1.857972584302434953e-10 -4.297049522135916977e-11 -2.402853907439933778e-10 1.536031675727427747e-11 -9.120011822941017678e-11 -1.519824010476538602e-10 -7.892934832601214935e-11 -5.162556354759223236e-11 -3.846669120665044189e-12 -2.585822367265469230e-11 -5.676120032871641423e-09 -2.228133736233195350e+01 0.000000000000000000e+00
