0.000000000000000000e+00 0.000000000000000000e+00 0.000000000000000000e+00 0.000000000000000000e+00 0.000000000000000000e+00 0.000000000000000000e+00 -6.045426213264277984e-12 -1.183553820499821547e-11 1.091881441033265565e-11 -3.924561880552787785e-12 -2.336857382896049134e-12 2.498330007570227637e-12 1.789225795388380883e-12 1.787444951387696790e-13 -5.266186452875092977e-13 -1.820887263951574711e-12 9.705900895998249019e-13 -1.418244546291660866e-09 4.772459698445192223e-08 0.000000000000000000e+00
0.000000000000000000e+00 0.000000000000000000e+00 0.000000000000000000e+00 0.000000000000000000e+00 0.000000000000000000e+00 0.000000000000000000e+00 -6.084601762316352930e-14 7.529640870734420941e-12 1.112025365911467619e-11 2.654171951300746061e-14 1.580139962627132721e-12 2.499348547384499957e-12 -7.292699020721865147e-13 -1.836083853305618694e-12 -2.948548246944748421e-12 -7.472448241115381087e-11 -2.926176495786427534e-08 -1.722687630205527047e-09 4.755806169627632032e-08 0.000000000000000000e+00
0.000000000000000000e+00 0.000000000000000000e+00 0.000000000000000000e+00 0.000000000000000000e+00 0.000000000000000000e+00 0.000000000000000000e+00 9.411978372558028253e-13 -1.098555861713288382e-12 3.661225896605671825e-12 3.981198475840205444e-13 -2.623407695275175756e-13 1.115377642884492907e-12 -6.225615046385273485e-13 -1.267756627194459186e-12 -1.748491980041988026e-12 -1.995885186431578644e-12 -3.589879757318949701e-12 -1.503344040387127254e-08 1.430390514144482150e+00 0.000000000000000000e+00
0.000000000000000000e+00 0.000000000000000000e+00 0.000000000000000000e+00 0.000000000000000000e+00 0.000000000000000000e+00 0.000000000000000000e+00 3.244238720873927773e-12 -3.323105323262515697e-13 3.003437697501482238e-12 5.313269642056094487e-13 -1.060861370200944838e-13 1.485767934816024751e-12 -7.078339632625503512e-13 -1.251828011132570677e-12 -1.944681693542039320e-12 -2.123744912205291466e-12 -6.009174443068000764e-12 -4.057001921708931801e-08 6.482806348607473623e+00 0.000000000000000000e+00
0.000000000000000000e+00 0.000000000000000000e+00 0.000000000000000000e+00 0.000000000000000000e+00 0.000000000000000000e+00 0.000000000000000000e+00 1.926797157752205103e-09 3.301058692912794238e-10 -9.908302615195635623e-10 -3.933993204010894633e-10 -1.342474688607863377e-10 -1.461663446991850955e-10 -7.445194151522543368e-11 -2.770698266427945277e-11 -1.548083197914381047e-11 -2.423761440325559495e-12 9.338350701305697820e-12 8.138881986395305549e-11 -2.020535299650838001e-11 0.000000000000000000e+00
0.000000000000000000e+00 0.000000000000000000e+00 0.000000000000000000e+00 0.000000000000000000e+00 0.000000000000000000e+00 0.000000000000000000e+00 4.159314899037376309e-10 3.886692952850448629e-10 -4.107024395397522100e-10 -9.655168088769583352e-12 -1.556705596147103122e-10 -5.889783353670894885e-11 1.297992648598312847e-11 4.663407256491483070e-12 -2.398644785879819250e-12 -2.706983551062444705e-12 3.440566814305333327e-11 8.306314006434277246e-11 -1.976961820201946059e-11 0.000000000000000000e+00
0.000000000000000000e+00 0.000000000000000000e+00 0.000000000000000000e+00 0.000000000000000000e+00 0.000000000000000000e+00 0.000000000000000000e+00 5.194792802599903598e-10 3.283152985654611030e-10 -3.761235887664082920e-10 -1.221556263667532622e-10 -5.514714136287072111e-11 -7.901082984940283336e-11 -6.929705237352151605e-12 -2.802597743547817251e-12 -4.932652771823997201e-12 -1.149693044091305567e-12 1.792368490587810196e-12 1.487638954661539812e-10 -2.745675461147271069e-08 0.000000000000000000e+00
0.000000000000000000e+00 0.000000000000000000e+00 0.000000000000000000e+00 0.000000000000000000e+00 0.000000000000000000e+00 0.000000000000000000e+00 1.880411877247052368e-10 2.906077741998796256e-10 -2.031724498507991197e-10 -4.435505441505000581e-11 -3.402782218265188428e-11 -5.673016296486144956e-11 1.472321377360768699e-11 5.663353112322898809e-12 -5.829088348121404380e-13 2.549747890273086358e-13 -2.108896876693282985e-12 1.622475181791607135e-10 -7.517882139865347606e-08 0.000000000000000000e+00
0.000000000000000000e+00 0.000000000000000000e+00 0.000000000000000000e+00 0.000000000000000000e+00 0.000000000000000000e+00 0.000000000000000000e+00 3.770675774511597771e-09 -4.004771889739688803e-10 -5.114760166092359866e-09 -1.221005820479757204e-09 -1.279296373706983113e-09 -4.352556753259969159e-10 -8.384792248197888754e-11 -8.075713939634791743e-11 -4.214029700098515228e-11 -2.534754572406817955e-12 1.613617946134693901e-11 -2.063681925076103920e-10 -4.678824726281399380e-10 0.000000000000000000e+00
0.000000000000000000e+00 0.000000000000000000e+00 0.000000000000000000e+00 0.000000000000000000e+00 0.000000000000000000e+00 0.000000000000000000e+00 5.348112759352976991e-10 3.269797158699104821e-09 -3.029488913981497759e-09 1.010967991795210104e-11 -1.207980455849703769e-09 -2.349194117564729076e-10 9.502723499550067429e-11 -2.666424228544620424e-11 9.787966488517757226e-12 -3.032722099225352977e-11 6.236073784010312271e-11 -2.246983744582642263e-10 -4.759820400005755453e-10 0.000000000000000000e+00
0.000000000000000000e+00 0.000000000000000000e+00 0.000000000000000000e+00 0.000000000000000000e+00 0.000000000000000000e+00 0.000000000000000000e+00 7.746453083901334424e-10 1.077244579756048334e-09 -2.551567363004393124e-09 -3.016704308006775969e-10 -6.768593239861398909e-10 -1.708716991198117662e-10 9.435164209690576657e-11 -1.114235525080214131e-11 -1.085671053929813556e-11 2.986046155248343436e-12 -1.996891038517108409e-12 -2.163712949487770759e-09 2.364443230173922631e-06 0.000000000000000000e+00
0.000000000000000000e+00 0.000000000000000000e+00 0.000000000000000000e+00 0.000000000000000000e+00 0.000000000000000000e+00 0.000000000000000000e+00 1.467469211588284845e-10 1.583640250576164384e-09 -1.823835249798594669e-09 -1.264563378800774369e-10 -5.050168968167727639e-10 -1.031298006750456943e-10 1.334302401910788067e-10 4.991399536461861727e-12 9.047023862142019985e-13 8.226920579746133523e-12 -7.764293413644188474e-12 -2.378506783623313730e-09 3.849236034824793656e-06 0.000000000000000000e+00
0.000000000000000000e+00 0.000000000000000000e+00 0.000000000000000000e+00 0.000000000000000000e+00 0.000000000000000000e+00 0.000000000000000000e+00 2.941143672189342613e-10 3.502312307980971242e-11 1.076801202525286394e-10 -5.555892099851620992e-11 1.137591622512349316e-11 8.475846102718285784e-11 -2.969618215372029450e-12 3.112677515706442657e-12 1.530145237775055098e-12 2.148133689272312338e-11 -6.382233817850046902e-11 9.654358501794760330e-09 -8.933265989957019602e-07 0.000000000000000000e+00
0.000000000000000000e+00 0.000000000000000000e+00 0.000000000000000000e+00 0.000000000000000000e+00 0.000000000000000000e+00 0.000000000000000000e+00 2.101129938373314484e-09 -3.628423891163297831e-10 2.103865050242047801e-10 -3.500342483883783082e-10 5.745074214125610927e-12 3.280154489966902678e-11 -1.116268868268150493e-11 -2.967175037202187118e-11 2.947916590664760907e-11 3.000117679956141391e-11 4.072395403054559210e-07 1.076203314559172340e-08 -8.904022397720077994e-07 0.000000000000000000e+00
0.000000000000000000e+00 0.000000000000000000e+00 0.000000000000000000e+00 0.000000000000000000e+00 0.000000000000000000e+00 0.000000000000000000e+00 5.582674148129370745e-10 -5.419245291139382470e-11 3.207833333306965542e-10 -1.684749432985313228e-10 -5.992845583989673089e-11 7.205398585504406786e-11 1.024806472131163412e-11 -1.331191577622356701e-11 1.058636113382752971e-12 2.189002323892040069e-11 -6.447572450349170750e-12 3.162004977780791602e-07 -6.984168619912110465e+00 0.000000000000000000e+00
0.000000000000000000e+00 0.000000000000000000e+00 0.000000000000000000e+00 0.000000000000000000e+00 0.000000000000000000e+00 0.000000000000000000e+00 7.272362928202958519e-10 -6.290066213464465200e-11 3.229191400175437278e-10 -2.092202605425138984e-10 -8.387719819874694118e-11 7.641411609983999761e-11 1.277682617759780030e-11 -1.911935177940918844e-11 5.956946399650924449e-12 2.064279281530441081e-11 3.296507369446227775e-11 3.252930617436638616e-07 -4.433402666437643092e+01 0.000000000000000000e+00
