0.000000000000000000e+00 0.000000000000000000e+00 0.000000000000000000e+00 0.000000000000000000e+00 0.000000000000000000e+00 0.000000000000000000e+00 1.902168730026748384e-11 3.357296765617338374e-12 8.744619937001633694e-12 5.966012901206186448e-12 1.007200834287096799e-11 9.147732949327862766e-12 8.660912755309193402e-12 5.346658279762372393e-12 2.620171483058974508e-12 9.068945387518326219e-13 8.631676513465862448e-12 5.795675825786965470e-09 3.200679061159863995e-08 0.000000000000000000e+00
0.000000000000000000e+00 0.000000000000000000e+00 0.000000000000000000e+00 0.000000000000000000e+00 0.000000000000000000e+00 0.000000000000000000e+00 1.153054898011370061e-11 8.842744256300563208e-13 -5.675624680632216524e-13 3.127643891229895123e-12 5.323448047770068880e-12 6.282350287694985159e-12 4.087268398994090715e-12 2.071226668536778593e-12 1.561868392143528988e-12 1.525933728289310637e-11 1.358988734122018016e-09 5.735792308267899362e-09 3.190970985006757753e-08 0.000000000000000000e+00
0.000000000000000000e+00 0.000000000000000000e+00 0.000000000000000000e+00 0.000000000000000000e+00 0.000000000000000000e+00 0.000000000000000000e+00 5.598370368929700258e-12 1.776803837225563501e-12 1.853617202373577331e-12 1.821963713995443356e-12 2.776807762077019174e-12 3.743008779255297296e-12 4.428505652103295319e-12 2.505617199011853978e-12 1.482497510995956609e-12 7.619569858714065762e-13 4.240047313215762409e-12 3.303525506224996295e-07 4.058731601224669916e-01 0.000000000000000000e+00
0.000000000000000000e+00 0.000000000000000000e+00 0.000000000000000000e+00 0.000000000000000000e+00 0.000000000000000000e+00 0.000000000000000000e+00 3.335397220886114278e-12 1.063868416617665388e-12 7.686678345657704041e-13 1.941546572060504625e-12 2.401431254193640221e-12 3.566467242355252392e-12 4.601507817016250845e-12 2.632427640605272544e-12 1.652914036770359229e-12 8.007467327635459711e-13 4.325862619723374289e-12 4.990487587643581440e-07 1.560962574746242559e+00 0.000000000000000000e+00
0.000000000000000000e+00 0.000000000000000000e+00 0.000000000000000000e+00 0.000000000000000000e+00 0.000000000000000000e+00 0.000000000000000000e+00 -1.063783632726737879e-09 -7.129033050312640440e-10 6.080551950692287781e-11 -1.960075108672739800e-10 -2.397416480090148329e-10 -1.031818971827651709e-10 -5.547120347239123486e-11 -3.144002315303480830e-11 -1.341934638353158496e-11 -1.186386349374716959e-12 1.327571670946816538e-11 8.571701825124998463e-11 5.250915347252657957e-11 0.000000000000000000e+00
0.000000000000000000e+00 0.000000000000000000e+00 0.000000000000000000e+00 0.000000000000000000e+00 0.000000000000000000e+00 0.000000000000000000e+00 -6.500061772814133807e-10 6.352315842759186787e-10 -2.524747405114999315e-10 2.279974836861272046e-10 -1.363257303118077350e-10 4.213417905421863522e-11 1.502034616496081640e-11 9.098829226712402679e-12 7.018208509995751883e-13 -9.513002869618242169e-12 5.668430271939731494e-13 8.720348958755286222e-11 5.217749701037548521e-11 0.000000000000000000e+00
0.000000000000000000e+00 0.000000000000000000e+00 0.000000000000000000e+00 0.000000000000000000e+00 0.000000000000000000e+00 0.000000000000000000e+00 -3.839777054109624714e-10 1.364402611897331812e-11 4.806982434123590401e-11 -1.571845138795430788e-11 -4.458939090818940332e-11 -3.703074104559904855e-12 -5.964359189890653125e-12 3.834201962465148435e-12 -2.607981472632548910e-12 2.131474008130518427e-13 5.730430937065727336e-12 1.949988285988170552e-11 1.428386802469801994e-08 0.000000000000000000e+00
0.000000000000000000e+00 0.000000000000000000e+00 0.000000000000000000e+00 0.000000000000000000e+00 0.000000000000000000e+00 0.000000000000000000e+00 -2.549875699334523852e-10 2.054412235953716262e-10 8.299607923507697136e-12 5.837308910699084335e-11 -4.756411698431603053e-12 2.537809482873528119e-11 1.108135181862310762e-11 1.568923731881109723e-11 2.312309407705237819e-12 1.723770023116558868e-12 1.325319718914193827e-12 -2.457145994097457656e-12 3.762896103402003588e-08 0.000000000000000000e+00
0.000000000000000000e+00 0.000000000000000000e+00 0.000000000000000000e+00 0.000000000000000000e+00 0.000000000000000000e+00 0.000000000000000000e+00 -3.853049060738293849e-09 -3.893805655531638078e-09 2.656748987186459298e-10 -1.296239121592116578e-09 -3.977301455325542385e-10 -4.783699805813364208e-10 -2.349736810958892738e-10 -6.567685856399200289e-11 1.888047391281609978e-12 -1.540664841354193120e-11 3.626535633724853021e-11 4.719840668708364293e-10 2.773623562983101789e-10 0.000000000000000000e+00
0.000000000000000000e+00 0.000000000000000000e+00 0.000000000000000000e+00 0.000000000000000000e+00 0.000000000000000000e+00 0.000000000000000000e+00 -1.971380896121610409e-09 1.359725547038869644e-09 -1.409187310357188357e-09 6.412235097936950616e-10 -1.649758643046072949e-10 -2.736426061595950027e-10 8.056847865865114442e-12 5.396875231467757109e-12 3.716912753859360079e-11 -3.676097479936113683e-11 1.717538882730327362e-11 4.717103056189169363e-10 2.710795253829993187e-10 0.000000000000000000e+00
0.000000000000000000e+00 0.000000000000000000e+00 0.000000000000000000e+00 0.000000000000000000e+00 0.000000000000000000e+00 0.000000000000000000e+00 -3.190541027935449178e-10 -5.300280809440532786e-10 -2.465512226468669605e-10 -2.302598206515081181e-10 2.866775580141570328e-11 -1.943236404128996769e-10 -1.285714785800698834e-11 -1.806817480187141504e-12 3.357446849312395570e-11 -1.580317320465969522e-11 2.609736732217842187e-12 -1.108048181381371226e-09 1.379892331268363585e-07 0.000000000000000000e+00
0.000000000000000000e+00 0.000000000000000000e+00 0.000000000000000000e+00 0.000000000000000000e+00 0.000000000000000000e+00 0.000000000000000000e+00 1.168072486469614247e-10 3.533976609792608787e-10 -4.671077559907338454e-10 1.588430007283520626e-10 7.963235877299218332e-11 -1.414002992597673559e-10 5.135266598086098907e-11 1.457834621409853886e-11 4.074648489466129057e-11 -1.406895345353069414e-11 -1.012463647672508188e-11 -1.624710349855882777e-09 4.405929389842925387e-07 0.000000000000000000e+00
0.000000000000000000e+00 0.000000000000000000e+00 0.000000000000000000e+00 0.000000000000000000e+00 0.000000000000000000e+00 0.000000000000000000e+00 -2.929441770036941105e-11 2.845070255715924112e-12 -9.010344886117001099e-11 -7.741820612088274096e-11 6.664463311410861983e-12 4.975618717704333467e-11 1.964800835704303282e-11 -1.848484852177960523e-11 5.987387417303181461e-12 -2.390336544314048073e-11 -4.676030182411438444e-11 5.398317839544957524e-09 -1.363159979710122474e-06 0.000000000000000000e+00
0.000000000000000000e+00 0.000000000000000000e+00 0.000000000000000000e+00 0.000000000000000000e+00 0.000000000000000000e+00 0.000000000000000000e+00 3.619372950970082673e-10 5.869997251946493970e-12 1.500115515298101431e-10 -1.986892655485508235e-11 2.023630151859839886e-10 1.391019647669732274e-11 5.396582387895415534e-12 1.267633110986419040e-11 9.344015340612136634e-14 1.538486980144702083e-10 1.073852267624373147e-06 9.116745124036468666e-09 -1.362009819924247395e-06 0.000000000000000000e+00
0.000000000000000000e+00 0.000000000000000000e+00 0.000000000000000000e+00 0.000000000000000000e+00 0.000000000000000000e+00 0.000000000000000000e+00 9.659075533763695617e-11 4.443816282880946294e-11 -9.439447101001202524e-11 -6.714920093547922039e-11 -5.665886173814312703e-11 7.804811679112109805e-12 6.957510807186392857e-12 -1.305863527239879110e-11 7.545233615856716915e-12 -2.384715535819950020e-11 -3.361918426354739783e-11 1.630922339088318812e-06 -1.178791588266104284e+01 0.000000000000000000e+00
0.000000000000000000e+00 0.000000000000000000e+00 0.000000000000000000e+00 0.000000000000000000e+00 0.000000000000000000e+00 0.000000000000000000e+00 1.654127807058241980e-10 1.356511994204878476e-11 -9.176045928636115380e-11 -6.693439545582201807e-11 -5.507979437537450644e-11 5.910152686503404226e-12 -1.734924146435200542e-12 -1.234206732223290294e-11 8.714572341831838068e-12 -2.546802306322498111e-11 -3.470232416856064641e-11 2.421313770719821501e-06 -5.662727209902046610e+01 0.000000000000000000e+00
