0.000000000000000000e+00 0.000000000000000000e+00 0.000000000000000000e+00 0.000000000000000000e+00 0.000000000000000000e+00 0.000000000000000000e+00 2.628132339541683400e-10 2.887645972135424435e-10 2.227527658768199729e-10 1.783885746875028763e-10 1.668661229264057465e-10 2.416911461947874345e-10 2.066077495615541874e-10 1.889885137549626521e-10 1.268508221167766572e-10 4.933833950494347902e-11 3.075307021559807903e-11 1.826058703649811202e-09 1.205584574186386313e-05 0.000000000000000000e+00
0.000000000000000000e+00 0.000000000000000000e+00 0.000000000000000000e+00 0.000000000000000000e+00 0.000000000000000000e+00 0.000000000000000000e+00 -4.988601469295621952e-12 -4.316280451096547737e-11 9.266075655052853479e-11 3.873725908358751320e-11 2.538521526380215277e-11 4.824798642614080953e-11 3.132721134730835846e-11 3.110970739514111729e-11 2.951810382798436929e-11 5.099428356325981742e-11 4.090191678732348834e-06 3.716188986422488120e-09 1.205989558481773282e-05 0.000000000000000000e+00
0.000000000000000000e+00 0.000000000000000000e+00 0.000000000000000000e+00 0.000000000000000000e+00 0.000000000000000000e+00 0.000000000000000000e+00 4.931651444378181192e-11 7.130988018552342081e-11 7.804769339384325367e-11 6.367601549125808120e-11 5.427754916442283203e-11 9.482709566170583919e-11 8.016465862225540286e-11 7.639426551822592072e-11 5.309965231885622743e-11 2.441676451875179475e-11 1.945826801818347369e-11 7.303720817199634647e-10 3.306590192145879882e+03 0.000000000000000000e+00
0.000000000000000000e+00 0.000000000000000000e+00 0.000000000000000000e+00 0.000000000000000000e+00 0.000000000000000000e+00 0.000000000000000000e+00 3.475530883062810477e-12 9.575191344616940095e-12 4.999424221879934640e-11 3.604548744231968483e-11 2.688195771561789150e-11 5.083452056373682776e-11 4.490223423641874471e-11 4.545056677958301723e-11 3.299950104318269111e-11 1.727997621831831197e-11 1.322022373734757513e-11 6.261461143568518909e-10 3.450940975079952864e+02 0.000000000000000000e+00
0.000000000000000000e+00 0.000000000000000000e+00 0.000000000000000000e+00 0.000000000000000000e+00 0.000000000000000000e+00 0.000000000000000000e+00 -7.944528593708202494e-09 -3.707397849133146539e-09 -2.454303456738454762e-09 -1.928289721758361155e-09 -1.462382927697100940e-09 -7.605132647526638562e-10 -3.585201375618585939e-10 -3.137784947998571285e-10 -1.346111619245055258e-10 -6.296931587387538673e-11 1.175761972490920883e-11 1.098092642099841752e-10 3.901843780039854313e-10 0.000000000000000000e+00
0.000000000000000000e+00 0.000000000000000000e+00 0.000000000000000000e+00 0.000000000000000000e+00 0.000000000000000000e+00 0.000000000000000000e+00 -2.827329877599378739e-10 -2.316113690712502645e-09 -1.209478862926669576e-09 -6.903988532004207883e-11 -1.928874689676317684e-11 -1.013922021318909336e-11 -1.058192485210781956e-11 -7.815949255125919918e-11 -1.458807139273088184e-11 -2.212787456908911650e-11 8.306215418825534538e-11 1.483120896591955203e-10 4.008377938012017076e-10 0.000000000000000000e+00
0.000000000000000000e+00 0.000000000000000000e+00 0.000000000000000000e+00 0.000000000000000000e+00 0.000000000000000000e+00 0.000000000000000000e+00 -3.651425568356811078e-09 -2.101778406530714249e-09 -1.355280965125878025e-09 -4.338298084716978138e-10 -5.751128276736269931e-10 -2.440406994553300349e-10 -1.797434672107456215e-10 -1.546036436695690539e-10 -4.828483662264182090e-11 -2.518603608415269788e-11 6.507129732674504381e-12 3.376432915546910626e-11 1.310368507224409505e-06 0.000000000000000000e+00
0.000000000000000000e+00 0.000000000000000000e+00 0.000000000000000000e+00 0.000000000000000000e+00 0.000000000000000000e+00 0.000000000000000000e+00 -1.162608185984256690e-09 -1.355270128308880290e-09 -7.515194655344406712e-10 2.361987211827197521e-10 -6.970521900639933776e-11 1.979294584015193298e-11 -7.436427872282129950e-11 -7.547110800701860686e-11 -5.114213084428755975e-12 -1.483348400231349473e-12 3.104412983343588073e-12 4.879692443007814799e-13 3.362557255396489509e-07 0.000000000000000000e+00
0.000000000000000000e+00 0.000000000000000000e+00 0.000000000000000000e+00 0.000000000000000000e+00 0.000000000000000000e+00 0.000000000000000000e+00 -4.614325875988524896e-08 -1.652776274586183755e-08 -1.034367638429815744e-08 -4.953028373702904809e-09 -4.941507032433037656e-09 -1.470244521225638637e-09 -9.258410542360083608e-10 -4.568078613245223123e-10 -8.741029333852753627e-11 -3.697577232552666142e-11 -5.684265783858546939e-13 6.020628683065989541e-11 -9.839385962990631045e-09 0.000000000000000000e+00
0.000000000000000000e+00 0.000000000000000000e+00 0.000000000000000000e+00 0.000000000000000000e+00 0.000000000000000000e+00 0.000000000000000000e+00 2.086990226314005061e-09 -1.094908232878210087e-08 9.495731259799046473e-10 1.094511157132509311e-09 -3.805017348834786903e-10 1.960992629754094143e-10 2.610778673337365465e-10 -1.051627367814028263e-10 1.166651306355089731e-12 3.426824885942937800e-11 5.026285809050455975e-09 6.578479452758461531e-11 -9.802490506007059934e-09 0.000000000000000000e+00
0.000000000000000000e+00 0.000000000000000000e+00 0.000000000000000000e+00 0.000000000000000000e+00 0.000000000000000000e+00 0.000000000000000000e+00 -2.221535206714773001e-08 -7.431182287952632074e-09 -3.877967084637646647e-09 -1.048301760359578485e-09 -1.998840794398275344e-09 -3.425040107912668420e-10 -1.335677694965022722e-10 -1.836157978663537202e-10 1.246203212742030379e-11 1.645543845625532631e-11 -4.669627766879136659e-12 -9.752163574262199688e-12 2.802525295971218460e-05 0.000000000000000000e+00
0.000000000000000000e+00 0.000000000000000000e+00 0.000000000000000000e+00 0.000000000000000000e+00 0.000000000000000000e+00 0.000000000000000000e+00 -7.642979871016234446e-09 -3.839166296887555668e-09 -2.079477785062710730e-10 9.610485533418941074e-10 -3.712527373847871607e-10 2.074251132807819007e-10 2.943323865059113405e-10 -4.937574087762304091e-11 5.175961017925547864e-11 4.056346623592339181e-11 -5.293089412240212459e-12 -4.672176027851066154e-11 3.615465016211763836e-06 0.000000000000000000e+00
0.000000000000000000e+00 0.000000000000000000e+00 0.000000000000000000e+00 0.000000000000000000e+00 0.000000000000000000e+00 0.000000000000000000e+00 -1.742869345512103255e-09 4.536497613217730931e-10 -1.190462016914405224e-10 1.482464981876681909e-10 2.022255997353404633e-10 -7.072759512899372298e-11 -2.017321066078080991e-11 -9.868900362355866334e-11 -6.135263865587683534e-12 -4.335046678809815915e-11 -9.440097687026238859e-11 -1.706554880885422699e-09 2.931660510046325428e-05 0.000000000000000000e+00
0.000000000000000000e+00 0.000000000000000000e+00 0.000000000000000000e+00 0.000000000000000000e+00 0.000000000000000000e+00 0.000000000000000000e+00 -2.402508116811441777e-09 -3.868013789111510304e-10 1.568214513036651358e-10 3.921446723665619459e-10 2.579682833936613148e-10 -1.533524924130506579e-10 -1.449913762999196645e-10 -9.220875918611744567e-11 -8.018771569191298097e-12 9.731751749207003725e-11 2.892992225336809249e-05 -3.675195014257762677e-09 2.929612641751447275e-05 0.000000000000000000e+00
0.000000000000000000e+00 0.000000000000000000e+00 0.000000000000000000e+00 0.000000000000000000e+00 0.000000000000000000e+00 0.000000000000000000e+00 -2.087602866404785067e-09 4.806943269525371453e-10 -7.338134802323745401e-11 2.453920201415369310e-10 2.607675640537885413e-10 -7.763659072234428343e-11 -1.412554962878216169e-11 -7.373530749391121816e-11 -7.167510971929506150e-12 -4.803206495887083276e-11 -7.641563469058895603e-11 -1.215832381558421284e-09 2.261553831117261780e+03 0.000000000000000000e+00
0.000000000000000000e+00 0.000000000000000000e+00 0.000000000000000000e+00 0.000000000000000000e+00 0.000000000000000000e+00 0.000000000000000000e+00 -2.306375380892866763e-09 4.431838906029201851e-10 -1.183511564975604141e-10 2.929017886534079726e-10 2.513318942439797853e-10 -1.021175392777298195e-10 -7.570389132569696510e-12 -6.675549959701660249e-11 -1.124763197519446069e-11 -5.641910170633643529e-11 -6.159911436606442924e-11 -9.532908157643123367e-10 5.222186859014329912e+02 0.000000000000000000e+00
