0.000000000000000000e+00 0.000000000000000000e+00 0.000000000000000000e+00 0.000000000000000000e+00 0.000000000000000000e+00 0.000000000000000000e+00 -6.968625298441046543e-12 -8.543285994731377046e-11 -4.333360730328486874e-11 -3.371395364030622378e-11 -2.441878558666296135e-11 -1.001140812132489851e-11 -4.307414874527964726e-12 -6.163694378518792867e-12 -7.451734317313880832e-12 -7.188350578220778055e-12 -8.333613322189789145e-12 2.447333321200204709e-09 5.253249808444412987e-07 0.000000000000000000e+00
0.000000000000000000e+00 0.000000000000000000e+00 0.000000000000000000e+00 0.000000000000000000e+00 0.000000000000000000e+00 0.000000000000000000e+00 -8.278913084555905141e-12 -2.510896050768366653e-12 -7.094029458673151392e-12 -7.055489002789095190e-12 -1.038500147125450187e-11 -9.366602232751465663e-12 -9.506795734026563802e-12 -1.263761709268021451e-11 -2.186591821125331439e-11 -8.432246262380908906e-10 -2.589827010129627914e-07 2.451445263799953817e-09 5.232357396280881327e-07 0.000000000000000000e+00
0.000000000000000000e+00 0.000000000000000000e+00 0.000000000000000000e+00 0.000000000000000000e+00 0.000000000000000000e+00 0.000000000000000000e+00 -1.091980847073872700e-11 -1.333476409639960709e-11 -1.126087351300303392e-11 -8.196264404603221506e-12 -8.196178079105361618e-12 -7.725098264005577845e-12 -6.370519352917177466e-12 -9.145809339678423970e-12 -9.971891228014638066e-12 -8.763015144162434130e-12 -1.291081138524593201e-11 -7.351271681726673383e-09 -1.876022692886664345e+00 0.000000000000000000e+00
0.000000000000000000e+00 0.000000000000000000e+00 0.000000000000000000e+00 0.000000000000000000e+00 0.000000000000000000e+00 0.000000000000000000e+00 -1.500985414480639130e-11 -9.357794518796527937e-13 1.047565648555942238e-12 9.613770746463875753e-13 -5.168453743394129972e-14 7.444066195639004082e-13 6.330013968175383391e-13 -4.556501314667164103e-12 -8.356232777316255778e-12 -8.849538664521712124e-12 -1.177363314750544662e-11 -9.777706592343985886e-09 -4.891602024854719843e+00 0.000000000000000000e+00
0.000000000000000000e+00 0.000000000000000000e+00 0.000000000000000000e+00 0.000000000000000000e+00 0.000000000000000000e+00 0.000000000000000000e+00 5.953322808741796177e-11 3.511362975216955907e-10 -4.049960873428058960e-10 5.995795796460123500e-11 -1.297000370527327291e-10 -1.280413035884380775e-10 -5.875439632986040467e-11 -2.456703989474482730e-11 -1.509245490903775758e-11 -3.203636054143913558e-12 4.514262579177276699e-12 4.855227816860097980e-11 -1.906838283158718616e-11 0.000000000000000000e+00
0.000000000000000000e+00 0.000000000000000000e+00 0.000000000000000000e+00 0.000000000000000000e+00 0.000000000000000000e+00 0.000000000000000000e+00 1.457193569250124059e-10 -1.464113710141363468e-10 6.982044908511862185e-11 -6.853671428241354720e-12 2.037812347722635581e-12 -4.113246065773985283e-11 -9.784658207091705151e-12 -4.025845606813239259e-12 -2.517984887172700358e-12 5.602135725371277022e-12 8.955374795470911075e-12 5.302059882678760900e-11 -1.595135232435589612e-11 0.000000000000000000e+00
0.000000000000000000e+00 0.000000000000000000e+00 0.000000000000000000e+00 0.000000000000000000e+00 0.000000000000000000e+00 0.000000000000000000e+00 -7.131361476034479649e-11 9.719378167061178305e-11 8.026465906429575426e-12 -1.199464700510805462e-11 -1.199575396585922724e-11 -5.149351614660873426e-12 -1.476591380071400975e-11 -2.850468321783886147e-12 -2.715779843842371675e-12 -3.087376268519605041e-13 1.267305304217215454e-12 -4.917510540445011400e-12 -9.689080507978990598e-08 0.000000000000000000e+00
0.000000000000000000e+00 0.000000000000000000e+00 0.000000000000000000e+00 0.000000000000000000e+00 0.000000000000000000e+00 0.000000000000000000e+00 -5.345479641501994872e-11 -6.287004575341893200e-11 1.520898519997938060e-10 -4.189025349931748345e-11 2.743068143250930798e-11 3.644774315359000763e-11 5.302598403923207310e-12 6.485246338831878284e-12 1.842374000083470361e-12 6.596878565179006607e-13 -8.567065275312323553e-13 -1.823795910167240840e-11 -1.092766343349789673e-07 0.000000000000000000e+00
0.000000000000000000e+00 0.000000000000000000e+00 0.000000000000000000e+00 0.000000000000000000e+00 0.000000000000000000e+00 0.000000000000000000e+00 -8.385488489746262250e-11 -1.278710412479371097e-09 -3.084042207368407758e-09 -2.944417620401134929e-10 -2.984974175038760411e-10 -6.465042787158389399e-10 -3.068213726831882399e-10 -1.264087558478020877e-10 -8.475947030493518682e-11 -3.514825362235640697e-11 2.693990250082890099e-11 3.929540754369658399e-10 -8.390788322096599480e-11 0.000000000000000000e+00
0.000000000000000000e+00 0.000000000000000000e+00 0.000000000000000000e+00 0.000000000000000000e+00 0.000000000000000000e+00 0.000000000000000000e+00 1.539064177473586475e-10 2.572147945949879106e-10 1.422247090124406504e-09 -2.225512947827189377e-10 -1.652704188126866090e-10 -2.197010866004761217e-10 -8.585641545506561692e-12 5.742708397011867954e-12 1.167268467382378286e-12 2.189368119530859058e-11 -6.731706757610482679e-11 4.212889260726390339e-10 -5.025012678931058066e-11 0.000000000000000000e+00
0.000000000000000000e+00 0.000000000000000000e+00 0.000000000000000000e+00 0.000000000000000000e+00 0.000000000000000000e+00 0.000000000000000000e+00 -1.370387016112860155e-09 -3.449496202093685594e-11 3.813388911352607397e-10 2.726402114830165546e-12 -2.629691105613251652e-10 2.431963880928898430e-11 4.184262875277194189e-11 5.336902535663573353e-11 6.764645850484746707e-12 -9.098070673961466473e-12 -8.069995249884873089e-12 -9.495246667106869702e-11 -2.444679572904380129e-06 0.000000000000000000e+00
0.000000000000000000e+00 0.000000000000000000e+00 0.000000000000000000e+00 0.000000000000000000e+00 0.000000000000000000e+00 0.000000000000000000e+00 -1.369435050321236265e-09 4.705049949183046427e-10 1.685419961214085643e-09 8.856364463580548811e-11 -2.047996105746661021e-10 2.448105791435383355e-10 1.724808709096326124e-10 1.102027774951363158e-10 3.002393502797835039e-11 -1.176468190688327179e-12 -2.564845738223580648e-11 -2.158139680261491619e-10 -2.754356991226475215e-06 0.000000000000000000e+00
0.000000000000000000e+00 0.000000000000000000e+00 0.000000000000000000e+00 0.000000000000000000e+00 0.000000000000000000e+00 0.000000000000000000e+00 3.709974275683055019e-10 -6.168742374786092047e-11 -1.633714583340380481e-10 8.506665700467942457e-11 -2.726445157768862124e-11 -3.327130303059178975e-11 -5.081418267904462421e-11 -9.644269136809084032e-12 -1.281480753111014346e-11 -7.799901150893569301e-12 -4.236870088318744531e-11 -1.880465219832274269e-09 -3.381256887028406647e-06 0.000000000000000000e+00
0.000000000000000000e+00 0.000000000000000000e+00 0.000000000000000000e+00 0.000000000000000000e+00 0.000000000000000000e+00 0.000000000000000000e+00 4.489926925208672001e-10 -1.431554952846475736e-10 -2.969115094491728996e-10 -2.599766613148641498e-10 9.244226336999689326e-11 -1.084926923746158255e-10 -4.257315591111890764e-12 -1.342343193498479396e-11 -1.165110581861070786e-10 5.221189574420377079e-10 2.274322276114586085e-06 -3.331415173816188089e-09 -3.387424076907942289e-06 0.000000000000000000e+00
0.000000000000000000e+00 0.000000000000000000e+00 0.000000000000000000e+00 0.000000000000000000e+00 0.000000000000000000e+00 0.000000000000000000e+00 4.333888798947340957e-10 -9.681464368833194705e-11 -2.220294711060642708e-10 5.346401347323528740e-11 -1.937533561079048466e-11 -5.438695975757935597e-11 -2.545629069885347554e-11 -1.844703634417927385e-11 -2.035815539652774089e-11 -8.967942214555231932e-12 -4.084128094279478751e-11 -9.678698724742826748e-09 -2.126524229227657159e+01 0.000000000000000000e+00
0.000000000000000000e+00 0.000000000000000000e+00 0.000000000000000000e+00 0.000000000000000000e+00 0.000000000000000000e+00 0.000000000000000000e+00 4.985652922746437769e-10 -1.380991393977930636e-10 -2.453816512639419468e-10 2.101898010331890209e-11 -5.814980666428305272e-12 -6.625941387437071357e-11 -1.272788934484783187e-11 -2.573907347690573577e-11 -2.533938409388994938e-11 -9.207343611455216652e-12 -4.282019394502472610e-11 -1.285259869320662749e-08 -2.882220908200743992e+01 0.000000000000000000e+00
