0.000000000000000000e+00 0.000000000000000000e+00 0.000000000000000000e+00 0.000000000000000000e+00 0.000000000000000000e+00 0.000000000000000000e+00 6.458098212964656487e-12 3.710868529053526573e-12 6.023848108233550374e-12 7.028362499093688315e-12 5.299284022225669259e-12 1.019544940818073487e-11 9.275611769793108181e-12 7.752282416674101542e-12 4.406162219949595809e-12 1.628738321291751361e-12 6.039090417483350110e-12 4.858139543757315271e-09 2.404952799080740280e-06 0.000000000000000000e+00
0.000000000000000000e+00 0.000000000000000000e+00 0.000000000000000000e+00 0.000000000000000000e+00 0.000000000000000000e+00 0.000000000000000000e+00 -4.119927344723600948e-12 -3.280520223911253376e-12 5.435408058438605647e-13 2.464024849184904594e-12 -5.824123379232061553e-13 3.998137396314887631e-14 5.620268420484044343e-14 -3.743515927844033806e-13 -5.485907295944493050e-13 1.428463335881472318e-11 2.029577752439761816e-09 5.234200033817462007e-09 2.405367751317279371e-06 0.000000000000000000e+00
0.000000000000000000e+00 0.000000000000000000e+00 0.000000000000000000e+00 0.000000000000000000e+00 0.000000000000000000e+00 0.000000000000000000e+00 3.290339274995252071e-12 -2.047952045291874498e-12 1.614822831183348951e-12 1.759832714217268286e-12 7.970689570234768390e-15 2.118959862680475635e-12 1.326577128239304856e-12 1.078064978610559764e-12 4.740274080468528476e-13 1.289308490410581823e-13 7.576110767162049459e-13 1.818863990721188433e-09 -3.412919265974871053e+00 0.000000000000000000e+00
0.000000000000000000e+00 0.000000000000000000e+00 0.000000000000000000e+00 0.000000000000000000e+00 0.000000000000000000e+00 0.000000000000000000e+00 7.953046055825944192e-12 9.639707431613525543e-13 4.714861893813359741e-12 3.738433867591632776e-12 2.769515598370082186e-12 8.257399601630567368e-12 6.560623065829219525e-12 4.781370725401456304e-12 2.424729942570762026e-12 4.469139701137823593e-13 3.832360861989166023e-12 3.149986697377558677e-09 -5.847823947154509483e+00 0.000000000000000000e+00
0.000000000000000000e+00 0.000000000000000000e+00 0.000000000000000000e+00 0.000000000000000000e+00 0.000000000000000000e+00 0.000000000000000000e+00 -8.478168519573957440e-10 -4.650840032755021468e-10 -5.174827821084629426e-10 -2.941981950270279724e-10 -3.160258681934701935e-12 -1.762982695986289328e-10 -4.994514157182318405e-11 -3.049542191353323867e-11 -1.480547984075433567e-11 -5.745321898272814857e-12 5.026009144510797367e-12 4.648367314310270934e-11 2.066154926824910475e-10 0.000000000000000000e+00
0.000000000000000000e+00 0.000000000000000000e+00 0.000000000000000000e+00 0.000000000000000000e+00 0.000000000000000000e+00 0.000000000000000000e+00 2.086102148589026771e-10 -1.904742709663468088e-10 -2.990316596131093412e-11 -1.389759659885812940e-10 9.181575387741377587e-11 -1.295616972003532582e-10 -8.728678630928451045e-12 -2.064195968430866131e-12 -1.764311928432558297e-12 -3.772693820479556846e-12 -1.633252426107856080e-11 5.128873390493734488e-11 2.085257362998404837e-10 0.000000000000000000e+00
0.000000000000000000e+00 0.000000000000000000e+00 0.000000000000000000e+00 0.000000000000000000e+00 0.000000000000000000e+00 0.000000000000000000e+00 -5.232493344088075667e-11 -1.844277410804388019e-10 1.777652819062132289e-10 -9.729814421844772795e-11 1.368989213106861860e-11 -1.006472634912435272e-10 -4.859702211193317617e-12 -4.862395367619425769e-12 -1.492904483023519250e-12 -1.813531177534579463e-12 1.753797502334214861e-12 1.340187479690759625e-12 -3.930269271943394437e-08 0.000000000000000000e+00
0.000000000000000000e+00 0.000000000000000000e+00 0.000000000000000000e+00 0.000000000000000000e+00 0.000000000000000000e+00 0.000000000000000000e+00 2.826198552483404828e-10 -5.263463569601167185e-11 4.086900779805932759e-10 -3.283546689493096316e-11 2.320222272595409550e-11 -7.176151871209350396e-11 1.344633904789533838e-11 5.853907532003864090e-12 3.683049023096682841e-12 -2.477603452866148043e-13 -5.107255395707862149e-13 -9.567064052972577479e-12 -4.862881616422841148e-08 0.000000000000000000e+00
0.000000000000000000e+00 0.000000000000000000e+00 0.000000000000000000e+00 0.000000000000000000e+00 0.000000000000000000e+00 0.000000000000000000e+00 -6.458487170336830535e-09 -6.778620636943578250e-10 -1.547701272167302760e-09 -1.996735861191125645e-09 -6.965782353629650779e-10 -5.168289460086854605e-10 -4.158097969834744200e-10 -1.174486651592997257e-10 -8.514004303128687408e-11 -3.490903660771517023e-11 2.986806636754925657e-11 4.886170617915663430e-10 -1.517037840874662496e-09 0.000000000000000000e+00
0.000000000000000000e+00 0.000000000000000000e+00 0.000000000000000000e+00 0.000000000000000000e+00 0.000000000000000000e+00 0.000000000000000000e+00 1.918333232409399744e-09 -4.924610743630373290e-10 1.227713421289648015e-09 -1.379942669644311919e-09 3.067033427928998068e-11 -1.456451046850707767e-10 -3.431598433442280071e-11 -3.434006414572833043e-11 -1.702563595587799494e-11 -7.975058648827350814e-11 3.667116373072821406e-10 5.007122889547243131e-10 -1.511464291739911297e-09 0.000000000000000000e+00
0.000000000000000000e+00 0.000000000000000000e+00 0.000000000000000000e+00 0.000000000000000000e+00 0.000000000000000000e+00 0.000000000000000000e+00 8.203997362541244453e-10 -6.794310077787962525e-10 1.465472230410776976e-09 -2.764219150363294760e-10 1.419928800890733165e-10 6.628349475443402154e-12 9.214904040217999728e-12 -1.831051320960954936e-11 -2.944756981649949237e-11 -5.820604362839512558e-12 -4.878697349151330753e-12 9.565318567888501389e-11 -2.173602788684336748e-06 0.000000000000000000e+00
0.000000000000000000e+00 0.000000000000000000e+00 0.000000000000000000e+00 0.000000000000000000e+00 0.000000000000000000e+00 0.000000000000000000e+00 3.571518785298906629e-09 -5.228104830489529393e-10 2.584662875039520345e-09 2.139222923974157987e-10 4.170639099277719854e-10 1.667158489520115774e-10 1.720308403393913197e-10 1.465795786345759833e-11 -6.521528816007911926e-12 2.518718224692122993e-12 -2.738950765630520395e-11 2.199785718515806218e-13 -2.447783419124979904e-06 0.000000000000000000e+00
0.000000000000000000e+00 0.000000000000000000e+00 0.000000000000000000e+00 0.000000000000000000e+00 0.000000000000000000e+00 0.000000000000000000e+00 3.446189133960958829e-10 1.176204289315178323e-10 -2.356274600392658490e-10 -5.822878912355806932e-11 -3.660522689630664922e-11 -1.717122321215821310e-11 -6.338101150032127971e-11 -1.493711146977243138e-11 4.046555812678016782e-12 -8.055545977155006677e-12 -9.861698837372245034e-12 -2.290610964461151668e-09 5.016288252033880358e-06 0.000000000000000000e+00
0.000000000000000000e+00 0.000000000000000000e+00 0.000000000000000000e+00 0.000000000000000000e+00 0.000000000000000000e+00 0.000000000000000000e+00 1.627791830807493822e-09 -1.742562578580820951e-10 3.379494308754256639e-10 -2.492876529476946638e-10 7.935764545009594712e-11 -1.029267597575211452e-10 -8.111073339733753341e-11 -2.585033412600260887e-11 -4.845524883464879010e-11 -5.095409280041425188e-10 4.343049398094878816e-07 -2.925926130719241374e-09 5.021830785802805233e-06 0.000000000000000000e+00
0.000000000000000000e+00 0.000000000000000000e+00 0.000000000000000000e+00 0.000000000000000000e+00 0.000000000000000000e+00 0.000000000000000000e+00 4.421207726876269460e-10 1.105473800092087128e-10 -1.690694947497416917e-10 -5.113282944823009079e-11 -1.298639059418079156e-11 -2.349715371488783377e-11 -8.252948132314900426e-11 -2.184461567149943163e-11 5.124094727673106175e-12 -1.179339828614072216e-11 -3.355979796778942024e-12 -1.041253798486180265e-08 -6.421064046588811891e+01 0.000000000000000000e+00
0.000000000000000000e+00 0.000000000000000000e+00 0.000000000000000000e+00 0.000000000000000000e+00 0.000000000000000000e+00 0.000000000000000000e+00 4.844912754782550907e-10 8.619242962916930481e-11 -1.133277548833390097e-10 -5.971747915126022463e-11 -1.873913807987120903e-12 -2.480280879395932973e-11 -8.617651203307600208e-11 -3.619940549552007156e-11 1.013929471430325697e-12 -1.554073909157857330e-11 1.165827439670742482e-12 -1.244149675310902026e-08 -7.549928949761024910e+01 0.000000000000000000e+00
