0.000000000000000000e+00 0.000000000000000000e+00 0.000000000000000000e+00 0.000000000000000000e+00 0.000000000000000000e+00 0.000000000000000000e+00 -4.095840786868198089e-13 -8.788490100739931136e-12 -1.891829807566838938e-12 2.870171296853152131e-12 1.383642984203104513e-12 5.286673798245198836e-12 6.660358535528557252e-12 4.785708979025606147e-12 2.908630363411189633e-12 2.536070913901142013e-13 3.951678308037732802e-12 4.263912273352706117e-09 1.476004239481171207e-06 0.000000000000000000e+00
0.000000000000000000e+00 0.000000000000000000e+00 0.000000000000000000e+00 0.000000000000000000e+00 0.000000000000000000e+00 0.000000000000000000e+00 -9.815914530400330329e-13 1.266694736625777162e-12 -1.311739123613972573e-12 -1.474958291015713724e-13 -1.993370675765684099e-12 -1.131342888955117684e-12 -1.146705245189106402e-12 -1.847722732425356491e-12 -2.380750186715561801e-12 -1.159137655270572937e-10 -6.876995192161894361e-08 4.550632519136005392e-09 1.474571655898829458e-06 0.000000000000000000e+00
0.000000000000000000e+00 0.000000000000000000e+00 0.000000000000000000e+00 0.000000000000000000e+00 0.000000000000000000e+00 0.000000000000000000e+00 -4.727612804381809447e-12 -4.027114966915054133e-13 -3.874894352050666312e-14 3.670536042571789226e-13 1.555402621871105643e-13 6.425040958164800133e-13 5.991284384239554930e-13 -4.023564000155418028e-13 -4.490126148927546373e-13 -1.102297992438400238e-12 -7.811112467536808200e-13 3.937610633569427990e-10 1.270395427897260276e+01 0.000000000000000000e+00
0.000000000000000000e+00 0.000000000000000000e+00 0.000000000000000000e+00 0.000000000000000000e+00 0.000000000000000000e+00 0.000000000000000000e+00 3.562468440973363474e-12 5.512703367771901590e-12 3.517568334091230070e-12 3.692840564389599765e-12 4.418593890881718594e-12 6.931601799699732931e-12 6.257526639260442668e-12 3.410172292486058037e-12 1.396913000251874545e-12 -8.894293951180267098e-13 2.128323603839476772e-12 1.245316010348569161e-09 1.886246126986992522e+01 0.000000000000000000e+00
0.000000000000000000e+00 0.000000000000000000e+00 0.000000000000000000e+00 0.000000000000000000e+00 0.000000000000000000e+00 0.000000000000000000e+00 -6.455201135550613955e-11 -1.166166369887692372e-11 -4.140009942576078343e-10 -1.939853463380882412e-10 -1.523000521539591315e-10 -1.193203742653762173e-10 -9.228133183368748941e-11 -1.723752573623909273e-11 -1.468478560428860953e-11 -4.504834257109271963e-12 3.928361814721377653e-12 4.903327379544001230e-11 1.013910551527971839e-10 0.000000000000000000e+00
0.000000000000000000e+00 0.000000000000000000e+00 0.000000000000000000e+00 0.000000000000000000e+00 0.000000000000000000e+00 0.000000000000000000e+00 -8.870988841911411160e-11 2.553538212736904944e-10 -1.721238335599065934e-10 8.023058328461533353e-12 -6.252479063042971346e-11 -3.403601358167402572e-12 -7.083880239064600858e-12 -1.088473110280433093e-11 -5.209301749969094452e-12 -7.007937083396588475e-12 2.969373959972634218e-11 5.386127628908084632e-11 1.025615975848987037e-10 0.000000000000000000e+00
0.000000000000000000e+00 0.000000000000000000e+00 0.000000000000000000e+00 0.000000000000000000e+00 0.000000000000000000e+00 0.000000000000000000e+00 -6.425630717525100858e-11 2.292761735307314788e-10 -6.831284154225704828e-11 1.789952394752795045e-11 -1.769243726987629276e-11 -2.642949069295018148e-11 6.875683352449321332e-12 -1.905765797330687058e-11 -4.177156165675459686e-12 -1.881726801266874839e-12 1.802709606477783220e-13 -2.345227195232980843e-12 1.191829240823689636e-09 0.000000000000000000e+00
0.000000000000000000e+00 0.000000000000000000e+00 0.000000000000000000e+00 0.000000000000000000e+00 0.000000000000000000e+00 0.000000000000000000e+00 -4.118257074649751000e-11 3.164840001077511421e-10 1.012600516766894254e-10 8.783377968308759727e-11 2.546112532718471113e-11 9.877089632764897949e-12 4.183722940325621375e-11 -1.818052626983852844e-11 -1.670985373296186953e-13 -7.436175956429143182e-13 -2.122316762811034791e-12 -1.531001824413710136e-11 -4.437732475179312182e-09 0.000000000000000000e+00
0.000000000000000000e+00 0.000000000000000000e+00 0.000000000000000000e+00 0.000000000000000000e+00 0.000000000000000000e+00 0.000000000000000000e+00 -2.688945302245009185e-09 -9.226741152034072366e-10 -6.972601020702015248e-10 -5.678779199441398172e-10 -8.132553613737998125e-10 -5.623014199023892030e-10 -3.761444664468612545e-10 -1.571410944840512419e-10 -5.886863659427470243e-11 -2.520463806305978723e-11 1.866633316705838667e-11 4.635682568380357649e-10 1.814622798255015502e-09 0.000000000000000000e+00
0.000000000000000000e+00 0.000000000000000000e+00 0.000000000000000000e+00 0.000000000000000000e+00 0.000000000000000000e+00 0.000000000000000000e+00 1.135076495743994132e-09 8.815063950291090623e-10 1.225587836084196875e-10 1.828421381939470336e-11 -3.157756063282789601e-10 8.030112208159910377e-11 5.235935748832058914e-12 8.110161599565388848e-12 -5.657544115862826136e-12 -1.113396745216432870e-10 2.192329659491296799e-10 4.756582165374066744e-10 1.784542874694185960e-09 0.000000000000000000e+00
0.000000000000000000e+00 0.000000000000000000e+00 0.000000000000000000e+00 0.000000000000000000e+00 0.000000000000000000e+00 0.000000000000000000e+00 6.315850503040511841e-10 8.515714101624338308e-10 -2.828537260680987328e-10 -3.967071021714249749e-11 1.552860908436669142e-12 3.829715448751869922e-11 1.284320378936412878e-10 1.306095624630882927e-12 5.539793860971062028e-12 2.610459943766023326e-12 -2.096944147655354657e-11 -2.618545986623371236e-10 3.551494271546124362e-06 0.000000000000000000e+00
0.000000000000000000e+00 0.000000000000000000e+00 0.000000000000000000e+00 0.000000000000000000e+00 0.000000000000000000e+00 0.000000000000000000e+00 1.933419497448663118e-09 1.620294677037889345e-09 -1.394344097793159995e-11 1.763457289029002150e-10 2.737166154520547510e-10 2.978529999715227928e-10 2.918644729438728530e-10 6.183860365742640487e-11 2.336945900144961816e-11 1.185662805009099979e-11 -4.137222456075435749e-11 -4.164438113880239321e-10 3.916481686898375382e-06 0.000000000000000000e+00
0.000000000000000000e+00 0.000000000000000000e+00 0.000000000000000000e+00 0.000000000000000000e+00 0.000000000000000000e+00 0.000000000000000000e+00 -3.365195066454986926e-11 2.227042272668083550e-10 -4.104231294463635443e-11 1.515395079811303313e-11 2.002639307238177991e-11 -3.755922343962931511e-12 -2.981031349535860722e-11 -2.029326518801995710e-13 -8.501448736959013346e-13 3.655785988851833065e-12 -1.526824911672539486e-11 -1.017511554482092017e-09 -2.016834748351466322e-07 0.000000000000000000e+00
0.000000000000000000e+00 0.000000000000000000e+00 0.000000000000000000e+00 0.000000000000000000e+00 0.000000000000000000e+00 0.000000000000000000e+00 -4.571860355890387963e-10 2.458769323908310986e-10 -3.827692755048953699e-11 -1.031986254002201054e-11 1.714873875353671554e-10 -7.382593882247723735e-11 -1.854934399099018003e-11 -2.365928143381710571e-11 -2.662397781723477876e-12 5.078125222104727698e-10 -4.187316212233077699e-06 -1.623979560023297867e-09 -2.042945723051250373e-07 0.000000000000000000e+00
0.000000000000000000e+00 0.000000000000000000e+00 0.000000000000000000e+00 0.000000000000000000e+00 0.000000000000000000e+00 0.000000000000000000e+00 -1.884637847753927226e-11 2.156512681794963914e-10 -2.029440623883803856e-11 1.655449673396625083e-12 1.140782270722261567e-11 -1.386217321825321396e-11 -2.386718251277950700e-11 9.734287008102385561e-12 5.244044776880507546e-13 -2.463886217340664731e-12 -4.557034238483724587e-12 -1.801075459905702226e-09 -4.224988757730083933e+01 0.000000000000000000e+00
0.000000000000000000e+00 0.000000000000000000e+00 0.000000000000000000e+00 0.000000000000000000e+00 0.000000000000000000e+00 0.000000000000000000e+00 -2.049075612215009905e-11 2.335387936153434027e-10 -2.819952135009849604e-11 2.151210075422286731e-12 1.401398064236564074e-11 -2.937480220868865109e-11 -1.747578087810796533e-11 1.059767264256865293e-11 2.807309511769405045e-12 -5.012918221571184693e-12 -2.221356480483293163e-12 -2.420010180380833723e-09 -6.007458576703618292e+01 0.000000000000000000e+00
