0.000000000000000000e+00 0.000000000000000000e+00 0.000000000000000000e+00 0.000000000000000000e+00 0.000000000000000000e+00 0.000000000000000000e+00 -1.096612892018037161e-11 -9.989969301495323728e-12 -1.648226547597293325e-12 -1.740271411833562050e-12 3.113820227316610064e-12 8.945435186214482919e-12 6.624780876472523733e-12 1.998161323922080666e-12 1.728385440786872302e-13 -2.434402172263964264e-12 -1.257352830295242033e-12 3.694546648804619370e-09 -4.790434984170129713e-08 0.000000000000000000e+00
0.000000000000000000e+00 0.000000000000000000e+00 0.000000000000000000e+00 0.000000000000000000e+00 0.000000000000000000e+00 0.000000000000000000e+00 1.355068081631689189e-11 1.895735038686945817e-11 1.127548100371888863e-11 4.858462530773472000e-12 3.456592105672834445e-12 2.427667324592466495e-12 -1.581397779752003212e-12 -3.289470375660818286e-12 -9.115074970672770524e-12 -5.587909831451021059e-10 -1.023975831757674339e-07 3.902192616885746711e-09 -4.942210525945798518e-08 0.000000000000000000e+00
0.000000000000000000e+00 0.000000000000000000e+00 0.000000000000000000e+00 0.000000000000000000e+00 0.000000000000000000e+00 0.000000000000000000e+00 4.249552220285461354e-12 8.419952357614948814e-13 4.785002153979561824e-12 6.730676343648020367e-13 2.705118420227836707e-12 1.755612049497608140e-12 6.547324663874614922e-13 -1.268527580537660637e-12 -3.162561830095978692e-12 -3.904025968081401555e-12 -5.780651907095456640e-12 -2.545260513205633365e-09 -8.255308982891705227e+00 0.000000000000000000e+00
0.000000000000000000e+00 0.000000000000000000e+00 0.000000000000000000e+00 0.000000000000000000e+00 0.000000000000000000e+00 0.000000000000000000e+00 8.575256366795349270e-12 9.945870260838601740e-12 9.898807936829190376e-12 4.074264031905111044e-12 7.051584309678417253e-12 7.273797945310373423e-12 6.834832311897585918e-12 3.633705848620419350e-12 -1.342359096398061645e-12 -3.765184657363836640e-12 -3.483247912022325141e-12 -2.705228131384501323e-09 -1.165449686927000172e+01 0.000000000000000000e+00
0.000000000000000000e+00 0.000000000000000000e+00 0.000000000000000000e+00 0.000000000000000000e+00 0.000000000000000000e+00 0.000000000000000000e+00 -8.454296450069387177e-10 -5.295285760935714314e-10 2.271601127899907603e-10 -6.361225410004223107e-11 6.596068710283356865e-11 -9.341942615230898957e-11 -9.050667777780017293e-11 -3.676270211760912110e-11 -1.284454280942939664e-11 -1.431959335953246481e-12 6.211485601817740004e-12 4.824931874722688742e-11 7.772824706048868291e-11 0.000000000000000000e+00
0.000000000000000000e+00 0.000000000000000000e+00 0.000000000000000000e+00 0.000000000000000000e+00 0.000000000000000000e+00 0.000000000000000000e+00 -2.406729926349650219e-09 -1.414734221964953395e-09 -1.618410580698143122e-10 -2.978225256987660981e-11 2.158482533629636501e-10 5.761898790029038506e-12 -6.839087885132983585e-12 6.509668030224271749e-12 -1.769434035651966604e-12 2.297625663323206768e-12 1.016247489650746818e-11 5.588992969650354164e-11 7.756730305404570385e-11 0.000000000000000000e+00
0.000000000000000000e+00 0.000000000000000000e+00 0.000000000000000000e+00 0.000000000000000000e+00 0.000000000000000000e+00 0.000000000000000000e+00 -1.721227708908177214e-09 -1.078053366960702407e-09 -9.685973008645209803e-11 -3.575122758855469319e-11 1.565594229563614760e-10 -1.614616871467513293e-11 3.794242356699897541e-12 4.213842364780317528e-12 -1.412523074393142741e-12 1.065802513717293003e-12 2.177093872000284621e-12 7.507420954861787247e-12 -6.201122864254695657e-08 0.000000000000000000e+00
0.000000000000000000e+00 0.000000000000000000e+00 0.000000000000000000e+00 0.000000000000000000e+00 0.000000000000000000e+00 0.000000000000000000e+00 -1.993515329599591270e-09 -1.246551817882436081e-09 -2.127726816139896430e-10 -1.583805813394275925e-11 1.819711768362151824e-10 1.414428894945156139e-11 3.803206912172932930e-11 1.956154906779804361e-11 2.116140038853634553e-12 2.186963672922075352e-12 -4.343948020572974149e-13 -3.387367652111565307e-12 -6.968960444022241528e-08 0.000000000000000000e+00
0.000000000000000000e+00 0.000000000000000000e+00 0.000000000000000000e+00 0.000000000000000000e+00 0.000000000000000000e+00 0.000000000000000000e+00 -8.355282148805632034e-10 -4.291945331361123145e-09 -2.515817927965741795e-10 -2.296820305971461952e-09 2.818591276313901312e-10 -1.506448745752547360e-10 -9.611247437320427088e-11 -1.903114701606890577e-10 -5.372985359971969984e-11 -2.202452290349466562e-11 3.626270610287218520e-11 3.556980454405896876e-10 2.982844152285771027e-09 0.000000000000000000e+00
0.000000000000000000e+00 0.000000000000000000e+00 0.000000000000000000e+00 0.000000000000000000e+00 0.000000000000000000e+00 0.000000000000000000e+00 -5.111808248541234535e-09 -1.189423165722321645e-08 -7.511132636832003996e-10 -1.258672106937216800e-09 1.044474112597111294e-09 -5.700998230098325108e-11 7.112192277901617990e-11 -9.436189678239423675e-12 -1.135990676148485467e-11 -2.841855447918768310e-12 6.336131683486018177e-12 4.041685581887586542e-10 2.960369905014227997e-09 0.000000000000000000e+00
0.000000000000000000e+00 0.000000000000000000e+00 0.000000000000000000e+00 0.000000000000000000e+00 0.000000000000000000e+00 0.000000000000000000e+00 -3.325118320664532247e-09 -9.272719245149390116e-09 -9.666688052670663079e-11 -5.394373112131309486e-10 7.631480577674472176e-10 -3.667937476374420583e-11 4.501474519025041054e-11 1.575424197707576214e-11 2.419685584617082623e-11 1.319034828448083242e-12 7.071501298838984410e-14 5.961877746691650297e-11 -2.195670151595598667e-06 0.000000000000000000e+00
0.000000000000000000e+00 0.000000000000000000e+00 0.000000000000000000e+00 0.000000000000000000e+00 0.000000000000000000e+00 0.000000000000000000e+00 -4.183154716929626655e-09 -1.073321081633950569e-08 -6.613659241215127147e-11 7.446321033015829660e-11 9.170344588929212185e-10 -1.454304615225983614e-11 1.028455027255821541e-10 8.435573203801073115e-11 4.647916334322027336e-11 8.362559561919414138e-12 -1.939267351041255521e-11 -4.220083887456474861e-11 -2.532682012612455521e-06 0.000000000000000000e+00
0.000000000000000000e+00 0.000000000000000000e+00 0.000000000000000000e+00 0.000000000000000000e+00 0.000000000000000000e+00 0.000000000000000000e+00 2.487312847343579923e-11 4.256779609160657146e-11 -1.984671386737830873e-12 1.628460419965993779e-11 1.119910415105156137e-10 -2.287932195286693107e-11 4.741929807013017993e-11 -4.620935954993248285e-12 -3.015255977894144048e-11 -6.000325585300124084e-12 -8.134221262493096970e-12 -1.597352640975455885e-09 -1.443492160632863596e-06 0.000000000000000000e+00
0.000000000000000000e+00 0.000000000000000000e+00 0.000000000000000000e+00 0.000000000000000000e+00 0.000000000000000000e+00 0.000000000000000000e+00 -2.278711364137992151e-10 -6.390474667241413122e-11 1.002836016405596638e-10 7.758906763125802295e-11 1.682392350793879709e-10 3.390924669412379016e-11 -2.253085854513110339e-11 1.617961004451893848e-11 5.323136880216696290e-11 2.802150923861961368e-09 -2.413058317865831274e-06 -1.754669278493140587e-09 -1.455283282653549009e-06 0.000000000000000000e+00
0.000000000000000000e+00 0.000000000000000000e+00 0.000000000000000000e+00 0.000000000000000000e+00 0.000000000000000000e+00 0.000000000000000000e+00 8.091294331468439239e-11 -2.137321144173081475e-11 -5.184858861100372369e-12 2.208187528298381854e-11 1.151203430762448139e-10 -2.521393126825748413e-11 2.357519443696028361e-11 -1.117805198877697375e-11 -4.102753578523123813e-11 -9.741926690524026490e-12 -9.809091935252651318e-12 -3.425890899313942938e-09 -6.093992042249612773e+00 0.000000000000000000e+00
0.000000000000000000e+00 0.000000000000000000e+00 0.000000000000000000e+00 0.000000000000000000e+00 0.000000000000000000e+00 0.000000000000000000e+00 9.648795541663218210e-11 -7.105059454612432145e-11 -1.007878286112886779e-11 2.782999695542396445e-11 1.240389069568222978e-10 -1.754978807399034991e-11 8.762534456785612948e-12 -1.854252836045497690e-11 -4.673884908649636333e-11 -1.105592890571215943e-11 -7.361316934310419658e-12 -3.305205311310470396e-09 -7.637294514206606877e+00 0.000000000000000000e+00
