0.000000000000000000e+00 0.000000000000000000e+00 0.000000000000000000e+00 0.000000000000000000e+00 0.000000000000000000e+00 0.000000000000000000e+00 1.289593941973165896e-11 2.117500117445778191e-12 1.071280066308751324e-11 7.054494391054655476e-12 7.405434156084916133e-12 9.185003542619828911e-12 9.866146909135554895e-12 8.610296082902509091e-12 4.829458746252068462e-12 1.828566762117159468e-12 7.102664110970671790e-12 5.697038209051362900e-09 1.243445823171282472e-06 0.000000000000000000e+00
0.000000000000000000e+00 0.000000000000000000e+00 0.000000000000000000e+00 0.000000000000000000e+00 0.000000000000000000e+00 0.000000000000000000e+00 2.687047856568685185e-12 -5.961821049304976774e-12 -1.997217938690033270e-12 -4.541438745114549900e-12 -3.673015724070019972e-13 -3.056682955939502477e-13 -8.029709042031460965e-13 -3.834760541412575624e-13 -6.840934030838195036e-13 1.377908853277291238e-11 2.083080706596044521e-08 6.105670306191471041e-09 1.242633055871402001e-06 0.000000000000000000e+00
0.000000000000000000e+00 0.000000000000000000e+00 0.000000000000000000e+00 0.000000000000000000e+00 0.000000000000000000e+00 0.000000000000000000e+00 3.220483725354928494e-12 1.856465898408302271e-12 8.794081791972557340e-13 -1.141242408039152555e-12 5.979415128504069547e-13 1.908989426885748440e-12 1.934748319612158528e-12 1.237506162983519229e-12 3.914276964091556105e-13 6.015174216579958222e-14 7.500025870335550683e-13 1.718731295415175182e-09 1.582930441254368503e+01 0.000000000000000000e+00
0.000000000000000000e+00 0.000000000000000000e+00 0.000000000000000000e+00 0.000000000000000000e+00 0.000000000000000000e+00 0.000000000000000000e+00 4.279512359544244119e-12 3.298317917846368426e-12 5.116723472476839445e-12 1.410631852835976084e-12 4.621356580368503606e-12 9.244365800905812972e-12 8.678567947678313920e-12 5.754433472881133780e-12 2.619494702302851909e-12 3.997720346738077730e-13 4.109214880539660070e-12 3.412313532879294515e-09 2.396031200499491831e+01 0.000000000000000000e+00
0.000000000000000000e+00 0.000000000000000000e+00 0.000000000000000000e+00 0.000000000000000000e+00 0.000000000000000000e+00 0.000000000000000000e+00 -1.399620801231783207e-09 5.380164045553468705e-10 -2.160076791920072804e-10 -3.674860883964340175e-10 -1.149603169741674258e-10 -1.406942863911733110e-10 -3.189675210993036482e-11 -3.903348297090577091e-11 -1.386410821008857036e-11 -4.776813440850161134e-12 4.244694759443845602e-12 5.253494553130315127e-11 9.061560392255504876e-11 0.000000000000000000e+00
0.000000000000000000e+00 0.000000000000000000e+00 0.000000000000000000e+00 0.000000000000000000e+00 0.000000000000000000e+00 0.000000000000000000e+00 -7.859331847883295644e-10 3.422350195103155332e-10 -4.074997652155926471e-11 -2.655128314182207941e-11 7.295839174127510881e-11 -4.992044099085913387e-11 2.082516096999562742e-12 -2.653611689213033901e-12 -6.940162793899430079e-12 -1.804119079425631415e-12 -2.368780834719081151e-11 5.735340617268333881e-11 9.118519357308133435e-11 0.000000000000000000e+00
0.000000000000000000e+00 0.000000000000000000e+00 0.000000000000000000e+00 0.000000000000000000e+00 0.000000000000000000e+00 0.000000000000000000e+00 -6.942283996789382175e-10 1.597083070171586424e-10 -7.090820858162976336e-11 2.810375451778576637e-12 -1.099230172753180973e-11 -4.528964324104343568e-11 9.477009652216614653e-12 2.977698474487403336e-12 -6.323687431100920505e-12 -1.277908789164452648e-12 1.189203820543753684e-12 -9.365284870640879586e-12 1.951046971192038318e-07 0.000000000000000000e+00
0.000000000000000000e+00 0.000000000000000000e+00 0.000000000000000000e+00 0.000000000000000000e+00 0.000000000000000000e+00 0.000000000000000000e+00 -3.058084491838678050e-10 1.560004626922565068e-11 -2.852802165777861341e-11 1.189653477179607310e-10 3.838013107581586481e-11 -1.082734601488939887e-11 2.286610410035785338e-11 1.819476114615403118e-11 -3.631485379790339509e-12 3.076048928796699527e-13 -6.700713590481624501e-13 -2.386425898786878418e-11 2.383535801901185864e-07 0.000000000000000000e+00
0.000000000000000000e+00 0.000000000000000000e+00 0.000000000000000000e+00 0.000000000000000000e+00 0.000000000000000000e+00 0.000000000000000000e+00 -9.672919121746034695e-09 7.135586164804673596e-11 -1.189469037641123766e-09 -1.613361268829999109e-09 -6.303915047019390275e-10 -3.659170433523506041e-10 -2.804472197654127894e-10 -1.892775161181695283e-10 -6.450675635097646288e-11 -4.599718202414589124e-11 3.666165482032575155e-11 5.803506637294160772e-10 1.714327951195565686e-09 0.000000000000000000e+00
0.000000000000000000e+00 0.000000000000000000e+00 0.000000000000000000e+00 0.000000000000000000e+00 0.000000000000000000e+00 0.000000000000000000e+00 -4.317387671149273865e-09 -2.426526631218744935e-10 2.073871409113027071e-10 -3.978284887239842127e-10 1.430748692764582522e-10 -7.607666638928112094e-11 -2.346034197666877883e-11 -1.369100435728196963e-11 -2.645100205407174956e-11 -1.214181742674727528e-10 -2.373970667003559127e-11 6.493728995742023652e-10 1.727212203878901100e-09 0.000000000000000000e+00
0.000000000000000000e+00 0.000000000000000000e+00 0.000000000000000000e+00 0.000000000000000000e+00 0.000000000000000000e+00 0.000000000000000000e+00 -4.241863659377641135e-09 1.602500401639882329e-10 6.022253543951006910e-10 3.304538356240128312e-11 2.999917485811440277e-11 -8.800531098225449687e-11 1.096169008706822501e-11 2.515542430008179911e-11 -1.378926009985583572e-11 -1.305931531123840563e-11 -7.852919334296602165e-12 2.538717195722316716e-11 2.144089598770135169e-06 0.000000000000000000e+00
0.000000000000000000e+00 0.000000000000000000e+00 0.000000000000000000e+00 0.000000000000000000e+00 0.000000000000000000e+00 0.000000000000000000e+00 -1.362163884735621926e-09 2.169973535903497468e-10 1.142733450167090800e-09 5.263802318707836097e-10 3.306946735662213371e-10 2.012499502962993782e-11 1.230141170381739608e-10 9.949749432453528528e-11 3.342169236924689371e-13 -1.310292208537239540e-12 -3.063308404325198666e-11 -1.341337757118451342e-10 2.666108187216327904e-06 0.000000000000000000e+00
0.000000000000000000e+00 0.000000000000000000e+00 0.000000000000000000e+00 0.000000000000000000e+00 0.000000000000000000e+00 0.000000000000000000e+00 2.445929557717442202e-10 2.467222524003278125e-11 2.936567661925653504e-11 -3.029315356901560198e-11 -4.689894317584607238e-11 8.933070457323612180e-11 -4.579899790215565472e-12 -8.626393426507014749e-12 -8.381259984365392775e-12 4.400913705776731919e-12 -2.598369702121366914e-11 -6.189250106333572577e-10 2.037045752330371320e-06 0.000000000000000000e+00
0.000000000000000000e+00 0.000000000000000000e+00 0.000000000000000000e+00 0.000000000000000000e+00 0.000000000000000000e+00 0.000000000000000000e+00 2.902768489859098459e-10 -3.522557416594076247e-10 4.884832565921620005e-11 -8.691546588782660777e-11 -1.548720174058897703e-11 7.874733016037758616e-11 -5.434428832383092511e-11 5.494096909714795252e-12 -4.555226514988037320e-11 -5.442616533599860888e-10 2.250994512545549064e-06 -1.141721574386248062e-09 2.035952210370102721e-06 0.000000000000000000e+00
0.000000000000000000e+00 0.000000000000000000e+00 0.000000000000000000e+00 0.000000000000000000e+00 0.000000000000000000e+00 0.000000000000000000e+00 1.744912628428854133e-10 -7.668478707816023582e-11 3.257290321752844115e-11 -1.587258294402091143e-11 -4.451567906683912602e-11 9.579013115109687315e-11 -2.945027236906019741e-12 -1.450537390531302212e-12 -2.383866137745050046e-12 8.891586477116692246e-12 -9.794782651150717191e-12 -1.600111152882875730e-09 9.986777998690149261e+00 0.000000000000000000e+00
0.000000000000000000e+00 0.000000000000000000e+00 0.000000000000000000e+00 0.000000000000000000e+00 0.000000000000000000e+00 0.000000000000000000e+00 1.420935591196752665e-10 -1.290323898960898970e-10 4.388415636929007625e-11 -1.675375574297846633e-11 -4.930303896679232070e-11 9.409827738283537958e-11 -1.286329224788627272e-11 4.118579739330723418e-12 3.486078476605509054e-13 8.903881771499960163e-12 1.424158017195154832e-12 -1.586247491322533962e-09 1.235260953060701894e+01 0.000000000000000000e+00
