0.000000000000000000e+00 0.000000000000000000e+00 0.000000000000000000e+00 0.000000000000000000e+00 0.000000000000000000e+00 0.000000000000000000e+00 2.828590640278260541e-11 3.016467734278411209e-11 2.429186815948369207e-11 3.033673082042762769e-11 4.830976865449139006e-11 6.233378812310110475e-11 6.138336738979125768e-11 5.265478589410794777e-11 3.198044656236878317e-11 1.131907785923791132e-11 4.291131457743255467e-11 3.233606033450528028e-08 1.101407988439929346e-06 0.000000000000000000e+00
0.000000000000000000e+00 0.000000000000000000e+00 0.000000000000000000e+00 0.000000000000000000e+00 0.000000000000000000e+00 0.000000000000000000e+00 3.040293522503046045e-12 7.799516441186041850e-12 4.946865220738105752e-12 6.225056399232243989e-12 5.391666004468053944e-12 2.171084866801422847e-12 1.678020581533443741e-12 -3.035562983092164290e-13 -9.539685164925651157e-13 6.272687040481646824e-11 4.908532682462495251e-08 3.490214039650217964e-08 1.092954274091627255e-06 0.000000000000000000e+00
0.000000000000000000e+00 0.000000000000000000e+00 0.000000000000000000e+00 0.000000000000000000e+00 0.000000000000000000e+00 0.000000000000000000e+00 9.446612186469815940e-12 8.073425106616159560e-12 7.481696177396791904e-12 7.476251841328480688e-12 1.224441708592401129e-11 9.137958359331860120e-12 1.115137457184732488e-11 8.035952200474266874e-12 4.529918155902764780e-12 4.725879791118208695e-13 3.464673390296428206e-12 3.394939914871579794e-09 1.522953168386509049e+01 0.000000000000000000e+00
0.000000000000000000e+00 0.000000000000000000e+00 0.000000000000000000e+00 0.000000000000000000e+00 0.000000000000000000e+00 0.000000000000000000e+00 3.352428023353812833e-11 2.866215765174202074e-11 2.532864611231148006e-11 2.206823903663217720e-11 3.877591683958469187e-11 4.107609514974403108e-11 4.836038044330401800e-11 3.465893754716137659e-11 1.841302029580525039e-11 2.532096613311102035e-12 2.309129886896206835e-11 1.005141919476874082e-08 2.211986207385533021e+01 0.000000000000000000e+00
0.000000000000000000e+00 0.000000000000000000e+00 0.000000000000000000e+00 0.000000000000000000e+00 0.000000000000000000e+00 0.000000000000000000e+00 -6.446392135206486621e-10 -4.727458926792794034e-10 -4.638130080630101764e-10 -2.060810643398773930e-11 -2.711771258841448211e-10 -1.934105852276631130e-10 -1.282973962854112854e-10 -3.935216051876542755e-11 -2.627757308393303770e-11 -6.394997031818848044e-12 6.928186565381784387e-12 9.668846514947515906e-11 4.789855773640444667e-11 0.000000000000000000e+00
0.000000000000000000e+00 0.000000000000000000e+00 0.000000000000000000e+00 0.000000000000000000e+00 0.000000000000000000e+00 0.000000000000000000e+00 -6.210629058466305646e-10 5.352248172498431538e-10 -1.193154106271170112e-10 7.481499865824192404e-11 1.913969380755367015e-11 -6.054740365077457140e-12 2.160022907961363158e-13 -1.294169327376905047e-11 -3.972609015870387198e-12 -1.110951716423044375e-11 1.128721174679457509e-11 1.033488710688448706e-10 4.952804724709988984e-11 0.000000000000000000e+00
0.000000000000000000e+00 0.000000000000000000e+00 0.000000000000000000e+00 0.000000000000000000e+00 0.000000000000000000e+00 0.000000000000000000e+00 7.755388985863325679e-10 2.237091330907191007e-10 -1.200608692608886820e-10 7.597311453401105131e-11 9.627905565116452028e-11 5.159366223384755874e-13 9.420931157340644086e-12 -1.048246850221143728e-11 -1.587494638339350613e-12 1.747433235391096776e-12 5.829668843231097724e-14 6.271297394087184400e-12 2.435280380695401154e-08 0.000000000000000000e+00
0.000000000000000000e+00 0.000000000000000000e+00 0.000000000000000000e+00 0.000000000000000000e+00 0.000000000000000000e+00 0.000000000000000000e+00 9.803862367392831457e-10 4.999793654333433053e-10 5.746535420603998529e-11 1.262471534010777340e-10 2.187959762930556026e-10 7.897042218088859085e-11 6.110354022521036731e-11 1.279261014320322133e-12 7.312562351945484611e-12 4.756885921981804959e-12 -4.197512296339859145e-12 -1.457088053395208272e-11 4.640376898154812075e-08 0.000000000000000000e+00
0.000000000000000000e+00 0.000000000000000000e+00 0.000000000000000000e+00 0.000000000000000000e+00 0.000000000000000000e+00 0.000000000000000000e+00 -2.254432338828639586e-09 -7.116075143045722814e-10 -4.824198458111534371e-09 4.821626057620625154e-10 -1.473221674847179542e-09 -6.555813878576372788e-10 -4.109998270090440434e-10 -2.305183228413669377e-10 -1.138702627932247962e-10 -5.364238509018635385e-11 7.869645726148768938e-11 8.777388355402491233e-10 1.411520982718135060e-09 0.000000000000000000e+00
0.000000000000000000e+00 0.000000000000000000e+00 0.000000000000000000e+00 0.000000000000000000e+00 0.000000000000000000e+00 0.000000000000000000e+00 -2.547450044544014434e-10 3.057387369343988694e-09 -2.233867804948818514e-09 1.013071712785803026e-10 -8.189075177615164311e-10 3.693272286738568393e-11 -8.376001365891411505e-11 -1.322631764420961089e-11 2.586311305241461835e-11 -8.246596943696439483e-11 -2.423867425154216252e-12 9.073676525894323658e-10 1.345075041093451605e-09 0.000000000000000000e+00
0.000000000000000000e+00 0.000000000000000000e+00 0.000000000000000000e+00 0.000000000000000000e+00 0.000000000000000000e+00 0.000000000000000000e+00 2.550186452203714995e-09 1.259185195126670996e-09 1.858943855612818879e-10 -7.553884379876826651e-10 -2.988816125739739380e-10 2.979383374347204512e-10 -7.322069706528716400e-12 1.168170601686665207e-10 3.243473029585051151e-11 7.353748654662225678e-12 -1.948898955742136942e-11 -2.594927352220358355e-10 1.118989205831768394e-05 0.000000000000000000e+00
0.000000000000000000e+00 0.000000000000000000e+00 0.000000000000000000e+00 0.000000000000000000e+00 0.000000000000000000e+00 0.000000000000000000e+00 3.558099819356497708e-09 2.330499303302286521e-09 2.112390195122194969e-09 -1.026493873715957023e-09 8.553823199247571622e-11 6.252591882869892707e-10 1.504034175904325196e-10 2.160893909515186512e-10 7.960709945283513693e-11 2.844702740791119973e-11 -7.283260848099120750e-11 -5.111334506936915862e-10 1.365250666941873549e-05 0.000000000000000000e+00
0.000000000000000000e+00 0.000000000000000000e+00 0.000000000000000000e+00 0.000000000000000000e+00 0.000000000000000000e+00 0.000000000000000000e+00 -3.643907544280658930e-10 -1.071112952058742525e-10 -4.449110956856995472e-11 4.711472337227205177e-11 5.941688985376394279e-11 2.380057919309462788e-11 1.265751693214623163e-11 3.307368935853196961e-12 1.187856388443334142e-12 -1.167263275214156544e-11 -3.768029579064826647e-11 -4.426855485310998612e-09 7.519233281805076721e-06 0.000000000000000000e+00
0.000000000000000000e+00 0.000000000000000000e+00 0.000000000000000000e+00 0.000000000000000000e+00 0.000000000000000000e+00 0.000000000000000000e+00 -5.105846799085501908e-10 -7.884706440356078271e-11 -7.739164153564406367e-11 -1.116207603605818429e-10 -8.648803607755529789e-11 3.239082830102329416e-11 8.857596423246878678e-11 8.246700539338421974e-11 8.323941105545561403e-11 2.186080784690346225e-09 -2.270556868640674273e-06 -4.924347029590152751e-09 7.493292942763437490e-06 0.000000000000000000e+00
0.000000000000000000e+00 0.000000000000000000e+00 0.000000000000000000e+00 0.000000000000000000e+00 0.000000000000000000e+00 0.000000000000000000e+00 -2.392647304015040986e-10 -1.512373719456816028e-10 -5.608241544936494365e-11 1.704366693118015359e-11 6.006606461354296496e-11 5.566837761787023280e-12 2.011690594156753973e-12 7.819691207286811388e-12 -1.546053215487948531e-12 -1.582764384285288849e-11 -2.156909036076961969e-11 -1.384780517853813405e-08 -1.337877249137357296e+02 0.000000000000000000e+00
0.000000000000000000e+00 0.000000000000000000e+00 0.000000000000000000e+00 0.000000000000000000e+00 0.000000000000000000e+00 0.000000000000000000e+00 -1.525932994322520545e-10 -1.475630672557474161e-10 -6.445295123576088410e-11 -1.077629067693574552e-11 7.099133226105761822e-11 -1.316587746958741212e-11 1.601225514214592927e-11 2.164521253329562862e-11 4.894351038232539755e-12 -1.644522324378424412e-11 -1.938974848383114640e-11 -1.729116830589572138e-08 -2.028151767336377702e+02 0.000000000000000000e+00
