0.000000000000000000e+00 0.000000000000000000e+00 0.000000000000000000e+00 0.000000000000000000e+00 0.000000000000000000e+00 0.000000000000000000e+00 4.519085378679056662e-12 4.180524249086757942e-12 8.406776347094504030e-12 3.786697488056456044e-12 5.980681684671371565e-12 9.620879981819560992e-12 9.107507092114128738e-12 7.322212421691912823e-12 4.396281020498879036e-12 1.335426747188608824e-12 5.987933955368608739e-12 4.860932271606991140e-09 2.018095412296871580e-06 0.000000000000000000e+00
0.000000000000000000e+00 0.000000000000000000e+00 0.000000000000000000e+00 0.000000000000000000e+00 0.000000000000000000e+00 0.000000000000000000e+00 -1.298905025559867304e-12 -5.586465521350982763e-12 9.127676291040095546e-13 1.617526803134568262e-12 -6.498084740131953023e-13 -2.052329799221805086e-12 -1.433414190197892020e-12 -3.997976720632392684e-13 -6.486911950976692890e-13 1.791885994133732258e-11 2.198421151492853857e-08 5.189651157409608597e-09 2.017794633993650846e-06 0.000000000000000000e+00
0.000000000000000000e+00 0.000000000000000000e+00 0.000000000000000000e+00 0.000000000000000000e+00 0.000000000000000000e+00 0.000000000000000000e+00 5.897434468950081782e-13 -1.187455912613470696e-12 3.899868391270822679e-13 3.032891255322744804e-13 1.271391273586166001e-12 -6.557566669595190160e-13 1.073752681632653910e-12 8.450509586764170612e-13 4.143782935936201742e-13 -2.189402372815156800e-13 2.414383796931591521e-13 1.775819608583104849e-09 1.218481862336413357e+01 0.000000000000000000e+00
0.000000000000000000e+00 0.000000000000000000e+00 0.000000000000000000e+00 0.000000000000000000e+00 0.000000000000000000e+00 0.000000000000000000e+00 1.520028913796803636e-12 6.628347437481905686e-14 5.466623980853156124e-12 2.374109153846564516e-12 5.494930655175169739e-12 3.565105427988613779e-12 6.272322889689429271e-12 4.597065723600949076e-12 2.389086560556653763e-12 1.013956057224615660e-13 3.371345982876755759e-12 3.292998964530883895e-09 1.732260266700172480e+01 0.000000000000000000e+00
0.000000000000000000e+00 0.000000000000000000e+00 0.000000000000000000e+00 0.000000000000000000e+00 0.000000000000000000e+00 0.000000000000000000e+00 -8.188726547427959689e-10 -2.000969240120916945e-10 5.161794859910366922e-11 -1.887893923586156626e-10 -2.959177089748352528e-11 -1.145261347558512599e-10 -6.678261583091741872e-11 -3.034319700486866804e-11 -1.632589300477550203e-11 -4.534811693179071812e-12 5.442463035582397382e-12 4.444791301621938602e-11 3.265883105632540852e-10 0.000000000000000000e+00
0.000000000000000000e+00 0.000000000000000000e+00 0.000000000000000000e+00 0.000000000000000000e+00 0.000000000000000000e+00 0.000000000000000000e+00 1.535251786879278394e-10 -1.336758481118098271e-10 8.421432145738086576e-11 -1.321928155095000187e-11 2.831914791019400398e-11 -2.147289545090435773e-11 -1.651025291846152452e-11 -5.421148303586438250e-12 -1.739878840004326654e-12 -2.819779936186686282e-12 -3.382568376634923032e-11 4.865832163187930526e-11 3.277421338687634545e-10 0.000000000000000000e+00
0.000000000000000000e+00 0.000000000000000000e+00 0.000000000000000000e+00 0.000000000000000000e+00 0.000000000000000000e+00 0.000000000000000000e+00 -2.900271763867445253e-10 -6.055931407290177994e-11 -2.127911671332947316e-11 1.129651557024092609e-11 6.274654836399180783e-11 9.205615729965241759e-12 -2.225031306897488234e-11 -4.389298075433159092e-12 -2.349501204102682069e-12 -6.364482497785968885e-13 1.796185275904006973e-12 7.332882741095084782e-13 -2.196112990272407513e-08 0.000000000000000000e+00
0.000000000000000000e+00 0.000000000000000000e+00 0.000000000000000000e+00 0.000000000000000000e+00 0.000000000000000000e+00 0.000000000000000000e+00 9.545049171731522970e-12 4.214886369385416226e-12 -1.935753192631742499e-11 7.263982722529819244e-11 8.189007029958949185e-11 5.144483884439866134e-11 -3.177609413637768244e-12 5.527908400475803644e-12 2.929458386030701250e-12 7.920371483700655399e-13 -5.695761375678068728e-13 -1.201932029438019419e-11 -2.162550612245952290e-08 0.000000000000000000e+00
0.000000000000000000e+00 0.000000000000000000e+00 0.000000000000000000e+00 0.000000000000000000e+00 0.000000000000000000e+00 0.000000000000000000e+00 -3.953502632233294986e-09 -1.080548812432744002e-09 -2.250161046233865631e-09 -9.280825894308046365e-10 -3.661654298234553063e-10 -6.516587050605279305e-10 -2.339853708401591158e-10 -1.068244394414486727e-10 -6.014748583612978525e-11 -2.997286007743369302e-11 4.142477099994741463e-11 2.060173352623485993e-10 9.928932788130469017e-10 0.000000000000000000e+00
0.000000000000000000e+00 0.000000000000000000e+00 0.000000000000000000e+00 0.000000000000000000e+00 0.000000000000000000e+00 0.000000000000000000e+00 1.323384367205871015e-09 -1.241434425554439816e-09 -6.384204177369550915e-10 -7.165176402997393954e-10 3.028591879102536417e-11 -5.875993028495783788e-11 -4.004829802039260619e-11 -5.943302433759428406e-12 -2.127080795585808739e-11 2.439289480782392965e-11 4.269162081448783507e-10 2.409447128859599407e-10 1.012221859566369443e-09 0.000000000000000000e+00
0.000000000000000000e+00 0.000000000000000000e+00 0.000000000000000000e+00 0.000000000000000000e+00 0.000000000000000000e+00 0.000000000000000000e+00 -9.520406654058877218e-10 -5.540824811764711564e-11 -4.930804462617688309e-10 7.799230620052560899e-11 8.703542209617458162e-11 3.776177893702324394e-11 -1.489321795175001151e-11 -7.138622964499229527e-12 4.021535844786341865e-12 3.218830527453009991e-12 -1.803050436613814032e-12 2.219868583919895278e-10 -6.860926890577627880e-08 0.000000000000000000e+00
0.000000000000000000e+00 0.000000000000000000e+00 0.000000000000000000e+00 0.000000000000000000e+00 0.000000000000000000e+00 0.000000000000000000e+00 6.036148767206945445e-10 4.102551810240301305e-10 2.652891209846416073e-10 3.360302879907037178e-10 2.347908124164692579e-10 2.752550333452034173e-10 5.542821955823936919e-11 3.092677628630043533e-11 1.941067785959340105e-11 1.193695165179113449e-11 -2.642292084747804460e-11 1.769302156372472047e-10 -2.030550682255026394e-07 0.000000000000000000e+00
0.000000000000000000e+00 0.000000000000000000e+00 0.000000000000000000e+00 0.000000000000000000e+00 0.000000000000000000e+00 0.000000000000000000e+00 -4.290493108216410712e-11 1.753428757212820078e-11 5.082005505572639348e-11 -5.612371831563150357e-11 3.626881139746376087e-11 -4.363204229458370703e-11 -4.948949924404376511e-11 9.622960239977000180e-13 -2.101094308724063758e-11 -4.743732309162542056e-12 -4.232344423343535127e-11 -1.944390542256639773e-09 6.628737942191879587e-06 0.000000000000000000e+00
0.000000000000000000e+00 0.000000000000000000e+00 0.000000000000000000e+00 0.000000000000000000e+00 0.000000000000000000e+00 0.000000000000000000e+00 4.613250785430153150e-11 4.721659991547315333e-10 1.529429665253360580e-10 -3.043565735960066135e-11 -7.936652613828135092e-11 1.442242176880260298e-11 -3.339209482690482620e-11 7.004173515739307174e-12 -4.676808439659515304e-11 -1.650682719838652269e-09 -5.556185323339286319e-06 -2.063882981979395798e-09 6.638985436754579712e-06 0.000000000000000000e+00
0.000000000000000000e+00 0.000000000000000000e+00 0.000000000000000000e+00 0.000000000000000000e+00 0.000000000000000000e+00 0.000000000000000000e+00 1.069302750877587446e-11 2.404822097710455917e-11 6.537833958238942418e-11 -6.099126041599652739e-11 3.917929413860471660e-11 -4.915664232873883797e-11 -5.143231034047218594e-11 7.879945778864909068e-12 -2.598455405650970856e-11 -4.396092489417147705e-12 -3.667369729108654041e-11 -8.550631892324414139e-09 8.409181847057666914e+01 0.000000000000000000e+00
0.000000000000000000e+00 0.000000000000000000e+00 0.000000000000000000e+00 0.000000000000000000e+00 0.000000000000000000e+00 0.000000000000000000e+00 4.162738720052203498e-11 4.036303982539942114e-11 6.404907073298441928e-11 -6.268489229980052709e-11 3.082909362290426797e-11 -4.868500126046566699e-11 -4.569135245377801475e-11 6.202570756183580110e-12 -3.028748194892311588e-11 -4.860942146818278970e-12 -3.084849589599289450e-11 -1.173564070607141764e-08 1.141634025739740679e+02 0.000000000000000000e+00
