0.000000000000000000e+00 0.000000000000000000e+00 0.000000000000000000e+00 0.000000000000000000e+00 0.000000000000000000e+00 0.000000000000000000e+00 3.974326897843537362e-10 2.201408801757217185e-09 1.648889311918633341e-09 3.580435083758261713e-10 6.417959355404566339e-10 7.190052445196417382e-10 5.286436459226866278e-10 4.288403619259749653e-10 2.307147160328778759e-10 7.018490658342823021e-11 9.954038228787425975e-11 2.852614799396529491e-08 4.421777374543871936e-05 0.000000000000000000e+00
0.000000000000000000e+00 0.000000000000000000e+00 0.000000000000000000e+00 0.000000000000000000e+00 0.000000000000000000e+00 0.000000000000000000e+00 -2.087657484727544977e-10 -2.768189497480774686e-09 7.499053027675505975e-10 6.811319091851074998e-10 6.866986399786453578e-11 2.721543411950084275e-11 2.172471617485005970e-10 1.500255248047532894e-10 1.024157881444134486e-10 6.632976483298887910e-11 1.478121572361773054e-05 3.218467223403252459e-08 4.424518363194650250e-05 0.000000000000000000e+00
0.000000000000000000e+00 0.000000000000000000e+00 0.000000000000000000e+00 0.000000000000000000e+00 0.000000000000000000e+00 0.000000000000000000e+00 -1.469618242547239578e-10 3.534698372769769802e-10 5.896339296198833061e-10 4.209121760255008017e-10 2.118485508650199901e-10 2.289271779291568572e-11 1.740206909078474288e-10 1.828095704562247045e-10 1.817350406453620393e-10 6.589618867405107297e-11 6.968961415413840311e-11 7.414366076207992624e-08 1.510248271761398087e+02 0.000000000000000000e+00
0.000000000000000000e+00 0.000000000000000000e+00 0.000000000000000000e+00 0.000000000000000000e+00 0.000000000000000000e+00 0.000000000000000000e+00 -1.689679682429485317e-10 -9.599517491996675179e-11 7.092956780092928785e-10 6.310805037483363864e-10 2.210546895284826311e-10 -1.257063834963555272e-11 2.032797345249930877e-10 2.277996179114770472e-10 2.166281470043591407e-10 8.227129196094261241e-11 9.928716659876058593e-11 1.052462094467638011e-07 2.224321985497384730e+02 0.000000000000000000e+00
0.000000000000000000e+00 0.000000000000000000e+00 0.000000000000000000e+00 0.000000000000000000e+00 0.000000000000000000e+00 0.000000000000000000e+00 -9.141520843573741714e-09 -2.079137065950898432e-08 -1.434087647654159906e-08 -3.865028013484503156e-09 -4.217968674529980730e-09 -1.971617564406758545e-09 -7.803934339088347552e-10 -5.553374825440853881e-10 -2.260503351353827931e-10 -5.701220064080017571e-11 3.901859354918854438e-11 3.383167994698631916e-10 8.012780226050527425e-10 0.000000000000000000e+00
0.000000000000000000e+00 0.000000000000000000e+00 0.000000000000000000e+00 0.000000000000000000e+00 0.000000000000000000e+00 0.000000000000000000e+00 -6.915223657634350508e-09 -3.129239568212592345e-09 -4.373330021641026577e-09 3.941861198876210042e-09 6.124008077059290988e-10 -3.049089331484657447e-10 1.241892174122897135e-10 5.003198064057380376e-11 -1.973836385904147034e-11 -1.523540813968356915e-11 -7.022862371049031791e-10 3.426455664747939557e-10 7.975833424167395158e-10 0.000000000000000000e+00
0.000000000000000000e+00 0.000000000000000000e+00 0.000000000000000000e+00 0.000000000000000000e+00 0.000000000000000000e+00 0.000000000000000000e+00 -1.965784172431290175e-09 -2.500681541063589583e-09 -4.671257615116015474e-09 3.523544114971623407e-09 -1.662096557135266184e-10 -8.582746298515783850e-11 -1.758777731920408406e-11 -1.142379842408783909e-10 -8.830850083077817936e-11 -1.660732144671865972e-11 1.066468902599620991e-11 1.223461304952707711e-11 1.923314055411652375e-07 0.000000000000000000e+00
0.000000000000000000e+00 0.000000000000000000e+00 0.000000000000000000e+00 0.000000000000000000e+00 0.000000000000000000e+00 0.000000000000000000e+00 -5.830569918862659449e-10 1.129038502256563185e-09 -2.218569053621192231e-09 5.180165435262687688e-09 9.056979974669690319e-10 3.478466854739104478e-10 1.785254355398471849e-10 2.572330422104545919e-11 -2.726598378146571447e-11 1.555089913068865214e-11 -2.125837145485232594e-12 -8.581054637532686079e-11 2.328784832724784895e-07 0.000000000000000000e+00
0.000000000000000000e+00 0.000000000000000000e+00 0.000000000000000000e+00 0.000000000000000000e+00 0.000000000000000000e+00 0.000000000000000000e+00 -5.209800448033851654e-08 -7.702726123125033034e-08 -4.493273590052947791e-08 -1.646315486991069442e-08 -1.556210393306361579e-08 -6.221732788957858721e-09 -3.386995316385009612e-09 -2.160952711606975712e-09 -7.212966801246118409e-10 -1.620624970407606891e-10 2.039196377895002827e-10 2.455856720308227457e-09 2.230509991979994832e-08 0.000000000000000000e+00
0.000000000000000000e+00 0.000000000000000000e+00 0.000000000000000000e+00 0.000000000000000000e+00 0.000000000000000000e+00 0.000000000000000000e+00 -3.337959927250441530e-08 -7.562278422184485626e-09 -6.471896107577108366e-09 1.025849877237033463e-08 -3.695570275017013837e-09 2.309288024378199426e-09 -1.070000516071866675e-11 1.441395578468828678e-10 1.832544205288176571e-10 1.036867527597459977e-10 -2.317602885027301374e-09 2.502730949364335267e-09 2.242759110583888042e-08 0.000000000000000000e+00
0.000000000000000000e+00 0.000000000000000000e+00 0.000000000000000000e+00 0.000000000000000000e+00 0.000000000000000000e+00 0.000000000000000000e+00 -7.181777423233328322e-09 -2.273480571721417518e-08 -6.534067553027576171e-09 1.146415637188261510e-08 -4.160813328401647560e-09 1.399120746928418707e-09 -3.393890016061129124e-10 -4.768984912806145254e-10 1.341412214515016889e-10 7.452380579263692740e-11 -2.938934333049869883e-11 -4.699178578417447960e-10 -7.325542335787172642e-06 0.000000000000000000e+00
0.000000000000000000e+00 0.000000000000000000e+00 0.000000000000000000e+00 0.000000000000000000e+00 0.000000000000000000e+00 0.000000000000000000e+00 1.543839788092252892e-09 -9.433439902910847351e-09 2.092311647924277824e-09 1.736127995766165933e-08 -1.266730369091681885e-09 3.357239711867054207e-09 4.198972646002212157e-10 6.532476841539659711e-11 4.218804312422072121e-10 2.218367076485214381e-10 -1.197302716625648120e-10 -1.363644816323262025e-09 -9.009449829382702932e-06 0.000000000000000000e+00
0.000000000000000000e+00 0.000000000000000000e+00 0.000000000000000000e+00 0.000000000000000000e+00 0.000000000000000000e+00 0.000000000000000000e+00 7.457261465674213994e-10 9.796405822458977671e-10 7.181929713701652043e-10 1.002504431136432101e-09 7.815303269978794994e-11 -2.015737162189305208e-10 -5.911295064324172642e-10 -3.468834326472514188e-10 -1.441450543184726936e-10 9.359072459286436028e-11 -1.059704052817804632e-10 -1.322718073957963737e-08 2.210778522160579540e-05 0.000000000000000000e+00
0.000000000000000000e+00 0.000000000000000000e+00 0.000000000000000000e+00 0.000000000000000000e+00 0.000000000000000000e+00 0.000000000000000000e+00 5.093087656715435521e-09 -4.745798815939649967e-09 1.080947549581046171e-09 -2.055971099990937382e-10 -1.934796073673458277e-09 -1.905855554407118888e-10 -5.468364873395381930e-10 3.406802299007577881e-11 -2.167706006315886665e-10 7.631496311043359577e-11 -2.242901138235600970e-04 -1.470594464196430681e-08 2.211577350768784391e-05 0.000000000000000000e+00
0.000000000000000000e+00 0.000000000000000000e+00 0.000000000000000000e+00 0.000000000000000000e+00 0.000000000000000000e+00 0.000000000000000000e+00 6.247325525951444021e-10 -9.780766684089971917e-11 -3.423090703345460881e-10 1.766880561610113696e-09 -2.489105763009048286e-10 4.055627710073661176e-10 -4.238249799214779632e-10 -2.005334873856719083e-10 -2.835593873917872625e-10 1.244016066323591455e-10 -8.306363823237678807e-11 -2.154048342959502170e-08 -9.984360229548865107e+01 0.000000000000000000e+00
0.000000000000000000e+00 0.000000000000000000e+00 0.000000000000000000e+00 0.000000000000000000e+00 0.000000000000000000e+00 0.000000000000000000e+00 6.139677827819398556e-10 -6.836592774534204588e-10 -4.291286985200372391e-10 1.979561413984306097e-09 -4.769976820249993630e-10 3.921786470371257116e-10 -4.600910549066665807e-10 -1.408674964007928943e-10 -3.505153089058904676e-10 1.264991987518658356e-10 -8.770101834816252783e-11 -2.344443388504021598e-08 -1.483535035128381878e+02 0.000000000000000000e+00
