0.000000000000000000e+00 0.000000000000000000e+00 0.000000000000000000e+00 0.000000000000000000e+00 0.000000000000000000e+00 0.000000000000000000e+00 2.357252650634294832e-09 5.674218047205822845e-10 1.378042145912597217e-09 5.234895637878748054e-10 8.562237212433450980e-10 1.302913465763882922e-09 7.386118801522251132e-10 5.286992248324153848e-10 2.699017078172084362e-10 7.841916130941502425e-11 9.784745407476758303e-11 3.184412156321230314e-08 5.029639243318528006e-05 0.000000000000000000e+00
0.000000000000000000e+00 0.000000000000000000e+00 0.000000000000000000e+00 0.000000000000000000e+00 0.000000000000000000e+00 0.000000000000000000e+00 1.119103724841324364e-09 1.727813077000620891e-09 4.491125080970117818e-10 6.647465007138892588e-10 4.653141504119758549e-10 9.287254318923332998e-10 2.738915040007281381e-10 2.765618332634600665e-10 1.123252234880841275e-10 5.369955410168114490e-11 1.888306291305292953e-06 3.602969873411764730e-08 5.031659777203405866e-05 0.000000000000000000e+00
0.000000000000000000e+00 0.000000000000000000e+00 0.000000000000000000e+00 0.000000000000000000e+00 0.000000000000000000e+00 0.000000000000000000e+00 -2.755507153597821300e-10 1.594837624285084664e-09 -6.314404770515623843e-12 5.241395057779040975e-10 3.877439769572302761e-10 5.953756516976661200e-10 2.970107036932001419e-10 2.961510840088581594e-10 1.992634559337048054e-10 7.606447089112276171e-11 7.313372251023865799e-11 1.042601607647561967e-07 -1.080372356604351012e+02 0.000000000000000000e+00
0.000000000000000000e+00 0.000000000000000000e+00 0.000000000000000000e+00 0.000000000000000000e+00 0.000000000000000000e+00 0.000000000000000000e+00 4.915274016413708249e-10 1.898045431017826912e-09 -1.444009894455843688e-10 5.637767671542614732e-10 4.438390322023839016e-10 6.262577768721309768e-10 2.998066145145615489e-10 3.686831422686850437e-10 2.409229771240102321e-10 9.732415581369046717e-11 1.091167511367274999e-10 1.459935561560039682e-07 -1.600800398898446133e+02 0.000000000000000000e+00
0.000000000000000000e+00 0.000000000000000000e+00 0.000000000000000000e+00 0.000000000000000000e+00 0.000000000000000000e+00 0.000000000000000000e+00 -5.175731934548598761e-10 6.148371826778929352e-09 -1.135811860208768106e-08 -4.200166680108710640e-09 -3.747025756417624043e-09 -2.077283896410817505e-09 -9.644107230566826724e-10 -4.586246356103581519e-10 -2.116572107459980838e-10 -5.063849958268442683e-11 3.633214534091425277e-11 3.123579182544848502e-10 3.321749471202161176e-10 0.000000000000000000e+00
0.000000000000000000e+00 0.000000000000000000e+00 0.000000000000000000e+00 0.000000000000000000e+00 0.000000000000000000e+00 0.000000000000000000e+00 5.323314628424636635e-09 1.971487839526756402e-09 -3.233039873632579247e-09 2.191574113121446504e-10 1.165230529199052646e-10 -4.911360656384049362e-10 -5.379590413364511921e-12 1.523535699285021286e-10 -2.934580468960352141e-12 -1.112670049399602395e-11 -6.169330051567640696e-10 3.158673040402533082e-10 3.328917854966005851e-10 0.000000000000000000e+00
0.000000000000000000e+00 0.000000000000000000e+00 0.000000000000000000e+00 0.000000000000000000e+00 0.000000000000000000e+00 0.000000000000000000e+00 -2.208918282406556724e-09 4.857083708972778295e-09 -1.788360517436614282e-09 5.220636151596239162e-11 -2.103823834928305518e-10 -3.887617248805208861e-10 -1.636179226281998883e-10 1.566166722420928265e-11 -4.999382541622829307e-11 -1.524133238100264109e-11 8.801305259767791617e-12 1.418764254657634445e-12 -2.287080949120965745e-07 0.000000000000000000e+00
0.000000000000000000e+00 0.000000000000000000e+00 0.000000000000000000e+00 0.000000000000000000e+00 0.000000000000000000e+00 0.000000000000000000e+00 -1.380034588468977830e-09 3.671356853027952799e-09 6.860168198660293880e-10 1.022830541093452533e-09 6.448906520968068312e-10 1.422399362640516613e-11 3.705394196091198554e-11 1.671388061439905084e-10 1.436362213798408500e-11 1.394134054500923078e-11 -4.551047223881366755e-12 -9.545486470933957769e-11 -2.774957587683798048e-07 0.000000000000000000e+00
0.000000000000000000e+00 0.000000000000000000e+00 0.000000000000000000e+00 0.000000000000000000e+00 0.000000000000000000e+00 0.000000000000000000e+00 -2.923370198321098466e-09 5.175766814918915644e-08 -5.197043516296533189e-08 -1.237329795266122453e-08 -1.649798225205364299e-08 -1.115420785461704862e-08 -2.693322925095796679e-09 -1.492309299437440021e-09 -7.805236143925325000e-10 -1.163921975443427649e-10 2.177766378720152626e-10 1.419147938955205674e-09 5.432387168714815378e-09 0.000000000000000000e+00
0.000000000000000000e+00 0.000000000000000000e+00 0.000000000000000000e+00 0.000000000000000000e+00 0.000000000000000000e+00 0.000000000000000000e+00 1.786032268038819726e-08 4.117044816892178346e-08 -1.152381604632348948e-09 5.834337203113575937e-09 -4.707998215615342021e-09 -3.490482931379002467e-09 1.357473854051785468e-09 8.263369602185471821e-10 -2.476407958439422296e-11 2.756748176263828597e-11 -7.177142060288073886e-09 1.389535498292087882e-09 5.456814068334239847e-09 0.000000000000000000e+00
0.000000000000000000e+00 0.000000000000000000e+00 0.000000000000000000e+00 0.000000000000000000e+00 0.000000000000000000e+00 0.000000000000000000e+00 -1.230394865150124583e-09 4.251631675852305651e-08 -1.706737417433996535e-09 -1.655117846725010498e-09 -4.912851567790533801e-09 -3.017026511904444639e-09 1.052565794155511666e-09 3.549260854267283297e-10 -2.341224598089490537e-10 4.375184215462679874e-11 3.616175364270832249e-11 -1.237840255850497528e-09 -1.539355414753785077e-05 0.000000000000000000e+00
0.000000000000000000e+00 0.000000000000000000e+00 0.000000000000000000e+00 0.000000000000000000e+00 0.000000000000000000e+00 0.000000000000000000e+00 1.762392455832247329e-09 3.607821239024248029e-08 1.080839458692631938e-08 2.548863640744139442e-09 -1.978709904597000062e-09 -1.043674477758177044e-09 1.956094799083335293e-09 9.690332688923942005e-10 -3.568950877905017997e-11 1.456841779036986793e-10 -5.471880174348354954e-11 -1.928162874081722167e-09 -1.868997291211276781e-05 0.000000000000000000e+00
0.000000000000000000e+00 0.000000000000000000e+00 0.000000000000000000e+00 0.000000000000000000e+00 0.000000000000000000e+00 0.000000000000000000e+00 -2.736872080241484670e-09 -1.117271868189202859e-09 1.023414551011021388e-09 1.283579965608237460e-09 -5.648411161087457476e-10 -2.599036965520678531e-10 -4.908024002447507913e-10 -2.250595592895014208e-11 -2.662464846782921325e-10 -1.895213068324796346e-10 -1.219624053456260940e-10 -1.448646896390146792e-08 -1.556806640841298635e-05 0.000000000000000000e+00
0.000000000000000000e+00 0.000000000000000000e+00 0.000000000000000000e+00 0.000000000000000000e+00 0.000000000000000000e+00 0.000000000000000000e+00 7.398248962344001023e-10 9.632139168404267700e-09 1.680470239735807738e-09 4.257220885331545591e-09 -9.563675723626046474e-10 -8.266479227282815146e-10 1.285626517644297755e-11 -3.177178156721835107e-10 -5.967772075863387083e-11 -3.207616985951607130e-11 8.832190339492399867e-04 -1.385405853468868915e-08 -1.555750389583322542e-05 0.000000000000000000e+00
0.000000000000000000e+00 0.000000000000000000e+00 0.000000000000000000e+00 0.000000000000000000e+00 0.000000000000000000e+00 0.000000000000000000e+00 -1.413732757278412136e-09 -9.692504903151418020e-10 1.457654391543528887e-09 9.512501612095368760e-10 -1.647220545300487391e-10 -5.362591791162081123e-10 -6.203974564831915864e-10 -1.567428366073397632e-10 -2.048414160709249767e-10 -2.249271010563160774e-10 -6.336694172588624121e-11 -3.112205298522061779e-08 3.953332483680634368e+01 0.000000000000000000e+00
0.000000000000000000e+00 0.000000000000000000e+00 0.000000000000000000e+00 0.000000000000000000e+00 0.000000000000000000e+00 0.000000000000000000e+00 -5.177430227273084927e-10 1.124912633838725531e-10 1.546902817310388379e-09 7.628110246803271512e-10 -1.257647497600074806e-10 -5.731463389061827446e-10 -6.705488717971407229e-10 -2.831769772229222327e-10 -1.755364259082237557e-10 -2.548521711008716742e-10 -5.845979301956525230e-11 -3.900641355799828130e-08 5.705840778113245904e+01 0.000000000000000000e+00
