0.000000000000000000e+00 0.000000000000000000e+00 0.000000000000000000e+00 0.000000000000000000e+00 0.000000000000000000e+00 0.000000000000000000e+00 1.094558258696341327e-09 6.339825166840560289e-10 2.605292203818453151e-09 1.007234774763048651e-09 1.789573225528130469e-09 1.651569508858126179e-09 1.560806316587437489e-09 1.131130300612783146e-09 6.244282839140682909e-10 1.849249856929071189e-10 3.296653230029106212e-10 4.242253303286287538e-08 1.946786787469166309e-05 0.000000000000000000e+00
0.000000000000000000e+00 0.000000000000000000e+00 0.000000000000000000e+00 0.000000000000000000e+00 0.000000000000000000e+00 0.000000000000000000e+00 3.760343573629959534e-10 2.269813549730985910e-09 -8.141590237264393401e-10 2.697732982205808613e-10 -1.503684881449158133e-10 8.165719208478796450e-10 3.541586929395431622e-10 2.172965579469886365e-10 1.755973789103190027e-10 2.032120981172719526e-10 2.121938442448032772e-05 4.709908584716644201e-08 1.948452833709559545e-05 0.000000000000000000e+00
0.000000000000000000e+00 0.000000000000000000e+00 0.000000000000000000e+00 0.000000000000000000e+00 0.000000000000000000e+00 0.000000000000000000e+00 -6.070001648517007681e-10 5.329827360939896187e-10 5.925787984506279141e-11 -4.303740493854483169e-11 2.062611308856746250e-10 5.184689572246796829e-10 4.273204623898061746e-10 3.385632518805212133e-10 2.992053300829719271e-10 1.068405085454469530e-10 1.627967136191396271e-10 6.076592480376901090e-08 2.484127547519369728e+01 0.000000000000000000e+00
0.000000000000000000e+00 0.000000000000000000e+00 0.000000000000000000e+00 0.000000000000000000e+00 0.000000000000000000e+00 0.000000000000000000e+00 -6.548807791096015687e-10 6.769850583646437386e-10 -4.502447594889438250e-10 -5.851864825648287483e-11 1.149799041485588426e-10 6.081716128693269173e-10 4.101841471867058008e-10 2.947172944143594741e-10 2.790622909580531297e-10 8.843395631366529315e-11 1.299092626147175347e-10 7.999048131843691601e-08 3.607484773428473090e+01 0.000000000000000000e+00
0.000000000000000000e+00 0.000000000000000000e+00 0.000000000000000000e+00 0.000000000000000000e+00 0.000000000000000000e+00 0.000000000000000000e+00 -4.809051287628058985e-09 9.307543132759698671e-09 -6.892998174820601809e-09 -5.464577743891352933e-09 -5.652369126265431369e-09 -2.209114192804280712e-09 -1.397991041475901897e-09 -5.973243428960254567e-10 -4.025511804069337299e-10 -8.982764302753015208e-11 6.302568439768560459e-11 4.764201628400624749e-10 1.645489861710107892e-10 0.000000000000000000e+00
0.000000000000000000e+00 0.000000000000000000e+00 0.000000000000000000e+00 0.000000000000000000e+00 0.000000000000000000e+00 0.000000000000000000e+00 6.479734759711278010e-09 1.639157394203226682e-10 -6.688985610943711505e-10 1.121990754931386115e-09 4.346392417692504457e-10 8.452791310388584606e-10 2.821408189221437530e-10 8.162451252125935817e-11 -1.266026879901635124e-11 -3.861103744796697663e-11 -1.670326561196393651e-09 4.771431225262549930e-10 1.683711635570198720e-10 0.000000000000000000e+00
0.000000000000000000e+00 0.000000000000000000e+00 0.000000000000000000e+00 0.000000000000000000e+00 0.000000000000000000e+00 0.000000000000000000e+00 9.009194613019450617e-10 3.639314103303270485e-09 1.259573182298738412e-10 -1.555738824814787679e-10 -1.137098592402954983e-09 6.202275806884227310e-10 2.635032839989523599e-11 -7.628577226786155944e-11 -1.142122309770468504e-10 -3.089520471762748921e-11 1.461575209298210012e-11 7.868500972008765466e-11 -8.869109996260943719e-07 0.000000000000000000e+00
0.000000000000000000e+00 0.000000000000000000e+00 0.000000000000000000e+00 0.000000000000000000e+00 0.000000000000000000e+00 0.000000000000000000e+00 3.085688245120073807e-09 1.247786234068719296e-09 1.842656746959760444e-09 1.535261815551282016e-09 1.496105687745146748e-10 1.255484075565638456e-09 4.153912861633606024e-10 7.774287378062839222e-11 4.970777212683796418e-12 1.310620212161506510e-11 -5.295684983451539339e-12 -5.271200646040375232e-11 -1.077595828460435643e-06 0.000000000000000000e+00
0.000000000000000000e+00 0.000000000000000000e+00 0.000000000000000000e+00 0.000000000000000000e+00 0.000000000000000000e+00 0.000000000000000000e+00 -6.853231717103880173e-08 4.694320350671631869e-09 -5.248062715769464052e-08 -3.307246503909371970e-08 -2.128975346490751423e-08 -9.628736454717142293e-09 -5.222445949826968131e-09 -2.077182111517758289e-09 -1.080618614622557972e-09 -3.310855790710409120e-10 3.003146404761985838e-10 2.775869170735531146e-09 -1.070390613189797298e-08 0.000000000000000000e+00
0.000000000000000000e+00 0.000000000000000000e+00 0.000000000000000000e+00 0.000000000000000000e+00 0.000000000000000000e+00 0.000000000000000000e+00 -3.976566536852026809e-09 -2.176020974512835286e-09 -2.169057712125285206e-08 6.844008874113035611e-09 -1.768627357608956838e-09 2.773465908900459952e-09 1.095366864260538279e-09 1.141691659889755840e-10 4.141680032443497155e-10 -1.106875815674294218e-10 -5.415523839034042545e-09 2.716613267505259749e-09 -1.073946880470523324e-08 0.000000000000000000e+00
0.000000000000000000e+00 0.000000000000000000e+00 0.000000000000000000e+00 0.000000000000000000e+00 0.000000000000000000e+00 0.000000000000000000e+00 -2.473028493125772623e-08 6.210108601710466964e-09 -1.310031249800130023e-08 -4.435809620530601798e-09 1.066685190500298704e-10 1.426667726839663429e-09 9.465563960447575018e-10 -3.520403368877827013e-10 2.309680297162118497e-10 -4.797172176771552411e-11 7.239903929616428721e-11 3.380336650680553129e-10 6.514332921462745880e-06 0.000000000000000000e+00
0.000000000000000000e+00 0.000000000000000000e+00 0.000000000000000000e+00 0.000000000000000000e+00 0.000000000000000000e+00 0.000000000000000000e+00 -8.981658787654072323e-09 5.269821730916358085e-09 -3.708202446074329885e-09 4.792105634984129716e-09 4.853547175055055471e-09 4.095596821333622047e-09 2.471209375678236814e-09 1.550439242599877572e-10 6.874557113396552320e-10 1.376616927232530075e-10 -1.968004386540903188e-11 -3.508958183528914318e-10 7.921596915387634915e-06 0.000000000000000000e+00
0.000000000000000000e+00 0.000000000000000000e+00 0.000000000000000000e+00 0.000000000000000000e+00 0.000000000000000000e+00 0.000000000000000000e+00 1.851550698487246406e-09 -9.203129285545451232e-10 3.277831721537513565e-11 -5.206135107329025434e-10 -3.766760710904192665e-10 4.727048718016585307e-10 -5.429333634014398653e-10 -3.232280561573314008e-10 -3.981875798345490617e-11 -1.136875214031558825e-10 -1.504220074140320056e-10 -1.318537385127107005e-08 4.789096046422871749e-06 0.000000000000000000e+00
0.000000000000000000e+00 0.000000000000000000e+00 0.000000000000000000e+00 0.000000000000000000e+00 0.000000000000000000e+00 0.000000000000000000e+00 -1.411338732383319658e-09 -5.113478955803761066e-10 7.003099037087054320e-10 -9.053250184699968058e-14 -4.242991805237047860e-10 -2.361849382095948075e-09 -3.823599087363661950e-10 -4.755262190213597485e-10 -1.280486615439811215e-10 -1.087131524511500211e-10 -8.272144810478809437e-04 -1.569103322723876509e-08 4.786800526675349597e-06 0.000000000000000000e+00
0.000000000000000000e+00 0.000000000000000000e+00 0.000000000000000000e+00 0.000000000000000000e+00 0.000000000000000000e+00 0.000000000000000000e+00 -7.572069605828532939e-11 -1.054920610752445584e-10 -3.561985649473048085e-10 -8.468302871170819121e-11 -4.758600727812170179e-10 1.755735725836161065e-10 -3.989475686890870432e-10 -4.023111098383330413e-10 -4.675623399345900395e-11 -1.276967036595954221e-10 -1.263217421448181744e-10 -1.114214000013423296e-08 2.894783649789797408e+01 0.000000000000000000e+00
0.000000000000000000e+00 0.000000000000000000e+00 0.000000000000000000e+00 0.000000000000000000e+00 0.000000000000000000e+00 0.000000000000000000e+00 -5.284294028996397811e-10 1.618148006494902034e-11 -2.873557726554874300e-10 -4.564824618377051698e-11 -6.048874622752459126e-10 -6.577956510254857152e-11 -4.889644631071941111e-10 -4.370699085933723720e-10 -8.151666819508228445e-11 -1.400132946885032575e-10 -1.140298816948704323e-10 -5.987074241257560982e-09 4.379248309618648705e+01 0.000000000000000000e+00
