0.000000000000000000e+00 0.000000000000000000e+00 0.000000000000000000e+00 0.000000000000000000e+00 0.000000000000000000e+00 0.000000000000000000e+00 1.466123005247278557e-09 7.824051073767769324e-10 2.138397722131694644e-09 1.923011610946222550e-09 1.162108738386921915e-09 1.147320810525976869e-09 1.108402229504371188e-09 8.849809227888803207e-10 4.695422369393811354e-10 1.245579153464452634e-10 2.040717489456706685e-10 3.929466135718397021e-08 2.274988322563219331e-05 0.000000000000000000e+00
0.000000000000000000e+00 0.000000000000000000e+00 0.000000000000000000e+00 0.000000000000000000e+00 0.000000000000000000e+00 0.000000000000000000e+00 6.266284728134087100e-10 4.554809188436661545e-10 2.941655563484931799e-10 1.696133482410834653e-09 9.624274791026685756e-10 2.501381986905374923e-11 2.602189942798411805e-10 2.002289493233521106e-10 1.204637206608818881e-10 8.463860831352205637e-11 1.080842280431769735e-05 4.297500769002885072e-08 2.274873746177866196e-05 0.000000000000000000e+00
0.000000000000000000e+00 0.000000000000000000e+00 0.000000000000000000e+00 0.000000000000000000e+00 0.000000000000000000e+00 0.000000000000000000e+00 1.379763338344858526e-10 5.338893157675339139e-10 1.231349911868104804e-10 7.909961782361257492e-10 3.693783489713774491e-10 2.770680341461740283e-10 3.286644511031224321e-10 3.267488875680662015e-10 2.297801102650938920e-10 7.990914058765684975e-11 1.028030339905199188e-10 5.749773740721895287e-08 2.618032009082962759e+02 0.000000000000000000e+00
0.000000000000000000e+00 0.000000000000000000e+00 0.000000000000000000e+00 0.000000000000000000e+00 0.000000000000000000e+00 0.000000000000000000e+00 2.432265831338931359e-10 8.943845713866016778e-10 2.716917742677462901e-10 8.733310532345076464e-10 5.229868920794262548e-10 2.006614170449279972e-10 3.559568685085441323e-10 3.183440978112681287e-10 2.370315562233167428e-10 8.546971108532369099e-11 1.002177063274651378e-10 8.225186421224668094e-08 3.916101697475444325e+02 0.000000000000000000e+00
0.000000000000000000e+00 0.000000000000000000e+00 0.000000000000000000e+00 0.000000000000000000e+00 0.000000000000000000e+00 0.000000000000000000e+00 -1.730465663135709502e-08 -8.757022128573977223e-09 -6.111360006916329944e-09 -6.341855105772151459e-09 -4.664522885649151769e-09 -2.822722121211254098e-09 -1.876561424877266270e-09 -7.154678613211233384e-10 -3.064327863951296911e-10 -8.533751358875331515e-11 6.010156391742773187e-11 4.537199538041856411e-10 1.312341271524493777e-09 0.000000000000000000e+00
0.000000000000000000e+00 0.000000000000000000e+00 0.000000000000000000e+00 0.000000000000000000e+00 0.000000000000000000e+00 0.000000000000000000e+00 4.892694382687888304e-10 1.852932462203959596e-09 3.091987920438150156e-09 -3.820249544790330556e-10 8.317620836992528132e-10 -1.040967302621860561e-09 -2.049337943107473442e-10 4.113455541260135724e-11 7.697838210953370994e-13 -3.672798891007166497e-11 -5.305274544429590626e-10 4.483529676424571924e-10 1.320237862692742103e-09 0.000000000000000000e+00
0.000000000000000000e+00 0.000000000000000000e+00 0.000000000000000000e+00 0.000000000000000000e+00 0.000000000000000000e+00 0.000000000000000000e+00 2.016655001060357866e-09 3.803351097045102032e-09 2.243461204045409499e-09 4.758131766292411073e-10 -4.674038915434645772e-11 -6.295255292050817458e-10 -3.690913984515737238e-10 -9.073007809362983967e-11 -7.465277331073315016e-11 -2.448042984810492926e-11 1.593008046151341362e-11 1.141848022211839404e-10 5.877730852064943463e-07 0.000000000000000000e+00
0.000000000000000000e+00 0.000000000000000000e+00 0.000000000000000000e+00 0.000000000000000000e+00 0.000000000000000000e+00 0.000000000000000000e+00 4.548968893161300746e-09 6.688501820276696933e-09 3.863782844204601556e-09 2.162040775075972352e-09 1.108406489211316351e-09 -1.108562077351350108e-10 2.962111849968340273e-11 8.775565404143704518e-11 1.853283816916759532e-11 2.096256080994331151e-11 -2.624242316249864430e-12 6.514245320006902919e-12 7.102476340229318197e-07 0.000000000000000000e+00
0.000000000000000000e+00 0.000000000000000000e+00 0.000000000000000000e+00 0.000000000000000000e+00 0.000000000000000000e+00 0.000000000000000000e+00 -1.165762106336490476e-07 -3.045309248955366789e-08 -5.056042772476426201e-08 -4.282353161141677636e-08 -1.508354998399206339e-08 -1.236655386489223720e-08 -6.872533872217579942e-09 -2.804734608287283823e-09 -7.673011256540062922e-10 -2.874905624910269311e-10 2.074019700432183927e-10 2.265541721636254475e-09 1.354659650915359644e-08 0.000000000000000000e+00
0.000000000000000000e+00 0.000000000000000000e+00 0.000000000000000000e+00 0.000000000000000000e+00 0.000000000000000000e+00 0.000000000000000000e+00 -3.578582112997673126e-09 2.831488585887629973e-08 -1.296395323311184085e-08 -1.903458216286265491e-08 9.017178868310564673e-10 -1.304367759687268719e-09 -2.656611353668827575e-10 1.701747644760617287e-10 2.862224668598240902e-10 -1.040510078266009124e-10 -2.352366423798695763e-08 2.158767202649408546e-09 1.355071007325509213e-08 0.000000000000000000e+00
0.000000000000000000e+00 0.000000000000000000e+00 0.000000000000000000e+00 0.000000000000000000e+00 0.000000000000000000e+00 0.000000000000000000e+00 1.470900069574918314e-08 1.450399211893025613e-08 4.832593115158612790e-10 -8.914616340115628481e-09 5.309518830681856810e-10 -2.140946511211973555e-09 -4.989484372402910718e-10 -2.505028879807617184e-10 1.449606325906233321e-10 -9.927222341795334208e-11 -2.293131214399413398e-11 -1.487253359480965966e-10 3.325336015890516701e-06 0.000000000000000000e+00
0.000000000000000000e+00 0.000000000000000000e+00 0.000000000000000000e+00 0.000000000000000000e+00 0.000000000000000000e+00 0.000000000000000000e+00 3.114426837911925184e-08 2.625915525424721951e-08 1.067669381491137008e-08 -1.309074184264223299e-09 4.086322661763407069e-09 5.065528440822262879e-10 1.092707067326736329e-09 4.177039629641670619e-10 4.780621212457802574e-10 4.066142645185681965e-11 -9.902396076587814998e-11 -7.836961592777790416e-10 4.050929564168660067e-06 0.000000000000000000e+00
0.000000000000000000e+00 0.000000000000000000e+00 0.000000000000000000e+00 0.000000000000000000e+00 0.000000000000000000e+00 0.000000000000000000e+00 -1.622476374138424440e-09 2.256222335509419646e-09 -8.438214717422847557e-10 -1.383792200514904126e-09 -1.029771839131067838e-09 -3.596264880255892119e-10 -4.153987941597512171e-10 -4.766721476711821028e-11 -1.393944183715338595e-10 -1.092955229113325913e-10 -3.509462997435682945e-10 -1.132474407737819345e-08 -1.235517167627666050e-05 0.000000000000000000e+00
0.000000000000000000e+00 0.000000000000000000e+00 0.000000000000000000e+00 0.000000000000000000e+00 0.000000000000000000e+00 0.000000000000000000e+00 -2.700456854873819129e-09 7.959561275959258359e-09 -6.770078564270093730e-09 3.683233984561947974e-10 1.814703448322119562e-09 7.528794530704144247e-10 -4.139824105331704146e-10 3.004551405682004194e-10 -2.202095995917462073e-10 -3.901554771210231473e-11 -1.779738552061389334e-03 -1.328224700387733012e-08 -1.235302302089408330e-05 0.000000000000000000e+00
0.000000000000000000e+00 0.000000000000000000e+00 0.000000000000000000e+00 0.000000000000000000e+00 0.000000000000000000e+00 0.000000000000000000e+00 -6.222733571447720193e-10 3.377474956603881875e-09 -1.589095415680077055e-09 -3.263036169761477438e-10 -1.433383870241668405e-09 2.714365118155501469e-10 -1.793939926981014991e-10 3.398076884084699521e-10 -2.123191348824838155e-10 -1.330912830166148532e-10 -1.831968775512871320e-10 -2.382765257358588978e-09 4.221194487027631794e+02 0.000000000000000000e+00
0.000000000000000000e+00 0.000000000000000000e+00 0.000000000000000000e+00 0.000000000000000000e+00 0.000000000000000000e+00 0.000000000000000000e+00 1.058796053210445831e-09 3.609627482361951391e-09 -1.820451858034693589e-09 1.461807424518698030e-10 -1.209700480367488571e-09 4.601271383157622732e-10 -2.283247894780641608e-10 3.973303015673075013e-10 -2.792875948572150944e-10 -1.652077774782231170e-10 -1.418633675958331364e-10 -3.512633660142719536e-09 6.302170757486601360e+02 0.000000000000000000e+00
