0.000000000000000000e+00 0.000000000000000000e+00 0.000000000000000000e+00 0.000000000000000000e+00 0.000000000000000000e+00 0.000000000000000000e+00 3.024209732702034770e-09 2.175010447641094779e-09 3.453505377495042018e-09 1.991412259769353082e-09 2.248300733473371021e-09 1.940529028729561979e-09 2.040754216631925470e-09 1.690105661301129017e-09 8.994079118163401409e-10 2.899875982449104673e-10 4.789561965160795554e-10 5.715235978382627650e-08 3.184417926928442355e-05 0.000000000000000000e+00
0.000000000000000000e+00 0.000000000000000000e+00 0.000000000000000000e+00 0.000000000000000000e+00 0.000000000000000000e+00 0.000000000000000000e+00 2.373605590517942900e-09 4.187550909827372576e-10 4.574238529787835185e-10 3.093237075846554692e-10 4.371922277055991158e-10 2.447728239186899037e-10 3.177732692709123766e-10 3.020493096046469929e-10 2.408629355647085305e-10 2.870494883680068337e-10 5.247254865519082752e-05 6.143012452176561320e-08 3.182751483831505182e-05 0.000000000000000000e+00
0.000000000000000000e+00 0.000000000000000000e+00 0.000000000000000000e+00 0.000000000000000000e+00 0.000000000000000000e+00 0.000000000000000000e+00 6.486242979040157369e-10 -2.283816377796118584e-10 2.496190802352558000e-10 2.940426919720429785e-10 5.649407016158608594e-10 3.795946061024577063e-10 5.367690607288871007e-10 5.584433421947144546e-10 3.968897639972041344e-10 1.829600421042610165e-10 2.370123407016485336e-10 7.007361832205144243e-08 -3.805066240086101743e+02 0.000000000000000000e+00
0.000000000000000000e+00 0.000000000000000000e+00 0.000000000000000000e+00 0.000000000000000000e+00 0.000000000000000000e+00 0.000000000000000000e+00 7.771860859033003723e-10 -4.008039649747984783e-10 -4.477848453086130755e-12 1.673414962512832512e-10 3.821991106495571719e-10 3.271354196706129965e-10 3.744853290027722464e-10 4.573559036228555546e-10 3.452507243317768716e-10 1.534513606374950512e-10 1.709138249809380999e-10 8.971394067560059835e-08 -5.561005504927868515e+02 0.000000000000000000e+00
0.000000000000000000e+00 0.000000000000000000e+00 0.000000000000000000e+00 0.000000000000000000e+00 0.000000000000000000e+00 0.000000000000000000e+00 -4.611993336575213257e-09 -1.850504028188814980e-08 -4.630363544198425690e-09 -7.813917425975127082e-09 -4.784718786570750906e-09 -3.394870868307304569e-09 -1.936047223836822855e-09 -9.023647674142131650e-10 -4.144252016647504638e-10 -1.171206084126219821e-10 6.694650055246272010e-11 5.406882576285579955e-10 1.258710488778547678e-09 0.000000000000000000e+00
0.000000000000000000e+00 0.000000000000000000e+00 0.000000000000000000e+00 0.000000000000000000e+00 0.000000000000000000e+00 0.000000000000000000e+00 8.760269892971406995e-09 -9.266014050013701818e-09 9.007927061552096129e-09 -1.790746286359665661e-09 1.250231334978131190e-09 -4.573679752512235090e-10 1.296519955220494342e-10 -4.615504255357064937e-11 -3.892427516777620249e-11 -6.694261676894357048e-11 -1.417666793301077747e-09 5.316538826734534635e-10 1.266789822358564431e-09 0.000000000000000000e+00
0.000000000000000000e+00 0.000000000000000000e+00 0.000000000000000000e+00 0.000000000000000000e+00 0.000000000000000000e+00 0.000000000000000000e+00 2.117928096004829476e-09 -5.538294125621441337e-09 6.407655106896770008e-09 -6.922621629844444393e-10 8.999390263147923865e-11 -6.341892996434925418e-10 -3.217618627078680143e-10 -1.957194164721162259e-10 -1.163199533320340952e-10 -5.547016819420745155e-11 1.757364957155337558e-11 1.667258239377086684e-10 -6.054752908523430036e-07 0.000000000000000000e+00
0.000000000000000000e+00 0.000000000000000000e+00 0.000000000000000000e+00 0.000000000000000000e+00 0.000000000000000000e+00 0.000000000000000000e+00 4.448854394821706008e-09 -3.133338643830622130e-09 8.820102643149822240e-09 8.759626575286356919e-10 1.333414619492951058e-09 7.266508811568975287e-11 1.296992488369150363e-10 5.685451027502619958e-12 1.600327058708232575e-12 -7.270652827097067581e-12 -2.864337512038925638e-12 4.538304317307545997e-11 -7.308340822869970214e-07 0.000000000000000000e+00
0.000000000000000000e+00 0.000000000000000000e+00 0.000000000000000000e+00 0.000000000000000000e+00 0.000000000000000000e+00 0.000000000000000000e+00 -1.305717764128729199e-08 -1.012956343929561122e-07 -6.530815204957338446e-08 -2.948044258607373155e-08 -2.017716865295729074e-08 -9.301995858361496341e-09 -5.363395534019525006e-09 -2.452484211180864153e-09 -8.136542057177033557e-10 -2.582894530792327954e-10 2.301314515881716361e-10 2.255861070941558716e-09 1.449040640919973061e-08 0.000000000000000000e+00
0.000000000000000000e+00 0.000000000000000000e+00 0.000000000000000000e+00 0.000000000000000000e+00 0.000000000000000000e+00 0.000000000000000000e+00 4.554766936684445943e-08 -5.144019413864963697e-08 1.603047840351424597e-08 -5.537615728093107105e-09 7.867160817492836953e-09 -1.074656891447388528e-09 3.648941631628300112e-10 5.826800012603629997e-10 1.944168456733164046e-10 -6.434914510195063760e-11 1.869059838355746867e-08 2.247006299925476960e-09 1.484871033200202785e-08 0.000000000000000000e+00
0.000000000000000000e+00 0.000000000000000000e+00 0.000000000000000000e+00 0.000000000000000000e+00 0.000000000000000000e+00 0.000000000000000000e+00 2.846266968010794120e-08 -1.364321366342113407e-08 7.927714603271050923e-09 3.525037649839527928e-10 -1.647410247127565566e-09 -2.281570214578421442e-09 -3.021039265385505949e-10 3.521061188244541035e-10 1.860546846530623855e-10 -9.152548582167654382e-11 6.691944059452345062e-11 3.077288688403541093e-10 -2.302076534670258182e-05 0.000000000000000000e+00
0.000000000000000000e+00 0.000000000000000000e+00 0.000000000000000000e+00 0.000000000000000000e+00 0.000000000000000000e+00 0.000000000000000000e+00 3.670670566836839456e-08 -1.318387334170284133e-09 2.401833307796760668e-08 6.914434201803886706e-09 4.240022683502642901e-09 -1.858806921384150472e-10 1.006316615276287849e-09 1.075169504438646169e-09 5.179101672056484976e-10 5.327197182044786746e-11 -4.124540271857068162e-12 -2.321127476796515314e-10 -2.780456961213831373e-05 0.000000000000000000e+00
0.000000000000000000e+00 0.000000000000000000e+00 0.000000000000000000e+00 0.000000000000000000e+00 0.000000000000000000e+00 0.000000000000000000e+00 -5.098013118676538419e-09 -2.332235667560437318e-09 -2.081815565158413924e-09 -1.175832658639189377e-09 -3.211942716372400864e-10 -2.954533619508082542e-10 -8.613279008694026148e-11 -7.474372174810891963e-11 -1.576585678241217324e-10 -6.415981526376426240e-11 -4.184036334618214962e-10 -1.802363378797633310e-08 -7.188122057946876656e-06 0.000000000000000000e+00
0.000000000000000000e+00 0.000000000000000000e+00 0.000000000000000000e+00 0.000000000000000000e+00 0.000000000000000000e+00 0.000000000000000000e+00 4.540744704165356096e-09 1.997589007958012696e-09 2.710049416869670283e-09 -2.309717723286468747e-09 -2.962301403484224149e-09 -1.818087244161453932e-10 -7.550920098303449305e-10 8.194374898985368902e-11 -2.262676372907296970e-10 -1.617908043817269891e-10 3.647262020153596313e-04 -1.849504374063020200e-08 -7.187788258513589531e-06 0.000000000000000000e+00
0.000000000000000000e+00 0.000000000000000000e+00 0.000000000000000000e+00 0.000000000000000000e+00 0.000000000000000000e+00 0.000000000000000000e+00 -2.438406938221196561e-09 -2.019895987554068285e-10 -1.115482611893570488e-09 -1.642737259899634507e-09 -6.062165720194347248e-10 8.112742034995254118e-11 -1.486593867803882990e-10 -1.199285723137245027e-10 -1.779344052583569167e-10 -1.005193894165159877e-10 -3.437123742082660178e-10 -2.237757982401342574e-08 5.679364658860022530e+01 0.000000000000000000e+00
0.000000000000000000e+00 0.000000000000000000e+00 0.000000000000000000e+00 0.000000000000000000e+00 0.000000000000000000e+00 0.000000000000000000e+00 -1.473326454601214102e-09 5.745318630231966534e-10 -2.231162766157030709e-10 -1.495275932564302391e-09 -9.373327868529555102e-10 9.883718904018062528e-11 -3.597307601344848147e-10 -1.121533700536031280e-10 -2.065660178659060667e-10 -1.618140111179935436e-10 -3.260334144420694923e-10 -2.696386848658527638e-08 8.386020452045990226e+01 0.000000000000000000e+00
