0.000000000000000000e+00 0.000000000000000000e+00 0.000000000000000000e+00 0.000000000000000000e+00 0.000000000000000000e+00 0.000000000000000000e+00 1.051995911410347769e-09 7.469812002109815237e-10 1.185908267864445933e-09 8.884339867304229334e-10 1.099112496968153216e-09 7.178717181297968857e-10 5.060505650121999412e-10 4.693793355308007872e-10 2.077299589865617774e-10 6.177549235736637565e-11 7.793272125576783496e-11 2.696491072581751120e-08 2.799856671148028627e-05 0.000000000000000000e+00
0.000000000000000000e+00 0.000000000000000000e+00 0.000000000000000000e+00 0.000000000000000000e+00 0.000000000000000000e+00 0.000000000000000000e+00 5.838242856187953259e-11 -5.734115708112277644e-10 -1.255488182496119586e-10 4.611582025919228172e-10 7.697553490693475751e-10 5.526598149337202253e-10 2.465086639111434457e-10 1.467104366447037644e-10 8.153985621543756645e-11 3.573846536360233109e-11 3.698309177653425316e-06 3.065681091197732589e-08 2.801966091811494523e-05 0.000000000000000000e+00
0.000000000000000000e+00 0.000000000000000000e+00 0.000000000000000000e+00 0.000000000000000000e+00 0.000000000000000000e+00 0.000000000000000000e+00 2.934520096845820889e-10 -4.755681000240945894e-10 1.238120940402489450e-10 3.622493973421766475e-10 2.437768320369747574e-10 2.379793327949206113e-10 3.515434206143389163e-10 2.020186408965403604e-10 1.392818453902683704e-10 6.015804046184392124e-11 5.813833847308899667e-11 7.654177019591653452e-08 -7.614677677023883007e+01 0.000000000000000000e+00
0.000000000000000000e+00 0.000000000000000000e+00 0.000000000000000000e+00 0.000000000000000000e+00 0.000000000000000000e+00 0.000000000000000000e+00 2.970784700976713982e-10 -6.811273119519156844e-10 2.439152005021099451e-10 3.968491673894832862e-10 2.042843726659380451e-10 2.742370711106471913e-10 4.145553830134480874e-10 2.341511681851885907e-10 1.772293262227070613e-10 7.950732106247841529e-11 8.912169960149986947e-11 1.092799009522434301e-07 -1.142039519414379356e+02 0.000000000000000000e+00
0.000000000000000000e+00 0.000000000000000000e+00 0.000000000000000000e+00 0.000000000000000000e+00 0.000000000000000000e+00 0.000000000000000000e+00 -1.615302119598370652e-08 -2.757138267731417673e-09 -1.322612283462717826e-08 -1.295461394988108557e-09 -4.132883539184647194e-09 -2.068035229072858203e-09 -8.974562613648852418e-10 -4.876844059649820714e-10 -2.035905185027050521e-10 -6.638725023583273913e-11 3.467017609910994374e-11 3.386856166797042854e-10 2.922786795066989106e-10 0.000000000000000000e+00
0.000000000000000000e+00 0.000000000000000000e+00 0.000000000000000000e+00 0.000000000000000000e+00 0.000000000000000000e+00 0.000000000000000000e+00 5.530974759762033462e-09 1.851739978749268763e-09 6.153645641598748383e-10 -3.310474127785488392e-13 -1.417797018747544913e-09 1.517225201405500331e-10 1.581867284476978807e-10 2.808310561656728158e-11 -1.066715221750568580e-12 -1.821642103484847763e-11 -7.005363698760894333e-11 3.343168206402418670e-10 2.891826549561004048e-10 0.000000000000000000e+00
0.000000000000000000e+00 0.000000000000000000e+00 0.000000000000000000e+00 0.000000000000000000e+00 0.000000000000000000e+00 0.000000000000000000e+00 -5.169233109181966086e-10 2.287293848547728516e-10 -8.452048490456671818e-10 5.738943394462255014e-10 -1.612728431170195981e-09 -1.705717689479889435e-10 -1.965645362260063701e-11 -7.683685319117023059e-11 -4.106549281617750985e-11 -1.931177070725943098e-11 7.880376013654716379e-12 -5.301863643806497558e-13 6.604374588532395748e-07 0.000000000000000000e+00
0.000000000000000000e+00 0.000000000000000000e+00 0.000000000000000000e+00 0.000000000000000000e+00 0.000000000000000000e+00 0.000000000000000000e+00 4.199510688253924380e-09 9.741180071477474196e-10 2.613360210361524730e-09 9.081352134215379871e-10 -8.249377577294401897e-10 2.970762533033266122e-10 2.079655753570991615e-10 4.289720985929896275e-11 2.110505435144623656e-11 1.392537772630446593e-11 -2.534863915936761166e-12 -9.795019008387146272e-11 7.958280056299615003e-07 0.000000000000000000e+00
0.000000000000000000e+00 0.000000000000000000e+00 0.000000000000000000e+00 0.000000000000000000e+00 0.000000000000000000e+00 0.000000000000000000e+00 -9.425782111897368717e-08 -2.962957555757259448e-08 -7.273648800551008863e-08 -1.728785794599286835e-08 -1.931704541754920061e-08 -7.613208029964239048e-09 -5.247316911217746055e-09 -2.012137401063147986e-09 -7.726216781644524134e-10 -2.836704825568150476e-10 2.029623417490447089e-10 1.891699880645213984e-09 1.005105191198327964e-08 0.000000000000000000e+00
0.000000000000000000e+00 0.000000000000000000e+00 0.000000000000000000e+00 0.000000000000000000e+00 0.000000000000000000e+00 0.000000000000000000e+00 3.264254379616707669e-08 2.112059546169511154e-08 2.663946958829433338e-09 -3.330943787576215848e-09 -7.394113304445305458e-09 -4.746222945235648518e-11 5.088602348122864053e-10 4.750598128146498411e-10 2.757667061373189284e-10 2.061706026246462950e-11 4.575199434139454795e-09 1.707025027041331943e-09 1.014193882322929403e-08 0.000000000000000000e+00
0.000000000000000000e+00 0.000000000000000000e+00 0.000000000000000000e+00 0.000000000000000000e+00 0.000000000000000000e+00 0.000000000000000000e+00 -6.390143164634119358e-09 7.303355714652816514e-09 -5.946595860798303203e-09 -2.625226807525461071e-10 -8.055902738608640096e-09 -1.622786925880889852e-09 -1.302331803293671893e-10 1.586961581187712168e-10 2.318231553527589006e-10 -3.144298220457242121e-11 -9.543559964410421847e-12 8.879894129542893194e-10 1.090160726756523625e-05 0.000000000000000000e+00
0.000000000000000000e+00 0.000000000000000000e+00 0.000000000000000000e+00 0.000000000000000000e+00 0.000000000000000000e+00 0.000000000000000000e+00 2.145560475462936519e-08 1.585572013011221479e-08 1.326215887678929309e-08 3.121663586370450813e-09 -4.644807349753180259e-09 1.433107857815098527e-10 1.207343058193939096e-09 7.298734040269909125e-10 5.636643252435107319e-10 1.292328116100669789e-10 -7.881160007713232055e-11 5.600306542611564872e-10 1.312122517495494060e-05 0.000000000000000000e+00
0.000000000000000000e+00 0.000000000000000000e+00 0.000000000000000000e+00 0.000000000000000000e+00 0.000000000000000000e+00 0.000000000000000000e+00 2.647008200376570859e-09 1.493416645795257277e-09 -3.187594183048805303e-10 -1.609281496343738145e-09 7.965770000433327133e-10 -2.356869857666780380e-10 -3.867901271138702439e-10 -1.324298510407007239e-10 -1.672162961234356646e-10 -1.777972077411380019e-10 -1.749340608138537780e-10 -1.454855808800903916e-08 -2.002687535227004343e-05 0.000000000000000000e+00
0.000000000000000000e+00 0.000000000000000000e+00 0.000000000000000000e+00 0.000000000000000000e+00 0.000000000000000000e+00 0.000000000000000000e+00 7.275396361527498437e-09 -2.098855356915075853e-10 1.739644937385213929e-09 1.011198556644356535e-10 2.100731514948638205e-10 -4.760032844514468667e-10 -6.034304988319915149e-10 -2.228757425920359583e-10 -1.531220825798900927e-10 -4.186616974385521185e-11 -5.113941821947858186e-04 -1.295078361988082128e-08 -2.005774407650311094e-05 0.000000000000000000e+00
0.000000000000000000e+00 0.000000000000000000e+00 0.000000000000000000e+00 0.000000000000000000e+00 0.000000000000000000e+00 0.000000000000000000e+00 2.077614520644336575e-09 -3.830190750274688087e-10 3.379838210731977369e-10 -3.626471822444810087e-10 3.217553740674084093e-10 -6.458465624382822070e-11 -4.404213652691208299e-10 -1.209363501225962554e-10 -2.327942571951940742e-10 -1.870314852192471911e-10 -1.400248914578793505e-10 -9.270059566081318791e-09 1.157782155948756611e+02 0.000000000000000000e+00
0.000000000000000000e+00 0.000000000000000000e+00 0.000000000000000000e+00 0.000000000000000000e+00 0.000000000000000000e+00 0.000000000000000000e+00 1.945840545978945736e-09 -2.211950632170714207e-10 3.991985871173568379e-10 -1.517537702364242824e-10 2.279861918641246548e-10 -2.451976268126680034e-11 -4.658853840652644510e-10 -1.319112850674554918e-10 -2.602260738005636374e-10 -1.960886301469162359e-10 -1.115047630114590938e-10 -7.298295933048215752e-09 1.690631628747487127e+02 0.000000000000000000e+00
