0.000000000000000000e+00 0.000000000000000000e+00 0.000000000000000000e+00 0.000000000000000000e+00 0.000000000000000000e+00 0.000000000000000000e+00 2.395633741751174900e-11 7.942980902876417269e-10 7.858489769921206942e-10 9.915252588293617612e-10 1.057240054224572044e-09 7.372069395121603050e-10 6.356219979028330075e-10 5.352303312066631015e-10 2.763794109661489087e-10 7.824550630467715884e-11 1.040952418444009042e-10 3.010540417065751185e-08 2.851432927152274541e-05 0.000000000000000000e+00
0.000000000000000000e+00 0.000000000000000000e+00 0.000000000000000000e+00 0.000000000000000000e+00 0.000000000000000000e+00 0.000000000000000000e+00 2.938567766965565998e-10 5.095951755003395191e-10 -7.021691701246378066e-10 9.106252879077687486e-10 -4.223745606998126924e-11 5.347093047289517450e-10 3.030137477220981665e-10 2.312421182147903342e-10 9.726772278774920417e-11 5.691120177164571183e-11 3.193614366015705715e-06 3.388151919450352795e-08 2.851463746764561040e-05 0.000000000000000000e+00
0.000000000000000000e+00 0.000000000000000000e+00 0.000000000000000000e+00 0.000000000000000000e+00 0.000000000000000000e+00 0.000000000000000000e+00 -1.219510025786115922e-09 2.718792363105108266e-10 4.819837416862320157e-11 2.566845587228078355e-10 2.459133880404587978e-10 3.203042931276876689e-10 2.883213355183158641e-10 3.119692402962919955e-10 1.662911724943133950e-10 7.185622346092049067e-11 6.247995186307539582e-11 7.448253694932192013e-08 1.436269746751358412e+02 0.000000000000000000e+00
0.000000000000000000e+00 0.000000000000000000e+00 0.000000000000000000e+00 0.000000000000000000e+00 0.000000000000000000e+00 0.000000000000000000e+00 -1.376702014854115939e-09 5.680074806152138529e-10 2.742642569578077529e-11 4.106202124435682292e-10 1.765579113891808250e-10 4.139818209080671848e-10 3.431188163756393518e-10 3.433365181830537190e-10 1.948560653294393966e-10 8.897559142455306695e-11 8.398474664877527070e-11 1.029672765022853431e-07 2.106051606867486612e+02 0.000000000000000000e+00
0.000000000000000000e+00 0.000000000000000000e+00 0.000000000000000000e+00 0.000000000000000000e+00 0.000000000000000000e+00 0.000000000000000000e+00 -1.077179351547812293e-09 -7.360607069592410741e-09 -6.522123775716559038e-09 -4.207527705556553027e-09 -2.763813738354153674e-09 -2.386765674281334199e-09 -1.243423681442512089e-09 -6.607422935801368507e-10 -2.388419529951661720e-10 -6.348662304561990346e-11 3.737932471507347864e-11 3.353784065893650558e-10 7.033456681233954045e-10 0.000000000000000000e+00
0.000000000000000000e+00 0.000000000000000000e+00 0.000000000000000000e+00 0.000000000000000000e+00 0.000000000000000000e+00 0.000000000000000000e+00 1.513187517680112765e-09 4.190913711019948168e-09 1.512470001865947873e-09 1.039866200335369705e-09 6.486883839655387854e-10 -1.968583107408150462e-10 -1.260063925929177617e-10 -4.312059135225676612e-12 -8.229256037926410949e-12 -2.059264521439765246e-11 -1.079300952596781852e-10 3.246348278371033378e-10 7.054986832379933450e-10 0.000000000000000000e+00
0.000000000000000000e+00 0.000000000000000000e+00 0.000000000000000000e+00 0.000000000000000000e+00 0.000000000000000000e+00 0.000000000000000000e+00 -1.932252904061683471e-10 2.161521277226432089e-09 -5.911164439059711346e-10 -2.828107168775324956e-10 3.576369780321015196e-13 -3.144591696226277885e-10 -2.227094301091239861e-10 -1.907458965925232988e-10 -7.516218659510668798e-11 -2.301247211261630288e-11 1.158263614167722877e-11 7.727519629047010349e-11 -1.852667448126603817e-08 0.000000000000000000e+00
0.000000000000000000e+00 0.000000000000000000e+00 0.000000000000000000e+00 0.000000000000000000e+00 0.000000000000000000e+00 0.000000000000000000e+00 3.828561065214032415e-10 4.609034689163637436e-09 9.264030612675469718e-10 7.308800171409983289e-10 8.082765513635274798e-10 1.909904839832191930e-10 2.743858274824170358e-11 -3.437298000353498989e-11 -7.512734000082184841e-12 7.902938612609056428e-12 5.135485817373672482e-14 1.121311327195927997e-12 -2.041037749262744675e-08 0.000000000000000000e+00
0.000000000000000000e+00 0.000000000000000000e+00 0.000000000000000000e+00 0.000000000000000000e+00 0.000000000000000000e+00 0.000000000000000000e+00 -9.946892946026379306e-09 -1.869279802474053785e-08 -2.750386165493146789e-08 -2.444366056251865118e-08 -1.817013707963043814e-08 -9.792133072621400711e-09 -4.438387229942554250e-09 -1.679971204668779131e-09 -8.787207735137849274e-10 -1.774461509226838673e-10 1.445054564213465085e-10 1.902671251898362540e-09 1.762714394841625251e-10 0.000000000000000000e+00
0.000000000000000000e+00 0.000000000000000000e+00 0.000000000000000000e+00 0.000000000000000000e+00 0.000000000000000000e+00 0.000000000000000000e+00 -2.396570372411663027e-08 3.605653231523420983e-08 1.504690222122557084e-09 -1.866947394144515879e-09 -3.507999657191315695e-09 5.361642456136761210e-10 -3.867770978151160337e-10 4.663395012920099088e-10 1.639317915881570579e-10 5.688270321553846318e-11 -3.655332557949206945e-09 1.708920882242398049e-09 6.850763045517875651e-11 0.000000000000000000e+00
0.000000000000000000e+00 0.000000000000000000e+00 0.000000000000000000e+00 0.000000000000000000e+00 0.000000000000000000e+00 0.000000000000000000e+00 -1.302426787192873493e-08 1.667855722867501115e-08 -2.760987761683753377e-09 -1.645437144328866448e-09 -4.265226418460285533e-09 6.633999036562732140e-10 -4.008130382498576516e-10 -4.769161560174221785e-11 -1.662689907978586592e-11 1.068392259509988208e-11 -3.723326318081387552e-11 1.064435799879395621e-09 -1.301268264510126066e-05 0.000000000000000000e+00
0.000000000000000000e+00 0.000000000000000000e+00 0.000000000000000000e+00 0.000000000000000000e+00 0.000000000000000000e+00 0.000000000000000000e+00 -1.523485095333027388e-08 2.831398270559691982e-08 3.609537971472066108e-09 3.755715538741706416e-09 -3.127557740001393454e-10 3.133375781258920511e-09 5.132468652367046127e-10 4.714233621596098511e-10 2.900024364887423703e-10 1.391608661103964647e-10 -1.112630174097571664e-10 8.045648557776627663e-10 -1.575895960084820207e-05 0.000000000000000000e+00
0.000000000000000000e+00 0.000000000000000000e+00 0.000000000000000000e+00 0.000000000000000000e+00 0.000000000000000000e+00 0.000000000000000000e+00 7.529997607040808875e-10 6.558735878056027009e-09 -5.887617447944655318e-10 -2.020684359340091416e-10 7.232036444529402228e-10 -1.213824818525061455e-10 -1.285475820099888503e-10 -1.281158844757667279e-10 -6.030211724028900337e-11 2.016003925320345056e-11 -2.525496669840541466e-10 -1.147866662172817785e-08 7.320411601812852289e-07 0.000000000000000000e+00
0.000000000000000000e+00 0.000000000000000000e+00 0.000000000000000000e+00 0.000000000000000000e+00 0.000000000000000000e+00 0.000000000000000000e+00 8.786355280250602957e-10 3.902429185647286742e-09 -1.938192469250369995e-09 -2.240681435849154981e-11 -6.649848677928658123e-10 -1.485678410814213504e-10 6.307105301819029827e-11 -1.759578346508074126e-12 -3.920735170664758440e-11 1.871422956918467682e-11 -2.174745142101187109e-04 -1.238739576671756165e-08 7.343689343496175889e-07 0.000000000000000000e+00
0.000000000000000000e+00 0.000000000000000000e+00 0.000000000000000000e+00 0.000000000000000000e+00 0.000000000000000000e+00 0.000000000000000000e+00 2.353350189164179242e-09 1.938669937700558694e-09 -8.861233680325607674e-11 -3.005498048534794003e-10 4.649768211483540932e-10 -2.435342262316461739e-10 3.588549838453999193e-11 1.622539796200002371e-10 -4.590316126643263957e-11 1.943194396151757920e-11 -1.614749276391464003e-10 2.466435417073783218e-10 2.295763607674941795e+02 0.000000000000000000e+00
0.000000000000000000e+00 0.000000000000000000e+00 0.000000000000000000e+00 0.000000000000000000e+00 0.000000000000000000e+00 0.000000000000000000e+00 2.107513638247084317e-09 1.022416592984768103e-09 2.040716862148212900e-10 -4.492143968924170098e-10 4.251612687164097972e-10 -3.005175659642201640e-10 6.842535639600736509e-11 1.982911377706388868e-10 -5.436820101623219560e-11 -1.301059702909995889e-12 -1.154990381124394125e-10 8.238887197797968083e-09 3.405674652615098807e+02 0.000000000000000000e+00
