0.000000000000000000e+00 0.000000000000000000e+00 0.000000000000000000e+00 0.000000000000000000e+00 0.000000000000000000e+00 0.000000000000000000e+00 6.433871034420617876e-10 5.551028381550070532e-10 5.734070937163789255e-10 5.014404806284204285e-10 1.021942475110495460e-09 7.406611720636529271e-10 8.357456320929140913e-10 5.556014837144783228e-10 2.983809361441252410e-10 8.340323262800200499e-11 1.153429783776256946e-10 3.136066322767220628e-08 3.240735863036889471e-05 0.000000000000000000e+00
0.000000000000000000e+00 0.000000000000000000e+00 0.000000000000000000e+00 0.000000000000000000e+00 0.000000000000000000e+00 0.000000000000000000e+00 2.804149222057346579e-10 4.113362522566372112e-10 1.391613747099660621e-10 -3.881674531897121792e-10 2.892462227796992173e-10 8.046721782957317277e-10 3.051249312457653494e-10 2.171491093682342780e-10 1.211298770523224561e-10 9.824615420722968110e-11 5.511374130029904754e-06 3.488066230217511081e-08 3.242070458625074441e-05 0.000000000000000000e+00
0.000000000000000000e+00 0.000000000000000000e+00 0.000000000000000000e+00 0.000000000000000000e+00 0.000000000000000000e+00 0.000000000000000000e+00 1.024826713406473373e-09 4.616791699016324324e-10 -5.640595939876802046e-11 -1.624963251889051745e-10 2.225343156883916442e-10 4.137348864441447736e-10 3.459868627531720622e-10 3.082174028766764986e-10 2.017486786880437418e-10 7.529937638895339362e-11 8.369178622187892821e-11 8.061667353474586721e-08 9.108469798334243706e+01 0.000000000000000000e+00
0.000000000000000000e+00 0.000000000000000000e+00 0.000000000000000000e+00 0.000000000000000000e+00 0.000000000000000000e+00 0.000000000000000000e+00 1.183721917597426401e-09 7.648784340668394636e-10 -4.144665941180934769e-12 -1.981379328025650314e-10 2.187397439425970451e-10 4.695255869928379584e-10 3.346965694505493258e-10 3.294510800481042622e-10 2.323298633919216823e-10 9.503839898770005901e-11 1.047819058467571150e-10 1.096373609183199547e-07 1.346299195177498405e+02 0.000000000000000000e+00
0.000000000000000000e+00 0.000000000000000000e+00 0.000000000000000000e+00 0.000000000000000000e+00 0.000000000000000000e+00 0.000000000000000000e+00 -1.518536185479797878e-08 -1.414489793776581676e-08 -2.637328379899505674e-09 -5.189816882305724941e-09 -4.036757427585663231e-09 -1.777465607168363223e-09 -1.516613700630091120e-09 -5.756108240088245185e-10 -1.850970073139609480e-10 -5.803286038329172286e-11 4.172004855500748940e-11 3.133083588307952082e-10 1.469739949231452243e-10 0.000000000000000000e+00
0.000000000000000000e+00 0.000000000000000000e+00 0.000000000000000000e+00 0.000000000000000000e+00 0.000000000000000000e+00 0.000000000000000000e+00 1.603477735633414247e-09 -4.178639991229044096e-09 1.446672150044933477e-09 1.276219632982682149e-09 -1.511582042928948171e-09 -8.087904889617731380e-11 -2.029418973426572186e-10 -3.672498465607457889e-11 5.654772731516371451e-12 -1.820067878078757035e-11 6.340436323875700396e-10 3.010051779646459109e-10 1.440792277039467098e-10 0.000000000000000000e+00
0.000000000000000000e+00 0.000000000000000000e+00 0.000000000000000000e+00 0.000000000000000000e+00 0.000000000000000000e+00 0.000000000000000000e+00 -2.729271464270258200e-09 -2.274971165070880458e-09 1.202706210788618639e-09 -5.677171446322229676e-10 -1.415837693989977434e-09 -4.641689885729236248e-12 -2.895162834702805145e-10 -1.965422656387176780e-10 -4.410399229482015853e-11 -2.429866387502140128e-11 1.094246996552913409e-11 5.549627453624747484e-11 2.112788169096737499e-07 0.000000000000000000e+00
0.000000000000000000e+00 0.000000000000000000e+00 0.000000000000000000e+00 0.000000000000000000e+00 0.000000000000000000e+00 0.000000000000000000e+00 8.130841850651916330e-10 6.113704626318515006e-11 2.482994353728940195e-09 9.290509251792183964e-10 -8.359323380731821370e-10 4.238651001378205889e-10 2.243735597123942542e-11 -6.697659623650246323e-11 1.792568456983162430e-11 4.244312299879188243e-12 -2.425027042853150754e-12 -1.932308804503151208e-11 2.554904518477310231e-07 0.000000000000000000e+00
0.000000000000000000e+00 0.000000000000000000e+00 0.000000000000000000e+00 0.000000000000000000e+00 0.000000000000000000e+00 0.000000000000000000e+00 -6.021875689641652293e-08 -3.530398630321922510e-08 8.568826168816986316e-09 -2.762515966712142733e-08 -1.276850234765932312e-08 -6.261068740366656432e-09 -3.952088866652668357e-09 -1.257015116640841911e-09 -5.702077625610213711e-10 -2.217425294983488485e-10 2.372225566104464043e-10 2.428101404591151790e-09 1.891121052823796319e-08 0.000000000000000000e+00
0.000000000000000000e+00 0.000000000000000000e+00 0.000000000000000000e+00 0.000000000000000000e+00 0.000000000000000000e+00 0.000000000000000000e+00 3.138801881050788932e-08 3.146302845669950969e-08 2.881341755980068198e-08 1.148105612700953320e-09 -1.914936866742680126e-09 6.059408990362660914e-10 2.954093657949056594e-10 4.887307358444531708e-10 1.578825023002961714e-10 -4.752483041194042100e-11 -2.522857704427728457e-09 2.381903223733660524e-09 1.885338024847218393e-08 0.000000000000000000e+00
0.000000000000000000e+00 0.000000000000000000e+00 0.000000000000000000e+00 0.000000000000000000e+00 0.000000000000000000e+00 0.000000000000000000e+00 1.931237091807096677e-08 1.741778308248632612e-08 1.876724617132863052e-08 -3.495441912901994131e-09 -2.926208725368383208e-09 -6.398370947428072338e-10 5.403321254914010173e-11 1.564452127501112792e-10 2.400757833452241599e-11 -1.255138783148070186e-10 2.288898724985333359e-11 1.646484571332355295e-09 -7.314153362143089075e-07 0.000000000000000000e+00
0.000000000000000000e+00 0.000000000000000000e+00 0.000000000000000000e+00 0.000000000000000000e+00 0.000000000000000000e+00 0.000000000000000000e+00 3.734720139603663178e-08 2.983280643525049141e-08 2.278560694011671299e-08 3.231880435923424922e-09 -7.148604702036026242e-10 8.943961038613265905e-10 1.021193398174979953e-09 5.823985625573098974e-10 2.386541461250408092e-10 -2.066529222358724050e-11 -6.819417045956947911e-11 1.361366316497522247e-09 -8.634682778773303484e-07 0.000000000000000000e+00
0.000000000000000000e+00 0.000000000000000000e+00 0.000000000000000000e+00 0.000000000000000000e+00 0.000000000000000000e+00 0.000000000000000000e+00 2.145988913421051358e-09 -1.003413595584116940e-10 -6.925365989031974068e-10 4.684472793409176376e-10 -4.574052385894365787e-10 -2.693821662094409690e-10 -4.810422724752199085e-10 -2.229079819791385379e-11 -1.755204584430067597e-10 -1.545456070737348307e-10 -1.259000009008101814e-10 -7.827585799868686070e-09 -9.378370996071216091e-06 0.000000000000000000e+00
0.000000000000000000e+00 0.000000000000000000e+00 0.000000000000000000e+00 0.000000000000000000e+00 0.000000000000000000e+00 0.000000000000000000e+00 4.507013786544772137e-09 -3.621412035265503755e-09 -6.861942307473180092e-09 2.054093458910928467e-10 -7.465936316383005237e-10 8.519458302987977471e-11 -5.840377739738954736e-10 -2.694085559519225795e-10 -1.578989511355138081e-10 7.931892530737765021e-11 3.179654409791498118e-04 -9.987746841449797344e-09 -9.404904507418025887e-06 0.000000000000000000e+00
0.000000000000000000e+00 0.000000000000000000e+00 0.000000000000000000e+00 0.000000000000000000e+00 0.000000000000000000e+00 0.000000000000000000e+00 2.452773529623278175e-09 -2.671329499688436180e-10 -2.098811948000139407e-09 4.871828635007898476e-10 4.543107599962526702e-11 -1.933804531505372605e-10 -7.814846429223775755e-10 1.010904795227877844e-10 -2.352060702422568780e-10 -1.799108962119058652e-10 -1.009834522808052245e-10 -2.476180836450544710e-08 -5.118710050852650539e+01 0.000000000000000000e+00
0.000000000000000000e+00 0.000000000000000000e+00 0.000000000000000000e+00 0.000000000000000000e+00 0.000000000000000000e+00 0.000000000000000000e+00 2.881834148510276507e-09 -4.499183496879583404e-10 -2.589591773896187956e-09 6.287400390356092674e-10 2.177713079001813950e-10 -2.098947745923194940e-10 -8.292421251901714881e-10 5.285465988374210314e-11 -2.590827346856836529e-10 -2.132964145371805642e-10 -9.147498895013284768e-11 -3.120681355339635603e-08 -7.575933851107669170e+01 0.000000000000000000e+00
