0.000000000000000000e+00 0.000000000000000000e+00 0.000000000000000000e+00 0.000000000000000000e+00 0.000000000000000000e+00 0.000000000000000000e+00 1.453918577628586345e-08 1.190600683721771753e-08 6.782265579472811892e-09 6.986125400059666118e-09 7.839241643615285694e-09 7.801879549005894142e-09 7.832144396890594950e-09 5.502581166139128574e-09 2.699664933409328294e-09 7.666673459351861662e-10 1.064665391225757740e-09 1.204484801929089894e-07 8.067606632426572544e-06 0.000000000000000000e+00
0.000000000000000000e+00 0.000000000000000000e+00 0.000000000000000000e+00 0.000000000000000000e+00 0.000000000000000000e+00 0.000000000000000000e+00 2.505195785967779121e-09 9.961494399357010853e-10 1.114148012799845022e-09 1.054078253772401028e-09 1.036474540971963482e-09 1.432531941515537750e-09 1.196002665982905415e-09 1.046407823912349351e-09 7.496717762393906692e-10 1.050641931507768606e-09 1.923592585854427745e-06 1.345762321336611056e-07 8.072148806790830180e-06 0.000000000000000000e+00
0.000000000000000000e+00 0.000000000000000000e+00 0.000000000000000000e+00 0.000000000000000000e+00 0.000000000000000000e+00 0.000000000000000000e+00 3.713619137920230682e-09 3.344141818308318282e-09 1.647547914459118674e-09 2.181122938223508326e-09 2.426568510037055631e-09 2.488166856579964034e-09 2.743243462174709774e-09 1.991999904200975000e-09 1.144728932528983981e-09 5.563882889681306617e-10 5.697657579905768953e-10 6.896702507087121637e-08 -9.782105837231306111e+00 0.000000000000000000e+00
0.000000000000000000e+00 0.000000000000000000e+00 0.000000000000000000e+00 0.000000000000000000e+00 0.000000000000000000e+00 0.000000000000000000e+00 1.795277836308656805e-09 1.721292673789743756e-09 8.862641036363513843e-10 1.269560731324849333e-09 1.483582362496703155e-09 1.611232051614146661e-09 1.800082131562414753e-09 1.391493481821881752e-09 8.955021497566930141e-10 5.560725723034192421e-10 4.608009812381032336e-10 7.226529543747004803e-08 -1.434733293820580968e+01 0.000000000000000000e+00
0.000000000000000000e+00 0.000000000000000000e+00 0.000000000000000000e+00 0.000000000000000000e+00 0.000000000000000000e+00 0.000000000000000000e+00 -3.371756282672697735e-08 -2.230985333155041274e-08 -4.880369545182524135e-09 -1.190828791670379142e-08 -4.417388851769025652e-09 -2.976776621996657217e-09 -2.743949489677847711e-09 -1.271244616963399448e-09 -6.086766404353429181e-10 -1.564148366158361269e-10 1.050802975923711244e-10 7.474335358970063429e-10 9.361287377178228803e-10 0.000000000000000000e+00
0.000000000000000000e+00 0.000000000000000000e+00 0.000000000000000000e+00 0.000000000000000000e+00 0.000000000000000000e+00 0.000000000000000000e+00 -2.220618386772705823e-09 -6.582024755739541829e-09 -4.325506704046682607e-09 -1.178306340843447811e-09 3.962621249461399332e-10 -2.242034954649363989e-10 -9.749845650546537309e-11 -4.986479103426261846e-11 -5.343433943194554153e-11 -6.297033384065242018e-11 -1.440679773988233117e-10 7.302863049912480660e-10 9.314213015704775382e-10 0.000000000000000000e+00
0.000000000000000000e+00 0.000000000000000000e+00 0.000000000000000000e+00 0.000000000000000000e+00 0.000000000000000000e+00 0.000000000000000000e+00 -1.845701379228078249e-08 -1.441913796356191904e-08 -3.238980897208479873e-09 -3.908274128065944382e-09 -6.219920253774846625e-10 -8.300548669177027579e-10 -1.144650666605317208e-09 -5.404552852982211508e-10 -2.230198693354677160e-10 -6.186409265038720040e-11 3.944236245142183317e-11 2.180588699473904097e-10 -2.638492597832086794e-07 0.000000000000000000e+00
0.000000000000000000e+00 0.000000000000000000e+00 0.000000000000000000e+00 0.000000000000000000e+00 0.000000000000000000e+00 0.000000000000000000e+00 -1.230675856147597352e-08 -1.143983914202987761e-08 -2.632834479102129770e-09 -1.559980865950745732e-09 3.848667066825065519e-10 -2.484231903514744704e-10 -6.040593864592678145e-10 -2.686493944563399795e-10 -4.984911059547104859e-11 1.831100814359857979e-11 1.197607845065402189e-11 4.093100543908507867e-11 -3.192012850223731069e-07 0.000000000000000000e+00
0.000000000000000000e+00 0.000000000000000000e+00 0.000000000000000000e+00 0.000000000000000000e+00 0.000000000000000000e+00 0.000000000000000000e+00 -6.589289917900380103e-08 -5.753118860956722194e-08 -1.579577992653253510e-08 -5.173314155999940795e-08 -8.286108949179722743e-09 -1.169523667006954406e-08 -5.280651350799414615e-09 -8.203953381445940815e-10 2.695474598967188198e-10 1.842115990169164269e-11 4.925312741662793973e-11 3.635660112229727596e-10 4.828667643270312181e-09 0.000000000000000000e+00
0.000000000000000000e+00 0.000000000000000000e+00 0.000000000000000000e+00 0.000000000000000000e+00 0.000000000000000000e+00 0.000000000000000000e+00 2.102786212969802281e-08 -1.242719214468663370e-08 -1.530440925763138786e-08 -1.866869468106835147e-09 3.984729710278260561e-10 -4.647087733400621748e-09 5.593365791268668363e-10 -4.004041375699646121e-11 4.819110632825420911e-10 -6.652779092904084084e-11 -2.028546140223475416e-09 4.665910263435032920e-10 4.808531155504969378e-09 0.000000000000000000e+00
0.000000000000000000e+00 0.000000000000000000e+00 0.000000000000000000e+00 0.000000000000000000e+00 0.000000000000000000e+00 0.000000000000000000e+00 -4.549769475331621272e-08 -2.879435822426725040e-08 -2.658392289741005640e-09 -1.601711200751264265e-08 1.164348076395897913e-09 -5.124753187443950337e-09 -1.576193701539174933e-09 -8.041242227474677295e-11 4.373834911274695907e-10 2.497957273769535349e-11 2.082415700178607144e-11 4.679092407412641706e-10 2.074854182707820810e-06 0.000000000000000000e+00
0.000000000000000000e+00 0.000000000000000000e+00 0.000000000000000000e+00 0.000000000000000000e+00 0.000000000000000000e+00 0.000000000000000000e+00 -3.100065113946754029e-08 -2.086137441462896795e-08 -3.458496159763419475e-10 -5.538430511900697544e-09 3.159207877874422061e-09 -3.424782881571328674e-09 -3.735027097202365340e-10 1.039063433812007264e-10 5.068818188431500204e-10 4.027581516162339168e-11 1.605331600528170029e-11 4.122485228214398349e-10 2.521614955571438351e-06 0.000000000000000000e+00
0.000000000000000000e+00 0.000000000000000000e+00 0.000000000000000000e+00 0.000000000000000000e+00 0.000000000000000000e+00 0.000000000000000000e+00 -5.525531299831451658e-10 1.196187972415806245e-09 4.488115427589676777e-10 -2.750298881787236085e-10 -9.684187026984803457e-10 -9.074147205989074125e-10 -8.192006282573220847e-10 -2.404660740238502470e-10 -3.401738023848530541e-10 -1.459881484043108085e-10 -4.805766890739473662e-10 -1.153966461411221581e-08 -8.006239764553925171e-06 0.000000000000000000e+00
0.000000000000000000e+00 0.000000000000000000e+00 0.000000000000000000e+00 0.000000000000000000e+00 0.000000000000000000e+00 0.000000000000000000e+00 -6.704224151862253545e-09 2.203778951947953360e-09 -1.952328518424850461e-09 -2.236593752572623350e-10 -1.553371160144509260e-09 -1.990220403670280100e-09 -1.197542308296074665e-09 -2.790519000840627145e-10 -2.559314037546587712e-10 -1.298742776251064055e-10 2.399766286862260246e-06 -1.416731494353500023e-08 -7.998257500368802941e-06 0.000000000000000000e+00
0.000000000000000000e+00 0.000000000000000000e+00 0.000000000000000000e+00 0.000000000000000000e+00 0.000000000000000000e+00 0.000000000000000000e+00 -2.004584243774307248e-09 1.766728205108152754e-09 -8.148338922221301672e-10 3.581753758810749676e-10 -4.838057831299766051e-10 -1.226607536583548202e-09 -9.167590658364994411e-10 -1.904089492847005474e-10 -2.894321031454390133e-10 -2.058455520561131505e-10 -3.961705884485625112e-10 -2.412299624577324271e-08 -6.769675475133312581e+00 0.000000000000000000e+00
0.000000000000000000e+00 0.000000000000000000e+00 0.000000000000000000e+00 0.000000000000000000e+00 0.000000000000000000e+00 0.000000000000000000e+00 -2.076423034722258111e-09 2.226974293515699269e-09 -1.129039322872499791e-09 4.132388513487056920e-10 -3.934155524807207060e-10 -1.269927579482995317e-09 -9.713780110598704855e-10 -2.141607504241092457e-10 -3.004270745482520215e-10 -2.654161266340826390e-10 -3.533313837728861701e-10 -2.573319884430120293e-08 -9.965604606049879521e+00 0.000000000000000000e+00
