0.000000000000000000e+00 0.000000000000000000e+00 0.000000000000000000e+00 0.000000000000000000e+00 0.000000000000000000e+00 0.000000000000000000e+00 6.570392136446466534e-09 5.786931145880554881e-09 4.075223753349120578e-09 3.692025263717352255e-09 4.816871873740966910e-09 5.200925406301791880e-09 4.388557564731006449e-09 3.477423051290004205e-09 1.890921049845797657e-09 5.135104030174850206e-10 7.725212860242948286e-10 8.828368761240172499e-08 8.981119697010293205e-06 0.000000000000000000e+00
0.000000000000000000e+00 0.000000000000000000e+00 0.000000000000000000e+00 0.000000000000000000e+00 0.000000000000000000e+00 0.000000000000000000e+00 -4.182002501673231700e-10 6.372765068186460550e-10 2.368626424378469739e-10 1.380238916013054722e-09 1.044576744588169316e-09 1.119520072805799718e-09 7.377220573462178458e-10 5.029981290585251162e-10 3.412218128868500336e-10 3.565651121850188596e-10 5.700542510839112272e-07 9.578976068330255295e-08 8.986612171487809518e-06 0.000000000000000000e+00
0.000000000000000000e+00 0.000000000000000000e+00 0.000000000000000000e+00 0.000000000000000000e+00 0.000000000000000000e+00 0.000000000000000000e+00 1.135501470620740931e-09 9.600848394464061798e-10 4.062042702679610233e-10 8.421255362529860293e-10 1.232532144705040653e-09 1.220832730215990272e-09 1.147747350638127527e-09 1.018930136906565076e-09 6.562664289850751019e-10 2.747234193147572659e-10 3.133631018449339159e-10 3.999970991844260653e-08 5.088169155649261199e+01 0.000000000000000000e+00
0.000000000000000000e+00 0.000000000000000000e+00 0.000000000000000000e+00 0.000000000000000000e+00 0.000000000000000000e+00 0.000000000000000000e+00 4.175189103879288119e-10 3.620734311006054217e-10 1.694464179184372586e-10 6.495694320932744311e-10 8.024407810673100406e-10 8.016107829808329629e-10 7.768893484734103573e-10 6.902936897092181999e-10 4.455996729791862777e-10 1.966191680916656738e-10 1.731508243612422864e-10 4.176212673013764339e-08 7.475544276118850462e+01 0.000000000000000000e+00
0.000000000000000000e+00 0.000000000000000000e+00 0.000000000000000000e+00 0.000000000000000000e+00 0.000000000000000000e+00 0.000000000000000000e+00 -2.922476390541645259e-08 9.126517789473874991e-09 -1.308305569882439600e-08 -6.310037495532270423e-09 -3.116806204493741956e-09 -3.497610191566442370e-09 -1.976049403691053839e-09 -9.817557798366385996e-10 -5.250504665687243173e-10 -1.834184652173444824e-10 1.108302445139717420e-10 7.684551918597362421e-10 8.518619463691219212e-10 0.000000000000000000e+00
0.000000000000000000e+00 0.000000000000000000e+00 0.000000000000000000e+00 0.000000000000000000e+00 0.000000000000000000e+00 0.000000000000000000e+00 -5.276308721843005592e-09 -9.397418266477529476e-10 -1.361852596262534130e-09 -2.160369848750728272e-11 6.893474020448019526e-10 4.256972963978583429e-10 -1.161953460548300015e-10 -3.265466242369017637e-11 -8.614687113928516067e-11 -9.561509630425123485e-11 -7.462211970199110344e-11 7.602024728850194087e-10 8.556933965809915413e-10 0.000000000000000000e+00
0.000000000000000000e+00 0.000000000000000000e+00 0.000000000000000000e+00 0.000000000000000000e+00 0.000000000000000000e+00 0.000000000000000000e+00 -1.391059574916518183e-08 2.670513732104519515e-09 -4.459428544845190467e-09 -9.038063254920208542e-10 -8.342672085693195118e-10 -1.134134167149070172e-09 -7.525409772755922381e-10 -3.704807911064781466e-10 -2.311579925757321664e-10 -9.342311892760202147e-11 4.289613577691768073e-11 1.999506678943055912e-10 2.377126342863804117e-07 0.000000000000000000e+00
0.000000000000000000e+00 0.000000000000000000e+00 0.000000000000000000e+00 0.000000000000000000e+00 0.000000000000000000e+00 0.000000000000000000e+00 -8.839857709895433668e-09 7.669102721000206568e-10 -2.064796000870031992e-09 3.499597614183938573e-10 -1.477039679338202591e-10 -3.754217949999215890e-10 -3.545193793322546877e-10 -1.577482995147389905e-10 -9.687199237611142181e-11 -1.511595377496931009e-11 1.281839204428589110e-11 1.083474338095195575e-11 2.871740953033329556e-07 0.000000000000000000e+00
0.000000000000000000e+00 0.000000000000000000e+00 0.000000000000000000e+00 0.000000000000000000e+00 0.000000000000000000e+00 0.000000000000000000e+00 -1.422015410155407461e-07 -4.070363543992862819e-08 -8.047248854719072616e-08 -4.040478797703913586e-08 -1.512273564494105777e-08 -1.269933712358740425e-08 -6.060785953340970983e-09 -8.894062090787319397e-10 -3.185772534303128327e-10 5.109685755540163827e-11 1.879206156358069836e-10 4.537370102816906137e-10 3.716851160859569530e-09 0.000000000000000000e+00
0.000000000000000000e+00 0.000000000000000000e+00 0.000000000000000000e+00 0.000000000000000000e+00 0.000000000000000000e+00 0.000000000000000000e+00 -2.370764888522499438e-08 -1.238152211445708670e-08 -2.097713729794701689e-09 -9.642617758098239695e-10 2.669464420452754667e-09 1.664338868825429530e-10 -8.702614622447942074e-10 -4.451940562505932469e-11 -1.210936694679536602e-10 1.524534170279791087e-11 8.322358861645822945e-10 4.329288715180769168e-10 3.709521569266724230e-09 0.000000000000000000e+00
0.000000000000000000e+00 0.000000000000000000e+00 0.000000000000000000e+00 0.000000000000000000e+00 0.000000000000000000e+00 0.000000000000000000e+00 -6.611393028824220487e-08 -2.234445655300043278e-08 -2.699830866123082762e-08 -9.013797682104397979e-09 -1.752895814746246512e-09 -4.215611819968579053e-09 -2.802346590623254385e-09 -1.218115596133900340e-11 -1.776512962913994708e-10 3.883125580634146170e-11 1.103210818232161528e-10 -1.581638922317247976e-10 2.055829796888123741e-06 0.000000000000000000e+00
0.000000000000000000e+00 0.000000000000000000e+00 0.000000000000000000e+00 0.000000000000000000e+00 0.000000000000000000e+00 0.000000000000000000e+00 -4.052036468503236897e-08 -1.621420800048837961e-08 -1.180340754061952032e-08 -1.114852216587088461e-09 1.647511647898468802e-09 -1.691733885336169868e-09 -1.688169695879615756e-09 1.781083077174740821e-10 -1.097616389314993901e-10 3.933289016077691384e-11 7.623089908645377699e-11 -3.795191011861307497e-10 2.504704183727744829e-06 0.000000000000000000e+00
0.000000000000000000e+00 0.000000000000000000e+00 0.000000000000000000e+00 0.000000000000000000e+00 0.000000000000000000e+00 0.000000000000000000e+00 -6.713062649139900075e-10 9.827737887852327830e-10 4.073977235612516299e-10 3.945309046890929278e-10 8.105560047574377425e-11 -1.399307306764038332e-10 -3.151056464179506258e-10 -5.328269803318116362e-11 -2.441660260827786606e-11 -5.074712355357620025e-11 -3.269100398269687398e-10 -1.029890508637229169e-08 4.500063648146403472e-06 0.000000000000000000e+00
0.000000000000000000e+00 0.000000000000000000e+00 0.000000000000000000e+00 0.000000000000000000e+00 0.000000000000000000e+00 0.000000000000000000e+00 2.893683630882538971e-09 8.838864462783759960e-09 -1.903799136351889560e-10 4.609897276982398344e-10 -2.431094430807471187e-09 -1.683117731219388502e-10 -4.205959297677841293e-10 -3.127054757097511614e-10 -1.757342079000851603e-10 -3.993854537647325174e-11 -7.445127984662164363e-07 -1.285975499785271390e-08 4.476281446756438177e-06 0.000000000000000000e+00
0.000000000000000000e+00 0.000000000000000000e+00 0.000000000000000000e+00 0.000000000000000000e+00 0.000000000000000000e+00 0.000000000000000000e+00 -1.520950110470603915e-10 3.135069913913897943e-09 4.584844575428825495e-10 9.328249461615478457e-11 -9.038110150929458160e-10 -2.353983390041010454e-10 -4.347832956815796274e-10 -2.329131289657172057e-10 -1.346642306663810466e-10 -8.372468367179934048e-11 -2.354361808781210913e-10 -2.543932828575389922e-08 2.035230071897802162e+01 0.000000000000000000e+00
0.000000000000000000e+00 0.000000000000000000e+00 0.000000000000000000e+00 0.000000000000000000e+00 0.000000000000000000e+00 0.000000000000000000e+00 -1.736735570880691036e-11 3.402988195483075934e-09 1.589016214036567595e-10 -8.867471656020216098e-11 -1.307237354187139363e-09 -2.364651395298209476e-10 -4.587793930322690360e-10 -2.979839455874311370e-10 -1.898084654481005925e-10 -1.165337843903892574e-10 -2.004006008331194702e-10 -2.904150257974956959e-08 2.974954375000684337e+01 0.000000000000000000e+00
