0.000000000000000000e+00 0.000000000000000000e+00 0.000000000000000000e+00 0.000000000000000000e+00 0.000000000000000000e+00 0.000000000000000000e+00 1.117160319017366834e-08 9.275300185563724735e-09 1.290895944172785751e-08 9.969639556906423112e-09 1.314813339790541079e-08 1.229159063840278672e-08 1.026751501659312127e-08 6.614305629868641088e-09 2.931490005082384395e-09 1.141492903039826143e-09 1.308181879903920309e-09 1.553210167547572542e-07 2.107575550247691473e-06 0.000000000000000000e+00
0.000000000000000000e+00 0.000000000000000000e+00 0.000000000000000000e+00 0.000000000000000000e+00 0.000000000000000000e+00 0.000000000000000000e+00 -4.482911668487075468e-10 2.636342906178505759e-09 3.410466754840327083e-09 4.207121252361605437e-09 3.713962556118443078e-09 4.263420041899351360e-09 3.386813013126250315e-09 2.341372068176774061e-09 1.440977301584604349e-09 1.744529586289174307e-09 4.278584417662798738e-06 1.751269988998260986e-07 2.102927914540318136e-06 0.000000000000000000e+00
0.000000000000000000e+00 0.000000000000000000e+00 0.000000000000000000e+00 0.000000000000000000e+00 0.000000000000000000e+00 0.000000000000000000e+00 1.184754438207348856e-09 1.818066499003850201e-09 2.125892302793003769e-09 2.398959065840033787e-09 2.531831612782660675e-09 2.921142980458693720e-09 3.045131394669919283e-09 2.346895431621657753e-09 1.472052532164551130e-09 1.017315318722898270e-09 9.378878628273061615e-10 1.292046477409184475e-07 2.302627851163049399e+01 0.000000000000000000e+00
0.000000000000000000e+00 0.000000000000000000e+00 0.000000000000000000e+00 0.000000000000000000e+00 0.000000000000000000e+00 0.000000000000000000e+00 3.900439400838969012e-10 1.211744645459470610e-09 1.276764080654648544e-09 1.798195304938724866e-09 1.616249515660988124e-09 2.140288392123863070e-09 2.471852581556368255e-09 2.067228882354883197e-09 1.419144511807987228e-09 1.098516207401512938e-09 9.846087542564977132e-10 1.488566781296172869e-07 3.352438077554415941e+01 0.000000000000000000e+00
0.000000000000000000e+00 0.000000000000000000e+00 0.000000000000000000e+00 0.000000000000000000e+00 0.000000000000000000e+00 0.000000000000000000e+00 -2.210120367886998319e-08 -2.340457835829124874e-08 -1.126686037114363169e-08 -8.834359990905235691e-09 -8.212886916127349326e-09 -3.572612406432039471e-09 -1.651402321372407304e-09 -9.545475305336397891e-10 -4.485637681279326878e-10 -1.469311275241676955e-10 9.659843159436358536e-11 7.288430525823411139e-10 8.452438815442790834e-10 0.000000000000000000e+00
0.000000000000000000e+00 0.000000000000000000e+00 0.000000000000000000e+00 0.000000000000000000e+00 0.000000000000000000e+00 0.000000000000000000e+00 -1.220137623883718683e-09 4.174314718205705217e-09 3.454690138341263395e-09 -2.451814643812395646e-09 -1.246611265405094799e-09 -1.043985912171384686e-09 2.652739342214196690e-10 1.252377737411669595e-10 -5.048424695478671381e-11 -5.154107754578439733e-11 1.960538273420615204e-10 7.160310680786356963e-10 8.465404917614732209e-10 0.000000000000000000e+00
0.000000000000000000e+00 0.000000000000000000e+00 0.000000000000000000e+00 0.000000000000000000e+00 0.000000000000000000e+00 0.000000000000000000e+00 -6.181264170029393428e-09 -4.925268294591125291e-09 -1.564235762406418432e-09 -2.973524295387037487e-09 -3.048040713178854072e-09 -1.423857968078071217e-09 -2.326954502945591765e-10 -2.780462144642159675e-10 -1.559279961692473359e-10 -6.057287129811179598e-11 3.361610888794341808e-11 2.010189114536281412e-10 5.310718681511141752e-07 0.000000000000000000e+00
0.000000000000000000e+00 0.000000000000000000e+00 0.000000000000000000e+00 0.000000000000000000e+00 0.000000000000000000e+00 0.000000000000000000e+00 -1.801237432617790276e-09 7.090065488101274962e-11 1.078931938558403767e-09 -1.541834986389020313e-09 -1.546863642522400480e-09 -8.314661895432373896e-10 1.597246119250117270e-10 -3.570887813742262725e-11 -3.157337134451321079e-11 1.180532524457829822e-11 6.209518499407733353e-12 2.736002387193096100e-11 6.424219964890658576e-07 0.000000000000000000e+00
0.000000000000000000e+00 0.000000000000000000e+00 0.000000000000000000e+00 0.000000000000000000e+00 0.000000000000000000e+00 0.000000000000000000e+00 -1.333816769981960737e-07 -1.007671942733678207e-07 -7.427265525062112616e-08 -3.154887614131096351e-08 -2.693844023192470895e-08 -9.424677937084253784e-09 -1.364043356154283944e-09 -2.154569956103589985e-10 -5.514186816665600272e-11 1.440535835056319499e-10 -1.139879386071101128e-10 3.770914728303015747e-10 6.631820412343732642e-09 0.000000000000000000e+00
0.000000000000000000e+00 0.000000000000000000e+00 0.000000000000000000e+00 0.000000000000000000e+00 0.000000000000000000e+00 0.000000000000000000e+00 -5.350950491448792290e-09 -2.114842946756996448e-09 1.327902191353519080e-08 -1.034765376085520439e-08 7.575814976575130201e-09 -4.607135142491331248e-09 1.263571787454916756e-09 9.928924787370350346e-13 -1.230211283393421970e-10 3.379107169385593438e-10 9.123830607877135200e-09 3.801735052847916591e-10 6.534058287455967674e-09 0.000000000000000000e+00
0.000000000000000000e+00 0.000000000000000000e+00 0.000000000000000000e+00 0.000000000000000000e+00 0.000000000000000000e+00 0.000000000000000000e+00 -3.941420514408253499e-08 -3.208957763325495274e-08 -1.346612204404612399e-08 -1.051295279478417402e-08 -4.325830846710377981e-09 -5.332010690001353731e-09 9.958793400373176686e-10 -1.586470990218600461e-11 3.651255857608485541e-14 1.976547404931869304e-10 -5.603728423759639656e-11 -1.436147953243217414e-10 -1.961453899522976710e-07 0.000000000000000000e+00
0.000000000000000000e+00 0.000000000000000000e+00 0.000000000000000000e+00 0.000000000000000000e+00 0.000000000000000000e+00 0.000000000000000000e+00 -1.247718836483781807e-08 -1.250113414436984925e-08 3.299070600318886447e-09 -5.343119329373148226e-09 2.225379606301558995e-09 -4.008236236604222173e-09 1.517354309150097259e-09 1.915286916861790019e-11 1.065030288153039667e-11 2.307025580819011740e-10 -3.929141628985068219e-11 -2.756958294290859627e-10 -2.325289054377789765e-07 0.000000000000000000e+00
0.000000000000000000e+00 0.000000000000000000e+00 0.000000000000000000e+00 0.000000000000000000e+00 0.000000000000000000e+00 0.000000000000000000e+00 -8.205547867939871823e-10 -1.315562297388007296e-10 -8.454086955550017508e-10 1.610764937142228307e-11 -3.066800313231180920e-10 -2.212590325116352525e-10 -1.707654739800116265e-10 2.325689334410612870e-11 -1.433392351716577330e-10 -1.433379506321893901e-10 -3.775439247708301088e-10 -1.327400367055571015e-08 5.301931140117481666e-06 0.000000000000000000e+00
0.000000000000000000e+00 0.000000000000000000e+00 0.000000000000000000e+00 0.000000000000000000e+00 0.000000000000000000e+00 0.000000000000000000e+00 -3.444345221050748722e-09 -3.599431235027640311e-09 6.818272952542800331e-10 1.766924570679537376e-09 -7.443578476059885941e-10 -1.558385824019886819e-10 -3.559269158506630699e-10 -2.859251241892823094e-10 -3.676171627743673238e-10 -2.606506176111841739e-10 2.166162563527753138e-06 -1.434227834257351344e-08 5.332462078654431267e-06 0.000000000000000000e+00
0.000000000000000000e+00 0.000000000000000000e+00 0.000000000000000000e+00 0.000000000000000000e+00 0.000000000000000000e+00 0.000000000000000000e+00 -1.253089473757575857e-09 -2.293029424138084950e-09 -6.181065168531348297e-10 3.120325630303422970e-10 -2.833536024867254875e-10 1.811956656759324246e-10 -4.462437064205704267e-10 -2.404623355713064812e-10 -2.118790956998391531e-10 -2.045098596479588557e-10 -2.468696188913382616e-10 -2.512154675347138769e-08 -3.913771841175159949e+01 0.000000000000000000e+00
0.000000000000000000e+00 0.000000000000000000e+00 0.000000000000000000e+00 0.000000000000000000e+00 0.000000000000000000e+00 0.000000000000000000e+00 -1.151811381452010019e-09 -2.617398444764617567e-09 -5.509728960063024211e-10 4.768786450541608641e-10 -3.336408986967039723e-10 1.656337076522346031e-10 -5.712334354983673237e-10 -3.315420978031973784e-10 -2.678274317749720913e-10 -2.675702442266435056e-10 -1.759028472250406153e-10 -3.173534674886498889e-08 -5.747537500811163369e+01 0.000000000000000000e+00
