0.000000000000000000e+00 0.000000000000000000e+00 0.000000000000000000e+00 0.000000000000000000e+00 0.000000000000000000e+00 0.000000000000000000e+00 3.077244034676139247e-09 1.426289734356296776e-08 1.928063796112160411e-08 1.227092138160405665e-08 1.297836757391144497e-08 1.579179517258741743e-08 1.252842150961977645e-08 9.885544585371402255e-09 5.489974296429478134e-09 1.609650779112259302e-09 2.426552509587644545e-09 2.604370172569225631e-07 7.184700146022543260e-06 0.000000000000000000e+00
0.000000000000000000e+00 0.000000000000000000e+00 0.000000000000000000e+00 0.000000000000000000e+00 0.000000000000000000e+00 0.000000000000000000e+00 1.844789129454390890e-09 1.087393341624628110e-09 1.868625361394318799e-09 3.146081777361362528e-09 2.787355560270606192e-09 3.283404792049350401e-09 2.075210523411479120e-09 1.540781947090893394e-09 1.096964284477839618e-09 1.327269696220560719e-09 2.187219695102425738e-06 2.838395856187705474e-07 7.181506003497658587e-06 0.000000000000000000e+00
0.000000000000000000e+00 0.000000000000000000e+00 0.000000000000000000e+00 0.000000000000000000e+00 0.000000000000000000e+00 0.000000000000000000e+00 2.643897555697242022e-09 2.186934875563398007e-09 3.051719537606723609e-09 2.969078000041148546e-09 2.597528920599016045e-09 3.200908313950794498e-09 2.990423767141278424e-09 2.673419731713678651e-09 1.837941067581343714e-09 8.511234772023223946e-10 1.004674455858527138e-09 9.301072477129220366e-08 -5.763791608115337795e+01 0.000000000000000000e+00
0.000000000000000000e+00 0.000000000000000000e+00 0.000000000000000000e+00 0.000000000000000000e+00 0.000000000000000000e+00 0.000000000000000000e+00 2.182435101551596289e-09 6.194316422291918483e-10 1.168862184102124549e-09 2.092260418329266989e-09 1.699570982171532718e-09 2.065461620776717011e-09 2.072164348781703318e-09 1.877197717046194144e-09 1.248958776699199604e-09 5.792549177583790424e-10 5.658116214202801885e-10 9.311900881976968718e-08 -8.466595500630270976e+01 0.000000000000000000e+00
0.000000000000000000e+00 0.000000000000000000e+00 0.000000000000000000e+00 0.000000000000000000e+00 0.000000000000000000e+00 0.000000000000000000e+00 -2.290171141129176266e-08 -1.039736671026458000e-08 -3.215045844061130624e-08 -1.289700015745544222e-08 -8.325983361307451502e-09 -7.095147324065756805e-09 -2.780392795494170408e-09 -1.873447413066782688e-09 -9.026825222270279648e-10 -3.313081944193472721e-10 1.751455113111926206e-10 1.184262232361479064e-09 1.781256847859923425e-09 0.000000000000000000e+00
0.000000000000000000e+00 0.000000000000000000e+00 0.000000000000000000e+00 0.000000000000000000e+00 0.000000000000000000e+00 0.000000000000000000e+00 -2.409309998884503420e-08 2.002938807225715207e-09 -5.536853425460346297e-10 -8.960739387312875022e-10 -1.227679210579871229e-09 7.902565315039743809e-10 -2.159265218902622842e-10 -1.159075591427380247e-10 -1.055214092087273116e-10 -1.946975923582076075e-10 -8.877377657476687790e-11 1.159200258841777993e-09 1.782232233251254040e-09 0.000000000000000000e+00
0.000000000000000000e+00 0.000000000000000000e+00 0.000000000000000000e+00 0.000000000000000000e+00 0.000000000000000000e+00 0.000000000000000000e+00 -2.399867793997266625e-08 -8.679592281627900371e-10 -1.063629147839019471e-08 -3.916865007877195890e-09 -2.907627273067618592e-09 -1.954598844365131410e-09 -9.410218556147376926e-10 -6.605632041156760446e-10 -3.361570712480418695e-10 -1.794547469641167160e-10 6.961958812070696003e-11 3.509832956436323445e-10 -9.488104733408034210e-08 0.000000000000000000e+00
0.000000000000000000e+00 0.000000000000000000e+00 0.000000000000000000e+00 0.000000000000000000e+00 0.000000000000000000e+00 0.000000000000000000e+00 -2.241472211553158155e-08 1.525348928865913151e-09 -4.540921282640679791e-09 -1.472364948625356720e-09 -1.329390558913793062e-09 -4.065068376907092306e-10 -4.034845048534230220e-10 -2.612597194685907186e-10 -8.829203185717243909e-11 -4.974629157113756269e-11 2.309547993235396564e-11 7.462866263133218179e-11 -1.161852544279982831e-07 0.000000000000000000e+00
0.000000000000000000e+00 0.000000000000000000e+00 0.000000000000000000e+00 0.000000000000000000e+00 0.000000000000000000e+00 0.000000000000000000e+00 -7.476951376483914061e-08 6.235652091310489499e-09 -1.295318484096074806e-07 -5.288970879730311884e-08 -3.377039057659098661e-08 -1.900625838702052495e-08 -4.525787482147548521e-09 -2.618304893571804362e-09 -1.072024293136535131e-10 -5.253795239843044506e-11 1.383307543519846710e-10 6.988471159991430780e-10 1.320564294040234952e-08 0.000000000000000000e+00
0.000000000000000000e+00 0.000000000000000000e+00 0.000000000000000000e+00 0.000000000000000000e+00 0.000000000000000000e+00 0.000000000000000000e+00 -6.197654726928306087e-08 -1.591543665364084370e-08 -1.128761439514337222e-08 -1.517720410582298232e-08 4.108923088327120502e-11 1.419663652436302463e-09 -3.771926085214670383e-10 1.487413436129880879e-10 3.720793269527733656e-10 -1.016406011803241993e-10 -3.389360869386536302e-09 5.634525609573571093e-10 1.313496149140805922e-08 0.000000000000000000e+00
0.000000000000000000e+00 0.000000000000000000e+00 0.000000000000000000e+00 0.000000000000000000e+00 0.000000000000000000e+00 0.000000000000000000e+00 -6.381138125474177783e-08 9.723263322523024623e-09 -4.825029092320452088e-08 -1.648333398102376209e-08 -1.044606011703053609e-08 -4.159534756015852438e-09 -7.727966272224612375e-10 -3.042949778110822955e-10 3.258603379186828476e-10 -5.574384402867394167e-12 1.151005559376622148e-10 -9.621703525523655644e-10 5.845683939931442315e-08 0.000000000000000000e+00
0.000000000000000000e+00 0.000000000000000000e+00 0.000000000000000000e+00 0.000000000000000000e+00 0.000000000000000000e+00 0.000000000000000000e+00 -5.724991781258026905e-08 8.172937326566776118e-09 -2.510680632985513261e-08 -7.499027810984508989e-09 -3.417088204697887585e-09 5.262516290228714102e-11 1.039654515766748012e-10 3.273233737424781602e-10 4.711583300296671011e-10 4.995098621761535400e-11 1.149011459752699504e-10 -1.290515217629422593e-09 5.177484052171979338e-08 0.000000000000000000e+00
0.000000000000000000e+00 0.000000000000000000e+00 0.000000000000000000e+00 0.000000000000000000e+00 0.000000000000000000e+00 0.000000000000000000e+00 -2.785649551113634451e-10 -1.834581351761227483e-09 -6.167819029113454008e-10 -2.747799472127283728e-11 -1.961399856907712734e-09 -4.661069867685075658e-10 -5.495264644589186557e-10 -5.289522403248657444e-10 -2.729389676691017136e-10 -1.179908351025056643e-10 -6.005001058492646773e-10 -2.451320638045555729e-08 -4.528675327612467832e-06 0.000000000000000000e+00
0.000000000000000000e+00 0.000000000000000000e+00 0.000000000000000000e+00 0.000000000000000000e+00 0.000000000000000000e+00 0.000000000000000000e+00 1.105033798628930919e-08 -8.771749155065074391e-09 -4.487611455198214337e-09 1.433040309941250512e-09 -4.105381604625903595e-09 -1.832073628809571605e-09 -1.329444545870395416e-09 -1.540802075477510206e-09 -4.382576943631038229e-10 4.181621812151437504e-11 -1.194479129176361569e-05 -2.844829042046109757e-08 -4.508210925177704145e-06 0.000000000000000000e+00
0.000000000000000000e+00 0.000000000000000000e+00 0.000000000000000000e+00 0.000000000000000000e+00 0.000000000000000000e+00 0.000000000000000000e+00 -9.289188408201851575e-11 -2.772324076213229789e-09 -1.855994022336334249e-09 6.542206189208491219e-10 -1.825562528631386406e-09 -9.287418206708391148e-10 -5.468453734570107890e-10 -8.543991246731152792e-10 -2.260262833124792639e-10 -1.966693344574641416e-10 -3.464848831268920746e-10 -2.827255111581963925e-08 -3.822556356578947856e+01 0.000000000000000000e+00
0.000000000000000000e+00 0.000000000000000000e+00 0.000000000000000000e+00 0.000000000000000000e+00 0.000000000000000000e+00 0.000000000000000000e+00 1.710174074203729013e-09 -3.475937313275309838e-09 -2.199453000015761114e-09 9.270303862659785362e-10 -1.711682907805051186e-09 -1.092281257436296075e-09 -6.350790719663626227e-10 -1.082482165490616327e-09 -3.328413402630815714e-10 -2.733992344290867769e-10 -2.333883971263919375e-10 -2.895159658700870221e-08 -5.612099921749455689e+01 0.000000000000000000e+00
