0.000000000000000000e+00 0.000000000000000000e+00 0.000000000000000000e+00 0.000000000000000000e+00 0.000000000000000000e+00 0.000000000000000000e+00 2.703898299378114630e-08 1.400413125273786577e-08 1.146516418172887711e-08 1.309557243923733183e-08 1.362789915910621774e-08 1.640679203211388023e-08 1.465205039267775979e-08 1.323868668645467065e-08 7.448481951483529103e-09 2.318386145062997233e-09 3.511478136696927962e-09 3.148806064689306737e-07 4.783530941613304719e-06 0.000000000000000000e+00
0.000000000000000000e+00 0.000000000000000000e+00 0.000000000000000000e+00 0.000000000000000000e+00 0.000000000000000000e+00 0.000000000000000000e+00 4.627504645627981777e-09 4.745961259716562268e-09 1.631179436230768043e-09 3.682290328128021339e-09 3.054899234728100637e-09 2.782712498596878518e-09 2.278757704347187106e-09 1.953706955438146455e-09 1.917133778884842518e-09 2.751408777585249334e-09 4.466653540376781822e-06 3.325218100059438058e-07 4.789036032381015391e-06 0.000000000000000000e+00
0.000000000000000000e+00 0.000000000000000000e+00 0.000000000000000000e+00 0.000000000000000000e+00 0.000000000000000000e+00 0.000000000000000000e+00 6.072585296327749214e-09 2.876258098724106544e-09 2.002036451145903592e-09 2.551763443021864802e-09 2.663640607635378637e-09 3.639345731154135386e-09 3.701630760713633779e-09 3.699201105474409656e-09 2.562878464842685376e-09 1.250157517171713633e-09 1.573415942321697290e-09 7.926674645194665418e-08 8.850677338770537972e+00 0.000000000000000000e+00
0.000000000000000000e+00 0.000000000000000000e+00 0.000000000000000000e+00 0.000000000000000000e+00 0.000000000000000000e+00 0.000000000000000000e+00 3.126744266854087473e-09 1.916809105507433704e-09 1.046932257975120962e-09 1.582745682222474171e-09 1.725869770301770135e-09 2.272898415019698014e-09 2.464509110737927584e-09 2.423325500984284915e-09 1.638594757053921318e-09 7.855188947617994169e-10 8.539735337609084944e-10 5.824696589941154315e-08 1.268666921799251668e+01 0.000000000000000000e+00
0.000000000000000000e+00 0.000000000000000000e+00 0.000000000000000000e+00 0.000000000000000000e+00 0.000000000000000000e+00 0.000000000000000000e+00 -4.532407974075122162e-08 -2.461684395293529050e-08 -1.467712020345664379e-08 -1.623265340985370553e-08 -5.371801813652472654e-09 -4.793403415706707158e-09 -3.339661426298466005e-09 -2.311363993316076043e-09 -1.056285092956593241e-09 -3.050061565781213311e-10 1.733497221258770972e-10 1.172790628170452214e-09 1.778423034991710329e-09 0.000000000000000000e+00
0.000000000000000000e+00 0.000000000000000000e+00 0.000000000000000000e+00 0.000000000000000000e+00 0.000000000000000000e+00 0.000000000000000000e+00 -1.211669191610110334e-08 -3.010834279315539552e-10 -6.280174446309517162e-09 -4.845921020066317289e-10 4.312207290354599265e-10 -6.981113302741521721e-10 -6.299141735377000178e-10 -1.879533303793716837e-10 -2.574310135898990909e-10 -2.020201659937832946e-10 -1.568506072213853797e-10 1.144264590535930434e-09 1.777672769402088891e-09 0.000000000000000000e+00
0.000000000000000000e+00 0.000000000000000000e+00 0.000000000000000000e+00 0.000000000000000000e+00 0.000000000000000000e+00 0.000000000000000000e+00 -2.314005525959113537e-08 -6.681654778725240409e-09 -5.705970642904604863e-09 -4.836878508976180079e-09 -1.316497231184326202e-09 -1.602472275068816309e-09 -1.689627466829488662e-09 -9.008144793580899731e-10 -4.946808010465099699e-10 -1.682326651421476059e-10 6.331592750993742372e-11 3.095258934349842896e-10 3.536782654186164218e-07 0.000000000000000000e+00
0.000000000000000000e+00 0.000000000000000000e+00 0.000000000000000000e+00 0.000000000000000000e+00 0.000000000000000000e+00 0.000000000000000000e+00 -1.580404557865588319e-08 -1.931430063190975851e-09 -3.410004722741117676e-09 -1.626906100677855401e-09 -2.135885988376586008e-10 -7.455367934948158187e-10 -1.123133241119181559e-09 -4.150916649058271768e-10 -2.393699776226435099e-10 -5.061729381883178493e-11 1.458982956894706467e-11 2.287683342265372757e-11 4.288067843489804001e-07 0.000000000000000000e+00
0.000000000000000000e+00 0.000000000000000000e+00 0.000000000000000000e+00 0.000000000000000000e+00 0.000000000000000000e+00 0.000000000000000000e+00 -2.337062387591226583e-07 -1.399554535101522082e-07 -9.860605469422333347e-08 -5.933536317756483510e-08 -2.589718097322944927e-08 -1.344547020489685790e-08 -6.852191294002300004e-09 -1.874690924792807543e-09 -9.416685864886230729e-11 4.504593808351920816e-11 1.013372396029695189e-10 9.029321181951418827e-10 -1.906821906045725809e-09 0.000000000000000000e+00
0.000000000000000000e+00 0.000000000000000000e+00 0.000000000000000000e+00 0.000000000000000000e+00 0.000000000000000000e+00 0.000000000000000000e+00 -7.533738184563817573e-08 -3.620116918874573334e-08 -2.545877293759267408e-08 -6.779955721872797069e-09 -4.848152468560589200e-09 -3.113888355561353405e-09 3.806012527329040933e-11 -3.763654324666954709e-10 3.037687171747912033e-10 8.761246110124048404e-11 5.451455728022013785e-09 8.032443395208251355e-10 -1.813349346639822726e-09 0.000000000000000000e+00
0.000000000000000000e+00 0.000000000000000000e+00 0.000000000000000000e+00 0.000000000000000000e+00 0.000000000000000000e+00 0.000000000000000000e+00 -1.176487809242427329e-07 -4.871199721699378922e-08 -3.398192611786423332e-08 -1.842702605624533542e-08 -6.670302693965040844e-09 -4.017485035215176828e-09 -2.276337372021283334e-09 -5.468785785385383895e-10 3.103903722772079547e-10 5.851192989839470679e-11 5.040138114942449163e-12 -8.339369896860290700e-10 4.539623646310278471e-06 0.000000000000000000e+00
0.000000000000000000e+00 0.000000000000000000e+00 0.000000000000000000e+00 0.000000000000000000e+00 0.000000000000000000e+00 0.000000000000000000e+00 -8.144564431577853401e-08 -2.706511779276610601e-08 -1.688953158547413664e-08 -7.491367504811028420e-09 -1.898737235881997239e-09 -1.758018723882891447e-09 -9.026350119592219475e-10 -1.616549912441442167e-10 4.213315714242026615e-10 6.323529793900982089e-11 -4.965653179164743480e-11 -1.273253720388179266e-09 5.523468507273213797e-06 0.000000000000000000e+00
0.000000000000000000e+00 0.000000000000000000e+00 0.000000000000000000e+00 0.000000000000000000e+00 0.000000000000000000e+00 0.000000000000000000e+00 -1.089541476615351178e-09 -3.070148394227973595e-10 -2.315940571428364442e-10 -9.469659498290042309e-10 -1.321256582307648839e-10 -1.091792989219938999e-09 -3.124807912896478776e-10 -4.076410447493350674e-10 -4.733962412123569957e-10 -1.012727052127477456e-10 -4.269130314414085719e-10 -2.171519938341555176e-08 2.350577054798464478e-06 0.000000000000000000e+00
0.000000000000000000e+00 0.000000000000000000e+00 0.000000000000000000e+00 0.000000000000000000e+00 0.000000000000000000e+00 0.000000000000000000e+00 -5.191569330979758012e-09 3.009232072746482284e-09 -1.736726070356072227e-09 -3.715389592656602581e-09 -9.157345110375922315e-10 -2.098969085596639791e-09 -7.902795821356553083e-10 -1.158550183755571901e-09 -6.931530228342837466e-10 -1.152119388737679444e-10 6.679700105169695886e-06 -2.534984347325140438e-08 2.417743919365525552e-06 0.000000000000000000e+00
0.000000000000000000e+00 0.000000000000000000e+00 0.000000000000000000e+00 0.000000000000000000e+00 0.000000000000000000e+00 0.000000000000000000e+00 -8.507397405533313871e-10 -2.541993329991870442e-09 -1.084669894889881980e-09 -1.374447386830464853e-09 7.730093874021632873e-11 -7.011115366698290731e-10 -5.500761485421850852e-11 -7.236497060410005011e-10 -5.765398556004707054e-10 -1.664103705190234619e-10 -2.665994250176930442e-10 -2.243604851387120719e-08 9.112439055317126702e+01 0.000000000000000000e+00
0.000000000000000000e+00 0.000000000000000000e+00 0.000000000000000000e+00 0.000000000000000000e+00 0.000000000000000000e+00 0.000000000000000000e+00 -9.359800056045205794e-10 -2.937163867877812605e-09 -9.006790344863778928e-10 -1.344501449513326329e-09 2.467015422160115059e-10 -6.576067349032690857e-10 -1.158161436648853306e-10 -8.844891612617900890e-10 -6.962400703813090331e-10 -2.545494505732984567e-10 -2.349156209397319570e-10 -2.438623400338133164e-08 1.335089419088044167e+02 0.000000000000000000e+00
