0.000000000000000000e+00 0.000000000000000000e+00 0.000000000000000000e+00 0.000000000000000000e+00 0.000000000000000000e+00 0.000000000000000000e+00 1.890924531305094525e-12 2.060200238863480438e-11 1.981125865357850144e-12 5.215113522713898964e-12 6.344031844191037954e-12 9.634791487214762069e-12 1.024976670415338166e-11 9.889010532368567696e-12 7.582241292058044417e-12 3.256252966695133797e-12 1.304012216854487437e-12 1.004859452425996259e-09 1.903851386532720515e-05 0.000000000000000000e+00
0.000000000000000000e+00 0.000000000000000000e+00 0.000000000000000000e+00 0.000000000000000000e+00 0.000000000000000000e+00 0.000000000000000000e+00 1.820558917708322378e-13 -7.053757028304317476e-12 -3.366271141065284355e-13 -7.968558352550127532e-13 -1.315046763711615917e-12 -1.618236993156447283e-12 -9.747808780145051638e-13 -1.138048111020993091e-12 -2.197745388821176029e-12 -6.310377800177380198e-11 6.766878872916139797e-08 1.716058613125718850e-09 1.902977383712091159e-05 0.000000000000000000e+00
0.000000000000000000e+00 0.000000000000000000e+00 0.000000000000000000e+00 0.000000000000000000e+00 0.000000000000000000e+00 0.000000000000000000e+00 3.280741143167640279e-12 2.137085631231193593e-12 1.005616534142828041e-12 -3.740901853877528878e-14 1.304913731450387607e-12 1.410651985969548036e-12 1.509314719004614367e-12 1.507529158768106469e-12 6.242932235076896388e-13 -7.779980065176781272e-13 -1.909821092432227836e-13 1.567781814435374018e-10 9.853467651074197420e+01 0.000000000000000000e+00
0.000000000000000000e+00 0.000000000000000000e+00 0.000000000000000000e+00 0.000000000000000000e+00 0.000000000000000000e+00 0.000000000000000000e+00 7.272866058194252723e-12 1.728844736636653057e-11 1.054948173066240893e-11 7.595022390718530126e-12 1.190752303973615947e-11 1.505021949958552736e-11 1.524925812215820780e-11 1.301530637707190299e-11 6.632305306308853371e-12 4.339651353108370626e-13 3.431755690455891796e-12 4.725055392661369824e-10 -1.245428634637306686e+02 0.000000000000000000e+00
0.000000000000000000e+00 0.000000000000000000e+00 0.000000000000000000e+00 0.000000000000000000e+00 0.000000000000000000e+00 0.000000000000000000e+00 -9.322713284062844081e-10 -1.018359863715038513e-09 -2.627429774049562160e-10 -2.551981896139337250e-10 -3.533242009318280806e-10 -1.557876464396459630e-10 -8.044480141599282133e-11 -4.025039872521557738e-11 -1.340493362149842086e-11 -7.165148415961815397e-12 2.199219915469119515e-12 2.647509477659243735e-11 2.194042183765629668e-10 0.000000000000000000e+00
0.000000000000000000e+00 0.000000000000000000e+00 0.000000000000000000e+00 0.000000000000000000e+00 0.000000000000000000e+00 0.000000000000000000e+00 -4.278580254911404534e-10 -4.853060626800048935e-11 1.587669739793706417e-10 5.971395896249971278e-11 -1.122440541278715204e-11 -4.847891971423822456e-11 -3.118712163075643331e-11 -9.671907024655533025e-12 -4.151585908991066466e-12 -7.352347509505409128e-12 6.905840378065207223e-11 3.659417777698669256e-11 2.097214058975665780e-10 0.000000000000000000e+00
0.000000000000000000e+00 0.000000000000000000e+00 0.000000000000000000e+00 0.000000000000000000e+00 0.000000000000000000e+00 0.000000000000000000e+00 -6.767759408965207045e-10 1.386886549959014950e-10 -1.267130762727274317e-10 1.552152062493821526e-10 -2.295036700389033459e-11 -1.380299858040600662e-12 -1.630571869587010386e-11 -6.377645628775262303e-12 -2.986010078600965360e-12 -5.246167965664706272e-13 1.129451364036580256e-12 1.409234034296635593e-12 2.605513930912911575e-07 0.000000000000000000e+00
0.000000000000000000e+00 0.000000000000000000e+00 0.000000000000000000e+00 0.000000000000000000e+00 0.000000000000000000e+00 0.000000000000000000e+00 -5.215192602927376535e-10 7.579366692237778739e-10 -2.052341845769613741e-12 3.530802794758881700e-10 1.607092407867203209e-10 7.632986059071946004e-11 1.791041796076727429e-11 1.135123422302294534e-11 2.479377458728407426e-12 1.708841949879307898e-12 -2.523204067977739675e-13 -6.869943625451080187e-12 7.356344487179010989e-08 0.000000000000000000e+00
0.000000000000000000e+00 0.000000000000000000e+00 0.000000000000000000e+00 0.000000000000000000e+00 0.000000000000000000e+00 0.000000000000000000e+00 -6.736841316841645502e-09 -5.345940812058210174e-09 -1.922392507857652496e-09 -1.166519298880007795e-09 -1.205072571163698292e-09 -5.019688310971346594e-10 -2.154005789323120226e-10 -1.403180189751439336e-10 -5.139556159627111027e-11 -5.246273211412279322e-11 1.098157438183346276e-12 1.957695512575560921e-10 1.228519285514062965e-08 0.000000000000000000e+00
0.000000000000000000e+00 0.000000000000000000e+00 0.000000000000000000e+00 0.000000000000000000e+00 0.000000000000000000e+00 0.000000000000000000e+00 -5.695623813300826224e-09 -1.343723536045793610e-09 8.060624656195509644e-10 -2.366274398509583485e-10 4.053617516103420578e-10 -9.013660382014613490e-11 -5.662098475788886557e-12 -2.994064494818690529e-11 -9.813299093685604596e-12 -3.953288727501639339e-11 3.710574385856111906e-10 2.578745310153355363e-10 1.224605352363829218e-08 0.000000000000000000e+00
0.000000000000000000e+00 0.000000000000000000e+00 0.000000000000000000e+00 0.000000000000000000e+00 0.000000000000000000e+00 0.000000000000000000e+00 -6.321230681342201695e-09 -8.042518354873746047e-10 5.068207287132005116e-12 2.391707236131886232e-10 3.474104107250169404e-10 1.224297578681214963e-10 8.060986007532935121e-11 2.865057370122369182e-11 2.689971255871400136e-11 8.393721562482185321e-12 -1.992525285928889635e-11 -7.885381450277228875e-11 -2.388720995400199908e-05 0.000000000000000000e+00
0.000000000000000000e+00 0.000000000000000000e+00 0.000000000000000000e+00 0.000000000000000000e+00 0.000000000000000000e+00 0.000000000000000000e+00 -6.462939659777965029e-09 1.679961996509169885e-09 1.144199992325099232e-09 9.721964634583099594e-10 1.151736427798212315e-09 4.091897511584440968e-10 2.286036694653615852e-10 9.913694306393646578e-11 5.176599520517928903e-11 2.407352320168258435e-11 -3.721742151656125084e-11 -1.585636118638485631e-10 -2.609904827953707121e-05 0.000000000000000000e+00
0.000000000000000000e+00 0.000000000000000000e+00 0.000000000000000000e+00 0.000000000000000000e+00 0.000000000000000000e+00 0.000000000000000000e+00 1.220612420760783820e-10 7.049208117431388977e-11 8.365356325888562291e-11 -1.124196673750912619e-11 3.758336624772151917e-13 2.927082983057552316e-11 -1.401991386465683668e-11 2.372920481804550875e-11 -1.366408457566652450e-11 3.923734766575076011e-12 -3.879447671455716893e-11 -5.405815779880040480e-10 2.883897731609910690e-06 0.000000000000000000e+00
0.000000000000000000e+00 0.000000000000000000e+00 0.000000000000000000e+00 0.000000000000000000e+00 0.000000000000000000e+00 0.000000000000000000e+00 5.498006272242475759e-11 3.177961311084812733e-10 -1.410564781093600734e-10 7.571341283962957226e-11 7.914082650650233083e-11 4.712438602440689436e-11 8.002048238823228880e-12 3.429064564422528555e-11 -6.419146153143590750e-11 -1.144999468314577308e-09 -9.860349052165237404e-06 -1.023689168451059255e-09 2.878198102457342233e-06 0.000000000000000000e+00
0.000000000000000000e+00 0.000000000000000000e+00 0.000000000000000000e+00 0.000000000000000000e+00 0.000000000000000000e+00 0.000000000000000000e+00 1.403258161838637000e-10 9.286252201114156543e-11 4.466874622634437703e-11 1.606861542406807808e-11 -3.404871580244253827e-11 2.602597857451821144e-11 -1.343811788819588880e-11 2.615169765977026399e-11 -2.151689777290078732e-11 3.838009155547102304e-12 -3.622599117864363112e-11 -5.109527943100607695e-10 4.451012106413059399e+01 0.000000000000000000e+00
0.000000000000000000e+00 0.000000000000000000e+00 0.000000000000000000e+00 0.000000000000000000e+00 0.000000000000000000e+00 0.000000000000000000e+00 1.569162097356696877e-10 1.521395201050934632e-10 1.492133908021598787e-12 3.304889860326796024e-11 -6.280034410265592883e-11 2.086769509473575678e-11 -1.424534591837614137e-11 2.773223109320936041e-11 -2.901332756812661150e-11 3.117851063262519459e-12 -3.650263260533133194e-11 -5.789993542280759699e-10 6.930397332714933611e+01 0.000000000000000000e+00
