0.000000000000000000e+00 0.000000000000000000e+00 0.000000000000000000e+00 0.000000000000000000e+00 0.000000000000000000e+00 0.000000000000000000e+00 9.649115726476694645e-12 3.288102342836780118e-12 9.267291969379823630e-12 6.613556887072751282e-12 8.290071859297486551e-12 1.252410954067744324e-11 1.259029256114940220e-11 1.149004397720101861e-11 8.261975128686173197e-12 4.097233194389244942e-12 2.198226178953932848e-12 1.007902811057360896e-09 1.783556369137052574e-05 0.000000000000000000e+00
0.000000000000000000e+00 0.000000000000000000e+00 0.000000000000000000e+00 0.000000000000000000e+00 0.000000000000000000e+00 0.000000000000000000e+00 3.999203470291171521e-12 2.445405622562654241e-12 6.111212220417569495e-12 3.022767381864755094e-12 2.828033750790235932e-12 2.318218467572431573e-12 1.343012978619212903e-12 7.075961011701957159e-13 -3.609381169525007834e-13 7.446582843707644342e-13 -8.265973511339922770e-08 1.777539586205290203e-09 1.783055964420322327e-05 0.000000000000000000e+00
0.000000000000000000e+00 0.000000000000000000e+00 0.000000000000000000e+00 0.000000000000000000e+00 0.000000000000000000e+00 0.000000000000000000e+00 5.121080960002383046e-12 -1.643802923235495108e-12 2.652047763236064037e-12 2.102528677891218759e-12 1.991051676945572261e-12 3.501226558918734514e-12 3.820364285252819414e-12 3.482326370982849956e-12 1.772431256746385178e-12 5.012363894067942182e-13 6.630279670686965288e-13 1.792026987566927323e-10 1.895629751129220608e+02 0.000000000000000000e+00
0.000000000000000000e+00 0.000000000000000000e+00 0.000000000000000000e+00 0.000000000000000000e+00 0.000000000000000000e+00 0.000000000000000000e+00 1.090705395409452618e-11 3.844809237070150441e-13 7.843059363665904955e-12 9.427796403685898450e-12 1.142229335649859596e-11 1.648694294566062072e-11 1.720912974870426484e-11 1.398257691066053350e-11 7.751164880457440666e-12 1.771035158510893353e-12 4.029670343195781044e-12 5.060080707296000575e-10 3.690095068750325140e+02 0.000000000000000000e+00
0.000000000000000000e+00 0.000000000000000000e+00 0.000000000000000000e+00 0.000000000000000000e+00 0.000000000000000000e+00 0.000000000000000000e+00 1.572286160040539721e-10 1.426231633149247113e-10 1.024690219158269412e-10 -6.462196327323738364e-11 -8.781165459407678943e-11 -9.829740379176236005e-11 -3.756831316782284353e-11 -2.014494328787338184e-11 -1.154103837734583791e-11 -2.371688371763263504e-12 3.260342313322799889e-12 2.849241782174745700e-11 6.296801278804044822e-10 0.000000000000000000e+00
0.000000000000000000e+00 0.000000000000000000e+00 0.000000000000000000e+00 0.000000000000000000e+00 0.000000000000000000e+00 0.000000000000000000e+00 8.044923541373897438e-11 3.004182731585535789e-10 3.476891293428646819e-10 5.648757712902698651e-11 -6.963383167975727617e-12 -3.265994065322493472e-11 1.161782851033480702e-11 8.595824545522411387e-12 4.968714800159198021e-12 -6.380899577238555725e-14 7.584791547931438788e-11 4.191140887019519256e-11 6.304668984467682632e-10 0.000000000000000000e+00
0.000000000000000000e+00 0.000000000000000000e+00 0.000000000000000000e+00 0.000000000000000000e+00 0.000000000000000000e+00 0.000000000000000000e+00 1.140184867969572449e-10 1.140012840409346209e-10 -3.784712978923368977e-11 3.219169473313952430e-11 3.632814107523751004e-11 3.381462799202857205e-12 9.071663849962988455e-12 1.107436751855080434e-11 4.533568172582492155e-12 2.186102329198054573e-12 1.503435154098603731e-12 2.687320378108925332e-12 -2.467747165718533633e-08 0.000000000000000000e+00
0.000000000000000000e+00 0.000000000000000000e+00 0.000000000000000000e+00 0.000000000000000000e+00 0.000000000000000000e+00 0.000000000000000000e+00 6.615987027324737659e-11 1.308070504258029576e-10 -5.393305956029749890e-11 8.058019607229397440e-11 1.022455599444233034e-10 5.313647123514650553e-11 3.580661650961949534e-11 2.637811658044151025e-11 1.208289584800355897e-11 3.756658327113489391e-12 -1.516002903652572566e-13 -6.137567873916029945e-12 1.864305817271814636e-07 0.000000000000000000e+00
0.000000000000000000e+00 0.000000000000000000e+00 0.000000000000000000e+00 0.000000000000000000e+00 0.000000000000000000e+00 0.000000000000000000e+00 2.336706507530353281e-09 -1.952491308553428602e-09 -1.118482032699515297e-09 -3.229891142873938548e-10 -4.322024581497686769e-10 -4.167499610421477526e-10 -2.050344818146410815e-10 -9.806163731479843588e-11 -8.148159156863238107e-11 -5.742756740107630449e-11 1.634871518270047259e-11 2.523125063789588048e-10 2.433824769980362865e-09 0.000000000000000000e+00
0.000000000000000000e+00 0.000000000000000000e+00 0.000000000000000000e+00 0.000000000000000000e+00 0.000000000000000000e+00 0.000000000000000000e+00 9.946197895248396623e-10 -6.951940177882738019e-10 -1.078297852787509737e-11 2.412238416479990318e-10 -1.636823220933464080e-11 -8.174596236527021224e-11 7.561575263087954434e-12 3.486379615794044147e-11 7.621002690064067115e-12 -1.027582039597532555e-10 8.768684731029831939e-10 3.079665961161848035e-10 2.418895297885671081e-09 0.000000000000000000e+00
0.000000000000000000e+00 0.000000000000000000e+00 0.000000000000000000e+00 0.000000000000000000e+00 0.000000000000000000e+00 0.000000000000000000e+00 1.893219009948123924e-10 1.105193204709433442e-10 -9.664708908007316237e-10 4.939462136753913569e-10 1.168170081998802545e-10 1.384500870211746791e-11 3.293062825007633529e-11 6.330180242051460638e-11 5.993480389220956540e-11 5.012807113823989280e-12 -1.235633225337869576e-11 -1.200032686967372207e-11 1.716237994505337683e-06 0.000000000000000000e+00
0.000000000000000000e+00 0.000000000000000000e+00 0.000000000000000000e+00 0.000000000000000000e+00 0.000000000000000000e+00 0.000000000000000000e+00 -8.890330957558898592e-10 1.043971169058765145e-09 -6.464098452534013795e-10 8.299897115935826775e-10 4.138960889778397258e-10 2.254685659285923514e-10 1.561800561107808136e-10 1.381655226192187336e-10 1.152740919070638444e-10 2.136242742972044431e-11 -3.504639446046000481e-11 -8.720053094716247764e-11 4.029240249581559372e-06 0.000000000000000000e+00
0.000000000000000000e+00 0.000000000000000000e+00 0.000000000000000000e+00 0.000000000000000000e+00 0.000000000000000000e+00 0.000000000000000000e+00 8.558979804959312081e-11 1.547497842424369053e-10 -1.485914233957862791e-10 3.973373173220587683e-11 -2.696088395250039370e-11 -1.474416566150865563e-11 2.197347527122112543e-11 3.322503532010762137e-11 4.051655964569687294e-12 1.017833404172019533e-11 -1.361429091124323827e-11 -4.898239978272563723e-10 -2.182606083664592609e-05 0.000000000000000000e+00
0.000000000000000000e+00 0.000000000000000000e+00 0.000000000000000000e+00 0.000000000000000000e+00 0.000000000000000000e+00 0.000000000000000000e+00 -3.847192647001968392e-10 -1.235771646280750265e-10 -2.058864833158061760e-10 4.261100480242639582e-12 -5.167758955258759773e-11 -1.657258519428959893e-10 4.275165590567862446e-11 1.873161068627542452e-11 1.920332426253407096e-11 -4.128456110663079943e-10 -2.284623604317762904e-06 -9.779756301239175913e-10 -2.181393058269810151e-05 0.000000000000000000e+00
0.000000000000000000e+00 0.000000000000000000e+00 0.000000000000000000e+00 0.000000000000000000e+00 0.000000000000000000e+00 0.000000000000000000e+00 8.186444536496271293e-11 1.432695916636277894e-10 -1.930997699653056868e-10 2.179334017375524808e-11 -3.527354097056223834e-11 -1.326863291349526816e-11 2.727346776491812482e-11 3.449161907055626970e-11 9.749179842699409108e-12 1.197830293922073928e-11 -9.855976498891440022e-12 8.829928012928768932e-11 -8.657228649649641739e+01 0.000000000000000000e+00
0.000000000000000000e+00 0.000000000000000000e+00 0.000000000000000000e+00 0.000000000000000000e+00 0.000000000000000000e+00 0.000000000000000000e+00 3.814225002642381632e-11 1.255713639318555409e-10 -2.246481911489957951e-10 1.310642158771492147e-11 -5.401779604741713869e-11 -2.216905063886387330e-11 3.220356790305705020e-11 3.732165641924480918e-11 8.059965070296718105e-12 1.293188037078122362e-11 -1.037583565709788079e-11 3.690561333281714747e-10 -1.176615216306132794e+02 0.000000000000000000e+00
