0.000000000000000000e+00 0.000000000000000000e+00 0.000000000000000000e+00 0.000000000000000000e+00 0.000000000000000000e+00 0.000000000000000000e+00 2.854310633246859581e-11 3.268395374077667771e-11 3.546475798423353008e-11 3.697486891770397754e-11 5.700012743279847334e-11 7.650365575436068894e-11 8.184370470744178996e-11 7.709861654450536406e-11 5.958839245977871484e-11 3.102491558660209799e-11 1.623483764854141338e-11 7.162815750983835565e-09 6.038735520132339479e-05 0.000000000000000000e+00
0.000000000000000000e+00 0.000000000000000000e+00 0.000000000000000000e+00 0.000000000000000000e+00 0.000000000000000000e+00 0.000000000000000000e+00 -3.101861025661605609e-12 2.520411750668660780e-12 9.341210884423847826e-12 6.552630103347770158e-12 5.461526376422556360e-12 4.888366636155731114e-12 2.130641755224272918e-12 1.506313666342064078e-13 -7.084749782136978090e-13 -1.267089312235860968e-11 1.330399191813908908e-07 1.221254137812972276e-08 6.030902870858036169e-05 0.000000000000000000e+00
0.000000000000000000e+00 0.000000000000000000e+00 0.000000000000000000e+00 0.000000000000000000e+00 0.000000000000000000e+00 0.000000000000000000e+00 1.159932048517565456e-11 1.049708794309113235e-11 1.089465753019397383e-11 9.820721391027905698e-12 1.470026103682492773e-11 1.715716604714963197e-11 1.802422223219614799e-11 1.525812788358112656e-11 9.562214845168985199e-12 2.096306799192899673e-12 4.512312341159392021e-12 7.344492379866750707e-10 6.598228078254476259e+01 0.000000000000000000e+00
0.000000000000000000e+00 0.000000000000000000e+00 0.000000000000000000e+00 0.000000000000000000e+00 0.000000000000000000e+00 0.000000000000000000e+00 6.478645390581208269e-11 5.770440748083548522e-11 4.788863936481532845e-11 4.295299841319441927e-11 7.454981436441209208e-11 9.622952140537407784e-11 1.103975510108371933e-10 8.911237040135744348e-11 5.080857536259914669e-11 1.075165695668015564e-11 2.911343675173466735e-11 2.760140490017516227e-09 2.179216835555394027e+02 0.000000000000000000e+00
0.000000000000000000e+00 0.000000000000000000e+00 0.000000000000000000e+00 0.000000000000000000e+00 0.000000000000000000e+00 0.000000000000000000e+00 -8.809060524074814552e-10 -5.214636798269414402e-10 -4.517637721015673672e-10 -1.679675146702586493e-11 -2.860802394188171037e-10 -2.100824429447683053e-10 -1.442407719882733358e-10 -4.473128745172830531e-11 -3.340304468636268572e-11 -1.093043945269297989e-11 2.227653889252267751e-12 4.933477842751676874e-11 1.167312193554708810e-09 0.000000000000000000e+00
0.000000000000000000e+00 0.000000000000000000e+00 0.000000000000000000e+00 0.000000000000000000e+00 0.000000000000000000e+00 0.000000000000000000e+00 -7.240230119915992618e-10 5.300702005391816271e-10 -1.185572342981434433e-10 6.972899525092192625e-11 3.059790097709881295e-11 -2.615411470554385353e-12 -3.722731562366687328e-12 -1.421604521902096351e-11 -6.095120445641967682e-12 -9.666054896379315345e-12 -2.449173331988449112e-11 6.557667678283639225e-11 1.163632708805325704e-09 0.000000000000000000e+00
0.000000000000000000e+00 0.000000000000000000e+00 0.000000000000000000e+00 0.000000000000000000e+00 0.000000000000000000e+00 0.000000000000000000e+00 1.279513354446467706e-09 2.596899490714345422e-10 -3.089964933888471926e-10 3.533361720181550296e-11 6.717701264742172998e-11 3.615966581655399921e-11 2.256754587922530192e-11 -4.788477064420461886e-12 1.266470862656308709e-12 1.852158813389437846e-12 -5.094824225699160791e-13 -1.580480400940727484e-12 -8.827191688704629161e-08 0.000000000000000000e+00
0.000000000000000000e+00 0.000000000000000000e+00 0.000000000000000000e+00 0.000000000000000000e+00 0.000000000000000000e+00 0.000000000000000000e+00 1.908285707160630119e-09 6.677169762593677106e-10 -1.039630119474290686e-10 8.609099739425967423e-11 2.619343638775559753e-10 1.608108269652444855e-10 1.054808737369676362e-10 1.433779196576867241e-11 1.605597298163254740e-11 6.394592127625238350e-12 -3.491326974344351624e-12 -1.715107538901833144e-11 -2.846911728813594934e-07 0.000000000000000000e+00
0.000000000000000000e+00 0.000000000000000000e+00 0.000000000000000000e+00 0.000000000000000000e+00 0.000000000000000000e+00 0.000000000000000000e+00 -2.772633448596263781e-09 -8.127324895743592980e-10 -5.036350894800283694e-09 5.763484226433716316e-10 -1.557589137898285117e-09 -7.246626841054506195e-10 -4.620200121941568205e-10 -2.945271376888223618e-10 -1.441947860348905868e-10 -1.063389706560057868e-10 2.556545831964878751e-11 4.531103302001567924e-10 2.278555426595481256e-08 0.000000000000000000e+00
0.000000000000000000e+00 0.000000000000000000e+00 0.000000000000000000e+00 0.000000000000000000e+00 0.000000000000000000e+00 0.000000000000000000e+00 -3.677624254975415153e-10 3.040605144319190746e-09 -2.370886145145560999e-09 1.328574488071201522e-11 -7.917838605850683211e-10 4.179932250821430443e-11 -9.350486960891921083e-11 -2.858228993684965241e-11 1.599660395486373049e-11 -6.072529024572736675e-11 1.633981908467383844e-09 5.878404270153978931e-10 2.295490046042972342e-08 0.000000000000000000e+00
0.000000000000000000e+00 0.000000000000000000e+00 0.000000000000000000e+00 0.000000000000000000e+00 0.000000000000000000e+00 0.000000000000000000e+00 3.397571766256418475e-09 1.010783774275846865e-09 -6.811930409943130749e-10 -1.024314849183705547e-09 -2.365712086006127050e-10 3.560086901691400306e-10 4.682674882077779338e-11 1.921288877923557372e-10 3.239352279751431124e-11 1.057148602734469954e-11 -2.469397614573911548e-11 -1.530783323851595880e-10 -2.881348102588650682e-06 0.000000000000000000e+00
0.000000000000000000e+00 0.000000000000000000e+00 0.000000000000000000e+00 0.000000000000000000e+00 0.000000000000000000e+00 0.000000000000000000e+00 5.628710113885399240e-09 2.389533576751806845e-09 2.017658502989564920e-09 -1.640326111919878035e-09 4.146659651792900455e-10 8.936624075041771748e-10 3.027284713738245295e-10 3.862141825379162766e-10 1.074648139431632794e-10 4.648133016494629852e-11 -6.743869775468349796e-11 -3.205799759768113667e-10 -3.964578731579013245e-06 0.000000000000000000e+00
0.000000000000000000e+00 0.000000000000000000e+00 0.000000000000000000e+00 0.000000000000000000e+00 0.000000000000000000e+00 0.000000000000000000e+00 -7.033210573937099415e-11 -2.376849578930408223e-10 6.616513637181821469e-11 7.748751378409410346e-12 5.867014883995631132e-11 5.010186958669620240e-11 1.298545425547913916e-11 8.441906428877646490e-12 -1.797496623511029616e-11 7.459076238958247939e-12 -1.475807236650764896e-11 -1.519669307713339653e-09 4.640568889477411863e-05 0.000000000000000000e+00
0.000000000000000000e+00 0.000000000000000000e+00 0.000000000000000000e+00 0.000000000000000000e+00 0.000000000000000000e+00 0.000000000000000000e+00 -6.937228464009666622e-10 1.046596810679442904e-12 2.936968860838942636e-10 -4.421457797565069917e-11 1.156611506919921418e-10 8.395443074545193014e-12 3.970435831288278358e-11 -5.854571370732490229e-11 -1.645289294006081089e-11 -7.074040204643810331e-10 -9.965493886354387338e-06 -1.139653366942698278e-09 4.644947343138918665e-05 0.000000000000000000e+00
0.000000000000000000e+00 0.000000000000000000e+00 0.000000000000000000e+00 0.000000000000000000e+00 0.000000000000000000e+00 0.000000000000000000e+00 -1.369103163517519610e-10 -3.135199822535072535e-10 7.486922837325907594e-11 1.281407748278160591e-11 3.516295620340026654e-11 6.167497485389799782e-11 1.329261701934899070e-11 1.541622213036777486e-11 -1.504733454842209488e-11 5.618161253644980132e-12 -1.051573099685564480e-11 -2.019798668270902246e-09 -3.792878693375147936e+00 0.000000000000000000e+00
0.000000000000000000e+00 0.000000000000000000e+00 0.000000000000000000e+00 0.000000000000000000e+00 0.000000000000000000e+00 0.000000000000000000e+00 -2.118924167937815184e-10 -3.707119779095103150e-10 9.938281144625362420e-11 6.175020535650159177e-12 1.259362636814655241e-11 6.574346443086269710e-11 1.495137579991279389e-11 1.843350232976083750e-11 -1.899319065531718377e-11 5.298912071335679624e-12 -7.079468711256083117e-12 -2.177686527176623504e-09 -3.549505416056048546e+01 0.000000000000000000e+00
