0.000000000000000000e+00 0.000000000000000000e+00 0.000000000000000000e+00 0.000000000000000000e+00 0.000000000000000000e+00 0.000000000000000000e+00 4.083825379373622078e-10 5.396645696580733800e-09 8.629447827535822199e-10 1.789771282912908284e-09 2.044305209907143505e-09 2.572738437730184996e-09 2.329456096432648712e-09 1.618438610311512763e-09 1.080767195974517399e-09 4.877857736748911163e-10 1.730367238511896909e-10 4.180215392782265049e-08 6.740612222126601827e-03 0.000000000000000000e+00
0.000000000000000000e+00 0.000000000000000000e+00 0.000000000000000000e+00 0.000000000000000000e+00 0.000000000000000000e+00 0.000000000000000000e+00 4.608369196792029837e-10 1.296644390108172161e-09 -4.638312779082355461e-10 8.730632019209992443e-10 7.277114807773265807e-10 8.901779342776214385e-10 4.610292847653160687e-10 3.986630762638683809e-10 1.998907740114497452e-10 1.301891648713396500e-10 -5.290021380648126967e-06 8.351340090266578989e-08 6.739019871415702356e-03 0.000000000000000000e+00
0.000000000000000000e+00 0.000000000000000000e+00 0.000000000000000000e+00 0.000000000000000000e+00 0.000000000000000000e+00 0.000000000000000000e+00 -2.927622964204245367e-10 1.671601400467539573e-09 4.179923808012195229e-10 4.286319890822730657e-10 4.785275483827982566e-10 5.043255042919265599e-10 5.696420275864919638e-10 4.550531425300517654e-10 4.046370295745795272e-10 3.006707267903693430e-10 1.352681195877234526e-10 3.954574529676506413e-08 2.984704765180411050e+04 0.000000000000000000e+00
0.000000000000000000e+00 0.000000000000000000e+00 0.000000000000000000e+00 0.000000000000000000e+00 0.000000000000000000e+00 0.000000000000000000e+00 2.020607234354544663e-09 1.520597100991568291e-09 2.079125318738213185e-09 5.112790912067673808e-10 8.670536273054691411e-10 8.106692004939105849e-10 9.090788035053093239e-10 8.236256354260034672e-10 6.469727322228351577e-10 4.175622140145119037e-10 2.182115436582604900e-10 5.125939926855268341e-08 5.512872453785613470e+04 0.000000000000000000e+00
0.000000000000000000e+00 0.000000000000000000e+00 0.000000000000000000e+00 0.000000000000000000e+00 0.000000000000000000e+00 0.000000000000000000e+00 -5.157706358402495329e-09 -6.237714151597191506e-09 -8.641199030994770218e-09 -6.165647995347314905e-09 -6.671565747520879154e-09 -2.055333917643380078e-09 -2.056197049048530417e-09 -1.106004380038835692e-09 -4.820292276492761783e-10 -1.383487439347955927e-10 1.595257722748163340e-11 3.850166888420825619e-10 4.565886520986883593e-09 0.000000000000000000e+00
0.000000000000000000e+00 0.000000000000000000e+00 0.000000000000000000e+00 0.000000000000000000e+00 0.000000000000000000e+00 0.000000000000000000e+00 2.135994249171390075e-08 -2.926730188510328473e-09 8.517995928106866905e-09 3.151046225737650644e-10 1.006579747400189714e-09 4.643514077657530904e-10 -3.657487780359872254e-10 -8.532076073321647031e-11 5.769337870672609510e-11 1.276957742705811657e-11 1.793874712296811543e-10 5.135040507693465053e-10 4.592239831526956099e-09 0.000000000000000000e+00
0.000000000000000000e+00 0.000000000000000000e+00 0.000000000000000000e+00 0.000000000000000000e+00 0.000000000000000000e+00 0.000000000000000000e+00 2.368092551132303701e-08 2.821864795102478550e-09 5.313611520194146285e-09 -2.979437067187335776e-10 -7.693173793182056331e-11 1.160369670495630027e-10 -4.318719563074718180e-10 -1.626655884317986500e-10 4.119710362873651851e-11 1.262160146248435253e-12 -3.930625673143358896e-12 -1.598274862878849563e-11 -8.940489794812437821e-06 0.000000000000000000e+00
0.000000000000000000e+00 0.000000000000000000e+00 0.000000000000000000e+00 0.000000000000000000e+00 0.000000000000000000e+00 0.000000000000000000e+00 3.451159244995793775e-08 5.860283316411768936e-09 1.121738680310600001e-08 2.490489797361219490e-09 2.824658269472397726e-09 1.071253543373328615e-09 2.939204147435836181e-10 2.562398374227426089e-10 2.541270700534979133e-10 6.795539639944915805e-11 -1.568053708910504349e-11 -1.502218438085168428e-10 -1.094326240253565230e-05 0.000000000000000000e+00
0.000000000000000000e+00 0.000000000000000000e+00 0.000000000000000000e+00 0.000000000000000000e+00 0.000000000000000000e+00 0.000000000000000000e+00 -6.273980601692825191e-09 1.391107759497336690e-08 -5.611232534341866329e-08 -3.633170821127527277e-08 -2.843777649018296705e-08 -1.068418865114606999e-08 -1.110575343656680719e-08 -4.924320772608003823e-09 -3.109861990438916328e-09 -9.045193761490580981e-10 1.214955545516251399e-10 3.314516288951098238e-09 3.433413941032623461e-08 0.000000000000000000e+00
0.000000000000000000e+00 0.000000000000000000e+00 0.000000000000000000e+00 0.000000000000000000e+00 0.000000000000000000e+00 0.000000000000000000e+00 4.766726371963966222e-08 7.254029733365519007e-09 2.372257717525013830e-08 -1.959516380056105382e-08 -1.420501089901165050e-09 1.348846279923559953e-09 -1.479291041193386960e-09 -8.710277279890710018e-11 7.408970437482660321e-11 6.910778200828374222e-11 1.071147676371732770e-08 4.933462342164845527e-09 3.638473735265528224e-08 0.000000000000000000e+00
0.000000000000000000e+00 0.000000000000000000e+00 0.000000000000000000e+00 0.000000000000000000e+00 0.000000000000000000e+00 0.000000000000000000e+00 4.621761366343311943e-08 3.485761586051363200e-09 2.308160432139744431e-08 -1.307706505248346780e-08 -9.006295851410743436e-10 1.513588241862229189e-09 -2.535550642127459271e-09 -2.106450238203550481e-10 -2.133112245806430953e-10 1.420604707603838119e-10 -6.869754759402555763e-11 2.733409744312227368e-11 -1.120646264093566396e-04 0.000000000000000000e+00
0.000000000000000000e+00 0.000000000000000000e+00 0.000000000000000000e+00 0.000000000000000000e+00 0.000000000000000000e+00 0.000000000000000000e+00 6.811430861131905953e-08 -3.109466978276096052e-10 5.594524228283887277e-08 -2.032939616033520665e-09 1.101685326607120182e-08 6.735265109318556596e-09 1.416298238484800309e-09 1.774811444489215270e-09 9.572564425305106440e-10 6.237476049150758723e-10 -1.778157287369484448e-10 -1.249517968289488614e-09 -1.039468135839111758e-04 0.000000000000000000e+00
0.000000000000000000e+00 0.000000000000000000e+00 0.000000000000000000e+00 0.000000000000000000e+00 0.000000000000000000e+00 0.000000000000000000e+00 -2.940123574002889067e-09 -2.099266067668696907e-09 -1.545332166012951632e-09 1.035834657143849033e-10 8.085786506760634490e-11 -6.998344069182334223e-10 -1.212076021390716979e-11 -3.022777451400658720e-10 -3.012740096985322278e-10 -3.036722489326554484e-10 -1.594987388982017457e-10 -1.209695027205505273e-08 -4.585213331896260052e-05 0.000000000000000000e+00
0.000000000000000000e+00 0.000000000000000000e+00 0.000000000000000000e+00 0.000000000000000000e+00 0.000000000000000000e+00 0.000000000000000000e+00 -3.262845853221163396e-09 -1.383348490113087873e-09 2.162125519062736699e-09 1.499402782323062707e-09 -2.436462363125052215e-09 -3.766563114714561673e-09 6.489927398517772519e-10 4.326950202587018838e-10 -1.593127481454167492e-10 2.170429762062103557e-10 -2.451781290168293138e-04 -1.772336685902878682e-08 -4.577377033836514930e-05 0.000000000000000000e+00
0.000000000000000000e+00 0.000000000000000000e+00 0.000000000000000000e+00 0.000000000000000000e+00 0.000000000000000000e+00 0.000000000000000000e+00 -3.302080825028741311e-09 -2.580552180064883984e-09 -9.243304128813523679e-10 -4.071153260182421132e-10 3.773805693501367956e-11 -6.587921390119619956e-10 -1.409573940699054521e-10 -2.433680751517638245e-10 -2.571989480724440011e-10 -3.212427112563479650e-10 -1.129990843518896623e-10 -9.829032263138157042e-09 4.308995802970375735e+02 0.000000000000000000e+00
0.000000000000000000e+00 0.000000000000000000e+00 0.000000000000000000e+00 0.000000000000000000e+00 0.000000000000000000e+00 0.000000000000000000e+00 -3.159000927440745533e-09 -2.620348001128114438e-09 -4.568276002355381009e-10 -8.477991122803877194e-10 -1.518692014139623685e-10 -7.264407352655191786e-10 3.907235092859396702e-12 -1.249511606389559902e-10 -1.392146398668547531e-10 -3.538108259889087384e-10 -7.533653625664671677e-11 -7.810442211671781947e-09 7.022129375215372171e+00 0.000000000000000000e+00
