0.000000000000000000e+00 0.000000000000000000e+00 0.000000000000000000e+00 0.000000000000000000e+00 0.000000000000000000e+00 0.000000000000000000e+00 4.058835970951866979e-10 1.355628788934413515e-09 2.769186313794674859e-09 4.696170761938517619e-10 1.434999029729584037e-09 2.033735722805538982e-09 2.459399094219494922e-09 1.728751474173597254e-09 1.156803848471490131e-09 5.026214070845991828e-10 1.707632304642403883e-10 4.211864311729353275e-08 3.782089274623735842e-03 0.000000000000000000e+00
0.000000000000000000e+00 0.000000000000000000e+00 0.000000000000000000e+00 0.000000000000000000e+00 0.000000000000000000e+00 0.000000000000000000e+00 -1.416910014132018896e-09 2.760692417725078711e-09 2.067500384305503401e-09 1.265504291903597884e-09 1.061664073430456105e-10 7.686009632512203168e-10 6.926177332402389813e-10 4.217889017250406126e-10 2.075871041733394061e-10 1.293772655816061349e-10 -9.827341295578528901e-08 8.637442209488698515e-08 3.786521728637255724e-03 0.000000000000000000e+00
0.000000000000000000e+00 0.000000000000000000e+00 0.000000000000000000e+00 0.000000000000000000e+00 0.000000000000000000e+00 0.000000000000000000e+00 2.939016983093800495e-10 1.685069032034354220e-09 1.719094699490444288e-10 -1.175213355475175425e-10 -3.201243377147537309e-10 5.430721537150742335e-10 8.579290593945117573e-10 6.873336257159073057e-10 4.896363170905333560e-10 3.025460399559812670e-10 1.121402175859031973e-10 4.264172043998470890e-08 2.755350285634235479e+04 0.000000000000000000e+00
0.000000000000000000e+00 0.000000000000000000e+00 0.000000000000000000e+00 0.000000000000000000e+00 0.000000000000000000e+00 0.000000000000000000e+00 3.251644117348907129e-10 1.402027301255341017e-09 1.462878594063590875e-09 6.434730908822604650e-10 -1.005297910488724184e-10 1.318806750531313531e-09 1.431456175095488446e-09 1.109778880551575450e-09 7.405285380883812986e-10 4.124965723865581302e-10 1.732965908551425432e-10 5.401319928123918735e-08 4.317490663679337013e+04 0.000000000000000000e+00
0.000000000000000000e+00 0.000000000000000000e+00 0.000000000000000000e+00 0.000000000000000000e+00 0.000000000000000000e+00 0.000000000000000000e+00 -9.131018500348296089e-09 -4.744916690677760080e-09 -1.757927891382932099e-08 -5.121833728806440987e-09 -5.069403818162427313e-09 -3.820577725746498814e-09 -1.728505612830244113e-09 -8.398194047712342451e-10 -4.054597560131656678e-10 -1.499608666159593588e-10 9.055906453796659958e-12 3.660049066813496571e-10 5.426787055618071675e-10 0.000000000000000000e+00
0.000000000000000000e+00 0.000000000000000000e+00 0.000000000000000000e+00 0.000000000000000000e+00 0.000000000000000000e+00 0.000000000000000000e+00 5.478449732357041979e-11 -3.946847152223543992e-09 4.646346023676906993e-09 1.322633514531687411e-09 8.447629064678888680e-10 -8.050113918732117943e-10 -4.803052505032683732e-10 1.545345808370499266e-10 -6.396624970482475369e-11 1.326044188250413916e-11 3.348297305595465916e-10 4.773461298373801562e-10 5.129603016455417709e-10 0.000000000000000000e+00
0.000000000000000000e+00 0.000000000000000000e+00 0.000000000000000000e+00 0.000000000000000000e+00 0.000000000000000000e+00 0.000000000000000000e+00 2.440194331376474119e-09 -1.317542636492341601e-09 7.612087952113174832e-09 -1.576104074903014803e-10 -7.886829001349058209e-11 -4.532425961377245924e-10 -2.158652597519965220e-10 2.890482824304259228e-11 -1.198288678319048349e-10 -6.857121574263680076e-13 -1.000504473805942840e-11 1.573507535492641689e-12 9.131503977092944154e-06 0.000000000000000000e+00
0.000000000000000000e+00 0.000000000000000000e+00 0.000000000000000000e+00 0.000000000000000000e+00 0.000000000000000000e+00 0.000000000000000000e+00 5.691165514957104772e-09 4.653081594546377973e-10 1.735033171450019295e-08 2.103282578436542734e-09 2.178990155878522170e-09 1.060989837387080565e-09 3.921055723770408204e-10 4.106939908598237398e-10 1.633346764500930567e-12 6.778823921634724479e-11 -2.057496896669612421e-11 -1.244600816499115073e-10 1.115947963866976048e-05 0.000000000000000000e+00
0.000000000000000000e+00 0.000000000000000000e+00 0.000000000000000000e+00 0.000000000000000000e+00 0.000000000000000000e+00 0.000000000000000000e+00 -3.764448138183698058e-08 -1.503045005068451011e-08 -6.102980185446039783e-08 -3.170850758936299809e-08 -2.392600578260222831e-08 -1.093088136217673039e-08 -9.022431202862742859e-09 -2.836505579933295242e-09 -3.183726896088901436e-09 -1.078939001940300285e-09 1.116558090397298948e-10 3.100781807153773376e-09 1.348046790800101452e-07 0.000000000000000000e+00
0.000000000000000000e+00 0.000000000000000000e+00 0.000000000000000000e+00 0.000000000000000000e+00 0.000000000000000000e+00 0.000000000000000000e+00 -1.787816214267129277e-09 -6.316356327351011868e-09 2.643103826687752192e-08 -2.429231899256786576e-09 -9.705277187786185408e-10 5.086376582490520503e-09 -7.318161320553878871e-10 1.216300587262977815e-09 9.370896293314780038e-11 -7.296238379378898404e-11 7.379267909857165235e-10 3.679580487121168832e-09 1.358893230382342074e-07 0.000000000000000000e+00
0.000000000000000000e+00 0.000000000000000000e+00 0.000000000000000000e+00 0.000000000000000000e+00 0.000000000000000000e+00 0.000000000000000000e+00 5.454671547831864718e-09 3.258881484424218723e-09 2.186469133669745109e-08 9.513204992278692219e-09 -1.544160276131213386e-09 3.626581346574407391e-09 -1.885460626715133630e-10 4.894039168115043993e-10 -2.071477461478618766e-10 -2.844971074076304089e-11 -4.993688534069975415e-11 -3.197215528159588991e-10 1.831571854334351085e-04 0.000000000000000000e+00
0.000000000000000000e+00 0.000000000000000000e+00 0.000000000000000000e+00 0.000000000000000000e+00 0.000000000000000000e+00 0.000000000000000000e+00 1.541469941520021752e-08 9.954090110892828744e-09 5.660655363145594681e-08 2.360276698398507676e-08 8.657460789302596589e-09 9.725417527426167620e-09 3.497338167367011068e-09 1.972055924820627803e-09 1.008411521807951898e-09 4.485211659317157560e-10 -1.582494912303737230e-10 -1.394342699539554666e-09 2.321044927258864444e-04 0.000000000000000000e+00
0.000000000000000000e+00 0.000000000000000000e+00 0.000000000000000000e+00 0.000000000000000000e+00 0.000000000000000000e+00 0.000000000000000000e+00 -1.472375158520009052e-09 -1.332751318390903195e-09 -1.683029158367712409e-09 -9.421618222501777892e-10 9.577983071393618409e-11 -9.423368602328163390e-10 -6.241127465896803075e-10 -8.579649526127355559e-11 -2.864412646048555581e-10 -9.800964764827609216e-11 -4.421927838233429186e-11 -5.283906912351917149e-09 -9.194879339161693887e-05 0.000000000000000000e+00
0.000000000000000000e+00 0.000000000000000000e+00 0.000000000000000000e+00 0.000000000000000000e+00 0.000000000000000000e+00 0.000000000000000000e+00 -8.820405061062963134e-09 4.230938329056159187e-10 -1.619027289955792021e-09 2.175997934667007211e-09 -2.579835056047621817e-09 -1.052595377822368440e-10 -1.339508996768880689e-09 -4.141325249119403805e-11 -3.384482768103961534e-10 -1.936606433520246713e-10 2.864127104111121474e-04 -8.939883681112480791e-09 -9.195844993162325222e-05 0.000000000000000000e+00
0.000000000000000000e+00 0.000000000000000000e+00 0.000000000000000000e+00 0.000000000000000000e+00 0.000000000000000000e+00 0.000000000000000000e+00 -6.416399047491055321e-10 -1.036112559265628310e-09 -1.970271613317657652e-09 -9.794106982763312220e-10 2.102597102757004098e-11 -7.105362276944605522e-10 -5.850290171170316225e-10 -9.021756205754609036e-12 -2.177759266085570710e-10 -2.013425538150618155e-10 -5.530589557179435273e-11 -5.552396694673544731e-09 -5.634050340785906883e+03 0.000000000000000000e+00
0.000000000000000000e+00 0.000000000000000000e+00 0.000000000000000000e+00 0.000000000000000000e+00 0.000000000000000000e+00 0.000000000000000000e+00 -1.233323034395400055e-09 -1.111331111670869046e-10 -2.315829038414636100e-09 -3.298151644757717265e-10 -1.736528084064939060e-10 -3.637253534428214666e-10 -7.203386200026584249e-10 -2.267933631466553185e-11 -2.068437677838416895e-10 -2.675366056502803994e-10 -6.817362631839665037e-11 -5.372713459578088935e-09 -1.196120795867827474e+04 0.000000000000000000e+00
