0.000000000000000000e+00 0.000000000000000000e+00 0.000000000000000000e+00 0.000000000000000000e+00 0.000000000000000000e+00 0.000000000000000000e+00 2.350998994083669602e-09 3.713093581016756626e-09 3.244499344304398586e-09 1.847240860763062563e-09 2.199331122089740833e-09 2.323517681592618666e-09 2.046355202089835498e-09 1.814754967536746894e-09 1.192857190676434854e-09 5.080026197833491875e-10 1.758434218104435056e-10 4.231806815066237633e-08 6.817046880632223610e-03 0.000000000000000000e+00
0.000000000000000000e+00 0.000000000000000000e+00 0.000000000000000000e+00 0.000000000000000000e+00 0.000000000000000000e+00 0.000000000000000000e+00 1.462532174852102366e-09 5.774329224205240334e-09 -3.205356230215449262e-10 4.956007484251375071e-10 1.097927477000120006e-09 1.047212587074327835e-09 7.980912251241482907e-10 5.400744984528587165e-10 1.752961169881254660e-10 1.377403452832174066e-10 1.039049728592677949e-06 8.528307001379652481e-08 6.818720789188534304e-03 0.000000000000000000e+00
0.000000000000000000e+00 0.000000000000000000e+00 0.000000000000000000e+00 0.000000000000000000e+00 0.000000000000000000e+00 0.000000000000000000e+00 3.390716357385722940e-10 1.230594535967348875e-09 -8.935105637278746792e-10 2.695408012229027096e-10 5.304335703856297178e-10 6.391290251613818455e-10 4.833429182243301407e-10 6.577243143451727765e-10 3.664232003609628514e-10 3.130168783687820256e-10 1.278814488926712265e-10 4.079254787502991196e-08 -4.441815655407833401e+04 0.000000000000000000e+00
0.000000000000000000e+00 0.000000000000000000e+00 0.000000000000000000e+00 0.000000000000000000e+00 0.000000000000000000e+00 0.000000000000000000e+00 8.906933588944048981e-10 8.724111425375589232e-10 -3.110827962562775224e-10 8.784233781778180089e-10 1.291253893925707599e-09 1.344921671820979533e-09 1.143668269078312336e-09 1.024900653245206402e-09 6.027599677112038241e-10 4.407845793841970528e-10 1.945472314737804402e-10 5.143982346107442657e-08 -6.200300233001602464e+04 0.000000000000000000e+00
0.000000000000000000e+00 0.000000000000000000e+00 0.000000000000000000e+00 0.000000000000000000e+00 0.000000000000000000e+00 0.000000000000000000e+00 -2.440219467542006333e-08 -7.948367793894656875e-09 -1.135884797940631181e-08 -5.304025103424438839e-09 -5.597386649134231009e-09 -3.508054433500536313e-09 -1.279380452012557231e-09 -8.872673504835746052e-10 -3.959164376560179634e-10 -1.516711667138796605e-10 1.672037520965264354e-11 3.823015409091900881e-10 6.847217914928223651e-09 0.000000000000000000e+00
0.000000000000000000e+00 0.000000000000000000e+00 0.000000000000000000e+00 0.000000000000000000e+00 0.000000000000000000e+00 0.000000000000000000e+00 -1.286079526750770968e-08 3.690317302321543289e-09 -1.635194833210062370e-09 -4.739007911737564171e-09 1.978148691119061212e-09 -4.565400516650243304e-11 4.053014472139945201e-10 1.531709207526384568e-11 -1.265354247582211336e-12 2.195622281188537525e-11 -3.597405272079540756e-10 4.798543603068364822e-10 6.860361917703752356e-09 0.000000000000000000e+00
0.000000000000000000e+00 0.000000000000000000e+00 0.000000000000000000e+00 0.000000000000000000e+00 0.000000000000000000e+00 0.000000000000000000e+00 5.102592796580888972e-09 -2.872899720870590916e-09 2.210204759369668713e-09 -1.170261224590511090e-09 1.498362520269704349e-09 2.479200165457853662e-10 2.405502873681550620e-10 1.976486294297580755e-11 -2.887718200134186133e-12 -1.040920534797403392e-11 1.728247644770773425e-13 3.712695228160396398e-12 3.977331622335895423e-07 0.000000000000000000e+00
0.000000000000000000e+00 0.000000000000000000e+00 0.000000000000000000e+00 0.000000000000000000e+00 0.000000000000000000e+00 0.000000000000000000e+00 1.503216319909519108e-08 9.358106936784501297e-10 6.882193227714141703e-09 6.421425796818720572e-10 4.647341530139423973e-09 1.964361179993264177e-09 9.592058365280166196e-10 4.096689910993507358e-10 1.474457727641201440e-10 6.173439752238126993e-11 -1.131907466296002674e-11 -1.327127120691247064e-10 -9.455846726396968390e-07 0.000000000000000000e+00
0.000000000000000000e+00 0.000000000000000000e+00 0.000000000000000000e+00 0.000000000000000000e+00 0.000000000000000000e+00 0.000000000000000000e+00 -1.578354346750832170e-07 -4.117701395880671971e-08 -5.031809001310844687e-08 -2.136294142896128264e-08 -1.714009291368572122e-08 -1.503476267682792556e-08 -1.117636124169091662e-08 -4.665721541719967534e-09 -2.855589067930986631e-09 -1.285247043168414968e-09 1.321936365408675433e-10 3.738156910818239132e-09 6.437154688235464120e-08 0.000000000000000000e+00
0.000000000000000000e+00 0.000000000000000000e+00 0.000000000000000000e+00 0.000000000000000000e+00 0.000000000000000000e+00 0.000000000000000000e+00 -6.362432887419332323e-08 -9.292977829214285898e-09 1.944524696993755653e-09 -7.349755586793065083e-09 -1.289687783660982231e-09 3.239008981702876579e-09 8.358697049535906786e-10 -3.855115569998935868e-10 -6.919465270365764702e-11 -1.582799071033320739e-10 -1.365720780798911173e-09 4.817530941411443983e-09 6.598852070712728651e-08 0.000000000000000000e+00
0.000000000000000000e+00 0.000000000000000000e+00 0.000000000000000000e+00 0.000000000000000000e+00 0.000000000000000000e+00 0.000000000000000000e+00 3.695728152472917328e-08 -9.079509163259054174e-09 4.472643753850090169e-09 -1.098778459150321491e-09 -1.488755599874169884e-09 4.471935269065505099e-09 1.021737421645869093e-09 2.612311141807573645e-10 1.082172322698156599e-10 -1.534178286358498708e-10 4.089075225756911307e-12 -2.621553757436724662e-10 -2.468944687080773396e-04 0.000000000000000000e+00
0.000000000000000000e+00 0.000000000000000000e+00 0.000000000000000000e+00 0.000000000000000000e+00 0.000000000000000000e+00 0.000000000000000000e+00 1.056498910046865387e-07 5.706203261609592605e-09 2.494524402769839863e-08 8.994508768330392072e-09 5.635961732067549210e-09 1.311842256599149924e-08 6.328681811130576508e-09 2.220330367994793135e-09 1.283091990463816026e-09 3.254113668876848846e-10 -8.689721402114626424e-11 -1.571269059942476871e-09 -3.124057174342429561e-04 0.000000000000000000e+00
0.000000000000000000e+00 0.000000000000000000e+00 0.000000000000000000e+00 0.000000000000000000e+00 0.000000000000000000e+00 0.000000000000000000e+00 -7.473721501394443890e-10 5.379757841364952168e-09 -3.495812004937192472e-09 -1.685851778249938521e-09 1.495727559157515772e-09 -5.462906467260002995e-10 -4.785582307958574790e-10 -6.264953756869797354e-10 -1.189079134616368337e-11 -9.102938419242528217e-11 -2.821058778239477195e-10 -5.396915762067011590e-09 -3.548179610487417284e-04 0.000000000000000000e+00
0.000000000000000000e+00 0.000000000000000000e+00 0.000000000000000000e+00 0.000000000000000000e+00 0.000000000000000000e+00 0.000000000000000000e+00 -1.249996450907489397e-08 -3.798199065830640550e-09 -5.011441072854114558e-09 -2.524275707476765789e-09 8.214221182357367424e-10 3.081183467496452318e-10 -1.553554098121354067e-09 -9.032661443015107159e-10 1.376744688633034691e-11 6.471694730268791297e-10 4.379787529509062143e-04 -8.583849178388071025e-09 -3.545579772540419315e-04 0.000000000000000000e+00
0.000000000000000000e+00 0.000000000000000000e+00 0.000000000000000000e+00 0.000000000000000000e+00 0.000000000000000000e+00 0.000000000000000000e+00 -4.931844455866862839e-09 4.732863135402015297e-09 -2.683595912862437310e-09 -1.399491951836566257e-09 1.297446745061583367e-09 -1.127282293042922152e-09 -9.322827382462468361e-10 -6.616989270966397770e-10 -1.694229343078071364e-10 -1.423853314972091269e-10 -2.231784074284462276e-10 -4.943098113046848316e-09 -9.045263389185945925e+03 0.000000000000000000e+00
0.000000000000000000e+00 0.000000000000000000e+00 0.000000000000000000e+00 0.000000000000000000e+00 0.000000000000000000e+00 0.000000000000000000e+00 -7.560154601996330113e-09 3.389139715773453386e-09 -2.570019961482858157e-09 -1.096006812508795246e-09 1.102940984963368371e-09 -1.177186995839858912e-09 -1.258114738491324857e-09 -7.105359379980310296e-10 -2.835939148005778870e-10 -1.387087453318828765e-10 -1.676921529390315546e-10 -6.876602062396774528e-09 -1.592318457194064104e+04 0.000000000000000000e+00
