0.000000000000000000e+00 0.000000000000000000e+00 0.000000000000000000e+00 0.000000000000000000e+00 0.000000000000000000e+00 0.000000000000000000e+00 1.559760965363492667e-08 2.382691879850573409e-09 1.367294549707419955e-09 2.104397350674534641e-09 2.083512764431937630e-09 1.734348011827290300e-09 1.811781368054997519e-09 1.408527262477975955e-09 1.064859117616371315e-09 4.657713972772024240e-10 1.585256987350133107e-10 4.056945785384695767e-08 7.973672023375118906e-03 0.000000000000000000e+00
0.000000000000000000e+00 0.000000000000000000e+00 0.000000000000000000e+00 0.000000000000000000e+00 0.000000000000000000e+00 0.000000000000000000e+00 8.354671726154581377e-09 9.894696321822274660e-10 -4.102778734805172932e-10 1.484308715633916459e-10 1.053499730322175649e-09 3.689068318379335551e-10 4.702164283345674535e-10 4.316977458907062773e-10 1.983606786120807383e-10 -4.436552211408434710e-11 -4.857727796394357915e-06 8.549075244637342747e-08 7.975580106025465660e-03 0.000000000000000000e+00
0.000000000000000000e+00 0.000000000000000000e+00 0.000000000000000000e+00 0.000000000000000000e+00 0.000000000000000000e+00 0.000000000000000000e+00 2.701203767853747739e-09 4.809391996937651735e-10 -3.056881744476355084e-11 1.974966612019548489e-10 8.990811384612449921e-10 4.207528956425687811e-10 3.726042630442298870e-10 5.622018037344352303e-10 4.242768138221441129e-10 2.609669658030145348e-10 1.109976589430512034e-10 4.301785941224647513e-08 2.762928177571851120e+04 0.000000000000000000e+00
0.000000000000000000e+00 0.000000000000000000e+00 0.000000000000000000e+00 0.000000000000000000e+00 0.000000000000000000e+00 0.000000000000000000e+00 5.410460969263543241e-10 6.215949294747998276e-09 4.054888632200175672e-10 7.371163065557588301e-10 1.023205826345327932e-09 7.815672955564297847e-10 8.218559230692395133e-10 9.908354465264664243e-10 6.495487244674020843e-10 3.627643356457204226e-10 1.757186681822411967e-10 5.572522393141147696e-08 4.534064968060344108e+04 0.000000000000000000e+00
0.000000000000000000e+00 0.000000000000000000e+00 0.000000000000000000e+00 0.000000000000000000e+00 0.000000000000000000e+00 0.000000000000000000e+00 6.134777047898011719e-09 -5.848111207078313905e-09 1.987307321751503961e-09 -4.600229376237486756e-09 -5.852908621846891504e-09 -4.194615370436440333e-09 -1.460005275780271562e-09 -8.237965796217113369e-10 -4.149428352432868775e-10 -1.271737424927697022e-10 1.851466629893388838e-11 3.829637875805688978e-10 4.000211379261586754e-09 0.000000000000000000e+00
0.000000000000000000e+00 0.000000000000000000e+00 0.000000000000000000e+00 0.000000000000000000e+00 0.000000000000000000e+00 0.000000000000000000e+00 -1.200540335271929108e-08 7.691361362725987833e-09 2.242438895430341233e-09 -1.493607512329611206e-11 -1.529943390232627174e-09 7.392108444011016320e-11 1.440695753770450985e-10 2.159433517945233751e-11 -1.159993803190787054e-11 5.969891290860386964e-12 3.032174270788181198e-10 5.221470579735650097e-10 4.032844971760276238e-09 0.000000000000000000e+00
0.000000000000000000e+00 0.000000000000000000e+00 0.000000000000000000e+00 0.000000000000000000e+00 0.000000000000000000e+00 0.000000000000000000e+00 4.528758937739954606e-09 5.494928251883974184e-09 4.203580550629807093e-10 2.202949853142032406e-09 -2.787927595112805150e-10 -6.845536571507972117e-10 -2.475456134053672601e-10 -6.797528330572814356e-11 -2.532042078030934692e-11 1.784970891408833729e-13 5.021319234796968657e-12 3.968675900048285926e-12 -1.651684533471822666e-06 0.000000000000000000e+00
0.000000000000000000e+00 0.000000000000000000e+00 0.000000000000000000e+00 0.000000000000000000e+00 0.000000000000000000e+00 0.000000000000000000e+00 3.029944372383298641e-09 1.041988751267211966e-08 -1.893655823013195989e-10 4.880830208792070109e-09 2.600104732427384591e-09 1.122423500759429161e-09 4.171581742646581718e-10 2.872588627057002741e-10 1.314900272345944696e-10 6.291686016672804712e-11 -4.723957193410386008e-12 -1.315957114910916519e-10 -1.853399017594713949e-06 0.000000000000000000e+00
0.000000000000000000e+00 0.000000000000000000e+00 0.000000000000000000e+00 0.000000000000000000e+00 0.000000000000000000e+00 0.000000000000000000e+00 1.353887934199422352e-08 -7.887663923355854833e-08 1.605235137718612702e-08 -2.831839636018079900e-08 -1.516274114243636063e-08 -1.320115725277588567e-08 -9.358612527818929563e-09 -4.992423101679635075e-09 -2.680449511238664371e-09 -1.018285027169408617e-09 1.050407754732030625e-10 3.687567853000109276e-09 -9.863001915026537185e-08 0.000000000000000000e+00
0.000000000000000000e+00 0.000000000000000000e+00 0.000000000000000000e+00 0.000000000000000000e+00 0.000000000000000000e+00 0.000000000000000000e+00 -5.304195107872361967e-08 6.290083073285653958e-08 8.843786953045209570e-09 -1.216797969843311178e-08 2.680936268150588116e-09 6.593272830571634240e-09 -5.194415662683665529e-10 -1.454740828625800464e-10 8.859055036330247687e-11 -1.342377864891948160e-10 1.303669881240329980e-08 5.099753743326899337e-09 -9.915122159431074778e-08 0.000000000000000000e+00
0.000000000000000000e+00 0.000000000000000000e+00 0.000000000000000000e+00 0.000000000000000000e+00 0.000000000000000000e+00 0.000000000000000000e+00 2.864930133337427800e-10 5.816136705143271572e-08 4.676169954966429185e-09 1.523863970526786926e-09 2.624796759115160261e-09 2.823022996722576164e-09 -8.154004197628785509e-10 -1.194277975794964524e-09 9.772161838255219216e-11 -2.093582653406693607e-10 2.904888385317422433e-11 -1.108537070962679628e-10 6.777041957501878165e-05 0.000000000000000000e+00
0.000000000000000000e+00 0.000000000000000000e+00 0.000000000000000000e+00 0.000000000000000000e+00 0.000000000000000000e+00 0.000000000000000000e+00 -5.025617459876661703e-09 1.153000029506994840e-07 4.846318751517247648e-10 1.325034184117147334e-08 1.157654670138476268e-08 9.901746150374773273e-09 3.212029569045437780e-09 7.281555451693472420e-10 1.179670345474995963e-09 2.073706354608812189e-10 -2.873809293697424317e-11 -1.438428081061296810e-09 1.099093772779795628e-04 0.000000000000000000e+00
0.000000000000000000e+00 0.000000000000000000e+00 0.000000000000000000e+00 0.000000000000000000e+00 0.000000000000000000e+00 0.000000000000000000e+00 2.020840802784531137e-09 7.910574973480286455e-10 -2.085766615142201696e-09 -2.010671620829393140e-09 1.302874382648932474e-10 -2.295161671408571648e-10 -1.476623357137976164e-10 -4.148075817326507801e-10 -2.465368391652435963e-10 1.721223441867106118e-11 -9.398725468589861114e-11 -8.051928551527014578e-09 -6.505233901232038618e-05 0.000000000000000000e+00
0.000000000000000000e+00 0.000000000000000000e+00 0.000000000000000000e+00 0.000000000000000000e+00 0.000000000000000000e+00 0.000000000000000000e+00 -1.683940754095455078e-09 -8.025160556890860969e-09 -5.590316642822038443e-09 -6.997066467832345188e-10 -2.274074266347809394e-09 -1.327323639194787035e-09 -6.462115420452014999e-10 -3.716241582412692894e-10 -1.709962460459027033e-10 1.711092817694401062e-10 -1.578074591701647425e-04 -1.160932356718713858e-08 -6.498140331453802353e-05 0.000000000000000000e+00
0.000000000000000000e+00 0.000000000000000000e+00 0.000000000000000000e+00 0.000000000000000000e+00 0.000000000000000000e+00 0.000000000000000000e+00 5.382401980768171279e-10 -5.931822442638564921e-10 -1.282068064497345361e-09 -1.989286441159233374e-09 -1.384090026826830510e-11 -2.073415935884204736e-10 -1.046713250135565673e-10 -6.873354998285684095e-10 -1.624847510996322763e-10 -1.396636149070040695e-11 -4.142596609486658215e-11 -6.210008089133720332e-09 -4.733107591356248122e+03 0.000000000000000000e+00
0.000000000000000000e+00 0.000000000000000000e+00 0.000000000000000000e+00 0.000000000000000000e+00 0.000000000000000000e+00 0.000000000000000000e+00 -8.001598814525558722e-10 -1.227450023246290396e-09 -1.353450283428472686e-09 -2.088944396736157249e-09 -3.192884431050865270e-10 5.275806010771707361e-11 -1.062568208879766326e-10 -7.929951684431203997e-10 -1.345077343648166935e-10 -2.512558266894062250e-11 -3.833287480242005619e-11 -5.398080522605891357e-09 -1.053520026328218228e+04 0.000000000000000000e+00
