0.000000000000000000e+00 0.000000000000000000e+00 0.000000000000000000e+00 0.000000000000000000e+00 0.000000000000000000e+00 0.000000000000000000e+00 1.502408466190255487e-09 4.544215208703452926e-09 1.350520957136063465e-09 2.382123825898864932e-09 2.170733634924378083e-09 1.669510075213833613e-09 2.005886897186758563e-09 1.642059553157214266e-09 1.210321565864246427e-09 4.868452651665271006e-10 1.665948040072609890e-10 4.182314799334107452e-08 1.203861110757296210e-02 0.000000000000000000e+00
0.000000000000000000e+00 0.000000000000000000e+00 0.000000000000000000e+00 0.000000000000000000e+00 0.000000000000000000e+00 0.000000000000000000e+00 -5.569905279106929815e-09 -2.025603624116624493e-09 1.695690825882814525e-09 1.455272216017140700e-09 8.620410261127588967e-10 5.599791583293643529e-10 8.105400077078906063e-10 4.146420340859379138e-10 2.522030558733911397e-10 1.169307782158881432e-10 -1.426098015323186153e-06 8.745469131781393714e-08 1.203753876201507644e-02 0.000000000000000000e+00
0.000000000000000000e+00 0.000000000000000000e+00 0.000000000000000000e+00 0.000000000000000000e+00 0.000000000000000000e+00 0.000000000000000000e+00 -1.193112479602659360e-09 1.366040235644129144e-10 3.102953154837885436e-10 -2.012813327171128277e-10 2.859610041277499790e-10 2.239749363214898546e-10 2.436553046070569870e-10 5.680657119532408136e-10 4.558299512823876692e-10 2.723667196387224880e-10 1.194048636869691483e-10 3.998504248621911047e-08 3.021601261307412642e+04 0.000000000000000000e+00
0.000000000000000000e+00 0.000000000000000000e+00 0.000000000000000000e+00 0.000000000000000000e+00 0.000000000000000000e+00 0.000000000000000000e+00 -3.299589436015160967e-09 2.102116063414189633e-09 9.522482359772319931e-11 4.527552998676880634e-10 8.796450410490074862e-10 1.264665148452116816e-09 7.305614850040592916e-10 9.646669472904987649e-10 6.975503513540372184e-10 3.771875071649653086e-10 1.930436314068886655e-10 5.107365209628467647e-08 4.402485774234635755e+04 0.000000000000000000e+00
0.000000000000000000e+00 0.000000000000000000e+00 0.000000000000000000e+00 0.000000000000000000e+00 0.000000000000000000e+00 0.000000000000000000e+00 -7.721430252247078277e-09 -2.164004269901778185e-08 -5.506225747207695308e-09 -5.651815404292523727e-09 -7.818507078849450437e-09 -2.847203148184693852e-09 -1.350431920783547798e-09 -8.219261603166632778e-10 -4.699042804404808521e-10 -1.454066811681769939e-10 1.254527718276948416e-11 3.880388705189388583e-10 2.479853036144773143e-09 0.000000000000000000e+00
0.000000000000000000e+00 0.000000000000000000e+00 0.000000000000000000e+00 0.000000000000000000e+00 0.000000000000000000e+00 0.000000000000000000e+00 4.277473118247414342e-09 -2.331844065799529513e-09 1.228462793342572062e-09 4.696470455540875490e-10 -2.140762658401481137e-09 1.486446351573436952e-10 3.792620308133794527e-10 2.195346306910577652e-12 1.852757246070032337e-11 6.133375621912660811e-12 1.018882196386510070e-09 5.276527167703294963e-10 2.518262157194875502e-09 0.000000000000000000e+00
0.000000000000000000e+00 0.000000000000000000e+00 0.000000000000000000e+00 0.000000000000000000e+00 0.000000000000000000e+00 0.000000000000000000e+00 -3.217212708628301459e-09 -2.471389587201263469e-10 9.304802162564460976e-10 -1.865287296421192993e-09 -1.052480808570334281e-09 -1.217579533399377333e-10 4.038404495425694697e-11 2.626950392162329096e-11 2.655152069993476051e-12 -2.229219087892992565e-11 -4.419042577365773702e-12 -2.976574547676452961e-11 -5.769170941655970381e-06 0.000000000000000000e+00
0.000000000000000000e+00 0.000000000000000000e+00 0.000000000000000000e+00 0.000000000000000000e+00 0.000000000000000000e+00 0.000000000000000000e+00 -2.906510795043327256e-10 8.977017005838760605e-09 3.987894422346829489e-09 7.486833946964962356e-10 2.089717475230510544e-09 1.040787506838056979e-09 7.794010118916845834e-10 3.774695946911836425e-10 2.039422088906453508e-10 4.185404159575795585e-11 -1.464510714541327094e-11 -1.741519087046937016e-10 -6.229508824272455834e-06 0.000000000000000000e+00
0.000000000000000000e+00 0.000000000000000000e+00 0.000000000000000000e+00 0.000000000000000000e+00 0.000000000000000000e+00 0.000000000000000000e+00 -3.539653821208740925e-08 -7.204245929757965629e-08 -1.024814288219535032e-08 -3.958598218466628054e-08 -3.426086604837327920e-08 -1.287377007669200365e-08 -6.363831324031894636e-09 -4.679451876977867204e-09 -1.960723211236568280e-09 -8.678638480062902307e-10 1.453284988275149513e-10 3.571077535212998509e-09 -1.224814294090158398e-08 0.000000000000000000e+00
0.000000000000000000e+00 0.000000000000000000e+00 0.000000000000000000e+00 0.000000000000000000e+00 0.000000000000000000e+00 0.000000000000000000e+00 1.572325795936241720e-08 8.166155954111593265e-09 -1.838750167292983675e-08 -6.309563006572840427e-09 -9.715392597082539658e-10 4.261597954166093930e-09 1.187351060194069193e-09 8.373429944891673271e-11 2.841212026446481202e-10 1.988177373733909284e-10 -4.902012288847352538e-09 4.280472319756611825e-09 -1.251966406783616159e-08 0.000000000000000000e+00
0.000000000000000000e+00 0.000000000000000000e+00 0.000000000000000000e+00 0.000000000000000000e+00 0.000000000000000000e+00 0.000000000000000000e+00 -1.364458420715466452e-08 3.599533083824689124e-09 -8.424840834258879395e-09 -3.337919593600327213e-09 -4.030597524917066206e-09 2.537990482626475367e-09 2.981212967147734612e-10 -2.628948285640002969e-11 2.257471113194091910e-10 1.516185502175837908e-11 1.697505932811099012e-11 1.599335511639623437e-10 -6.811451511214493097e-04 0.000000000000000000e+00
0.000000000000000000e+00 0.000000000000000000e+00 0.000000000000000000e+00 0.000000000000000000e+00 0.000000000000000000e+00 0.000000000000000000e+00 8.086406488221738414e-11 3.773775993765076479e-08 -7.257473848355935260e-09 1.378409697888768794e-08 1.068743593146945940e-08 9.440112226274152900e-09 3.688690985563353994e-09 1.866479584798124568e-09 1.196927289434507534e-09 4.687496122215611210e-10 -7.894716899556992777e-11 -9.036104094073646009e-10 -7.403079357885121621e-04 0.000000000000000000e+00
0.000000000000000000e+00 0.000000000000000000e+00 0.000000000000000000e+00 0.000000000000000000e+00 0.000000000000000000e+00 0.000000000000000000e+00 -3.014723057436883359e-09 -9.995934326741140710e-10 -9.980741155407438393e-11 2.432503937178320151e-10 8.950615036061977652e-10 -1.345503504176818244e-10 -1.393621884692066676e-10 1.475754291384224333e-10 -2.505343159781028199e-10 -1.134695539031017087e-10 -2.029411010498425512e-10 -7.705959160544791608e-09 -4.677557633188042518e-05 0.000000000000000000e+00
0.000000000000000000e+00 0.000000000000000000e+00 0.000000000000000000e+00 0.000000000000000000e+00 0.000000000000000000e+00 0.000000000000000000e+00 -4.680625900227433033e-09 3.234873886514470358e-09 1.306936909975321195e-09 -3.814385773841940934e-09 3.113908713863332054e-09 -1.034530523548488386e-09 1.198115774275783151e-10 3.341983095284561150e-11 -3.097259534826458863e-10 -2.321896557015698660e-10 -2.101499484482552075e-06 -1.439607931216559422e-08 -4.662083816071020030e-05 0.000000000000000000e+00
0.000000000000000000e+00 0.000000000000000000e+00 0.000000000000000000e+00 0.000000000000000000e+00 0.000000000000000000e+00 0.000000000000000000e+00 -3.507147725637760730e-09 6.724097391677202710e-10 4.276477696183254849e-10 -1.326719668833451711e-10 1.434469953561570982e-09 9.397632746233542725e-11 1.016847187748384209e-10 2.242652881202843512e-10 -3.710792968731178621e-10 -1.598068199885651213e-10 -2.058535351036551113e-10 -8.910453357088965776e-09 -5.577067844754725229e+03 0.000000000000000000e+00
0.000000000000000000e+00 0.000000000000000000e+00 0.000000000000000000e+00 0.000000000000000000e+00 0.000000000000000000e+00 0.000000000000000000e+00 -4.192392868577604621e-09 2.303087576795143858e-09 9.166669544761092751e-10 -5.112865759448010877e-10 1.692286341047568191e-09 1.593567181908485957e-10 2.564984886586835074e-10 1.580693416365279707e-10 -4.677182233627314972e-10 -1.941402838010996625e-10 -2.112664607585027625e-10 -8.941885774840259348e-09 -1.202184248711494547e+04 0.000000000000000000e+00
