0.000000000000000000e+00 0.000000000000000000e+00 0.000000000000000000e+00 0.000000000000000000e+00 0.000000000000000000e+00 0.000000000000000000e+00 3.498212669806478783e-09 4.431261465277467469e-09 2.861338456911633637e-09 5.575338684148270462e-09 3.352001055347729618e-09 4.292757155754512190e-09 3.611358221352432607e-09 3.302660419491517661e-09 2.053753111547255258e-09 7.751041895932682546e-10 2.504396883088821565e-10 7.195448822862351679e-08 -2.853627251080542715e-04 0.000000000000000000e+00
0.000000000000000000e+00 0.000000000000000000e+00 0.000000000000000000e+00 0.000000000000000000e+00 0.000000000000000000e+00 0.000000000000000000e+00 2.201907473810780136e-09 4.151256596523534571e-11 -4.658593639654223016e-10 1.513496269650483440e-09 1.231864863149835595e-09 1.608862331076567299e-09 7.400336582110764924e-10 4.195042900062195003e-10 1.865092373301599421e-10 1.209904960411906889e-10 1.000630264636240377e-05 1.420636320090316833e-07 -2.797358758153470348e-04 0.000000000000000000e+00
0.000000000000000000e+00 0.000000000000000000e+00 0.000000000000000000e+00 0.000000000000000000e+00 0.000000000000000000e+00 0.000000000000000000e+00 2.179834615770542203e-09 8.207698299063951225e-10 7.213773512012666626e-10 1.145216364405131553e-09 3.508285146777381049e-10 9.981915448715371961e-10 6.634063385837258801e-10 3.161182862553889079e-10 4.551440836265117169e-10 2.666977748647597266e-10 1.007162549323337360e-10 3.331008988321907198e-08 5.467621500124514569e+03 0.000000000000000000e+00
0.000000000000000000e+00 0.000000000000000000e+00 0.000000000000000000e+00 0.000000000000000000e+00 0.000000000000000000e+00 0.000000000000000000e+00 4.681377529520949699e-09 2.046338202811414469e-09 1.505011354947269608e-09 1.946437032878652592e-09 1.716498705281659484e-09 2.261322826395481274e-09 1.663719349193556722e-09 1.010701003442315989e-09 8.719039956347531417e-10 4.604096680704035701e-10 2.101365856954914400e-10 4.398600663123243383e-08 6.469629496581619605e+02 0.000000000000000000e+00
0.000000000000000000e+00 0.000000000000000000e+00 0.000000000000000000e+00 0.000000000000000000e+00 0.000000000000000000e+00 0.000000000000000000e+00 -2.401665175967892464e-09 -7.620450421879360032e-09 -2.066911021944300938e-08 -1.015277249760389460e-08 -6.625870831129498343e-09 -4.279062485746031830e-09 -2.753850735559209688e-09 -1.375108138865063539e-09 -7.099458779130659802e-10 -2.404066106330840208e-10 2.246292991174794282e-11 6.146098032173724994e-10 2.850842848484375709e-09 0.000000000000000000e+00
0.000000000000000000e+00 0.000000000000000000e+00 0.000000000000000000e+00 0.000000000000000000e+00 0.000000000000000000e+00 0.000000000000000000e+00 1.972739046568020587e-08 3.344431604755860345e-09 -4.110541280340342707e-09 -7.258853723443403004e-10 2.303424230802700530e-09 -4.455531238669333637e-10 -8.233584146445319629e-10 1.116538239316776546e-10 5.079895447035959422e-11 4.529932604850198716e-11 1.674508194701094113e-09 8.039491997669250638e-10 2.897002346213849320e-09 0.000000000000000000e+00
0.000000000000000000e+00 0.000000000000000000e+00 0.000000000000000000e+00 0.000000000000000000e+00 0.000000000000000000e+00 0.000000000000000000e+00 1.393185999173616821e-08 1.178957510075521779e-08 3.465937971105728287e-09 1.453767014580303524e-09 8.932379407227263476e-10 -1.639028105299783513e-11 -2.009346156844861208e-10 -8.614504391672545595e-11 3.547415959213811856e-11 6.291277306410010665e-12 -1.149615567461283634e-11 -2.893398951426772143e-11 4.905783669314071612e-07 0.000000000000000000e+00
0.000000000000000000e+00 0.000000000000000000e+00 0.000000000000000000e+00 0.000000000000000000e+00 0.000000000000000000e+00 0.000000000000000000e+00 2.094420338378679756e-08 1.784917541631051230e-08 1.255475049170777621e-08 6.182996489678328204e-09 4.455788731888500802e-09 1.752134329944876149e-09 8.281190461299680242e-10 5.157060492814159522e-10 3.386770914957441994e-10 1.178615739992019110e-10 -3.172833648233057806e-11 -2.494503058808276344e-10 -1.948227321802507541e-06 0.000000000000000000e+00
0.000000000000000000e+00 0.000000000000000000e+00 0.000000000000000000e+00 0.000000000000000000e+00 0.000000000000000000e+00 0.000000000000000000e+00 -1.795821205776239522e-08 -3.246443488845103669e-08 -4.618436751218852107e-08 -4.599989170139937968e-08 -3.339172542624826128e-08 -2.099008998519800355e-08 -1.307048192822285689e-08 -5.683488292250608539e-09 -3.638663057815825363e-09 -1.313866478749806427e-09 2.686099104495849963e-10 4.265085962300183726e-09 8.960728626010401354e-08 0.000000000000000000e+00
0.000000000000000000e+00 0.000000000000000000e+00 0.000000000000000000e+00 0.000000000000000000e+00 0.000000000000000000e+00 0.000000000000000000e+00 1.057979798100378655e-07 4.733898166219985146e-08 1.060562082175142131e-08 4.468097074801338313e-09 5.294380275767815676e-09 6.023405354323288581e-10 -2.744934031459845893e-10 3.733935463463449760e-10 1.510785146026935057e-10 6.229559468674673189e-11 1.142955233710179341e-08 4.761214956346616319e-09 9.109710863119335472e-08 0.000000000000000000e+00
0.000000000000000000e+00 0.000000000000000000e+00 0.000000000000000000e+00 0.000000000000000000e+00 0.000000000000000000e+00 0.000000000000000000e+00 6.310735320948245178e-08 5.563043562470195805e-08 2.579474520816313630e-08 2.723558568783192598e-09 9.957645178393595267e-10 1.258919673907663262e-09 9.787568364619725374e-11 -3.499863849076124803e-10 3.125208392370726099e-11 2.044552646058696453e-10 8.630134597744999357e-12 -8.456897439213780954e-10 2.736244098514219807e-05 0.000000000000000000e+00
0.000000000000000000e+00 0.000000000000000000e+00 0.000000000000000000e+00 0.000000000000000000e+00 0.000000000000000000e+00 0.000000000000000000e+00 9.990601520538444247e-08 8.262296018429603758e-08 5.046006197662939793e-08 2.346002458156788233e-08 1.814741479868163310e-08 1.124843495968375517e-08 5.867741320057626294e-09 2.129840358646144920e-09 1.478908618281485406e-09 8.320404356365645200e-10 -1.475702760414552340e-10 -2.488862759173833425e-09 2.976739923151833258e-05 0.000000000000000000e+00
0.000000000000000000e+00 0.000000000000000000e+00 0.000000000000000000e+00 0.000000000000000000e+00 0.000000000000000000e+00 0.000000000000000000e+00 8.711054291282236144e-10 1.326911284819665690e-09 -1.067374827553397460e-09 -7.384010862865138293e-10 -5.593828207244251713e-10 -1.089814599402731965e-09 -4.747177063612418165e-10 -7.341358316040699307e-10 -3.136010932962277616e-10 -3.293364804087729686e-10 -5.640123994171018895e-10 -1.631995969336352857e-08 -1.390691325012249641e-04 0.000000000000000000e+00
0.000000000000000000e+00 0.000000000000000000e+00 0.000000000000000000e+00 0.000000000000000000e+00 0.000000000000000000e+00 0.000000000000000000e+00 -4.732431949893919013e-10 1.103574802477588044e-10 1.821083916577609875e-09 4.549382317548742232e-10 -5.269247895589512399e-10 -2.764503337077506486e-09 -1.263438684262150724e-09 -7.531121870702913269e-10 -3.023960816143976704e-10 -8.275366391892235601e-10 4.422060634508722700e-04 -2.284885591471203623e-08 -1.391987065494413136e-04 0.000000000000000000e+00
0.000000000000000000e+00 0.000000000000000000e+00 0.000000000000000000e+00 0.000000000000000000e+00 0.000000000000000000e+00 0.000000000000000000e+00 4.969431673960565244e-10 1.966485500165743898e-10 -8.847399478849664563e-10 -7.296556549792769766e-10 -4.320691171060778111e-10 -1.349934424261176003e-09 -5.618711126177860602e-10 -7.111030629454055330e-10 -3.724225801150086670e-10 -4.204409449189598944e-10 -5.693996700345633248e-10 -1.664273960138747826e-08 3.345692225165034301e+02 0.000000000000000000e+00
0.000000000000000000e+00 0.000000000000000000e+00 0.000000000000000000e+00 0.000000000000000000e+00 0.000000000000000000e+00 0.000000000000000000e+00 -4.893446669141028505e-10 -4.202260718457003781e-10 -7.244654509330504031e-10 -6.472486809684681549e-10 -8.454953468098924503e-11 -1.768506071599601036e-09 -5.842176415325537175e-10 -7.697850339191558658e-10 -3.862577271354339769e-10 -4.649530695692794126e-10 -5.613504643103810056e-10 -1.654633871563867517e-08 2.548483751963423401e+03 0.000000000000000000e+00
