0.000000000000000000e+00 0.000000000000000000e+00 0.000000000000000000e+00 0.000000000000000000e+00 0.000000000000000000e+00 0.000000000000000000e+00 2.406832040218226830e-09 5.772153988821054998e-09 5.182306230721606748e-09 4.597088419095264884e-09 5.072943788316342300e-09 4.057759254968594378e-09 4.220944196376985106e-09 3.532404625825903599e-09 2.151461035137203302e-09 7.138858826312050244e-10 1.625051246251201306e-10 1.646972764395048204e-08 7.914666425755411718e-05 0.000000000000000000e+00
0.000000000000000000e+00 0.000000000000000000e+00 0.000000000000000000e+00 0.000000000000000000e+00 0.000000000000000000e+00 0.000000000000000000e+00 1.468165130330716245e-09 1.508356004885831745e-09 3.698903457003997134e-10 1.779156623737375223e-09 1.019278697953165169e-09 1.113812522766438309e-09 8.701005939684604751e-10 5.681612855282257174e-10 3.371461744904974707e-10 2.498483047155734480e-10 2.043035744287548021e-06 2.446730363253953249e-08 7.916386747803790327e-05 0.000000000000000000e+00
0.000000000000000000e+00 0.000000000000000000e+00 0.000000000000000000e+00 0.000000000000000000e+00 0.000000000000000000e+00 0.000000000000000000e+00 2.110547867631321311e-09 2.210327563970974048e-09 1.553866965054414170e-09 1.514519972329107266e-09 1.458347961998143739e-09 1.139821515181622317e-09 1.232618249666973042e-09 1.121605257040801472e-09 7.860811186929872831e-10 3.538013720977009898e-10 9.013633715348082649e-11 5.807352715548845097e-09 7.099486089908400572e+02 0.000000000000000000e+00
0.000000000000000000e+00 0.000000000000000000e+00 0.000000000000000000e+00 0.000000000000000000e+00 0.000000000000000000e+00 0.000000000000000000e+00 2.171930416782930997e-09 1.200830169732708177e-09 6.740826502946414547e-10 1.160805779377789848e-09 8.983911801193055216e-10 7.751446367700360667e-10 7.775021642675680471e-10 7.453705218702175442e-10 5.475735315423826945e-10 2.653768994383627812e-10 6.513091174304526918e-11 4.378804338657909914e-09 1.886775268528028391e+03 0.000000000000000000e+00
0.000000000000000000e+00 0.000000000000000000e+00 0.000000000000000000e+00 0.000000000000000000e+00 0.000000000000000000e+00 0.000000000000000000e+00 -1.895251729093608260e-09 -1.423895393318453520e-08 -1.037631655327104658e-08 -8.681773976639362705e-09 -6.444251509949793713e-09 -2.688835538413148270e-09 -2.414910564669982462e-09 -1.503194251045554192e-09 -7.155929876624835304e-10 -2.182878313629504366e-10 1.619507259539017280e-11 3.209778332801168003e-10 1.393278664259706976e-09 0.000000000000000000e+00
0.000000000000000000e+00 0.000000000000000000e+00 0.000000000000000000e+00 0.000000000000000000e+00 0.000000000000000000e+00 0.000000000000000000e+00 -7.727069640513921032e-10 3.217281694269609116e-09 -4.500091229976718192e-10 3.151246432181353516e-10 2.739406185905466969e-10 4.151576522372774883e-10 -1.879908091121278833e-10 -1.294165566062243403e-10 -7.373615259601349763e-11 -5.562817765776787140e-11 -1.418677909883478377e-10 3.434667988979034990e-10 1.434639878995688382e-09 0.000000000000000000e+00
0.000000000000000000e+00 0.000000000000000000e+00 0.000000000000000000e+00 0.000000000000000000e+00 0.000000000000000000e+00 0.000000000000000000e+00 1.372327839699548201e-09 -4.592101548998721827e-09 -3.016780340777132839e-10 -3.556698302824987442e-09 -1.196795857224942641e-09 -5.446830469402917586e-10 -9.036679428655436534e-10 -6.622510686505362801e-10 -2.926100344698696509e-10 -9.277492982703391907e-11 4.065029520592600978e-12 1.086936507551529837e-10 2.038569790166465428e-06 0.000000000000000000e+00
0.000000000000000000e+00 0.000000000000000000e+00 0.000000000000000000e+00 0.000000000000000000e+00 0.000000000000000000e+00 0.000000000000000000e+00 2.211364833101075210e-09 -5.013496052491249100e-10 2.458754513911020824e-09 -1.449943018631229779e-09 5.993580478147426618e-10 2.151122904569078013e-10 -3.505911083956168810e-10 -3.211819538621633271e-10 -1.070511914799552303e-10 -1.003174426308420586e-11 8.258467691012732661e-12 1.280580596565703420e-11 2.888948190009211156e-06 0.000000000000000000e+00
0.000000000000000000e+00 0.000000000000000000e+00 0.000000000000000000e+00 0.000000000000000000e+00 0.000000000000000000e+00 0.000000000000000000e+00 -2.083554652785770409e-08 -5.272740508459729615e-08 -5.088504298654134710e-08 -4.313315732504611444e-08 -3.054564465357854321e-08 -1.337605916136620604e-08 -5.378181251076490489e-09 -2.004689500092184190e-09 -1.059363869753914412e-09 -1.827757646412132907e-11 6.107751926201122312e-11 2.250074586101580689e-10 1.907182585355739632e-09 0.000000000000000000e+00
0.000000000000000000e+00 0.000000000000000000e+00 0.000000000000000000e+00 0.000000000000000000e+00 0.000000000000000000e+00 0.000000000000000000e+00 4.496784189697256557e-09 1.708764355893697373e-08 -1.282338401337513999e-08 1.315651814690284988e-09 -5.452488638103720910e-09 1.180307048901962530e-09 7.611581146338984065e-10 3.209136613745804623e-10 2.253257955072403297e-10 1.789740835686531849e-10 -3.584955488493410832e-09 1.721784522612710501e-10 1.852198126938546668e-09 0.000000000000000000e+00
0.000000000000000000e+00 0.000000000000000000e+00 0.000000000000000000e+00 0.000000000000000000e+00 0.000000000000000000e+00 0.000000000000000000e+00 8.815338380957136168e-09 -1.011684824817594363e-08 -2.373688365466943079e-08 -1.507490109328082601e-08 -1.045611470529394231e-08 -2.524454619213737333e-09 -1.087349939667674311e-09 -1.529175478457453755e-10 3.867077664636261040e-11 1.328218470723118705e-10 4.760122617536942352e-11 -1.197943644068920493e-10 -1.972463108141921481e-05 0.000000000000000000e+00
0.000000000000000000e+00 0.000000000000000000e+00 0.000000000000000000e+00 0.000000000000000000e+00 0.000000000000000000e+00 0.000000000000000000e+00 1.686250262261623013e-08 6.208600486921259977e-09 -1.337536394542688901e-08 -4.480392630462440289e-09 -3.373740320277695030e-09 1.253980174925012872e-09 4.424064124023287564e-10 4.760478104463617442e-10 4.305108640933454995e-10 2.149482823949411786e-10 5.687829239754716204e-11 -2.409700179365093837e-10 -1.278218020364797392e-05 0.000000000000000000e+00
0.000000000000000000e+00 0.000000000000000000e+00 0.000000000000000000e+00 0.000000000000000000e+00 0.000000000000000000e+00 0.000000000000000000e+00 7.379219575153630756e-10 -1.125961644493795548e-10 2.858828004592315087e-10 -6.836104060518988306e-10 8.823394636668825293e-11 -2.043710831109567401e-10 -2.106807228302439529e-10 -4.812308938122659972e-10 -1.737288467860402906e-10 -4.584246964986831920e-11 -1.248399250475334499e-10 -4.338117729479704561e-09 -3.615448422255522138e-06 0.000000000000000000e+00
0.000000000000000000e+00 0.000000000000000000e+00 0.000000000000000000e+00 0.000000000000000000e+00 0.000000000000000000e+00 0.000000000000000000e+00 4.858464213789119306e-09 -9.118340771213062939e-09 2.755163613440736319e-09 -1.467637573744999261e-09 -9.771950158394236296e-10 -1.398777945878389760e-09 -8.789796140836936126e-10 -6.323283148905674871e-10 -2.012025601327518045e-10 1.616295034093822438e-11 -9.009206492194848399e-06 -6.325631069571577738e-09 -3.639302541204518901e-06 0.000000000000000000e+00
0.000000000000000000e+00 0.000000000000000000e+00 0.000000000000000000e+00 0.000000000000000000e+00 0.000000000000000000e+00 0.000000000000000000e+00 8.916528159258225675e-10 -1.189486447295884436e-09 2.616453948639119162e-10 -1.044895371176155532e-09 9.949899312042397717e-11 -1.705511178957677021e-10 -4.735339488092016834e-10 -6.081443709763823418e-10 -2.250924834620938383e-10 -6.858482143049833838e-11 -9.657118319907987174e-11 -3.343178692162949693e-09 -6.145271363800628706e+02 0.000000000000000000e+00
0.000000000000000000e+00 0.000000000000000000e+00 0.000000000000000000e+00 0.000000000000000000e+00 0.000000000000000000e+00 0.000000000000000000e+00 1.346234380603238919e-09 -2.005919610596717916e-09 3.557965689334556771e-10 -1.152070694240467694e-09 1.366420016747927902e-10 -2.598283917437184291e-10 -5.868088151333769365e-10 -6.669890578779058162e-10 -2.614432567799272445e-10 -9.856411762453977871e-11 -8.916839670419515887e-11 -2.689777168691747892e-09 -1.216294724610590265e+03 0.000000000000000000e+00
