0.000000000000000000e+00 0.000000000000000000e+00 0.000000000000000000e+00 0.000000000000000000e+00 0.000000000000000000e+00 0.000000000000000000e+00 2.995088935400930054e-09 5.578091030960190381e-09 5.383188941306187806e-09 4.568784351537187117e-09 5.144574924645428687e-09 4.023132553414299574e-09 4.244992333545332168e-09 3.530922772559760220e-09 2.166961168132056782e-09 7.133571503514350523e-10 1.618509970144340327e-10 1.643181906561421914e-08 5.298307963975219456e-05 0.000000000000000000e+00
0.000000000000000000e+00 0.000000000000000000e+00 0.000000000000000000e+00 0.000000000000000000e+00 0.000000000000000000e+00 0.000000000000000000e+00 1.793972940192778811e-09 1.771125500293862609e-09 8.638917834253543692e-10 1.782998002486806355e-09 1.121901425920074921e-09 1.096288222169807116e-09 8.651246507281123342e-10 5.856242071529584082e-10 3.464708949979851429e-10 2.509083724646102699e-10 2.124221853260811924e-06 2.450921360691455814e-08 5.299595467541946391e-05 0.000000000000000000e+00
0.000000000000000000e+00 0.000000000000000000e+00 0.000000000000000000e+00 0.000000000000000000e+00 0.000000000000000000e+00 0.000000000000000000e+00 1.847005259394078407e-09 2.165218596995227613e-09 1.779216832878229873e-09 1.414854581762676041e-09 1.512502581751705302e-09 1.184287874014841949e-09 1.219486494367001787e-09 1.139718950563570090e-09 7.965244603703683313e-10 3.572526170394430081e-10 8.980976728605554693e-11 5.981727035163857352e-09 6.210982966468204722e+02 0.000000000000000000e+00
0.000000000000000000e+00 0.000000000000000000e+00 0.000000000000000000e+00 0.000000000000000000e+00 0.000000000000000000e+00 0.000000000000000000e+00 1.727519108812854179e-09 1.239479862516495948e-09 9.481151344756398386e-10 1.125412538170559471e-09 9.708677002712789168e-10 8.150657926545255913e-10 7.637246052717706711e-10 7.694335764513062740e-10 5.565423192796438891e-10 2.716723980154928912e-10 6.486744088548808291e-11 4.619659198375167368e-09 9.108952654845033976e+02 0.000000000000000000e+00
0.000000000000000000e+00 0.000000000000000000e+00 0.000000000000000000e+00 0.000000000000000000e+00 0.000000000000000000e+00 0.000000000000000000e+00 -4.498173449776829826e-09 -1.008746911507427172e-08 -1.028781528006708622e-08 -8.247813674207910261e-09 -6.188927388161807194e-09 -2.646855303188389849e-09 -2.758118597599258770e-09 -1.455942027762836458e-09 -7.149982431705446477e-10 -2.256347519268626584e-10 1.460229668367330718e-11 3.257721623241352700e-10 1.273900847433639246e-09 0.000000000000000000e+00
0.000000000000000000e+00 0.000000000000000000e+00 0.000000000000000000e+00 0.000000000000000000e+00 0.000000000000000000e+00 0.000000000000000000e+00 -1.189335212399321649e-09 4.135334530295887204e-09 -1.338843160248384672e-09 4.503384854056979081e-10 7.969255607413336668e-10 5.296867312038631227e-10 -1.659665142595192711e-10 -1.508353296620760128e-10 -7.532586795925946062e-11 -5.590003091842193644e-11 -1.376547402607510140e-10 3.492590410162178064e-10 1.308951077033964794e-09 0.000000000000000000e+00
0.000000000000000000e+00 0.000000000000000000e+00 0.000000000000000000e+00 0.000000000000000000e+00 0.000000000000000000e+00 0.000000000000000000e+00 -1.024340774117862996e-10 -3.188817526455947266e-09 -2.576002551911412636e-11 -3.391777515673834397e-09 -8.363587322859630708e-10 -6.085719806422795126e-10 -9.620486496979924145e-10 -6.182474450874122104e-10 -2.867231859300601573e-10 -9.799023451567997627e-11 3.048110108171190268e-12 1.113742506817389802e-10 2.194214786680702519e-06 0.000000000000000000e+00
0.000000000000000000e+00 0.000000000000000000e+00 0.000000000000000000e+00 0.000000000000000000e+00 0.000000000000000000e+00 0.000000000000000000e+00 1.178328693571204395e-09 2.049292205174558480e-12 2.590738289228357661e-09 -1.388221512369813617e-09 9.792024025363690536e-10 1.397083642354644195e-10 -3.235744497388961200e-10 -2.865954826236815549e-10 -9.951765973548017935e-11 -1.357961910559770704e-11 8.064556316684568195e-12 1.447375701882439335e-11 3.034545314102786356e-06 0.000000000000000000e+00
0.000000000000000000e+00 0.000000000000000000e+00 0.000000000000000000e+00 0.000000000000000000e+00 0.000000000000000000e+00 0.000000000000000000e+00 -2.091610567737574577e-08 -5.290930991335932955e-08 -5.084390284567817470e-08 -4.308305588391007217e-08 -3.052357204354301089e-08 -1.338759762006341592e-08 -5.400067318142256569e-09 -2.005090976904624772e-09 -1.058745326617103405e-09 -1.732156851882194434e-11 6.073006647510350777e-11 2.253812800967519981e-10 1.895831785179907697e-09 0.000000000000000000e+00
0.000000000000000000e+00 0.000000000000000000e+00 0.000000000000000000e+00 0.000000000000000000e+00 0.000000000000000000e+00 0.000000000000000000e+00 4.438682129010701083e-09 1.678803166446243792e-08 -1.257418018348515560e-08 1.496074096666753349e-09 -5.459622502868789112e-09 1.211656515202123048e-09 7.410361175993118008e-10 3.255459666784046190e-10 2.268546708151579995e-10 1.794383992505699287e-10 -3.585412361736659178e-09 1.729104280400426910e-10 1.839342278071165981e-09 0.000000000000000000e+00
0.000000000000000000e+00 0.000000000000000000e+00 0.000000000000000000e+00 0.000000000000000000e+00 0.000000000000000000e+00 0.000000000000000000e+00 8.619180875859790014e-09 -1.042095391416601526e-08 -2.345041354834728009e-08 -1.498696313233851714e-08 -1.046216998442203764e-08 -2.506260234760048863e-09 -1.091195792523919932e-09 -1.482026885380866399e-10 4.050934149784602369e-11 1.338534486484235300e-10 4.722264723563250057e-11 -1.193061254394739042e-10 -2.585678017197346330e-05 0.000000000000000000e+00
0.000000000000000000e+00 0.000000000000000000e+00 0.000000000000000000e+00 0.000000000000000000e+00 0.000000000000000000e+00 0.000000000000000000e+00 1.664456914330955339e-08 5.931505621401582950e-09 -1.303965010071017486e-08 -4.376697145742016984e-09 -3.394894018048827106e-09 1.281324246380756623e-09 4.419060251611391277e-10 4.822094345478757934e-10 4.329235104741803683e-10 2.158469470579021113e-10 5.640737692531962711e-11 -2.409172456542396996e-10 -3.183861444325655142e-05 0.000000000000000000e+00
0.000000000000000000e+00 0.000000000000000000e+00 0.000000000000000000e+00 0.000000000000000000e+00 0.000000000000000000e+00 0.000000000000000000e+00 -1.907772495184267774e-11 -1.667626226977719357e-09 -2.343160646898681718e-09 9.527581873854021572e-10 -5.598565286626999145e-10 8.978102265220727308e-11 -5.600105900430396079e-10 -1.656644130319691940e-10 -2.329378353784636644e-10 -1.168183763891805519e-10 -1.332703841461551993e-10 -4.465854765389211504e-09 -1.040823628834472130e-05 0.000000000000000000e+00
0.000000000000000000e+00 0.000000000000000000e+00 0.000000000000000000e+00 0.000000000000000000e+00 0.000000000000000000e+00 0.000000000000000000e+00 2.590784321368664450e-09 -4.282076027388039551e-09 -5.297717344506456736e-09 -1.583677844534122439e-09 -1.406347007431669469e-09 -1.918819103003590432e-10 -1.506807818519342463e-09 -3.659020134233111163e-10 -3.743822311720001682e-10 -1.349113877136247235e-10 7.306911055680661545e-06 -6.317118512013794341e-09 -1.040185504784941436e-05 0.000000000000000000e+00
0.000000000000000000e+00 0.000000000000000000e+00 0.000000000000000000e+00 0.000000000000000000e+00 0.000000000000000000e+00 0.000000000000000000e+00 -4.850016956391738152e-10 -2.030043928315560093e-09 -2.912584870524611457e-09 4.758171336091552263e-10 -4.270498515345486034e-10 5.402172959407547522e-11 -5.193902221276985287e-10 -1.630465737126313240e-10 -3.002056848014870445e-10 -1.722470451826301766e-10 -1.156154673746513971e-10 -3.157482292341492513e-09 4.089875553072290160e+01 0.000000000000000000e+00
0.000000000000000000e+00 0.000000000000000000e+00 0.000000000000000000e+00 0.000000000000000000e+00 0.000000000000000000e+00 0.000000000000000000e+00 -8.252087865424474647e-10 -2.138955592461331566e-09 -3.110074063498810298e-09 1.650392554803574262e-10 -4.703194728093108131e-10 7.987006573171303549e-12 -5.829607316995620610e-10 -2.151775766991065809e-10 -3.723473361082056922e-10 -2.287055995158680389e-10 -1.134705615189111594e-10 -2.632102490969023235e-09 -1.396610403318752276e+02 0.000000000000000000e+00
