0.000000000000000000e+00 0.000000000000000000e+00 0.000000000000000000e+00 0.000000000000000000e+00 0.000000000000000000e+00 0.000000000000000000e+00 1.083916697345866492e-08 4.373622799638464689e-09 5.368300888040183097e-09 3.458994948348693337e-09 3.505938341609033838e-09 4.329734940369468267e-09 3.605641071463802779e-09 3.088322861770568379e-09 1.815762155252410781e-09 6.463732701590720021e-10 1.422114867398827730e-10 1.502979517709332122e-08 1.415223267775366075e-04 0.000000000000000000e+00
0.000000000000000000e+00 0.000000000000000000e+00 0.000000000000000000e+00 0.000000000000000000e+00 0.000000000000000000e+00 0.000000000000000000e+00 1.446384622741981337e-09 5.147026092451774620e-10 1.288802666861566368e-09 1.187536904407543448e-09 8.772171292369604523e-10 1.303796006596986193e-09 9.248735018883739407e-10 5.280149100551472767e-10 3.389681394864539697e-10 2.448982978426092836e-10 3.044744525407822530e-06 2.172239756441784185e-08 1.414922192923917608e-04 0.000000000000000000e+00
0.000000000000000000e+00 0.000000000000000000e+00 0.000000000000000000e+00 0.000000000000000000e+00 0.000000000000000000e+00 0.000000000000000000e+00 1.319998687483406537e-09 1.194193255985383157e-09 1.186922783617237915e-09 9.799124905104774627e-10 8.826681265070118565e-10 1.201405967494169584e-09 1.051238254243151622e-09 8.947518605425611539e-10 6.863853140930290909e-10 3.387803860912648486e-10 8.330799746649814336e-11 5.778066770560736605e-09 8.832348223556962239e+02 0.000000000000000000e+00
0.000000000000000000e+00 0.000000000000000000e+00 0.000000000000000000e+00 0.000000000000000000e+00 0.000000000000000000e+00 0.000000000000000000e+00 4.953372550171824453e-10 9.425565603225777737e-10 7.019106227675405477e-10 5.831314408845087117e-10 7.101308708438726578e-10 8.334690247684848818e-10 7.763133713335039652e-10 6.376734211547516477e-10 5.496890605169514263e-10 2.778057782837244241e-10 6.623650964392990497e-11 5.012340275807785881e-09 1.587893519770347211e+03 0.000000000000000000e+00
0.000000000000000000e+00 0.000000000000000000e+00 0.000000000000000000e+00 0.000000000000000000e+00 0.000000000000000000e+00 0.000000000000000000e+00 2.064595086754835555e-08 -7.742846205439479349e-09 -1.436902733301137031e-08 -6.166672285631287607e-09 -4.628027602769828191e-09 -4.650160527401770772e-09 -2.165622317281489330e-09 -1.217263794855176228e-09 -5.942233505368149619e-10 -2.167326077508803581e-10 1.131920187320936071e-11 3.283430003334113796e-10 2.685548299390221862e-09 0.000000000000000000e+00
0.000000000000000000e+00 0.000000000000000000e+00 0.000000000000000000e+00 0.000000000000000000e+00 0.000000000000000000e+00 0.000000000000000000e+00 1.185482137995479516e-08 2.401200486209099342e-09 -2.894478611943526536e-09 -1.867080742027406981e-09 -3.178021166136193133e-10 -6.406828203101582504e-10 -2.766101521109213778e-10 -1.510208814652990954e-10 -4.056714377608901408e-11 -5.489810851396053658e-11 -3.008973838012543448e-12 3.481818869245135559e-10 2.741918258902777676e-09 0.000000000000000000e+00
0.000000000000000000e+00 0.000000000000000000e+00 0.000000000000000000e+00 0.000000000000000000e+00 0.000000000000000000e+00 0.000000000000000000e+00 3.213509342492379514e-09 -1.817846815785227523e-09 -3.053810474195287650e-09 -1.780999721551192928e-09 -1.336695990623988937e-09 -1.462577028469637423e-09 -6.483629248560305838e-10 -4.243094129564413379e-10 -2.004090280387881181e-10 -9.373103290684805459e-11 -3.341172417096601839e-13 1.067602631621384683e-10 -6.755641075054032427e-07 0.000000000000000000e+00
0.000000000000000000e+00 0.000000000000000000e+00 0.000000000000000000e+00 0.000000000000000000e+00 0.000000000000000000e+00 0.000000000000000000e+00 -7.022042651688201077e-10 5.715467660072230064e-10 6.170260309477908709e-10 -3.460942512700953002e-10 -1.518291462124125808e-10 -3.628967261228887876e-10 -1.406433073965249187e-10 -1.570456879047815679e-10 -3.525021260130460700e-11 -1.401353331726450768e-11 3.093603605295550629e-12 1.009363231464201509e-11 -9.512047547573087399e-07 0.000000000000000000e+00
0.000000000000000000e+00 0.000000000000000000e+00 0.000000000000000000e+00 0.000000000000000000e+00 0.000000000000000000e+00 0.000000000000000000e+00 3.444659674681373040e-08 -3.451629715327843516e-08 -4.140500587692399628e-08 -4.201831283871667816e-08 -1.775511595655645744e-08 -1.307104026783001754e-08 -4.199614358911854370e-09 -2.838093249840919386e-09 -9.052711507724736498e-10 4.180230444096144051e-11 1.591213355723011311e-11 4.468084672934141011e-10 9.631316747459830483e-09 0.000000000000000000e+00
0.000000000000000000e+00 0.000000000000000000e+00 0.000000000000000000e+00 0.000000000000000000e+00 0.000000000000000000e+00 0.000000000000000000e+00 9.748825329358763189e-09 1.580350372218902999e-08 4.963863726437356604e-10 -4.215688123401479845e-09 -4.648891395629105774e-09 1.989940234139795255e-10 -6.253946058035193056e-10 -8.304060142615276436e-10 1.384787915970890125e-11 1.669361775125706648e-10 5.636339975966941246e-10 4.675599244123529672e-10 9.826219548241281121e-09 0.000000000000000000e+00
0.000000000000000000e+00 0.000000000000000000e+00 0.000000000000000000e+00 0.000000000000000000e+00 0.000000000000000000e+00 0.000000000000000000e+00 -4.833983202786979185e-09 -6.888992631206509243e-09 -3.958934017405151186e-09 -8.372347423456987986e-09 -5.056543322145125723e-09 -3.481991078202538743e-09 -1.331302445951195074e-10 -8.604425089024954110e-10 -2.739595366817336135e-10 1.603511939637486272e-10 -5.266372773455205362e-12 -8.209324853459430450e-11 -2.604405726506551938e-05 0.000000000000000000e+00
0.000000000000000000e+00 0.000000000000000000e+00 0.000000000000000000e+00 0.000000000000000000e+00 0.000000000000000000e+00 0.000000000000000000e+00 -1.369595158807710316e-08 3.900559340756822261e-09 7.399282574157508384e-09 2.109461610010493002e-09 -1.085990851997277170e-09 -3.675355600958108285e-12 9.692712128825568448e-10 -3.190858399874012729e-10 -1.017906435729484618e-11 2.384188054211565701e-10 1.060706195637206766e-12 -2.363860901288440325e-10 -3.325314320642428005e-05 0.000000000000000000e+00
0.000000000000000000e+00 0.000000000000000000e+00 0.000000000000000000e+00 0.000000000000000000e+00 0.000000000000000000e+00 0.000000000000000000e+00 1.918417961929947293e-09 -1.242333054436749200e-09 -2.493532001833998062e-10 1.616057088100246561e-10 -4.183762081570282862e-10 6.425528498562595818e-10 -3.724487776586076165e-10 -1.950303535057496142e-11 -1.159078352243227752e-10 -1.634387614080829979e-10 -1.544423847227761165e-10 -4.780929478910179732e-09 -3.274826969331448004e-05 0.000000000000000000e+00
0.000000000000000000e+00 0.000000000000000000e+00 0.000000000000000000e+00 0.000000000000000000e+00 0.000000000000000000e+00 0.000000000000000000e+00 2.245398210530874704e-10 -2.422592220952730469e-09 -4.823808389095136557e-09 -1.037405086364771872e-09 6.704884185319806679e-10 6.625155929035819012e-10 -6.137013592093167878e-10 -2.986044277434257689e-10 -2.279506557541259809e-10 -4.817767326093068904e-11 3.358647661707991628e-05 -5.903243340988538700e-09 -3.272238775564060767e-05 0.000000000000000000e+00
0.000000000000000000e+00 0.000000000000000000e+00 0.000000000000000000e+00 0.000000000000000000e+00 0.000000000000000000e+00 0.000000000000000000e+00 2.744280818059219104e-09 -1.269894576294668618e-09 -9.021391723253701103e-10 3.721600891386940232e-10 7.505909153997907472e-13 7.063827356994682460e-10 -2.741838478640627683e-10 -1.876788293917650757e-10 -1.522264619386383337e-10 -1.759448987286131622e-10 -1.278533437396437079e-10 -2.642245840785849838e-09 3.371086737564015152e+02 0.000000000000000000e+00
0.000000000000000000e+00 0.000000000000000000e+00 0.000000000000000000e+00 0.000000000000000000e+00 0.000000000000000000e+00 0.000000000000000000e+00 2.320240089039829043e-09 -9.738949825822567535e-10 -1.298300067056419325e-09 4.112480350026872365e-10 2.550504835535942972e-11 5.813682393191480997e-10 -2.816049149196904972e-10 -2.971208123107539015e-10 -2.002697311095374572e-10 -2.025688390096706073e-10 -1.232832757015057923e-10 -1.687719384725946884e-09 6.192482027861101415e+02 0.000000000000000000e+00
