0.000000000000000000e+00 0.000000000000000000e+00 0.000000000000000000e+00 0.000000000000000000e+00 0.000000000000000000e+00 0.000000000000000000e+00 1.637568765842266837e-08 2.544423232246685972e-08 8.059941515356537189e-09 1.051575902054431324e-08 1.059704389621781554e-08 1.201669555622027651e-08 1.077478418176392119e-08 9.076332268275631384e-09 5.691703327408304844e-09 1.953560603370200797e-09 4.377120871261636059e-10 4.290134157949929253e-08 7.776914403366118507e-05 0.000000000000000000e+00
0.000000000000000000e+00 0.000000000000000000e+00 0.000000000000000000e+00 0.000000000000000000e+00 0.000000000000000000e+00 0.000000000000000000e+00 1.314993403759546713e-09 2.050181422663574682e-09 3.656750176518781635e-09 3.203514135035367915e-09 2.535952599725296335e-09 2.906012476465167173e-09 1.969559804390395837e-09 1.273706843195691657e-09 8.116236599398102066e-10 7.161250877015263981e-10 5.176180248247569114e-06 6.308066010541164060e-08 7.781619515567252121e-05 0.000000000000000000e+00
0.000000000000000000e+00 0.000000000000000000e+00 0.000000000000000000e+00 0.000000000000000000e+00 0.000000000000000000e+00 0.000000000000000000e+00 5.178701031738252799e-09 6.978834056866002779e-09 2.962425472969862906e-09 2.985876706169547914e-09 2.767279002297618718e-09 3.254234826503456317e-09 3.250020817734527504e-09 2.713039491891505194e-09 1.977870926222771676e-09 9.076492693628813164e-10 2.275623223431440090e-10 1.148989738517600959e-08 -7.250811298420194362e+02 0.000000000000000000e+00
0.000000000000000000e+00 0.000000000000000000e+00 0.000000000000000000e+00 0.000000000000000000e+00 0.000000000000000000e+00 0.000000000000000000e+00 2.698083874852685179e-09 3.801200780230265809e-09 2.470896740367335786e-09 1.500190754377582902e-09 1.624307922604315279e-09 2.069986609342484263e-09 2.129008584154126012e-09 1.764726601916511839e-09 1.316091811978787820e-09 6.025239117263844089e-10 1.444207254186440977e-10 6.594020378355660462e-09 -1.351751278988089325e+03 0.000000000000000000e+00
0.000000000000000000e+00 0.000000000000000000e+00 0.000000000000000000e+00 0.000000000000000000e+00 0.000000000000000000e+00 0.000000000000000000e+00 3.300016107140593565e-08 -1.683207270968479915e-08 -1.405482742436762947e-08 -1.029536210402919196e-08 -6.229022692359348910e-09 -7.971486313073149732e-09 -3.104794622136436598e-09 -1.506281620455899843e-09 -1.020152275504471543e-09 -3.820426975936709952e-10 1.211229929341214781e-11 4.968812866037486084e-10 4.015658456380061941e-09 0.000000000000000000e+00
0.000000000000000000e+00 0.000000000000000000e+00 0.000000000000000000e+00 0.000000000000000000e+00 0.000000000000000000e+00 0.000000000000000000e+00 1.874159049026653612e-08 8.981074752778495904e-10 6.886111067839770978e-12 -9.260104460950311119e-10 -7.823054677980281940e-10 -1.355083529255772623e-09 8.570807441705906902e-11 -1.695058935398931785e-10 -1.045244472099224577e-10 -1.282572210478193080e-10 -9.771247153510372243e-11 5.288834423997397323e-10 4.092187317137328247e-09 0.000000000000000000e+00
0.000000000000000000e+00 0.000000000000000000e+00 0.000000000000000000e+00 0.000000000000000000e+00 0.000000000000000000e+00 0.000000000000000000e+00 1.546318259523906888e-08 -5.563312511048210000e-09 -1.994533129321314668e-09 -3.277881645614744133e-09 -1.951768607370713762e-09 -2.759155278938841299e-09 -9.089145249328701703e-10 -5.495254305721785880e-10 -3.813692298525123836e-10 -1.858070901049151069e-10 -4.542906245056616322e-12 1.724134029622435046e-10 -2.500091408908016528e-06 0.000000000000000000e+00
0.000000000000000000e+00 0.000000000000000000e+00 0.000000000000000000e+00 0.000000000000000000e+00 0.000000000000000000e+00 0.000000000000000000e+00 1.108051453117550341e-08 -1.063609643248049848e-09 1.975397631148121740e-09 -6.917704982118629229e-10 -4.655932548756299989e-10 -9.268332366382965824e-10 -9.496031906641169237e-11 -2.169816778555263234e-10 -1.100218100502666249e-10 -5.688326801466805884e-11 1.980246644813236926e-12 2.751887088630307486e-11 -3.532247182076017061e-06 0.000000000000000000e+00
0.000000000000000000e+00 0.000000000000000000e+00 0.000000000000000000e+00 0.000000000000000000e+00 0.000000000000000000e+00 0.000000000000000000e+00 3.435331643132754490e-08 -6.191560751753926206e-08 -2.726590664703965124e-08 -6.813540903188277905e-08 -3.090839275864379572e-08 -2.093431775042612566e-08 -3.801265033200781205e-09 -3.756696272353637995e-09 -1.493955821295396344e-09 -4.228139803594664007e-11 1.323842326730700172e-11 4.884357018957398640e-10 2.234868581700374924e-08 0.000000000000000000e+00
0.000000000000000000e+00 0.000000000000000000e+00 0.000000000000000000e+00 0.000000000000000000e+00 0.000000000000000000e+00 0.000000000000000000e+00 1.697931636427574122e-08 1.855590460526193764e-08 -9.910404869476986109e-10 -2.036898824373237655e-10 -3.948382652473275392e-09 -1.663317297299866554e-09 3.539014877170798481e-10 -2.562327125129116064e-10 -1.048697496956739130e-11 1.928456368049397933e-10 -1.021087432145871081e-09 4.593572540273777998e-10 2.276464806139004890e-08 0.000000000000000000e+00
0.000000000000000000e+00 0.000000000000000000e+00 0.000000000000000000e+00 0.000000000000000000e+00 0.000000000000000000e+00 0.000000000000000000e+00 1.290647537849898273e-08 -1.744680228289048917e-08 1.155481397308305169e-08 -2.351183843126153148e-08 -7.994218658467243790e-09 -5.569641603456201623e-09 5.710900853482116111e-10 -7.928048185683008633e-10 -3.901000080905605933e-10 1.623599611816967281e-10 -3.714323691817539867e-11 -2.244948103012067463e-10 -3.016593647553799865e-06 0.000000000000000000e+00
0.000000000000000000e+00 0.000000000000000000e+00 0.000000000000000000e+00 0.000000000000000000e+00 0.000000000000000000e+00 0.000000000000000000e+00 8.947523328840530885e-09 8.910886059480053966e-10 2.016424722399599720e-08 -7.215916416555549012e-09 -8.889087466112324181e-10 -3.487379865406353123e-10 1.835856110360822333e-09 1.621466544011325505e-10 3.651096684188466599e-11 2.977833207410898082e-10 -3.807339347211912943e-11 -4.479282448498756234e-10 -1.560161428079139725e-06 0.000000000000000000e+00
0.000000000000000000e+00 0.000000000000000000e+00 0.000000000000000000e+00 0.000000000000000000e+00 0.000000000000000000e+00 0.000000000000000000e+00 -2.461790698680338231e-09 1.940221793560531591e-09 -1.318153853702261464e-10 -1.069312037102835981e-09 -7.996851012126668843e-10 -9.408953776930740492e-11 -5.244704480039130808e-10 -5.278792306976706228e-10 -2.581029735924843436e-10 -1.740278807010017418e-10 -2.176975616298300164e-10 -6.947148053234143166e-09 -1.155852559861347066e-05 0.000000000000000000e+00
0.000000000000000000e+00 0.000000000000000000e+00 0.000000000000000000e+00 0.000000000000000000e+00 0.000000000000000000e+00 0.000000000000000000e+00 1.580020640664985018e-09 6.133345025053213963e-09 -6.501913250645002499e-10 -1.630954635162932978e-09 -5.650763115049447778e-10 3.088019156242619473e-10 -6.688311645215884858e-10 -8.800995276003109573e-10 -4.116894963214734267e-10 -1.258207214609170904e-10 -1.257144364423139326e-06 -9.838763638647658682e-09 -1.158713126776238260e-05 0.000000000000000000e+00
0.000000000000000000e+00 0.000000000000000000e+00 0.000000000000000000e+00 0.000000000000000000e+00 0.000000000000000000e+00 0.000000000000000000e+00 -5.108422208771077147e-10 1.628398768348240240e-09 5.437687854920108958e-10 -9.031505880995787752e-10 -7.286695906421695307e-10 2.422624952304593926e-10 -3.678665915225926988e-10 -3.856589499812098854e-10 -3.000701266815596137e-10 -1.533800936155982937e-10 -1.709864126403281820e-10 -5.170418842673675856e-09 -1.285150463878261235e+03 0.000000000000000000e+00
0.000000000000000000e+00 0.000000000000000000e+00 0.000000000000000000e+00 0.000000000000000000e+00 0.000000000000000000e+00 0.000000000000000000e+00 -1.475853510901752132e-10 1.307164201396241745e-09 7.795991416648026962e-10 -7.422053372068591093e-10 -6.444101606843905654e-10 4.052773746133440502e-10 -3.351544227531575709e-10 -3.703807794431551715e-10 -3.545058834055690136e-10 -1.477075492717153379e-10 -1.602934529815232855e-10 -3.959394539896378540e-09 -2.258356429263038990e+03 0.000000000000000000e+00
