0.000000000000000000e+00 0.000000000000000000e+00 0.000000000000000000e+00 0.000000000000000000e+00 0.000000000000000000e+00 0.000000000000000000e+00 1.332977512538248744e-09 1.462574579498012395e-09 6.450351894496576666e-09 4.230069025804433717e-09 3.581158626191946629e-09 4.508389894063730010e-09 4.085363410786240689e-09 3.054578904908976213e-09 1.644457314013908332e-09 5.453411884392651022e-10 1.822339655931023884e-10 1.399867735027361219e-08 1.021161587003562108e-04 0.000000000000000000e+00
0.000000000000000000e+00 0.000000000000000000e+00 0.000000000000000000e+00 0.000000000000000000e+00 0.000000000000000000e+00 0.000000000000000000e+00 -1.315110725980376989e-09 2.589007042766639959e-10 4.375650270231812450e-10 4.844735636761168084e-10 4.112184460169357967e-10 8.108603415482677581e-10 4.795291435682063121e-10 3.727679794583720024e-10 2.500173119828966763e-10 2.522626339952831820e-10 3.491530260275802843e-06 2.118864465414079540e-08 1.021802395106049264e-04 0.000000000000000000e+00
0.000000000000000000e+00 0.000000000000000000e+00 0.000000000000000000e+00 0.000000000000000000e+00 0.000000000000000000e+00 0.000000000000000000e+00 1.715361248671995797e-10 5.707122923941638058e-10 8.294820316574244399e-10 7.704569191466572935e-10 7.370193346514029697e-10 8.798380162279002796e-10 8.449919386169309096e-10 7.173137946320748481e-10 5.159209707263047912e-10 3.425980312031450044e-10 1.296492969508273316e-10 5.911827971912389153e-09 7.768261857390461955e+01 0.000000000000000000e+00
0.000000000000000000e+00 0.000000000000000000e+00 0.000000000000000000e+00 0.000000000000000000e+00 0.000000000000000000e+00 0.000000000000000000e+00 5.729190883760252568e-11 5.663285049963181226e-10 2.590088282550606132e-10 5.013662687112334012e-10 3.617900919980665946e-10 5.923230302578463954e-10 5.499323788724696274e-10 5.193242003508745232e-10 4.540021416825301407e-10 3.537345602003672086e-10 1.283972991172515226e-10 6.579918017666341543e-09 1.753834759013629991e+02 0.000000000000000000e+00
0.000000000000000000e+00 0.000000000000000000e+00 0.000000000000000000e+00 0.000000000000000000e+00 0.000000000000000000e+00 0.000000000000000000e+00 -3.593419802792499216e-10 -7.234814350899349951e-09 -9.890034872469358708e-09 -6.965334585346421617e-09 -4.707988936561467917e-09 -4.153501025520098593e-09 -2.140933348669000428e-09 -1.286425570168681345e-09 -6.308956155423980142e-10 -2.094435441233558743e-10 1.202684042270031705e-11 3.099247002043044088e-10 2.220371994365728815e-09 0.000000000000000000e+00
0.000000000000000000e+00 0.000000000000000000e+00 0.000000000000000000e+00 0.000000000000000000e+00 0.000000000000000000e+00 0.000000000000000000e+00 -1.114453365694273172e-10 2.664716807112929903e-09 2.877504833189940399e-09 3.858663005658991155e-10 -1.049503629936608584e-09 3.741862953277907026e-10 -2.656228421692220073e-10 4.165635457096553130e-11 -4.288422049795541783e-11 -5.683418074665133751e-11 2.830534564243877007e-10 3.285421277043759090e-10 2.274579032816505978e-09 0.000000000000000000e+00
0.000000000000000000e+00 0.000000000000000000e+00 0.000000000000000000e+00 0.000000000000000000e+00 0.000000000000000000e+00 0.000000000000000000e+00 -2.384840024617858909e-09 -1.827970181025016181e-09 -1.256675596937445766e-09 -1.674277684676106738e-09 -2.240256514288528887e-09 -1.115012299420370524e-09 -7.886907197236907543e-10 -3.654003370411598678e-10 -2.121392922256743442e-10 -8.569517085814600475e-11 -1.936474081632291042e-13 9.689008602947530047e-11 1.622503587843436358e-06 0.000000000000000000e+00
0.000000000000000000e+00 0.000000000000000000e+00 0.000000000000000000e+00 0.000000000000000000e+00 0.000000000000000000e+00 0.000000000000000000e+00 -1.553796396666531243e-09 3.611235639440727210e-10 1.887114902851202671e-09 1.835029608269964767e-10 -1.195154417801962319e-09 1.542804770440969274e-11 -2.923457179943523215e-10 -2.333225254372837953e-11 -3.566406609616431916e-11 -5.988466333799736508e-12 3.465482796421568094e-12 1.331766693681986759e-13 2.123804615530310610e-06 0.000000000000000000e+00
0.000000000000000000e+00 0.000000000000000000e+00 0.000000000000000000e+00 0.000000000000000000e+00 0.000000000000000000e+00 0.000000000000000000e+00 -9.827528060653483767e-09 -3.935446710433070531e-08 -5.090372311706304179e-08 -4.266511543118740796e-08 -2.543394250466044593e-08 -8.035537692035612071e-09 -5.174585444398663156e-09 -2.164397796327573486e-09 -1.308419623415167442e-09 -1.022238537745414279e-10 2.587227479173581210e-12 2.999375771341658429e-10 8.080337223928088677e-09 0.000000000000000000e+00
0.000000000000000000e+00 0.000000000000000000e+00 0.000000000000000000e+00 0.000000000000000000e+00 0.000000000000000000e+00 0.000000000000000000e+00 -8.962083053034980699e-11 5.052664656272791451e-09 7.184189817928212634e-09 2.973746624250026102e-09 -6.251324629232689506e-09 -7.202355777780674988e-10 -8.894860408658832927e-10 -1.103104618994995589e-10 -1.977619103515860381e-10 1.119671861400031683e-10 4.457009547015483090e-09 3.334271793212366370e-10 8.143499487891499512e-09 0.000000000000000000e+00
0.000000000000000000e+00 0.000000000000000000e+00 0.000000000000000000e+00 0.000000000000000000e+00 0.000000000000000000e+00 0.000000000000000000e+00 -1.286266822672495412e-08 -1.473232490590370732e-08 -6.168410988283983076e-09 -9.401335881297767772e-09 -1.330672454074016007e-08 -1.641775975829681231e-09 -1.341560041718944427e-09 -6.442051412233397968e-10 -5.577520710494406108e-10 7.785114344081817301e-11 4.731297261957656971e-12 6.607122528231092747e-11 -2.262933419654897081e-05 0.000000000000000000e+00
0.000000000000000000e+00 0.000000000000000000e+00 0.000000000000000000e+00 0.000000000000000000e+00 0.000000000000000000e+00 0.000000000000000000e+00 -8.924830961086751769e-09 -4.846887313716088853e-09 9.479225965418592130e-09 2.401611850173793245e-09 -8.051712119455727188e-09 2.856835556788533829e-10 -5.393312109816746227e-11 -1.171673689776132300e-10 -2.429703852302641264e-10 1.918303166983472060e-10 2.281874064117448706e-11 -1.394376997068449540e-11 -3.000836131720322934e-05 0.000000000000000000e+00
0.000000000000000000e+00 0.000000000000000000e+00 0.000000000000000000e+00 0.000000000000000000e+00 0.000000000000000000e+00 0.000000000000000000e+00 -6.692173430093082467e-09 3.420638288838330420e-10 -2.163454402167126523e-09 4.386617719775586182e-10 -5.092883498750073199e-10 -2.531737556157342157e-10 -6.353533520595738626e-10 -4.165119722008739543e-10 -1.912925950637828353e-10 -1.447248776356036018e-10 -1.645297598768964382e-10 -4.469835147934091655e-09 -3.911291453264241280e-05 0.000000000000000000e+00
0.000000000000000000e+00 0.000000000000000000e+00 0.000000000000000000e+00 0.000000000000000000e+00 0.000000000000000000e+00 0.000000000000000000e+00 -1.103648758238155946e-08 -1.633977314503433251e-09 -3.865270076034708498e-09 -2.418625420296971405e-10 -6.976869657441874323e-10 -9.129171307965456914e-10 -7.004758351239641823e-10 -5.837714308240552163e-10 -3.667528982883611644e-10 -1.036697316099170709e-10 6.976846208690334993e-06 -6.489953647272131878e-09 -3.910669921576233782e-05 0.000000000000000000e+00
0.000000000000000000e+00 0.000000000000000000e+00 0.000000000000000000e+00 0.000000000000000000e+00 0.000000000000000000e+00 0.000000000000000000e+00 -4.871582750071268115e-09 2.446031806401104739e-10 -2.039855661035166624e-09 2.334098431998036334e-10 -1.954852632313659077e-10 -6.878000888904092564e-11 -4.188895628316166074e-10 -4.999099947830679158e-10 -2.669072031246069334e-10 -2.119106706859076060e-10 -1.424397611274000952e-10 -3.099514631014386401e-09 -5.173695087798630539e+02 0.000000000000000000e+00
0.000000000000000000e+00 0.000000000000000000e+00 0.000000000000000000e+00 0.000000000000000000e+00 0.000000000000000000e+00 0.000000000000000000e+00 -4.495610580231717741e-09 1.807125261729774891e-10 -1.827671021719929507e-09 2.314069711020390051e-10 -1.969093687939268068e-10 -2.300711599097773338e-11 -3.673123881160528242e-10 -5.584723631729234888e-10 -3.394875560751730302e-10 -2.679641060556313114e-10 -1.384731626333545827e-10 -2.553472015815133817e-09 -8.490293023161218571e+02 0.000000000000000000e+00
