0.000000000000000000e+00 0.000000000000000000e+00 0.000000000000000000e+00 0.000000000000000000e+00 0.000000000000000000e+00 0.000000000000000000e+00 8.118008540878628642e-09 1.057055631309004055e-08 1.194231501569418361e-08 9.468761405783552871e-09 1.144889719192161762e-08 1.353738343941877975e-08 1.093170415160251259e-08 8.774697775422919268e-09 5.265973202882503113e-09 2.015530321966091835e-09 4.770146698681750275e-10 4.094873817139593976e-08 3.625016577607780184e-05 0.000000000000000000e+00
0.000000000000000000e+00 0.000000000000000000e+00 0.000000000000000000e+00 0.000000000000000000e+00 0.000000000000000000e+00 0.000000000000000000e+00 -1.816101949396251382e-09 1.448531575229466361e-09 2.644006884203087097e-09 1.729277561023506075e-09 2.001057441571238968e-09 2.021169777033552700e-09 1.633988440447807603e-09 1.368308906708918528e-09 1.044847277164558912e-09 1.110267264247976863e-09 7.407458633511317357e-06 5.916760012424063115e-08 3.630077682658110379e-05 0.000000000000000000e+00
0.000000000000000000e+00 0.000000000000000000e+00 0.000000000000000000e+00 0.000000000000000000e+00 0.000000000000000000e+00 0.000000000000000000e+00 2.578205595599030401e-09 2.711831114003099954e-09 4.059014487624112258e-09 2.193485613428706785e-09 2.984006567711449883e-09 3.364491087101181036e-09 3.139903699108244110e-09 2.612179439749901898e-09 1.929087888088713079e-09 1.121072027756891612e-09 2.985980294579334955e-10 1.336139054210048562e-08 -6.369034441691601387e+02 0.000000000000000000e+00
0.000000000000000000e+00 0.000000000000000000e+00 0.000000000000000000e+00 0.000000000000000000e+00 0.000000000000000000e+00 0.000000000000000000e+00 7.377473265609808434e-10 1.348942324787608571e-09 2.355759763729545527e-09 1.100478615048641572e-09 1.499739995336776362e-09 1.769424122249619653e-09 2.009751760385816058e-09 1.707113628298753300e-09 1.369719892265133840e-09 8.981326702295173730e-10 2.368234712438586443e-10 9.623387531051743766e-09 -4.567515666338576921e+02 0.000000000000000000e+00
0.000000000000000000e+00 0.000000000000000000e+00 0.000000000000000000e+00 0.000000000000000000e+00 0.000000000000000000e+00 0.000000000000000000e+00 -1.232270384184133361e-08 -3.239949953300288836e-08 -1.980891220639996658e-08 -5.652124512669872406e-09 -4.896054758887664971e-09 -6.090423278115678301e-09 -2.549153855508157254e-09 -1.395304321309855536e-09 -8.273323491461693863e-10 -3.410756873626307312e-10 2.378659600798504159e-11 4.694992611667138458e-10 4.011385087053672806e-09 0.000000000000000000e+00
0.000000000000000000e+00 0.000000000000000000e+00 0.000000000000000000e+00 0.000000000000000000e+00 0.000000000000000000e+00 0.000000000000000000e+00 2.156852284135306949e-09 -2.308127506091576406e-09 -2.813887496757262697e-09 3.877184103639611765e-09 -3.785001722207727549e-10 -2.135245949465497080e-10 4.023736638219509994e-10 5.646882353565884754e-11 -6.797955017830090661e-11 -8.895161995901647563e-11 -3.575932348819620918e-10 5.041134148943580159e-10 4.070677354007991401e-09 0.000000000000000000e+00
0.000000000000000000e+00 0.000000000000000000e+00 0.000000000000000000e+00 0.000000000000000000e+00 0.000000000000000000e+00 0.000000000000000000e+00 -8.739215392485003462e-09 -1.010124016475837968e-08 -9.816542129177895251e-09 9.437313293031838142e-10 -1.699188135907943081e-09 -2.431473445199373712e-09 -6.553999003191317607e-10 -3.579020670578014269e-10 -2.925811240590655961e-10 -1.496515067216984100e-10 5.558370604986450130e-12 1.597359399278175230e-10 3.754955213179997255e-07 0.000000000000000000e+00
0.000000000000000000e+00 0.000000000000000000e+00 0.000000000000000000e+00 0.000000000000000000e+00 0.000000000000000000e+00 0.000000000000000000e+00 -6.075005231696666699e-09 -2.706404721275647766e-09 -5.523597420189136416e-09 3.268721610927809404e-09 -5.780883182508652576e-10 -9.685900599409998132e-10 6.323378848352974555e-11 5.092361453561170008e-12 -6.639244920691822344e-11 -2.417414098835370572e-11 1.061956986254925246e-11 1.547209961063433054e-11 4.242666469010251000e-08 0.000000000000000000e+00
0.000000000000000000e+00 0.000000000000000000e+00 0.000000000000000000e+00 0.000000000000000000e+00 0.000000000000000000e+00 0.000000000000000000e+00 -6.202259837138131430e-08 -1.196971599091868857e-07 -1.156112970732732013e-07 -1.804278043292871781e-08 -2.911303328034246275e-08 -1.665286916965858661e-08 -1.996030466677304409e-09 -1.279497014145193433e-09 -8.554719980601979366e-10 -1.914133592955329906e-10 1.452363734143285399e-10 1.006497456712104764e-09 -6.953123752231780473e-09 0.000000000000000000e+00
0.000000000000000000e+00 0.000000000000000000e+00 0.000000000000000000e+00 0.000000000000000000e+00 0.000000000000000000e+00 0.000000000000000000e+00 1.730916187409062865e-08 1.615561460909783119e-09 -1.449191094238822997e-08 9.836485145718166892e-09 4.411572075468783661e-10 1.383037625249917610e-09 1.698511811295356731e-09 -2.391109355040155588e-12 -9.274393141783815860e-11 2.511534929452091848e-10 -5.689416548508123642e-09 1.042029492480970227e-09 -6.859846467440188923e-09 0.000000000000000000e+00
0.000000000000000000e+00 0.000000000000000000e+00 0.000000000000000000e+00 0.000000000000000000e+00 0.000000000000000000e+00 0.000000000000000000e+00 -5.048666550198650894e-08 -4.018209001106971906e-08 -5.591495580871116862e-08 2.729915532262423927e-09 -7.933599821299839481e-09 -4.617789040726010115e-09 1.214353944328874605e-09 4.055293653957265229e-10 -3.338527152221221115e-11 1.184997755595249581e-10 1.082306770638724511e-10 1.379775161174278963e-11 -1.483102291776522056e-05 0.000000000000000000e+00
0.000000000000000000e+00 0.000000000000000000e+00 0.000000000000000000e+00 0.000000000000000000e+00 0.000000000000000000e+00 0.000000000000000000e+00 -3.693720049816872258e-08 -1.051474156981848782e-08 -3.076624135950783467e-08 1.011852518104804511e-08 -5.218936027274672390e-10 -2.960074449702936816e-11 2.156411421742021400e-09 8.069385056807914260e-10 2.299317249133357009e-10 2.957393776155621178e-10 1.058491144819243500e-10 -3.858219787327295726e-10 -2.076128218615360448e-05 0.000000000000000000e+00
0.000000000000000000e+00 0.000000000000000000e+00 0.000000000000000000e+00 0.000000000000000000e+00 0.000000000000000000e+00 0.000000000000000000e+00 -1.359991569857278401e-09 1.283551286288208294e-09 3.731540781905445055e-10 -1.344538934624813935e-09 2.881864642714502682e-10 -3.943747188207850076e-10 -7.604957318106615655e-10 -4.897792703849869106e-10 -4.089475152584091172e-10 -1.482400227184146304e-10 -2.092829269090232801e-10 -5.441245193183281627e-09 -3.967075020933455328e-05 0.000000000000000000e+00
0.000000000000000000e+00 0.000000000000000000e+00 0.000000000000000000e+00 0.000000000000000000e+00 0.000000000000000000e+00 0.000000000000000000e+00 -4.861139099560069109e-09 2.872971170974905037e-09 -1.925211485697222381e-09 2.810260788273591629e-10 2.675029553153553127e-11 1.024367671286851844e-10 -1.503998055703951688e-09 -8.077323380082715519e-10 -3.106574731572715639e-10 8.886547631845942899e-11 -1.346075579226978728e-05 -7.229425888191425857e-09 -3.963640768664399049e-05 0.000000000000000000e+00
0.000000000000000000e+00 0.000000000000000000e+00 0.000000000000000000e+00 0.000000000000000000e+00 0.000000000000000000e+00 0.000000000000000000e+00 -1.249982933132836641e-09 1.990347404746186430e-09 -5.989198380035555922e-10 -7.473310078238372122e-10 5.753165817600543315e-10 -2.152875195176761065e-10 -9.187165265222708586e-10 -5.432908492061769497e-10 -3.584696620399244178e-10 -1.687172395881251077e-10 -1.825660513364571853e-10 -4.911956244360572621e-09 1.057057330847807179e+02 0.000000000000000000e+00
0.000000000000000000e+00 0.000000000000000000e+00 0.000000000000000000e+00 0.000000000000000000e+00 0.000000000000000000e+00 0.000000000000000000e+00 -1.447008261704437554e-09 2.139729815237596997e-09 -9.667218237861398618e-10 -3.437073994492578682e-10 6.532231362377184682e-10 -5.675145033391192827e-11 -9.911977088487264910e-10 -6.180790459997941661e-10 -3.716459145855374363e-10 -2.001807232922956280e-10 -1.849517080540837008e-10 -4.433999349460447448e-09 7.832451288743603754e+02 0.000000000000000000e+00
