0.000000000000000000e+00 0.000000000000000000e+00 0.000000000000000000e+00 0.000000000000000000e+00 0.000000000000000000e+00 0.000000000000000000e+00 1.165110371020659105e-08 1.025083860112239156e-08 1.517308482943673105e-08 1.002480396147811201e-08 1.544196003535062299e-08 1.442747099734437999e-08 1.307093478537093444e-08 1.064093208364681199e-08 6.009776567627185393e-09 2.016045307251554561e-09 2.893412918089836086e-09 2.354684618121300606e-07 4.356277630665849709e-06 0.000000000000000000e+00
0.000000000000000000e+00 0.000000000000000000e+00 0.000000000000000000e+00 0.000000000000000000e+00 0.000000000000000000e+00 0.000000000000000000e+00 2.653363849873177509e-09 5.492573356660510839e-09 1.435723595982897228e-09 1.655881533660264766e-09 2.856122893988943785e-09 2.919394371541257526e-09 2.170185208486380550e-09 1.610709175644037303e-09 1.537050374412516991e-09 1.925153748924165247e-09 1.801963986023289805e-05 2.476352666031007387e-07 4.352962081156550814e-06 0.000000000000000000e+00
0.000000000000000000e+00 0.000000000000000000e+00 0.000000000000000000e+00 0.000000000000000000e+00 0.000000000000000000e+00 0.000000000000000000e+00 2.056570341826603315e-09 3.597193847158925815e-09 3.044093391700167991e-09 1.987779273295582056e-09 3.573265424052523128e-09 3.276806286020492591e-09 3.440877700887625081e-09 3.132815025396327884e-09 2.327543928965375249e-09 1.187007622108155782e-09 1.402516665022114843e-09 8.277145802615043584e-08 3.227501619280519662e+01 0.000000000000000000e+00
0.000000000000000000e+00 0.000000000000000000e+00 0.000000000000000000e+00 0.000000000000000000e+00 0.000000000000000000e+00 0.000000000000000000e+00 1.234913374607175307e-09 3.150796482720375714e-09 1.404113114357849913e-09 1.120837026768518676e-09 2.184674833850956996e-09 2.116550566250953130e-09 2.357113071077011664e-09 2.118992102093343275e-09 1.607262404513810896e-09 7.966992928262582844e-10 8.118677813763142282e-10 7.460016407637511357e-08 4.808078155417089761e+01 0.000000000000000000e+00
0.000000000000000000e+00 0.000000000000000000e+00 0.000000000000000000e+00 0.000000000000000000e+00 0.000000000000000000e+00 0.000000000000000000e+00 -1.355427712889398372e-08 -1.158215765677771665e-08 -6.758707029871526365e-09 -9.582037854436119030e-09 -7.704225299735078586e-09 -5.287368590373095512e-09 -3.768210481878065424e-09 -1.612764743080316731e-09 -8.840826804853582102e-10 -3.216767773975120493e-10 1.449446659759607980e-10 1.023714558452456557e-09 1.403105998041511030e-09 0.000000000000000000e+00
0.000000000000000000e+00 0.000000000000000000e+00 0.000000000000000000e+00 0.000000000000000000e+00 0.000000000000000000e+00 0.000000000000000000e+00 6.030003422530964220e-09 -2.498673716371851874e-09 -4.012584790384737471e-10 3.450442371315077214e-10 -2.480313221058346018e-10 -5.677886935636208617e-10 -2.390273751735471365e-10 -3.247533690139796781e-10 -1.619492249752234128e-10 -2.095722350657673315e-10 -8.855246506769224965e-11 9.836058940003992678e-10 1.409820364310864117e-09 0.000000000000000000e+00
0.000000000000000000e+00 0.000000000000000000e+00 0.000000000000000000e+00 0.000000000000000000e+00 0.000000000000000000e+00 0.000000000000000000e+00 -1.390486286201296741e-09 -1.476826619019958473e-09 -1.117152751363543611e-09 -2.944781278997030845e-09 -1.864440794094660488e-09 -1.751344061696757917e-09 -1.263903319925446059e-09 -7.075535521720757824e-10 -3.588919472540991894e-10 -1.899591790239109031e-10 5.097091761653271602e-11 2.901814947078046171e-10 5.436702019830385775e-07 0.000000000000000000e+00
0.000000000000000000e+00 0.000000000000000000e+00 0.000000000000000000e+00 0.000000000000000000e+00 0.000000000000000000e+00 0.000000000000000000e+00 2.112163930887909944e-09 8.674121535044381073e-10 1.419835021446280866e-10 -1.118789632014886268e-09 -3.538373378203244198e-10 -8.137519499145467714e-10 -5.607536672362097275e-10 -4.244754415940855256e-10 -1.314862124099126489e-10 -7.504835449578489961e-11 1.345313320635438398e-11 4.726702637651743246e-11 6.599939306404640954e-07 0.000000000000000000e+00
0.000000000000000000e+00 0.000000000000000000e+00 0.000000000000000000e+00 0.000000000000000000e+00 0.000000000000000000e+00 0.000000000000000000e+00 -3.885966935229009738e-08 -8.692057168150398876e-08 -7.262142327653665452e-08 -1.814676200412794612e-08 -3.138652851062250651e-08 -4.521305165177318409e-09 -6.997128097951916545e-09 5.404616985450688148e-11 -5.653745962261897713e-10 -3.177299881294190927e-10 2.353935733395534687e-10 6.260905266781779448e-10 5.015935510579826318e-10 0.000000000000000000e+00
0.000000000000000000e+00 0.000000000000000000e+00 0.000000000000000000e+00 0.000000000000000000e+00 0.000000000000000000e+00 0.000000000000000000e+00 9.408234227922135859e-09 -2.147465907200407970e-08 -2.352008899001613193e-08 -5.224203040804412993e-09 -5.328083026622717640e-09 4.607871453976225957e-09 -8.140576500040103833e-11 2.377692633788127296e-10 1.164219770850069679e-10 -1.377877894278781000e-10 6.122762955302822644e-09 4.864425290255784750e-10 4.908039859059845269e-10 0.000000000000000000e+00
0.000000000000000000e+00 0.000000000000000000e+00 0.000000000000000000e+00 0.000000000000000000e+00 0.000000000000000000e+00 0.000000000000000000e+00 2.787449673071182962e-10 -1.348819260071974136e-08 -2.982903778575232094e-08 -4.965511994539544581e-09 -8.083213452879453463e-09 5.157513570746562855e-10 -2.334509991828087965e-09 5.150893170030862772e-10 6.403621417559197921e-11 -1.705575926347505974e-10 9.753300496909641052e-11 -2.435631375207967184e-10 -5.961231465245416670e-07 0.000000000000000000e+00
0.000000000000000000e+00 0.000000000000000000e+00 0.000000000000000000e+00 0.000000000000000000e+00 0.000000000000000000e+00 0.000000000000000000e+00 1.153822617628647533e-08 1.431749136915410862e-09 -1.862204056378030468e-08 -1.955563415940885097e-09 -2.570078311300000359e-09 2.052641869270958901e-09 -9.666441764038371387e-10 5.620929726454750406e-10 2.418724303339799444e-10 -4.256889350433589899e-11 4.728647533103631740e-11 -4.765241729282490333e-10 -6.948724839455718190e-07 0.000000000000000000e+00
0.000000000000000000e+00 0.000000000000000000e+00 0.000000000000000000e+00 0.000000000000000000e+00 0.000000000000000000e+00 0.000000000000000000e+00 7.127210547900939663e-10 -2.141998898596427019e-09 -1.348879272882384933e-09 -1.450156649832289391e-09 -1.213518650774741029e-09 -7.536690678440561354e-10 -3.089534764673267701e-10 -2.736575211249432263e-10 -1.703677135299447044e-10 -2.435288230912303544e-10 -5.864842347263907504e-10 -2.064084776697122784e-08 -1.013796055438676458e-05 0.000000000000000000e+00
0.000000000000000000e+00 0.000000000000000000e+00 0.000000000000000000e+00 0.000000000000000000e+00 0.000000000000000000e+00 0.000000000000000000e+00 -6.464319654319384915e-10 -9.620220587784118423e-10 -3.387652534655362852e-09 -6.325906360834356863e-09 -1.308366208733697917e-09 -2.313965360465552999e-09 -8.424788131595937214e-10 -1.155681723079031863e-09 -5.082049016204213567e-10 -1.736186921630336135e-10 -4.124857270534229244e-04 -2.427588637526294075e-08 -1.014552832117314479e-05 0.000000000000000000e+00
0.000000000000000000e+00 0.000000000000000000e+00 0.000000000000000000e+00 0.000000000000000000e+00 0.000000000000000000e+00 0.000000000000000000e+00 1.796247862367767545e-09 3.022415035725979719e-10 -1.220498990374096695e-09 -1.697801072306686692e-09 -1.200423177052183252e-09 -5.555912597197845748e-10 -4.106303967717444710e-10 -5.651325320485871211e-10 -3.515262945622074361e-10 -2.694075170868560175e-10 -3.537568389381971157e-10 -3.754330470944006004e-08 1.701495785823144313e+00 0.000000000000000000e+00
0.000000000000000000e+00 0.000000000000000000e+00 0.000000000000000000e+00 0.000000000000000000e+00 0.000000000000000000e+00 0.000000000000000000e+00 1.572037198624605869e-09 8.978374481339070981e-10 -1.096336220076985157e-09 -1.991276719554065735e-09 -1.034145147582780860e-09 -5.359377124461656453e-10 -4.710743518636113974e-10 -6.895096258331957817e-10 -4.515082505150875755e-10 -2.992540738365469785e-10 -2.310848244125941332e-10 -4.098640957558023079e-08 1.335232760808552577e+00 0.000000000000000000e+00
