0.000000000000000000e+00 0.000000000000000000e+00 0.000000000000000000e+00 0.000000000000000000e+00 0.000000000000000000e+00 0.000000000000000000e+00 1.584740667838460113e-08 1.124888073132008914e-08 3.313158865099128469e-09 4.431571745294310499e-09 4.783420675190000304e-09 5.581920047701830155e-09 5.263428847613233142e-09 3.651689398227202275e-09 1.688646821880206611e-09 5.026421452811759313e-10 6.525555999000161069e-10 7.494908500796640669e-08 1.249688624734642158e-05 0.000000000000000000e+00
0.000000000000000000e+00 0.000000000000000000e+00 0.000000000000000000e+00 0.000000000000000000e+00 0.000000000000000000e+00 0.000000000000000000e+00 3.301331927319948390e-09 4.702857749547012464e-10 6.157211160309775703e-10 1.295101755844286569e-09 1.280759563464697420e-09 1.526568036765087071e-09 1.106307640640769992e-09 9.041591222035565401e-10 5.174180486652022789e-10 5.674289398656053883e-10 1.409496747864583946e-05 8.138208598971185977e-08 1.250705195896709783e-05 0.000000000000000000e+00
0.000000000000000000e+00 0.000000000000000000e+00 0.000000000000000000e+00 0.000000000000000000e+00 0.000000000000000000e+00 0.000000000000000000e+00 4.995392574832610953e-09 3.455981320734279522e-09 1.017468893335325427e-09 1.176104403266651484e-09 1.428735341102529697e-09 1.755696916271073497e-09 1.799757386102895866e-09 1.379919399244019520e-09 7.579819003954021435e-10 3.751516471315619058e-10 3.459502057986378282e-10 5.216365177538263641e-08 4.958922979115655494e+00 0.000000000000000000e+00
0.000000000000000000e+00 0.000000000000000000e+00 0.000000000000000000e+00 0.000000000000000000e+00 0.000000000000000000e+00 0.000000000000000000e+00 2.789690732679599332e-09 2.007195026119795674e-09 7.057785483391511662e-10 8.284961870439629285e-10 9.654565568334801056e-10 1.237910803358161552e-09 1.277618334547924605e-09 1.039178557857763637e-09 6.222965265289144672e-10 3.692033642369706296e-10 2.767796211192670953e-10 6.012859966596403415e-08 7.299573672936801927e+00 0.000000000000000000e+00
0.000000000000000000e+00 0.000000000000000000e+00 0.000000000000000000e+00 0.000000000000000000e+00 0.000000000000000000e+00 0.000000000000000000e+00 -4.867044697915572878e-08 -1.485916098691933235e-08 -5.664692578797272486e-09 -1.217926636945692659e-08 -4.092116516489990527e-09 -4.650797990676118457e-09 -2.669594298564590388e-09 -1.006235955849865735e-09 -5.631778796615022659e-10 -1.262022601222229151e-10 9.191596576638155285e-11 6.169874126310396352e-10 7.728055402689191334e-10 0.000000000000000000e+00
0.000000000000000000e+00 0.000000000000000000e+00 0.000000000000000000e+00 0.000000000000000000e+00 0.000000000000000000e+00 0.000000000000000000e+00 2.497640429924349497e-09 1.172175466393393487e-10 -4.093330262073762360e-09 4.213788952323592589e-11 -9.693805032206886892e-10 1.887675138028343253e-10 3.210888618292905512e-10 1.552299132836779833e-10 -4.131655319379305631e-11 -5.714539198831810975e-11 4.981737815005788704e-10 5.990362372148347275e-10 7.743943106166995627e-10 0.000000000000000000e+00
0.000000000000000000e+00 0.000000000000000000e+00 0.000000000000000000e+00 0.000000000000000000e+00 0.000000000000000000e+00 0.000000000000000000e+00 -2.052510037392459603e-08 -5.253537009698514747e-09 -3.624761809601729286e-09 -3.991530534570307561e-09 -1.446393934464777396e-09 -1.236526899556416656e-09 -8.818687854120748506e-10 -2.466492073552419524e-10 -1.933089986039169195e-10 -4.895912797159925013e-11 3.525920291594413724e-11 1.540357438599635350e-10 1.532968380664400145e-08 0.000000000000000000e+00
0.000000000000000000e+00 0.000000000000000000e+00 0.000000000000000000e+00 0.000000000000000000e+00 0.000000000000000000e+00 0.000000000000000000e+00 -1.093888548628453095e-08 -2.490672196246620326e-09 -2.909954148832141687e-09 -1.677079530273008416e-09 -7.428693237995319385e-10 -2.589912230889648166e-10 -3.055390233196922501e-10 1.446395880948919971e-11 -2.911605678757388322e-11 1.723438698335462587e-11 1.181298755369156968e-11 -4.695276267294216475e-12 1.914776383635681596e-08 0.000000000000000000e+00
0.000000000000000000e+00 0.000000000000000000e+00 0.000000000000000000e+00 0.000000000000000000e+00 0.000000000000000000e+00 0.000000000000000000e+00 -1.634634481579864643e-07 -6.826164952854156115e-08 -1.472361186223437304e-08 -4.024558064338580561e-08 -1.202554746304992076e-08 -1.590002463250408997e-08 -5.422304967628544935e-09 -7.991641606502880194e-10 -5.265942119083185733e-10 3.212478621910863946e-11 3.065238773900805802e-11 2.371455710370538260e-10 -2.170708057968396320e-09 0.000000000000000000e+00
0.000000000000000000e+00 0.000000000000000000e+00 0.000000000000000000e+00 0.000000000000000000e+00 0.000000000000000000e+00 0.000000000000000000e+00 3.046393997558738028e-08 2.174409012357105414e-08 -6.323558463946585196e-09 1.460233837008052958e-09 -9.577157448263692531e-10 -1.349689153156685059e-09 1.305735157659906077e-09 2.576162715337710291e-12 1.738207653777652911e-10 5.725930570872511508e-11 -8.145395440566849472e-09 2.696344323647058996e-10 -2.089076889090878864e-09 0.000000000000000000e+00
0.000000000000000000e+00 0.000000000000000000e+00 0.000000000000000000e+00 0.000000000000000000e+00 0.000000000000000000e+00 0.000000000000000000e+00 -5.763721576945925550e-08 -3.601799906196474985e-09 -1.272256745947363530e-09 -1.222043769859254570e-08 -2.551913184219268631e-09 -4.665308659171280541e-09 -1.425278231695851817e-09 3.232302579572811605e-11 -4.513392281728048760e-11 9.453392968820079755e-11 -1.536381039618018168e-11 -1.074270543759042243e-09 3.543272036339332216e-06 0.000000000000000000e+00
0.000000000000000000e+00 0.000000000000000000e+00 0.000000000000000000e+00 0.000000000000000000e+00 0.000000000000000000e+00 0.000000000000000000e+00 -2.226383927117914490e-08 1.207919674786498316e-08 1.825321370381873061e-09 -4.538255583668361306e-09 4.840311056883052395e-11 -1.709363426685941570e-09 -1.465720823251762704e-10 2.131347014472907151e-10 1.641858605545013945e-10 1.482843994135234504e-10 -3.855069457258431253e-11 -1.414546503767139909e-09 4.330777474700693104e-06 0.000000000000000000e+00
0.000000000000000000e+00 0.000000000000000000e+00 0.000000000000000000e+00 0.000000000000000000e+00 0.000000000000000000e+00 0.000000000000000000e+00 -6.590474689278170864e-10 -3.337712446611407473e-09 -1.276991359416334341e-09 -4.017893884596286443e-10 -4.390361416996733888e-10 2.742589700011767725e-10 -1.880780448856129548e-10 -2.705070255921140222e-11 -1.710939917750974800e-10 -1.580625098008945339e-10 -3.867220850914048197e-10 -1.306394747965348628e-08 -9.213436758321466678e-07 0.000000000000000000e+00
0.000000000000000000e+00 0.000000000000000000e+00 0.000000000000000000e+00 0.000000000000000000e+00 0.000000000000000000e+00 0.000000000000000000e+00 -2.718006857487560358e-09 -4.755791475430343845e-09 -2.691830399418283499e-09 -3.121055786841178017e-09 -3.034624669858117076e-11 -9.092779022150794997e-10 -7.428691619476853857e-10 -5.880400691488993607e-10 -3.333468073075591576e-10 -6.227580640664613745e-11 2.739701704436799026e-04 -1.550550317334750990e-08 -9.303518443441488859e-07 0.000000000000000000e+00
0.000000000000000000e+00 0.000000000000000000e+00 0.000000000000000000e+00 0.000000000000000000e+00 0.000000000000000000e+00 0.000000000000000000e+00 4.971497969522723922e-10 -3.373265129251590446e-09 -6.889154076278178087e-10 -2.258181080007589336e-10 -2.640995244944899735e-10 3.932203789804410100e-10 -3.489630229527613660e-10 -4.591778452635264318e-10 -2.800004166528994965e-10 -2.000669066818894119e-10 -2.668374537977660468e-10 -3.158970614181295518e-08 -2.622623495101438706e+01 0.000000000000000000e+00
0.000000000000000000e+00 0.000000000000000000e+00 0.000000000000000000e+00 0.000000000000000000e+00 0.000000000000000000e+00 0.000000000000000000e+00 2.237259895926608571e-11 -3.423610009767686916e-09 -5.671841941176303861e-10 -3.425461819799029252e-10 -6.828858580817022642e-11 2.391351358528179935e-10 -3.757035393368739184e-10 -5.852677268738464507e-10 -3.289710580477030722e-10 -2.388956310190753941e-10 -1.998946146783480552e-10 -3.996626426581327235e-08 -3.839889654630468385e+01 0.000000000000000000e+00
