0.000000000000000000e+00 0.000000000000000000e+00 0.000000000000000000e+00 0.000000000000000000e+00 0.000000000000000000e+00 0.000000000000000000e+00 1.150487120168105741e-08 1.347322665230204321e-08 1.137732383836253136e-08 1.103452973789892736e-08 1.097694158921128100e-08 8.521680148257595252e-09 8.302479474247003317e-09 6.571938019153149676e-09 2.415886301658888051e-09 9.785884920199499542e-10 1.532567831738898736e-09 1.971884810227359820e-07 7.734987471102463489e-06 0.000000000000000000e+00
0.000000000000000000e+00 0.000000000000000000e+00 0.000000000000000000e+00 0.000000000000000000e+00 0.000000000000000000e+00 0.000000000000000000e+00 8.935942643055519809e-10 9.636670864980931423e-10 1.652747567784730327e-09 1.062297098648872897e-09 1.655137859128389567e-09 1.720355669431001262e-09 1.458211945208882701e-09 9.965563553516645836e-10 1.069851633718999282e-09 2.477375277183264359e-09 2.839633491092729352e-04 2.064467796759332329e-07 7.728549214053153651e-06 0.000000000000000000e+00
0.000000000000000000e+00 0.000000000000000000e+00 0.000000000000000000e+00 0.000000000000000000e+00 0.000000000000000000e+00 0.000000000000000000e+00 1.032960016665724911e-09 1.584470249707455258e-09 1.000458805185635282e-09 9.747323673614098728e-10 1.172484959314893487e-09 1.166078855584391250e-09 1.382658656551188399e-09 1.182787476877010565e-09 1.052611384843372125e-09 1.163324186945260588e-09 1.823414943864126148e-09 6.191206399357218394e-08 7.622399098047948485e+01 0.000000000000000000e+00
0.000000000000000000e+00 0.000000000000000000e+00 0.000000000000000000e+00 0.000000000000000000e+00 0.000000000000000000e+00 0.000000000000000000e+00 6.169925248013684318e-10 1.019345401126130492e-09 6.072673581297984420e-10 5.226471809155779926e-10 9.497598877099607747e-10 1.443316627162280825e-09 1.516404471069793217e-09 1.131757802410632141e-09 1.366827611319154789e-09 1.594121328920019139e-09 2.450257212815044470e-09 8.241689329344580149e-08 1.115261701160427492e+02 0.000000000000000000e+00
0.000000000000000000e+00 0.000000000000000000e+00 0.000000000000000000e+00 0.000000000000000000e+00 0.000000000000000000e+00 0.000000000000000000e+00 -4.548743068482964381e-09 -9.168393977753873727e-09 -2.231584719955143356e-08 -7.408742191666173606e-09 -6.477934204836804504e-09 -3.033853121494009435e-09 -1.678237229769115334e-09 -1.306660338619775714e-09 -6.344885707941731976e-10 -1.288361296526225742e-10 9.158852646785358005e-11 6.493910089763537758e-10 8.593005848758771449e-10 0.000000000000000000e+00
0.000000000000000000e+00 0.000000000000000000e+00 0.000000000000000000e+00 0.000000000000000000e+00 0.000000000000000000e+00 0.000000000000000000e+00 -3.245453441302458137e-09 1.977061640899931572e-10 -2.531472486842354514e-09 -3.567876840051145067e-10 -4.676198400959097256e-10 -2.111883140784299238e-10 -4.656516555998131364e-11 1.506362669685123099e-11 -5.695363863218524993e-11 -6.037735772853623087e-11 -7.705042756640763584e-11 6.270106897549176152e-10 8.625413418891976712e-10 0.000000000000000000e+00
0.000000000000000000e+00 0.000000000000000000e+00 0.000000000000000000e+00 0.000000000000000000e+00 0.000000000000000000e+00 0.000000000000000000e+00 -1.308070664426418464e-09 -3.680580274408122707e-09 -3.849114340187837472e-09 -2.362992286394811873e-09 -1.583930850440723682e-09 -8.172558428525412408e-10 -4.925208900607080316e-10 -3.374120115904237680e-10 -2.054619389527640792e-10 -5.193040660559748992e-11 2.967434391521677212e-11 1.598022402499851035e-10 1.450874222704838546e-07 0.000000000000000000e+00
0.000000000000000000e+00 0.000000000000000000e+00 0.000000000000000000e+00 0.000000000000000000e+00 0.000000000000000000e+00 0.000000000000000000e+00 -5.054940047021695192e-10 -1.748553567462343580e-09 2.605062605680496903e-10 -9.582695344038643093e-10 -3.722892613400056319e-10 -2.027326000555098250e-10 -1.602433200418790278e-10 -3.725560186009179246e-11 -2.081597978564753569e-11 1.249046204442836226e-11 5.572148540540075962e-12 -3.360105596337458507e-12 1.775051371878549084e-07 0.000000000000000000e+00
0.000000000000000000e+00 0.000000000000000000e+00 0.000000000000000000e+00 0.000000000000000000e+00 0.000000000000000000e+00 0.000000000000000000e+00 2.486941023318981900e-08 -1.198863788493050242e-08 -8.578512272539983929e-08 -3.254947494721269335e-08 -1.631490660198754049e-08 -5.625715314299331082e-09 -3.337175151774482277e-09 -9.735020167922958463e-10 -7.503232536324257815e-10 -1.188083945946521467e-10 3.279978489630497230e-11 3.761276661331580949e-10 -7.590046716524424606e-10 0.000000000000000000e+00
0.000000000000000000e+00 0.000000000000000000e+00 0.000000000000000000e+00 0.000000000000000000e+00 0.000000000000000000e+00 0.000000000000000000e+00 -2.091207004227934985e-08 -1.950248079073310149e-08 -3.238781806797125086e-09 -2.963019459924607495e-09 -2.860323027121779933e-09 -2.266329178090081363e-09 3.082520103931555384e-10 -3.399828917969155151e-10 -3.225585772953576797e-10 -1.057934415479012312e-10 2.870153025166138349e-08 3.261386051607695445e-10 -6.856849532992412854e-10 0.000000000000000000e+00
0.000000000000000000e+00 0.000000000000000000e+00 0.000000000000000000e+00 0.000000000000000000e+00 0.000000000000000000e+00 0.000000000000000000e+00 1.355753601655737557e-09 -1.795771134476630009e-08 -9.745985615013838086e-09 -8.852291845846638476e-09 -5.069873285675335524e-09 -2.473767607646468635e-09 -5.622142688231688622e-10 -3.912210443787311857e-10 -4.570955204892537600e-10 -7.952402552329984355e-11 -1.691530003186862189e-11 -3.656693926818623500e-10 -5.602963140427633995e-06 0.000000000000000000e+00
0.000000000000000000e+00 0.000000000000000000e+00 0.000000000000000000e+00 0.000000000000000000e+00 0.000000000000000000e+00 0.000000000000000000e+00 -4.305518058835410636e-09 -1.746225737571043403e-08 7.144627739096748788e-09 -2.809236038559461498e-09 -2.381213056455550797e-09 -1.617472599458404529e-09 2.041477026044430190e-10 -2.477343068979097488e-10 -3.257304344089404148e-10 -4.565930537570379924e-11 -5.176447868846775934e-11 -5.344967904218849997e-10 -6.774910797889406850e-06 0.000000000000000000e+00
0.000000000000000000e+00 0.000000000000000000e+00 0.000000000000000000e+00 0.000000000000000000e+00 0.000000000000000000e+00 0.000000000000000000e+00 -4.695012681956105390e-09 -1.012081462975375668e-09 -4.748823978877539373e-10 1.280988404938360948e-09 -9.283492132073163895e-11 -4.006488602039778747e-10 -3.838626967708156583e-10 -4.956198530438624694e-10 -2.977003514237087600e-10 -1.501774209293981922e-10 -1.972240866453497042e-10 -1.664498179244582796e-08 8.436739364459728942e-06 0.000000000000000000e+00
0.000000000000000000e+00 0.000000000000000000e+00 0.000000000000000000e+00 0.000000000000000000e+00 0.000000000000000000e+00 0.000000000000000000e+00 -2.957123896922540108e-09 1.480709339201801629e-09 1.181541319439958321e-09 9.385018568540797525e-10 -1.220496208598656931e-09 -1.409517036097581648e-09 -7.277030936274153833e-10 -4.832928693546097575e-10 -2.532141649366489680e-10 -3.215645647217498231e-10 1.774153495763717777e-04 -1.788508399821218607e-08 8.441748547223216925e-06 0.000000000000000000e+00
0.000000000000000000e+00 0.000000000000000000e+00 0.000000000000000000e+00 0.000000000000000000e+00 0.000000000000000000e+00 0.000000000000000000e+00 -4.485718540133449260e-09 -1.754269381134648672e-10 -5.517968872673769982e-10 1.212146061854136740e-09 -2.339796147101596358e-11 -4.129403676949271340e-10 -4.086834892873625792e-11 -3.021466693685590538e-10 -2.083785805689497562e-10 -1.959241978085306558e-10 -1.386383744837395946e-10 -2.431427746385330175e-08 -2.730985048295659112e+01 0.000000000000000000e+00
0.000000000000000000e+00 0.000000000000000000e+00 0.000000000000000000e+00 0.000000000000000000e+00 0.000000000000000000e+00 0.000000000000000000e+00 -4.503009744294592518e-09 3.529664399509802270e-11 -4.315263231240946552e-10 1.055872189092010697e-09 -1.122562057343768240e-10 -4.451110122643763499e-10 -1.173334975880136099e-10 -3.309764459585466779e-10 -2.237380059848611669e-10 -2.544684991620322168e-10 -1.455521065352489724e-10 -2.856975963802428825e-08 -3.741966381360767713e+01 0.000000000000000000e+00
