0.000000000000000000e+00 0.000000000000000000e+00 0.000000000000000000e+00 0.000000000000000000e+00 0.000000000000000000e+00 0.000000000000000000e+00 6.446348255393112993e-09 3.851832729842130808e-10 1.497792925385599917e-09 1.592276637902759792e-09 2.758008485060806300e-09 2.333069673679596392e-09 2.002922611682933069e-09 1.808371832783272216e-09 9.243681669285200835e-10 2.882402504933793276e-10 8.242295919071436807e-11 1.196743733224319520e-08 2.971334298552258391e-04 0.000000000000000000e+00
0.000000000000000000e+00 0.000000000000000000e+00 0.000000000000000000e+00 0.000000000000000000e+00 0.000000000000000000e+00 0.000000000000000000e+00 1.264024336742217237e-09 -8.757337933027485133e-10 -2.314747098929777180e-09 -5.633407192640571428e-11 4.770820198165806333e-10 6.275853038127087620e-10 6.352654043764138921e-11 2.207974525609804550e-10 9.499734331357812723e-11 7.640476836779593507e-11 1.036565907867113186e-07 2.120521339741607520e-08 2.968248439273006578e-04 0.000000000000000000e+00
0.000000000000000000e+00 0.000000000000000000e+00 0.000000000000000000e+00 0.000000000000000000e+00 0.000000000000000000e+00 0.000000000000000000e+00 1.404178123389774058e-09 -1.014043561857595038e-09 -6.353408893041039465e-10 -1.116580965267825720e-13 2.287844046337938955e-10 5.258390029434341228e-10 3.232668385468713939e-10 4.903715385638834188e-10 2.700351508624203005e-10 1.351433923275312671e-10 4.579319019284673997e-11 5.831950197257594730e-09 9.255819849594539846e+03 0.000000000000000000e+00
0.000000000000000000e+00 0.000000000000000000e+00 0.000000000000000000e+00 0.000000000000000000e+00 0.000000000000000000e+00 0.000000000000000000e+00 1.553243465110245115e-09 -1.208471110345759890e-09 -6.382950392094107445e-10 4.176816462198295349e-11 2.837195321643326555e-11 6.668249975279024147e-10 4.568351237318394181e-10 5.247335812524973726e-10 3.052960878041348354e-10 1.632707051086023346e-10 5.173291502485992578e-11 7.761659584092527000e-09 1.345046759355776885e+04 0.000000000000000000e+00
0.000000000000000000e+00 0.000000000000000000e+00 0.000000000000000000e+00 0.000000000000000000e+00 0.000000000000000000e+00 0.000000000000000000e+00 -3.203131495475673626e-08 4.973696544995075705e-10 -1.958293668452302596e-08 -3.681407074263170161e-09 -6.120779107206461763e-09 -3.769820788646251222e-09 -1.723196889413212969e-09 -1.140303169585336364e-09 -5.272893107781760273e-10 -1.789916147917937823e-10 1.712789044028147628e-11 3.028650024423617745e-10 7.560485338052938992e-09 0.000000000000000000e+00
0.000000000000000000e+00 0.000000000000000000e+00 0.000000000000000000e+00 0.000000000000000000e+00 0.000000000000000000e+00 0.000000000000000000e+00 8.258374119454896290e-09 3.982098057612700682e-09 -2.455841771336929316e-09 4.106700993167195735e-10 -1.957134206740945383e-09 1.064905129912892882e-10 3.463485058247196545e-10 -1.393234801727196796e-11 1.237010982331989398e-11 -2.590355118107784980e-11 -4.644429947731852710e-11 3.502892662791769876e-10 7.594691470750171024e-09 0.000000000000000000e+00
0.000000000000000000e+00 0.000000000000000000e+00 0.000000000000000000e+00 0.000000000000000000e+00 0.000000000000000000e+00 0.000000000000000000e+00 -5.924472050035061443e-09 1.288530702143005879e-09 -4.937369653238499959e-09 2.164054925967006299e-10 -1.779062188806872091e-09 -5.562327268523630259e-10 9.140294296640687862e-11 -2.307659282314139837e-10 -7.881447491961959192e-11 -4.594046113460023775e-11 6.432485513015308907e-12 3.237274267344226500e-11 -8.345232217186141028e-06 0.000000000000000000e+00
0.000000000000000000e+00 0.000000000000000000e+00 0.000000000000000000e+00 0.000000000000000000e+00 0.000000000000000000e+00 0.000000000000000000e+00 5.760326255927659551e-09 1.514517002460517732e-09 1.033665690291925521e-09 1.609300815000771373e-09 -2.449969940147793818e-10 6.214689631044423861e-10 7.410999563293309029e-10 1.134911650710538656e-10 9.656131885667465376e-11 3.141698766610298112e-11 8.467154941813262569e-12 -7.338366321436894571e-11 -8.179584065371868330e-06 0.000000000000000000e+00
0.000000000000000000e+00 0.000000000000000000e+00 0.000000000000000000e+00 0.000000000000000000e+00 0.000000000000000000e+00 0.000000000000000000e+00 -1.688680358962387803e-07 -3.456673870690870729e-08 -1.016056835638552795e-07 -3.114609576405906247e-08 -3.280411451835494479e-08 -1.538688485883838639e-08 -8.998820543795543137e-09 -4.550081887147263355e-09 -1.730396005520438290e-09 -7.439427372770114023e-10 1.091769290231741329e-10 1.600391890738897316e-09 1.137663019599547817e-07 0.000000000000000000e+00
0.000000000000000000e+00 0.000000000000000000e+00 0.000000000000000000e+00 0.000000000000000000e+00 0.000000000000000000e+00 0.000000000000000000e+00 4.854907177850207208e-08 3.477058156569036776e-08 -8.840512098599480193e-09 -6.868794163445509730e-09 -7.908483070232121147e-09 -3.314178656830218821e-10 8.414386132400955692e-10 2.256770749221515391e-10 7.514017908571351204e-10 1.210994439250477586e-10 -4.304039693746823071e-10 1.705297426851217287e-09 1.132461540675066166e-07 0.000000000000000000e+00
0.000000000000000000e+00 0.000000000000000000e+00 0.000000000000000000e+00 0.000000000000000000e+00 0.000000000000000000e+00 0.000000000000000000e+00 -3.676306064825584999e-08 1.365806984315824576e-08 -2.692011874582275725e-08 -8.050986651908233187e-09 -6.997128186000990585e-09 -2.589389631065265625e-09 3.033127420103824643e-10 -2.344228601949964813e-10 6.632288862552518427e-10 -1.132525915344728617e-11 3.049102991082174498e-11 -2.696802602994047058e-10 -9.622795936770846997e-05 0.000000000000000000e+00
0.000000000000000000e+00 0.000000000000000000e+00 0.000000000000000000e+00 0.000000000000000000e+00 0.000000000000000000e+00 0.000000000000000000e+00 2.536725907740859531e-08 3.107964454212579914e-08 5.154056889501159928e-09 1.009656436372304575e-09 1.930113901698981900e-09 2.182122579935020231e-09 3.603666807844826701e-09 1.313166342359043582e-09 1.536857569941069933e-09 3.822124540958737992e-10 3.202019914560638164e-11 -9.068664116857882211e-10 -1.237355809619032664e-04 0.000000000000000000e+00
0.000000000000000000e+00 0.000000000000000000e+00 0.000000000000000000e+00 0.000000000000000000e+00 0.000000000000000000e+00 0.000000000000000000e+00 2.303320467989179960e-10 -3.270387721564933997e-09 -1.143999679124858694e-11 -4.358783860038920757e-10 7.819631273560381900e-10 -3.791656772925259612e-10 -6.216733398949660528e-11 -1.711112454202533034e-10 -2.856963002848039357e-10 -1.642229870752769527e-10 -1.951071261158052799e-10 -4.108029442669305960e-09 -6.449115923827480445e-05 0.000000000000000000e+00
0.000000000000000000e+00 0.000000000000000000e+00 0.000000000000000000e+00 0.000000000000000000e+00 0.000000000000000000e+00 0.000000000000000000e+00 4.040248676161416560e-09 -1.991611446560753369e-08 5.094483594583251061e-09 -6.576979737845292162e-10 -1.848710108865511443e-09 -6.047509617085810957e-10 -3.951403540321118002e-10 -6.155701994758910607e-10 -1.284298031334284321e-10 -5.478312695621181065e-11 1.168283853889307937e-05 -6.773500787743709195e-09 -6.452618166321792790e-05 0.000000000000000000e+00
0.000000000000000000e+00 0.000000000000000000e+00 0.000000000000000000e+00 0.000000000000000000e+00 0.000000000000000000e+00 0.000000000000000000e+00 -1.282244257637316223e-09 -1.897012464426621940e-09 1.028366633385695657e-09 -3.172411106798452333e-10 8.874210663636526423e-10 -5.035621663198556861e-10 2.321139422002719951e-11 -8.838295529984571080e-11 -2.363810889675978530e-10 -2.489134839730068134e-10 -1.967658587359707501e-10 -2.674831144856495733e-09 -9.165449593316114942e+02 0.000000000000000000e+00
0.000000000000000000e+00 0.000000000000000000e+00 0.000000000000000000e+00 0.000000000000000000e+00 0.000000000000000000e+00 0.000000000000000000e+00 -1.986102018333628422e-09 -2.085262339212824298e-09 1.412958231352049690e-09 -9.468470853694128222e-11 8.361955271273590098e-10 -4.049487207678086570e-10 -9.925952798521585311e-11 -1.651650918720741600e-10 -2.281329675585683961e-10 -3.235055874453404140e-10 -1.943551830068467609e-10 -1.882632823812624637e-09 -1.380955349049933602e+03 0.000000000000000000e+00
