0.000000000000000000e+00 0.000000000000000000e+00 0.000000000000000000e+00 0.000000000000000000e+00 0.000000000000000000e+00 0.000000000000000000e+00 4.013288321686962756e-09 4.504055256170746267e-09 4.168153221053418023e-09 3.269172041512375861e-09 2.318291066144426249e-09 2.455338298599565643e-09 2.362237501200802722e-09 1.975818320776591352e-09 1.181325636237466113e-09 3.792947517027119013e-10 1.097537288183080301e-10 1.327411484262362152e-08 3.902049255426476293e-04 0.000000000000000000e+00
0.000000000000000000e+00 0.000000000000000000e+00 0.000000000000000000e+00 0.000000000000000000e+00 0.000000000000000000e+00 0.000000000000000000e+00 -2.929498395038424040e-09 1.771211791169347636e-09 -3.627204091035878144e-10 -6.218341157293184675e-10 4.546668451987751716e-10 3.180023637416469717e-10 4.558816926301234960e-10 4.536525504730453253e-10 2.598425984279014792e-10 2.379154183637817506e-10 4.618046552773849905e-07 2.278852114355407448e-08 3.900804942732535169e-04 0.000000000000000000e+00
0.000000000000000000e+00 0.000000000000000000e+00 0.000000000000000000e+00 0.000000000000000000e+00 0.000000000000000000e+00 0.000000000000000000e+00 -9.585964990519274574e-10 -4.378349921494795125e-10 -6.937351127575900587e-10 1.581242071496508001e-10 8.649225090835355400e-10 4.617981491954572811e-10 8.155491358169410622e-10 6.957413607992373944e-10 4.431440184376556918e-10 1.915875535176762364e-10 6.251977667728939248e-11 4.414941265582165793e-09 -7.207406822743578232e+02 0.000000000000000000e+00
0.000000000000000000e+00 0.000000000000000000e+00 0.000000000000000000e+00 0.000000000000000000e+00 0.000000000000000000e+00 0.000000000000000000e+00 -9.878198234549134211e-10 -3.406244286877161059e-10 -2.742896124895704637e-10 -1.028952290809561991e-11 9.150651124505489903e-10 4.748379408933868160e-10 7.131690474698059178e-10 6.822292182119836243e-10 4.456942457697338777e-10 1.953671286740374952e-10 6.013217965621378051e-11 5.255273307081525491e-09 -2.738853334068167896e+03 0.000000000000000000e+00
0.000000000000000000e+00 0.000000000000000000e+00 0.000000000000000000e+00 0.000000000000000000e+00 0.000000000000000000e+00 0.000000000000000000e+00 -2.846873806902995676e-08 -1.930432572755938651e-08 -1.714730632528170801e-08 -1.355797331696858072e-08 -5.152227222641158460e-09 -2.760611389768257319e-09 -1.677542187940930749e-09 -1.007840137380746972e-09 -5.775209437464952132e-10 -1.900337418626929462e-10 1.504075193027690260e-11 3.127940539551603362e-10 5.172176579738488799e-09 0.000000000000000000e+00
0.000000000000000000e+00 0.000000000000000000e+00 0.000000000000000000e+00 0.000000000000000000e+00 0.000000000000000000e+00 0.000000000000000000e+00 -1.409882396473818338e-08 -4.040376602048934868e-09 3.689555330968564707e-09 1.058166985202030166e-09 1.507801510500026076e-11 1.558970375650861647e-09 8.301784370511211241e-11 -3.066122247197917144e-11 -1.474170201545420491e-11 -3.201999303437070395e-11 -5.751112966170689468e-11 3.655570524989575233e-10 5.209406540957738249e-09 0.000000000000000000e+00
0.000000000000000000e+00 0.000000000000000000e+00 0.000000000000000000e+00 0.000000000000000000e+00 0.000000000000000000e+00 0.000000000000000000e+00 -6.025764601947813372e-09 -6.745760266928650098e-09 1.724028097247357218e-10 -1.375056620684288309e-09 4.287355972937135555e-10 1.989830458229387406e-10 -2.173862807157213948e-10 -2.212678830728705033e-10 -1.192231532736610030e-10 -5.934682379632685514e-11 8.460604999372436462e-13 6.270735915449737272e-11 -4.999270251892440599e-07 0.000000000000000000e+00
0.000000000000000000e+00 0.000000000000000000e+00 0.000000000000000000e+00 0.000000000000000000e+00 0.000000000000000000e+00 0.000000000000000000e+00 1.136985252577347298e-09 -1.740337491989059176e-09 5.935447773803373152e-09 3.182518338157883185e-09 2.295455873872481460e-09 1.320216339334139096e-09 3.028324971758367456e-10 7.046694229012052872e-11 6.992920252395089788e-11 1.812974894069628785e-11 2.528226706233116548e-13 -4.112714612646847569e-11 -9.272349883849676473e-07 0.000000000000000000e+00
0.000000000000000000e+00 0.000000000000000000e+00 0.000000000000000000e+00 0.000000000000000000e+00 0.000000000000000000e+00 0.000000000000000000e+00 -1.208601409371670102e-07 -9.149495604754327004e-08 -7.525073033812218855e-08 -5.989327194809462804e-08 -2.162805207161837298e-08 -1.169319404272453858e-08 -6.397779922198949915e-09 -3.133332935082447490e-09 -1.772058652777060552e-09 -4.869783535033436750e-10 9.841504276853389669e-11 1.457304021353902180e-09 1.252524857198816333e-08 0.000000000000000000e+00
0.000000000000000000e+00 0.000000000000000000e+00 0.000000000000000000e+00 0.000000000000000000e+00 0.000000000000000000e+00 0.000000000000000000e+00 -7.385467854627636824e-08 -4.397723511229876238e-09 1.360019874194322346e-08 3.165657153471492080e-10 1.196163284722239146e-09 2.260655891264515160e-09 2.480935217973656401e-10 1.180189005846299650e-10 3.169339939905032199e-10 9.676369351038693284e-11 7.069439909523180787e-10 1.782883660486774199e-09 1.222034708277546528e-08 0.000000000000000000e+00
0.000000000000000000e+00 0.000000000000000000e+00 0.000000000000000000e+00 0.000000000000000000e+00 0.000000000000000000e+00 0.000000000000000000e+00 -2.317199055421066375e-08 -1.209257651726421741e-08 -4.603015929940821388e-09 -2.275450055903451600e-09 4.537991938979650297e-09 -2.489642506429177836e-09 2.046963082295312942e-11 -2.846448999602037948e-10 2.940621077566812223e-10 -5.776936947392291708e-11 3.006031479931775524e-11 -1.063901033864840969e-10 8.888971116524280636e-05 0.000000000000000000e+00
0.000000000000000000e+00 0.000000000000000000e+00 0.000000000000000000e+00 0.000000000000000000e+00 0.000000000000000000e+00 0.000000000000000000e+00 7.742335416493551432e-09 1.620946174209335826e-08 2.008248290089791532e-08 1.744851069425172089e-08 1.284526578195075747e-08 1.360452860970955060e-09 2.174328572006511364e-09 7.604454348558176918e-10 9.938005146805227260e-10 1.742005652226048105e-10 2.238067022465094222e-11 -7.304157867953547676e-10 1.210215942391874036e-04 0.000000000000000000e+00
0.000000000000000000e+00 0.000000000000000000e+00 0.000000000000000000e+00 0.000000000000000000e+00 0.000000000000000000e+00 0.000000000000000000e+00 1.572406864882035289e-11 2.972543667729173082e-09 1.435823820096594397e-09 -6.292909494608395390e-10 9.530321534669586158e-10 7.100388123871439177e-10 2.147939599960459738e-10 -2.953592213524669301e-11 -3.636070807520338579e-10 -1.986000369667808982e-10 -1.151278548713238131e-10 -6.503247360476443296e-09 -2.203064397177718998e-05 0.000000000000000000e+00
0.000000000000000000e+00 0.000000000000000000e+00 0.000000000000000000e+00 0.000000000000000000e+00 0.000000000000000000e+00 0.000000000000000000e+00 5.069789094639516267e-09 2.783533355442739693e-09 3.052601608696805815e-09 -1.003908697427183848e-09 -1.682339053459611475e-09 -1.636872455133154966e-10 -6.596331950387235205e-10 -3.527845315558677567e-10 -3.101901688940341612e-10 -2.371900229011752887e-10 1.694909621896901385e-05 -7.654957059430489391e-09 -2.206159710838887105e-05 0.000000000000000000e+00
0.000000000000000000e+00 0.000000000000000000e+00 0.000000000000000000e+00 0.000000000000000000e+00 0.000000000000000000e+00 0.000000000000000000e+00 -1.831150516622600952e-09 1.875338657728517459e-09 5.542441100862783997e-10 -2.646251443201696488e-10 1.426807594796249592e-09 4.731138796414601652e-10 -1.678959318500527446e-10 -1.399456709170911257e-10 -4.506261675761652527e-10 -1.995567472907236863e-10 -9.537825041066994092e-11 -6.259484661290445240e-09 5.265873134700678975e+02 0.000000000000000000e+00
0.000000000000000000e+00 0.000000000000000000e+00 0.000000000000000000e+00 0.000000000000000000e+00 0.000000000000000000e+00 0.000000000000000000e+00 -2.014312239698679502e-09 8.235875047018392298e-10 6.097941789188853093e-10 -2.173136509744897156e-10 1.442178415441653596e-09 2.007357555743053553e-10 -3.642463223892194381e-10 -1.977140284085296996e-10 -4.656473819839765197e-10 -2.258921098913035283e-10 -9.612567960013472279e-11 -6.536221318981507901e-09 4.277620810439993875e+02 0.000000000000000000e+00
