0.000000000000000000e+00 0.000000000000000000e+00 0.000000000000000000e+00 0.000000000000000000e+00 0.000000000000000000e+00 0.000000000000000000e+00 3.948469899339746175e-10 3.313717400876294469e-09 1.536488418504882136e-09 1.042902307411675907e-09 1.401591061778230987e-09 1.428902952639098038e-09 1.100065121460185418e-09 8.452419567158513418e-10 4.929015001862221231e-10 1.615138198067661641e-10 5.074504901255904202e-11 6.693113678504177156e-09 4.399805984478212181e-04 0.000000000000000000e+00
0.000000000000000000e+00 0.000000000000000000e+00 0.000000000000000000e+00 0.000000000000000000e+00 0.000000000000000000e+00 0.000000000000000000e+00 -1.267434604904389063e-09 -3.824152856379268533e-10 2.881030548103088012e-10 9.464784187590895109e-10 9.717365388388151160e-10 3.499656869940858453e-10 1.987324742991782140e-10 3.272895303118547310e-10 1.082396581848940751e-10 5.817214380717878502e-11 1.631615110778215376e-07 1.219444426498437022e-08 4.400159607428578631e-04 0.000000000000000000e+00
0.000000000000000000e+00 0.000000000000000000e+00 0.000000000000000000e+00 0.000000000000000000e+00 0.000000000000000000e+00 0.000000000000000000e+00 -2.435858284400693185e-10 6.266055191921450863e-10 6.909944510661753025e-10 2.576504904990576528e-10 5.910208787555490409e-10 4.044563358077705892e-10 2.852944984106369126e-10 3.222259405765816356e-10 2.308469209302326494e-10 1.307278910149345146e-10 3.899006349206064330e-11 6.820917643808999515e-09 -3.631546338464257133e+03 0.000000000000000000e+00
0.000000000000000000e+00 0.000000000000000000e+00 0.000000000000000000e+00 0.000000000000000000e+00 0.000000000000000000e+00 0.000000000000000000e+00 3.183537202252109529e-10 -3.048053264939964060e-10 1.243122196240179589e-09 2.918341344193908947e-10 6.708787785009123707e-10 3.623251994818179259e-10 2.996540124996154968e-10 3.950078445365837244e-10 2.740938310428517573e-10 1.717150821290707753e-10 4.831835008345447010e-11 9.011861638253143238e-09 -3.824320933243845502e+03 0.000000000000000000e+00
0.000000000000000000e+00 0.000000000000000000e+00 0.000000000000000000e+00 0.000000000000000000e+00 0.000000000000000000e+00 0.000000000000000000e+00 3.335381769449713486e-09 -4.477971481813772962e-09 -9.625142698044412010e-09 -4.998685431044159128e-09 -4.263514535051977064e-09 -2.156810954880038891e-09 -1.766694860017267773e-09 -8.423342154917641322e-10 -3.879209365002587888e-10 -9.956959281456786150e-11 1.432169274501286196e-11 1.947531247786195982e-10 5.457911134429754315e-10 0.000000000000000000e+00
0.000000000000000000e+00 0.000000000000000000e+00 0.000000000000000000e+00 0.000000000000000000e+00 0.000000000000000000e+00 0.000000000000000000e+00 1.980396366421653714e-08 -2.187660240340056541e-09 4.145888823194586577e-09 1.459752439805985575e-09 1.657363054522108410e-09 -2.667792125022137320e-10 -4.478480444874905625e-10 -9.468364439135395922e-11 2.222438749159697402e-11 -2.183465562133628911e-12 9.084137033428607988e-11 2.298754208604446772e-10 5.703777805798009642e-10 0.000000000000000000e+00
0.000000000000000000e+00 0.000000000000000000e+00 0.000000000000000000e+00 0.000000000000000000e+00 0.000000000000000000e+00 0.000000000000000000e+00 2.323355595574463505e-08 1.956607330689187267e-09 1.172443037349648625e-09 -7.185293496362883733e-10 5.637644839306395005e-11 -5.239380765790220892e-10 -5.875589069865606484e-10 -1.967479526911763254e-10 -4.911454979032160077e-11 -1.243738042226169805e-11 4.431301670744739448e-12 9.165252111952528771e-12 -4.506174544976830723e-06 0.000000000000000000e+00
0.000000000000000000e+00 0.000000000000000000e+00 0.000000000000000000e+00 0.000000000000000000e+00 0.000000000000000000e+00 0.000000000000000000e+00 2.830112029823054824e-08 3.477417965220244805e-09 4.980372608700974972e-09 9.856964176834333326e-10 1.576966491072941620e-09 2.735042263671967142e-11 -1.802369862809011215e-10 3.829783486843792226e-11 8.457691546768625408e-11 3.818667968493917245e-11 3.928841862082631152e-12 -6.146746327344693504e-11 -4.913499635964529226e-06 0.000000000000000000e+00
0.000000000000000000e+00 0.000000000000000000e+00 0.000000000000000000e+00 0.000000000000000000e+00 0.000000000000000000e+00 0.000000000000000000e+00 1.331450207018332907e-08 8.997425813375007088e-09 -5.097755406319443990e-08 -3.171090646132846281e-08 -2.252298373817100939e-08 -7.888379554940994923e-09 -6.586406018585617373e-09 -3.422544938249468414e-09 -1.311873382420873622e-09 -3.583587844751876674e-10 7.328267842941610606e-11 1.013070709594944912e-09 1.596103664273978520e-08 0.000000000000000000e+00
0.000000000000000000e+00 0.000000000000000000e+00 0.000000000000000000e+00 0.000000000000000000e+00 0.000000000000000000e+00 0.000000000000000000e+00 5.805171010494802025e-08 8.828631446173455859e-09 1.333445857727257683e-08 -1.458393792610843583e-08 -5.603146226375825388e-10 6.227959342648662849e-11 -6.594100124696823877e-10 -3.413846588386593999e-10 3.070359720973485420e-10 1.864746625547732539e-10 3.377556569832359948e-10 1.218775520626752581e-09 1.663462323400441103e-08 0.000000000000000000e+00
0.000000000000000000e+00 0.000000000000000000e+00 0.000000000000000000e+00 0.000000000000000000e+00 0.000000000000000000e+00 0.000000000000000000e+00 5.079744659538553814e-08 1.029424995027380720e-08 9.444322697708713370e-09 -1.318382937409891469e-08 -2.989221685260413520e-09 -8.468582710486562119e-10 -1.335881030010376547e-09 -4.732010927363401177e-10 1.153110963967771363e-10 1.814287789440339034e-10 1.948341400840474629e-12 -1.413887909654403124e-10 -8.087943298478631295e-05 0.000000000000000000e+00
0.000000000000000000e+00 0.000000000000000000e+00 0.000000000000000000e+00 0.000000000000000000e+00 0.000000000000000000e+00 0.000000000000000000e+00 6.212874034791029605e-08 9.256575069573838678e-09 2.896135304705464271e-08 -5.878319900369257554e-09 3.996001036263360822e-09 1.576332626827270804e-09 5.312922846488966512e-10 5.076090572026178755e-10 6.302832417567252166e-10 4.381046776919435067e-10 -3.143762170963045156e-12 -5.939076512526177427e-10 -9.727890551577686245e-05 0.000000000000000000e+00
0.000000000000000000e+00 0.000000000000000000e+00 0.000000000000000000e+00 0.000000000000000000e+00 0.000000000000000000e+00 0.000000000000000000e+00 -5.061597673447878152e-10 -8.529755338662483116e-10 -8.017376938704240073e-10 4.411730572907522669e-10 8.570255859639787761e-10 4.165922343716157917e-10 -2.040098606535133176e-10 -4.452212081130522358e-10 -1.944658960023155993e-10 -9.575171857306203199e-11 -1.729642223489465395e-10 -2.850126390004332986e-09 -1.475369206694567131e-05 0.000000000000000000e+00
0.000000000000000000e+00 0.000000000000000000e+00 0.000000000000000000e+00 0.000000000000000000e+00 0.000000000000000000e+00 0.000000000000000000e+00 -1.926177392679689868e-09 -5.540725521714705140e-10 5.077263504164623167e-10 1.150527740988396738e-10 7.426171209545749654e-10 -4.674569146656283707e-11 -7.050265025104003239e-10 -4.737138080562965031e-10 -1.365022802416684850e-10 -1.298647346441492311e-10 -1.320661388180036372e-05 -4.100095322996437547e-09 -1.481981075335461067e-05 0.000000000000000000e+00
0.000000000000000000e+00 0.000000000000000000e+00 0.000000000000000000e+00 0.000000000000000000e+00 0.000000000000000000e+00 0.000000000000000000e+00 -1.203237461773036135e-09 -2.035669665332703953e-09 -7.009310649869306150e-10 2.652480171089231180e-10 2.289356616192772015e-10 5.699829138173179318e-10 -3.215903717343966022e-10 -3.690920121849413129e-10 -1.875373002669513961e-10 -1.328123740661611028e-10 -1.396927242329033320e-10 -3.505981823141984103e-09 2.809054695122630164e+03 0.000000000000000000e+00
0.000000000000000000e+00 0.000000000000000000e+00 0.000000000000000000e+00 0.000000000000000000e+00 0.000000000000000000e+00 0.000000000000000000e+00 -1.786517029257812354e-09 -2.086357774459325319e-09 -5.454446522078137770e-10 5.320194052654335998e-11 -7.748951354989580826e-11 4.716271233975191991e-10 -3.901904940204639956e-10 -3.238709671064419481e-10 -2.094685954152577196e-10 -1.592264044545292011e-10 -1.119961797480019656e-10 -3.583553733560573270e-09 4.072068654167080240e+03 0.000000000000000000e+00
