0.000000000000000000e+00 0.000000000000000000e+00 0.000000000000000000e+00 0.000000000000000000e+00 0.000000000000000000e+00 0.000000000000000000e+00 6.002009627264741441e-10 -8.695749987679215793e-10 2.179063721840820295e-09 1.206391858461179178e-09 1.673533198826532318e-09 9.622798641155880312e-10 8.274465993739808443e-10 8.234315039663361878e-10 4.325946085468991731e-10 1.390860513635236581e-10 4.000743616169441537e-11 6.117727636187244101e-09 7.799727660285611999e-04 0.000000000000000000e+00
0.000000000000000000e+00 0.000000000000000000e+00 0.000000000000000000e+00 0.000000000000000000e+00 0.000000000000000000e+00 0.000000000000000000e+00 8.321663424335827985e-10 -4.028523298791556829e-10 1.454048890626602318e-10 1.373424931828066299e-09 1.001647356286641449e-09 3.315514117944575302e-10 1.700936769440821776e-10 1.687189872668172687e-10 1.047385627449367087e-10 4.102210192756171551e-11 -8.100722607413359867e-09 1.098445481628684249e-08 7.797848178553818885e-04 0.000000000000000000e+00
0.000000000000000000e+00 0.000000000000000000e+00 0.000000000000000000e+00 0.000000000000000000e+00 0.000000000000000000e+00 0.000000000000000000e+00 8.826093596415620210e-10 -1.386225326005057984e-09 -1.793536208043974757e-10 4.250709294380625727e-10 4.386151536640670258e-10 2.891542324698188307e-10 1.591529614674750334e-10 2.614459113903029854e-10 2.266612267827815308e-10 1.088593808972130353e-10 3.157221285497484844e-11 6.676242879008451675e-09 5.814400473559398961e+03 0.000000000000000000e+00
0.000000000000000000e+00 0.000000000000000000e+00 0.000000000000000000e+00 0.000000000000000000e+00 0.000000000000000000e+00 0.000000000000000000e+00 1.287648791664670565e-09 -8.988989698489314157e-10 -1.859385704000604440e-10 4.077033309375585544e-10 4.031355412679050285e-10 4.543108434210166383e-10 2.715114098071332252e-10 3.353251677356039402e-10 2.838578725484035841e-10 1.460532446335462786e-10 4.181606127022797502e-11 8.657248436863379239e-09 7.081751635666834773e+03 0.000000000000000000e+00
0.000000000000000000e+00 0.000000000000000000e+00 0.000000000000000000e+00 0.000000000000000000e+00 0.000000000000000000e+00 0.000000000000000000e+00 -1.319281033358562745e-08 -1.628475999658726075e-09 -1.630984591049350470e-08 -3.350327182718267074e-09 -4.726216481600644402e-09 -2.113428185374905024e-09 -9.013968574919400769e-10 -5.828740043082078941e-10 -3.056394248119525480e-10 -1.070787550164366398e-10 9.320794687721723370e-12 1.980475760073219962e-10 4.331930051039967414e-09 0.000000000000000000e+00
0.000000000000000000e+00 0.000000000000000000e+00 0.000000000000000000e+00 0.000000000000000000e+00 0.000000000000000000e+00 0.000000000000000000e+00 1.245402990648094834e-08 5.911437357825943773e-09 3.890496462605492583e-10 -1.602153340591497297e-09 -5.447185926925394634e-10 5.197654010427694576e-10 4.091922139489489551e-10 7.614035851777751213e-11 2.066494585407839779e-11 -1.152582640853849828e-11 1.229018332985580581e-11 2.246212119588685707e-10 4.351676012811518887e-09 0.000000000000000000e+00
0.000000000000000000e+00 0.000000000000000000e+00 0.000000000000000000e+00 0.000000000000000000e+00 0.000000000000000000e+00 0.000000000000000000e+00 1.563753984032474311e-09 1.958628272915806525e-09 -2.787008751038693063e-09 -7.669063523345615275e-10 -8.534376360664106679e-10 -3.673530735215733328e-11 6.789105910405465033e-11 -3.304286248292560058e-11 -3.474108179708836813e-11 -2.948081140411697593e-11 1.596708940645439463e-12 1.893756173188768590e-11 -4.057506057279347189e-06 0.000000000000000000e+00
0.000000000000000000e+00 0.000000000000000000e+00 0.000000000000000000e+00 0.000000000000000000e+00 0.000000000000000000e+00 0.000000000000000000e+00 8.228920091653595195e-09 3.308577180570991212e-09 2.905230708216607662e-09 1.382763305185196411e-10 5.033458750772993584e-10 7.000299552167976457e-10 4.577445195471395906e-10 1.714050054642358461e-10 7.415220937669900675e-11 1.718644168313698475e-11 2.171684750431632585e-12 -5.003538131314238971e-11 -4.742175159794651039e-06 0.000000000000000000e+00
0.000000000000000000e+00 0.000000000000000000e+00 0.000000000000000000e+00 0.000000000000000000e+00 0.000000000000000000e+00 0.000000000000000000e+00 -8.951789332468046421e-08 -2.945396639420252546e-08 -8.897345144401461159e-08 -2.009415024727243832e-08 -2.333917778785409861e-08 -9.773675044776397627e-09 -7.337001188874359722e-09 -3.153942906721427358e-09 -1.323593993170579118e-09 -5.431933816370528067e-10 9.038375217824497230e-11 1.235493295663228386e-09 9.016138599029560286e-08 0.000000000000000000e+00
0.000000000000000000e+00 0.000000000000000000e+00 0.000000000000000000e+00 0.000000000000000000e+00 0.000000000000000000e+00 0.000000000000000000e+00 7.013883445413297941e-08 4.009804362609764772e-08 3.625498416953706322e-10 -3.764365094317446610e-09 -6.437004500039854998e-09 3.953137646504889702e-10 2.787999627388043000e-10 1.419220879216385209e-10 4.407755939931869057e-10 1.120580431933379197e-10 8.519678978830126417e-10 1.288726984177167323e-09 8.990659277186662276e-08 0.000000000000000000e+00
0.000000000000000000e+00 0.000000000000000000e+00 0.000000000000000000e+00 0.000000000000000000e+00 0.000000000000000000e+00 0.000000000000000000e+00 -1.619138735511308403e-08 1.184795404747212846e-08 -1.845205032081064317e-08 -4.118148378152633252e-09 -5.492763421157532869e-09 -1.323709091370496674e-09 -3.966184297692699699e-10 -4.405444558709353176e-10 3.803801469872434759e-10 2.851174783289619213e-11 2.135371389144308569e-11 -3.728728876403043583e-13 -6.601437388352575126e-05 0.000000000000000000e+00
0.000000000000000000e+00 0.000000000000000000e+00 0.000000000000000000e+00 0.000000000000000000e+00 0.000000000000000000e+00 0.000000000000000000e+00 2.287241471107478649e-08 2.768680619152591129e-08 1.160675523627147846e-08 1.888062062507233930e-09 6.203607984513948117e-10 1.897748029015962058e-09 2.116078063440042376e-09 5.974838265576060823e-10 1.001955599010792040e-09 3.294403515472413975e-10 1.981723686091890554e-11 -4.636979615500883595e-10 -8.553851504177547053e-05 0.000000000000000000e+00
0.000000000000000000e+00 0.000000000000000000e+00 0.000000000000000000e+00 0.000000000000000000e+00 0.000000000000000000e+00 0.000000000000000000e+00 -1.204347585049883104e-09 2.058437623021580270e-09 1.690249376896223084e-09 -3.321480572452559959e-10 -6.352309499536647339e-10 6.615419678462132134e-11 2.781289631493211603e-11 -7.839975739114794370e-11 -1.133416064426863612e-10 -1.572154449157717413e-10 -2.659457197902068804e-11 -4.062338973944116706e-09 3.632601576383621094e-05 0.000000000000000000e+00
0.000000000000000000e+00 0.000000000000000000e+00 0.000000000000000000e+00 0.000000000000000000e+00 0.000000000000000000e+00 0.000000000000000000e+00 -7.202738414238314471e-10 1.512095187491752695e-09 8.761218506207321932e-10 -2.784549389970950489e-09 -1.508102405813354552e-09 -3.719208513149830880e-10 -8.125501891587623523e-11 -3.853051927707087356e-10 -2.488168002389375703e-10 2.671235063306017686e-11 4.138267042226002288e-06 -6.124077776252987058e-09 3.627938015771831634e-05 0.000000000000000000e+00
0.000000000000000000e+00 0.000000000000000000e+00 0.000000000000000000e+00 0.000000000000000000e+00 0.000000000000000000e+00 0.000000000000000000e+00 -1.706056965169131784e-09 1.770667502066428564e-09 1.925223636613673304e-09 -4.695265048190809935e-10 -1.682731831827815440e-10 3.353965232941238053e-10 -1.792113502917403705e-11 -4.420433585198930502e-11 -2.353580382235694134e-10 -1.342463485017312476e-10 -1.541981949367455888e-11 -2.892077915166662544e-09 2.130799088539115473e+03 0.000000000000000000e+00
0.000000000000000000e+00 0.000000000000000000e+00 0.000000000000000000e+00 0.000000000000000000e+00 0.000000000000000000e+00 0.000000000000000000e+00 -1.789172172676164082e-09 2.215192877877705274e-09 1.987930933250490989e-09 -5.674402665748996691e-10 -8.754342693525530339e-11 3.318820440669711395e-10 -3.821929610344877033e-11 -1.054490227285136036e-10 -3.159971182886061572e-10 -1.256940003653617634e-10 -7.882377697254925677e-12 -2.389248641163613927e-09 2.965408558977840585e+03 0.000000000000000000e+00
