0.000000000000000000e+00 0.000000000000000000e+00 0.000000000000000000e+00 0.000000000000000000e+00 0.000000000000000000e+00 0.000000000000000000e+00 2.038477358028628838e-09 1.849932070250425786e-09 2.688503620055349516e-09 7.170088344439688502e-10 1.344342837678175952e-09 1.344521422975734012e-09 1.131820006386551418e-09 8.118401306682832708e-10 4.601494880965640539e-10 1.424015906640310702e-10 4.929325913576786101e-11 6.696979462111043755e-09 5.929496535727590140e-04 0.000000000000000000e+00
0.000000000000000000e+00 0.000000000000000000e+00 0.000000000000000000e+00 0.000000000000000000e+00 0.000000000000000000e+00 0.000000000000000000e+00 -4.530763280325073200e-10 5.748386829000701694e-10 5.642632140289636055e-10 1.487132469245794971e-10 7.313733981806509601e-11 4.817807112133619003e-10 3.593389324077334546e-10 2.820461744578568245e-10 1.181260868322654591e-10 5.209464833431845316e-11 3.367549233712437532e-07 1.191639479204934418e-08 5.929856636817396401e-04 0.000000000000000000e+00
0.000000000000000000e+00 0.000000000000000000e+00 0.000000000000000000e+00 0.000000000000000000e+00 0.000000000000000000e+00 0.000000000000000000e+00 -1.284370841102003307e-10 5.202253263473421085e-10 6.062894858348993072e-10 8.841810466722123444e-12 1.168110520068547891e-10 4.644695927014930745e-10 2.680465419155459986e-10 3.359316281163293367e-10 2.381076150968694077e-10 1.304373697180551114e-10 4.080493389548417437e-11 7.316266122558907306e-09 -6.625680964772891457e+02 0.000000000000000000e+00
0.000000000000000000e+00 0.000000000000000000e+00 0.000000000000000000e+00 0.000000000000000000e+00 0.000000000000000000e+00 0.000000000000000000e+00 -3.926032089803420053e-10 5.799039395047085559e-10 3.967052505668495068e-10 4.144188474326120632e-10 2.135903413665633232e-10 5.230992515851226424e-10 3.707087136713893437e-10 4.100695484076858746e-10 3.077517243727204338e-10 1.789470269971342935e-10 5.238547443224847412e-11 9.644538176816886612e-09 -1.156562072022319626e+03 0.000000000000000000e+00
0.000000000000000000e+00 0.000000000000000000e+00 0.000000000000000000e+00 0.000000000000000000e+00 0.000000000000000000e+00 0.000000000000000000e+00 -1.427139170866078615e-08 -7.284455827743393515e-09 -6.431674625224534255e-09 -3.326672243064664156e-09 -3.201004495814942346e-09 -2.619505251816893447e-09 -1.455234628969358285e-09 -6.629814132595248436e-10 -3.587409725492628796e-10 -1.026238162660604300e-10 1.139391264847508990e-11 1.801290328155812263e-10 1.334441181157313853e-09 0.000000000000000000e+00
0.000000000000000000e+00 0.000000000000000000e+00 0.000000000000000000e+00 0.000000000000000000e+00 0.000000000000000000e+00 0.000000000000000000e+00 -8.781242465841802151e-09 2.343254896925235515e-10 3.801210893101872271e-10 1.165561455367055424e-10 -1.031280281290763995e-10 7.534186124179468027e-11 8.277732184333488961e-11 1.030851478568147970e-10 4.809113939010965895e-12 -1.536773410762736289e-11 9.143817283111798043e-11 2.027907947314247223e-10 1.390867352945325007e-09 0.000000000000000000e+00
0.000000000000000000e+00 0.000000000000000000e+00 0.000000000000000000e+00 0.000000000000000000e+00 0.000000000000000000e+00 0.000000000000000000e+00 -7.608125820506578085e-09 -5.589650920725325925e-10 -1.826820702579359999e-09 -5.400336877489661466e-10 -5.180787286880399140e-10 -8.094374071391525694e-11 -2.953444982391542357e-10 -4.060342881070187788e-11 -6.454967575367037611e-11 -2.362751724733010323e-11 2.215814752450358120e-12 2.462889967662521160e-11 2.924377725888754711e-06 0.000000000000000000e+00
0.000000000000000000e+00 0.000000000000000000e+00 0.000000000000000000e+00 0.000000000000000000e+00 0.000000000000000000e+00 0.000000000000000000e+00 -3.924302153473651146e-09 2.006939383358250539e-09 8.280423423781171430e-11 5.499313811208905565e-10 5.876171311442676018e-10 7.590693996877921145e-10 1.999949327984373039e-10 1.810944703966632444e-10 5.496140386922771423e-11 2.079044693738841138e-11 1.689987246347020548e-12 -3.875149802890518742e-11 3.034314441617360473e-06 0.000000000000000000e+00
0.000000000000000000e+00 0.000000000000000000e+00 0.000000000000000000e+00 0.000000000000000000e+00 0.000000000000000000e+00 0.000000000000000000e+00 -2.873453273075675279e-08 -2.794072134188095912e-08 -2.786795337332057991e-08 -2.335217402708488977e-08 -1.690463363002267303e-08 -8.781350692978848250e-09 -5.613327426268083697e-09 -2.400075526875486940e-09 -1.733284891930367100e-09 -5.232201022629451016e-10 6.577352232295951300e-11 1.219494994441381889e-09 1.161207162530570621e-08 0.000000000000000000e+00
0.000000000000000000e+00 0.000000000000000000e+00 0.000000000000000000e+00 0.000000000000000000e+00 0.000000000000000000e+00 0.000000000000000000e+00 -9.929626492802425509e-09 -5.174912839351391661e-09 6.732433635507369266e-09 1.119115100887119369e-08 2.772069162118750661e-09 -1.842464114332234352e-09 7.926612730151402333e-10 -1.285528682029706958e-10 -1.177994223088862776e-11 1.156354554864365817e-10 1.119485045388996345e-09 1.380026073730908309e-09 1.210743773970070329e-08 0.000000000000000000e+00
0.000000000000000000e+00 0.000000000000000000e+00 0.000000000000000000e+00 0.000000000000000000e+00 0.000000000000000000e+00 0.000000000000000000e+00 -1.987805371425626261e-08 -7.489546341817168447e-09 -1.020816617730271443e-09 6.018510041759379564e-09 -3.372954073771410222e-09 2.112370262217813923e-11 3.744244102618267401e-10 -2.357791559425716835e-10 -2.148322771483829272e-10 -2.505753921793768928e-11 4.369167673231610637e-11 9.136948594837321922e-11 5.914389805139096194e-06 0.000000000000000000e+00
0.000000000000000000e+00 0.000000000000000000e+00 0.000000000000000000e+00 0.000000000000000000e+00 0.000000000000000000e+00 0.000000000000000000e+00 -1.184370392302314294e-08 7.394982320445046363e-10 9.151449993361312968e-09 1.604809903759858580e-08 2.443531684128198471e-09 2.374123579535420100e-09 2.546373142102425622e-09 4.312331909871031754e-10 3.523826220293017394e-10 2.489205561196788072e-10 5.901097914457457705e-11 -3.340349326874979953e-10 1.503576275857171156e-05 0.000000000000000000e+00
0.000000000000000000e+00 0.000000000000000000e+00 0.000000000000000000e+00 0.000000000000000000e+00 0.000000000000000000e+00 0.000000000000000000e+00 1.575831681936668212e-09 -7.875489261881629591e-10 3.890745384336098376e-10 -1.977556785223530508e-10 -5.240406086402974377e-11 -1.851600445967298094e-10 -4.440947140539434547e-11 -1.456607594870330585e-10 -1.741869564008251215e-10 -4.025762813157917984e-11 -7.357290991558615122e-11 -3.710203529263563662e-09 -4.593985773674640074e-06 0.000000000000000000e+00
0.000000000000000000e+00 0.000000000000000000e+00 0.000000000000000000e+00 0.000000000000000000e+00 0.000000000000000000e+00 0.000000000000000000e+00 -6.407045060547448017e-09 3.611387906309308674e-10 3.954711344397704546e-09 -1.944685011143359373e-09 5.239530251537161806e-10 -1.711254440002561767e-09 -1.601105006975770054e-10 -1.522971670573879617e-10 -6.043542548079609667e-11 -9.584557862648391682e-11 1.292510139457004630e-05 -6.958858490934792045e-09 -4.528764134641227099e-06 0.000000000000000000e+00
0.000000000000000000e+00 0.000000000000000000e+00 0.000000000000000000e+00 0.000000000000000000e+00 0.000000000000000000e+00 0.000000000000000000e+00 2.972599585212241687e-09 -1.677547205410606222e-10 8.071993290229919073e-11 -6.185771338791640711e-10 2.882345849945345591e-10 -1.236809806908265350e-10 4.565455788515896102e-11 -6.096059822594513216e-11 -9.664096719584969027e-11 -4.682733743329632266e-11 -4.733846810196906392e-11 -3.491862663575835444e-09 -2.723796469198880914e+03 0.000000000000000000e+00
0.000000000000000000e+00 0.000000000000000000e+00 0.000000000000000000e+00 0.000000000000000000e+00 0.000000000000000000e+00 0.000000000000000000e+00 2.196458739710594168e-09 -2.564785055395158227e-10 1.837912796736024741e-10 -8.069250294997036002e-10 4.287963777864810816e-10 -7.060593450558952234e-11 2.153030084485182471e-11 -1.016550174593513856e-10 -8.499485381830897001e-11 -6.323002817112062499e-11 -4.042578975851199608e-11 -2.712021332314941705e-09 -4.215317492519953703e+03 0.000000000000000000e+00
