0.000000000000000000e+00 0.000000000000000000e+00 0.000000000000000000e+00 0.000000000000000000e+00 0.000000000000000000e+00 0.000000000000000000e+00 3.987049088702754647e-09 3.261449729745431423e-09 2.857043188672503571e-09 1.223930974647779497e-09 7.211987865266724732e-10 8.027896510828151643e-10 9.754536162329361243e-10 7.006134181959536783e-10 4.219424884237702442e-10 1.391903720645998020e-10 4.108061343930665389e-11 6.287985150044183874e-09 3.911956678337314558e-04 0.000000000000000000e+00
0.000000000000000000e+00 0.000000000000000000e+00 0.000000000000000000e+00 0.000000000000000000e+00 0.000000000000000000e+00 0.000000000000000000e+00 2.203226811164825510e-09 -2.451914831915530138e-09 9.956411122095887050e-10 6.517987220777915153e-10 4.023870984203846752e-10 5.474528633302983485e-10 2.819227006346570411e-10 2.027749958141460387e-10 9.084564482941430486e-11 3.831452930177855011e-11 7.935722864470556903e-08 1.093561931173746015e-08 3.909353454005920492e-04 0.000000000000000000e+00
0.000000000000000000e+00 0.000000000000000000e+00 0.000000000000000000e+00 0.000000000000000000e+00 0.000000000000000000e+00 0.000000000000000000e+00 -1.667627962410977511e-10 -6.943441263321767286e-10 1.865958814213721639e-10 2.295248096939301167e-10 9.767679414054663567e-11 4.208078667388269322e-10 3.298836715177396432e-10 2.654004693276456349e-10 1.705985088299439151e-10 1.121435500999565899e-10 3.003075581052453111e-11 7.717914932321749276e-09 -8.475046828554195599e+03 0.000000000000000000e+00
0.000000000000000000e+00 0.000000000000000000e+00 0.000000000000000000e+00 0.000000000000000000e+00 0.000000000000000000e+00 0.000000000000000000e+00 -1.554865595193826564e-10 -1.570519847403066906e-09 5.355511293295177372e-10 3.956236773550841796e-10 1.278483599940795193e-10 6.356027030434683645e-10 4.254626603654859870e-10 3.314486303197892921e-10 2.319776839702149231e-10 1.497393596062596344e-10 4.014003443951604342e-11 1.010506384234100715e-08 -1.345694941727252808e+04 0.000000000000000000e+00
0.000000000000000000e+00 0.000000000000000000e+00 0.000000000000000000e+00 0.000000000000000000e+00 0.000000000000000000e+00 0.000000000000000000e+00 -1.053186530737474002e-08 -9.833952614813192951e-10 -1.352789046137668258e-08 -2.893905779559652269e-09 -4.466128756621341519e-09 -2.582366768989980968e-09 -1.266848089594034846e-09 -7.897488003909690025e-10 -3.125093125924380821e-10 -1.079775613344070131e-10 9.334082115256844908e-12 1.864310483811067494e-10 1.315148037164263879e-09 0.000000000000000000e+00
0.000000000000000000e+00 0.000000000000000000e+00 0.000000000000000000e+00 0.000000000000000000e+00 0.000000000000000000e+00 0.000000000000000000e+00 2.546641850810206843e-09 2.730948659339072135e-09 2.036114585254395640e-09 4.683370466701595754e-09 -1.036640563011159179e-09 -4.199314118412717227e-11 5.450277665728735559e-11 -5.580996254490310540e-11 3.477554520040011029e-12 -9.984098381188208551e-13 3.095954096242915501e-11 2.178385244377795183e-10 1.350060820631798610e-09 0.000000000000000000e+00
0.000000000000000000e+00 0.000000000000000000e+00 0.000000000000000000e+00 0.000000000000000000e+00 0.000000000000000000e+00 0.000000000000000000e+00 -5.009440045624988839e-10 -1.944317582473764413e-09 1.824319099511002964e-09 2.897612410736285115e-09 -1.548429380377631448e-09 -9.195235784056836281e-11 -4.800626574273364680e-11 -1.403066116848111903e-10 -6.918285980268447594e-11 -1.629737254355600283e-11 7.803013145504985128e-13 2.686362764320006177e-11 1.263205917460432081e-06 0.000000000000000000e+00
0.000000000000000000e+00 0.000000000000000000e+00 0.000000000000000000e+00 0.000000000000000000e+00 0.000000000000000000e+00 0.000000000000000000e+00 3.292536217005086300e-09 -1.507418965218881495e-09 6.534367413308512645e-09 4.843980060032305037e-09 -4.055207669989576450e-10 7.647660885060859555e-10 3.866470440353812842e-10 8.395025989869793019e-11 3.066953678640228807e-11 3.326646352861450626e-11 1.598935392209147117e-12 -3.594526327795664979e-11 2.463143535435373907e-06 0.000000000000000000e+00
0.000000000000000000e+00 0.000000000000000000e+00 0.000000000000000000e+00 0.000000000000000000e+00 0.000000000000000000e+00 0.000000000000000000e+00 -5.765914123926959128e-08 -5.087102550611760867e-08 -5.178966851730642274e-08 -3.184063775139399442e-08 -1.525503552762822257e-08 -1.205034688944062434e-08 -4.052815189057122408e-09 -2.450348463085427615e-09 -1.157428704189545521e-09 -4.958843197515547104e-10 5.598742567191833842e-11 1.310130384314674723e-09 2.692068407458203369e-08 0.000000000000000000e+00
0.000000000000000000e+00 0.000000000000000000e+00 0.000000000000000000e+00 0.000000000000000000e+00 0.000000000000000000e+00 0.000000000000000000e+00 1.075670456086204869e-08 -1.101464137006572408e-09 4.097948485015212753e-09 1.183467590196747872e-09 3.246423009464923344e-09 -1.033687141387380672e-09 -4.945268877537879949e-10 2.974089309087223711e-10 3.152009218381657936e-10 3.973257937498948087e-11 2.562430023789617855e-09 1.344204789550071657e-09 2.730813254325136473e-08 0.000000000000000000e+00
0.000000000000000000e+00 0.000000000000000000e+00 0.000000000000000000e+00 0.000000000000000000e+00 0.000000000000000000e+00 0.000000000000000000e+00 -6.249473856699339830e-09 -2.140446603095720856e-08 5.768227327846577490e-09 -1.094158335181799281e-10 -3.031576490954207707e-09 -1.183991168420919711e-10 -1.282874807396123484e-10 -7.620556886610739457e-12 2.783765304220404985e-10 -7.636212822417358039e-11 -1.395336416201656202e-11 -2.911226477332695261e-11 3.145067116187830387e-05 0.000000000000000000e+00
0.000000000000000000e+00 0.000000000000000000e+00 0.000000000000000000e+00 0.000000000000000000e+00 0.000000000000000000e+00 0.000000000000000000e+00 1.355756646093123445e-08 -8.069924945350421613e-09 2.381535781797482669e-08 1.053559688949187773e-08 2.157701294115772239e-09 3.617608208245985400e-09 1.166405996760695451e-09 8.179359375125104014e-10 7.849197147463114472e-10 1.597294838102429968e-10 -1.793989155516276893e-11 -4.957558451461340194e-10 5.993208872726121003e-05 0.000000000000000000e+00
0.000000000000000000e+00 0.000000000000000000e+00 0.000000000000000000e+00 0.000000000000000000e+00 0.000000000000000000e+00 0.000000000000000000e+00 3.445678351643763312e-09 -1.936033222048096980e-09 -6.210540477362358850e-10 1.081005654589284150e-10 8.159793142575588275e-10 -3.399996116189575684e-10 -8.519489525642655248e-11 -2.325664347092957181e-10 -1.659045091818404086e-10 -1.323373324837331444e-10 -3.835953260772600153e-11 -3.513603588914544661e-09 -2.058464076106070450e-05 0.000000000000000000e+00
0.000000000000000000e+00 0.000000000000000000e+00 0.000000000000000000e+00 0.000000000000000000e+00 0.000000000000000000e+00 0.000000000000000000e+00 2.317658168932851762e-09 -7.214027614214056389e-09 -2.504852118918228935e-09 -1.697516680500690401e-09 1.451184066981523524e-09 -1.245332598351672056e-10 -6.175733184751653037e-10 -4.902701064778085768e-10 -9.436618330555543221e-11 -7.082372357911980121e-11 6.237450659191886685e-06 -4.850996544610367857e-09 -2.052813539199229250e-05 0.000000000000000000e+00
0.000000000000000000e+00 0.000000000000000000e+00 0.000000000000000000e+00 0.000000000000000000e+00 0.000000000000000000e+00 0.000000000000000000e+00 2.607102770790740780e-09 -1.575005124139922228e-09 -1.476101323710482716e-10 -5.793390822586805866e-10 6.489112536693452501e-10 -4.271418872636084976e-10 -1.641483670026766958e-10 -2.540577169218739220e-10 -1.453435880649586897e-10 -1.652308544436485727e-10 -2.183314308141012283e-11 -2.913437298888800089e-09 -1.976853216872537359e+03 0.000000000000000000e+00
0.000000000000000000e+00 0.000000000000000000e+00 0.000000000000000000e+00 0.000000000000000000e+00 0.000000000000000000e+00 0.000000000000000000e+00 2.432053914759712572e-09 -1.736314685246551582e-09 3.007552798472299316e-11 -9.640818223194498878e-10 7.494530297495110846e-10 -3.943545680864314180e-10 -2.653906695879873724e-10 -3.209520337652823170e-10 -1.401422847914043987e-10 -1.888649153170576645e-10 -1.142154223147609586e-11 -2.719232188498646470e-09 -3.060825176899733378e+03 0.000000000000000000e+00
