0.000000000000000000e+00 0.000000000000000000e+00 0.000000000000000000e+00 0.000000000000000000e+00 0.000000000000000000e+00 0.000000000000000000e+00 4.639764657279683989e-09 1.953028019732962623e-09 1.438777936083029098e-09 3.253757331768477034e-09 3.309162934597597437e-09 2.271506602434971464e-09 3.055419948567686070e-09 2.087686088394461052e-09 1.339975040128445629e-09 4.759001051792972221e-10 1.230125284980957844e-10 1.465761983218866733e-08 2.687977606945779474e-04 0.000000000000000000e+00
0.000000000000000000e+00 0.000000000000000000e+00 0.000000000000000000e+00 0.000000000000000000e+00 0.000000000000000000e+00 0.000000000000000000e+00 2.667079812762663758e-09 3.039281768826876014e-09 -7.146127944662294684e-10 4.106762965371644253e-10 5.769657745628906964e-10 1.079178557265665755e-09 8.051146275190103794e-10 5.078413295374816565e-10 3.429020504643732576e-10 2.984757817865104687e-10 7.931343698082537956e-07 2.429764934940430769e-08 2.688733687338969169e-04 0.000000000000000000e+00
0.000000000000000000e+00 0.000000000000000000e+00 0.000000000000000000e+00 0.000000000000000000e+00 0.000000000000000000e+00 0.000000000000000000e+00 2.331550668350509385e-09 3.994928765199739671e-10 4.000099762346581982e-11 9.482639174818468171e-10 2.934414745246067151e-10 6.024773847436046216e-10 7.528484794603297826e-10 7.304655907886768665e-10 5.298053625792108401e-10 2.652835883551699685e-10 7.619643313092046857e-11 7.888119795205720096e-09 -4.580037525997078774e+03 0.000000000000000000e+00
0.000000000000000000e+00 0.000000000000000000e+00 0.000000000000000000e+00 0.000000000000000000e+00 0.000000000000000000e+00 0.000000000000000000e+00 2.637585564500747884e-09 1.174363807969539686e-09 1.888072855786495399e-10 9.451952067410336698e-10 1.480234877510589803e-10 7.103883804242000195e-10 8.130181114753078569e-10 7.828202164397134581e-10 5.513855197136606717e-10 2.729490516001094271e-10 7.355984075959340420e-11 9.390271919901441794e-09 -6.699375468104655738e+03 0.000000000000000000e+00
0.000000000000000000e+00 0.000000000000000000e+00 0.000000000000000000e+00 0.000000000000000000e+00 0.000000000000000000e+00 0.000000000000000000e+00 -3.201834839844749560e-08 -1.650522672110654469e-08 -3.601971589726804962e-09 -8.731550323996796391e-09 -9.811182938806109432e-09 -4.113061480282921658e-09 -2.168160767973586175e-09 -1.184098142990372750e-09 -5.497298339360671772e-10 -1.847818934724475233e-10 1.682136985261637930e-11 3.194640670257652315e-10 2.739286608115991882e-09 0.000000000000000000e+00
0.000000000000000000e+00 0.000000000000000000e+00 0.000000000000000000e+00 0.000000000000000000e+00 0.000000000000000000e+00 0.000000000000000000e+00 -2.393743800635723889e-09 3.961512632175562594e-09 2.569902199857574662e-09 8.527083225477643740e-10 -1.287736031412383431e-09 7.445786224270068609e-11 4.966137281960181253e-11 -2.373720843332362153e-11 2.837427044181223619e-11 -3.428306157313515769e-11 -8.983995992011744564e-12 3.600145860526777860e-10 2.785969713678279241e-09 0.000000000000000000e+00
0.000000000000000000e+00 0.000000000000000000e+00 0.000000000000000000e+00 0.000000000000000000e+00 0.000000000000000000e+00 0.000000000000000000e+00 -1.200096802058861887e-08 3.239359004176888581e-09 1.325876420771833081e-09 -1.642184822896735401e-09 -1.795908324735964505e-09 -3.471453563343468357e-10 -3.674613654252787009e-10 -2.700683522967767483e-10 -7.246958428676686021e-11 -5.057270552169189464e-11 4.407208612177524533e-12 6.013378689508815165e-11 -2.031625395695362446e-06 0.000000000000000000e+00
0.000000000000000000e+00 0.000000000000000000e+00 0.000000000000000000e+00 0.000000000000000000e+00 0.000000000000000000e+00 0.000000000000000000e+00 -2.926459515314697405e-09 9.475391499613879901e-09 3.419730907862934901e-09 1.200697047375919527e-09 1.007720908471245769e-09 1.049876000234237350e-09 3.243240532131367895e-10 8.066179330435721956e-11 1.202010315222877225e-10 2.576363252524702892e-11 5.563772256153759596e-12 -4.342940917562686513e-11 -2.947092730486225510e-06 0.000000000000000000e+00
0.000000000000000000e+00 0.000000000000000000e+00 0.000000000000000000e+00 0.000000000000000000e+00 0.000000000000000000e+00 0.000000000000000000e+00 -1.533794621543919725e-07 -6.600957909008765978e-08 -4.857631942140827657e-09 -4.085795302124863796e-08 -2.987379570337540256e-08 -1.258657764056973141e-08 -8.405372153968069938e-09 -3.462175341268050151e-09 -1.945967836483241983e-09 -5.832990359336835124e-10 1.065195943886175386e-10 2.229067619840883726e-09 -2.419884535515723620e-08 0.000000000000000000e+00
0.000000000000000000e+00 0.000000000000000000e+00 0.000000000000000000e+00 0.000000000000000000e+00 0.000000000000000000e+00 0.000000000000000000e+00 -1.226085323564730310e-08 6.596702713028840073e-08 1.785618972187543366e-08 -1.866547581259441528e-09 -2.079991868292947191e-09 2.062409970871680226e-09 1.760296271062958459e-10 -2.827280072731411215e-11 2.607712241039405208e-10 8.656225205744728377e-11 -6.112269946620027533e-10 2.658149642311856919e-09 -2.415270113480405801e-08 0.000000000000000000e+00
0.000000000000000000e+00 0.000000000000000000e+00 0.000000000000000000e+00 0.000000000000000000e+00 0.000000000000000000e+00 0.000000000000000000e+00 -5.250615956382036248e-08 3.520807463803585631e-08 1.104147016207027861e-08 -1.031289550022534803e-08 -3.293009944415106429e-09 1.148717009214765362e-09 -2.963161384975185692e-11 -1.613365410711181930e-10 2.085933852796716614e-10 -8.124896059789189619e-11 6.074034464617593627e-11 -6.047524707846070190e-11 -7.911458658847556221e-05 0.000000000000000000e+00
0.000000000000000000e+00 0.000000000000000000e+00 0.000000000000000000e+00 0.000000000000000000e+00 0.000000000000000000e+00 0.000000000000000000e+00 -2.743220937469543679e-09 7.036735475504711247e-08 1.765338176848651831e-08 1.742415565491263041e-09 5.737851303728062068e-09 5.754653923408723897e-09 2.769976143860773850e-09 9.349512740647399227e-10 9.584097778575710436e-10 2.104252509206258382e-10 8.024383548032074611e-11 -8.337389024222498605e-10 -1.128679426440978449e-04 0.000000000000000000e+00
0.000000000000000000e+00 0.000000000000000000e+00 0.000000000000000000e+00 0.000000000000000000e+00 0.000000000000000000e+00 0.000000000000000000e+00 -1.304321085766484864e-09 -2.132594816266034689e-09 1.043520632711480103e-09 -8.294547226520922111e-10 -3.538915042741190159e-10 -6.488385177476458482e-10 2.100919973657457185e-10 -1.383268896710556869e-11 -2.310360687564242707e-10 -1.669643960005905963e-10 -2.067790380327089277e-10 -6.695350956701779207e-09 -3.442908304524473133e-05 0.000000000000000000e+00
0.000000000000000000e+00 0.000000000000000000e+00 0.000000000000000000e+00 0.000000000000000000e+00 0.000000000000000000e+00 0.000000000000000000e+00 -7.790332045266931837e-09 5.099344831030141267e-10 3.097250592423105842e-09 3.825225534410408507e-09 -2.164115484836340058e-09 -2.293005291125087263e-09 -2.327285726738139180e-11 -4.751623342522438233e-10 -2.022801761571491394e-10 -2.197646134918099197e-10 3.118270482829224964e-07 -8.807417090594628538e-09 -3.440007400327863251e-05 0.000000000000000000e+00
0.000000000000000000e+00 0.000000000000000000e+00 0.000000000000000000e+00 0.000000000000000000e+00 0.000000000000000000e+00 0.000000000000000000e+00 -2.516701055348359309e-09 7.514311960182122962e-10 8.015627988591593588e-10 -8.792910108718569443e-11 -8.759621827052003700e-11 -7.082198802783674144e-10 3.338924278012110788e-10 -1.002740415103430825e-10 -2.014384308663136383e-10 -2.431033327073342428e-10 -1.658586581518000991e-10 -5.706821327025103529e-09 1.737660060001533566e+03 0.000000000000000000e+00
0.000000000000000000e+00 0.000000000000000000e+00 0.000000000000000000e+00 0.000000000000000000e+00 0.000000000000000000e+00 0.000000000000000000e+00 -3.682371606582600813e-09 2.140508180471839789e-09 9.220209504040191851e-10 5.289833550944237233e-10 -4.915081782292721699e-11 -8.603370688009338995e-10 2.461044199686326916e-10 -1.889848248680840177e-10 -2.226986184723749896e-10 -3.283824151330975087e-10 -1.447508799565625828e-10 -5.487442341660591039e-09 3.006846354122276807e+03 0.000000000000000000e+00
