0.000000000000000000e+00 0.000000000000000000e+00 0.000000000000000000e+00 0.000000000000000000e+00 0.000000000000000000e+00 0.000000000000000000e+00 4.156291347976618968e-09 1.822411443257464260e-09 4.498396527387378311e-09 2.412939366746156050e-09 3.010786718404855777e-09 3.485045903668668038e-09 3.053889499838746034e-09 2.352991517526275750e-09 1.449632505710532202e-09 5.089442605157182181e-10 1.387102689134781215e-10 1.699757042689960559e-08 3.274300478734431391e-04 0.000000000000000000e+00
0.000000000000000000e+00 0.000000000000000000e+00 0.000000000000000000e+00 0.000000000000000000e+00 0.000000000000000000e+00 0.000000000000000000e+00 -8.874121084177131204e-11 -3.636115252264202807e-09 -1.194942378587641904e-09 1.118748406973132559e-09 -2.195752671366154641e-10 1.142482834724778691e-09 8.606154714963169490e-10 4.790315659844476975e-10 2.702838162731742278e-10 3.210523548074783537e-10 8.443529072189296120e-07 2.818426297456276406e-08 3.275287199277290839e-04 0.000000000000000000e+00
0.000000000000000000e+00 0.000000000000000000e+00 0.000000000000000000e+00 0.000000000000000000e+00 0.000000000000000000e+00 0.000000000000000000e+00 -7.296093130118303231e-10 -4.515179741390723662e-11 7.117281453506343034e-10 7.400691688942925103e-10 5.533746788865018672e-10 1.083873378933744403e-09 1.012749688413479483e-09 7.248161270100840340e-10 5.172882716519145552e-10 2.627710980740944593e-10 7.383350054553566574e-11 7.499579702693519458e-09 -3.916621124801742553e+03 0.000000000000000000e+00
0.000000000000000000e+00 0.000000000000000000e+00 0.000000000000000000e+00 0.000000000000000000e+00 0.000000000000000000e+00 0.000000000000000000e+00 -2.002166689391516288e-09 -8.638403582250148911e-10 3.462089494908482711e-10 1.029578434220672854e-09 3.712512839369916127e-10 9.113569385732681891e-10 9.753884447959716420e-10 7.071641641963072950e-10 4.503381499618923554e-10 2.634199385321080818e-10 6.535667235645876292e-11 8.532369817555725957e-09 -5.703504877016712271e+03 0.000000000000000000e+00
0.000000000000000000e+00 0.000000000000000000e+00 0.000000000000000000e+00 0.000000000000000000e+00 0.000000000000000000e+00 0.000000000000000000e+00 -9.744308277715860286e-09 -4.809342881955094181e-09 -1.305482695821004422e-08 -1.073157684968926929e-08 -4.071100819347718525e-09 -4.674486719392092068e-09 -2.275863161920507054e-09 -1.182471618823983810e-09 -5.678068245101115340e-10 -1.746490385280613881e-10 2.169074570491746816e-11 2.990230455024636626e-10 5.261716993978586892e-09 0.000000000000000000e+00
0.000000000000000000e+00 0.000000000000000000e+00 0.000000000000000000e+00 0.000000000000000000e+00 0.000000000000000000e+00 0.000000000000000000e+00 -7.304054477033849357e-09 -6.510021234405354380e-09 -2.818100140144511163e-09 -2.622987128464082448e-09 7.474635269250245530e-10 -1.475323624759147336e-10 3.382769938802757300e-11 8.764057970870908980e-11 -3.458178724440610168e-11 -3.363245142096816029e-11 1.201770078019969209e-10 3.438565139821495777e-10 5.292127804865134454e-09 0.000000000000000000e+00
0.000000000000000000e+00 0.000000000000000000e+00 0.000000000000000000e+00 0.000000000000000000e+00 0.000000000000000000e+00 0.000000000000000000e+00 -1.661448149446464089e-09 -3.409685336041951070e-09 -2.766995645910456603e-09 -7.254854122892587091e-10 -7.363576755301325577e-12 -1.126557070855915277e-09 -4.126836409441264749e-10 -1.943620632534760538e-10 -1.711836799401928791e-10 -5.259418646282040855e-11 8.207804718864331387e-12 4.311306108855856691e-11 7.079853381832679921e-06 0.000000000000000000e+00
0.000000000000000000e+00 0.000000000000000000e+00 0.000000000000000000e+00 0.000000000000000000e+00 0.000000000000000000e+00 0.000000000000000000e+00 1.683903968203678504e-09 -2.596747020622393144e-09 1.088975499977517138e-09 2.564027597983736034e-09 1.470661212579923370e-09 2.306723418773498832e-10 2.720524401511207990e-10 1.878184665440873897e-10 -9.240353259237877713e-13 2.180142768609491156e-11 8.806350328745978401e-12 -5.505531178750249307e-11 9.290469039210558260e-06 0.000000000000000000e+00
0.000000000000000000e+00 0.000000000000000000e+00 0.000000000000000000e+00 0.000000000000000000e+00 0.000000000000000000e+00 0.000000000000000000e+00 -8.962024089208342841e-08 -6.493441789645004870e-08 -7.254711701152027868e-08 -4.227291276782285557e-08 -2.311846431088009823e-08 -9.779430098195488163e-09 -9.703698941516412040e-09 -4.113883318034508196e-09 -1.442757709962897045e-09 -4.424516006792899737e-10 5.477835400475003642e-11 1.929749519776560951e-09 -5.447470910210194171e-09 0.000000000000000000e+00
0.000000000000000000e+00 0.000000000000000000e+00 0.000000000000000000e+00 0.000000000000000000e+00 0.000000000000000000e+00 0.000000000000000000e+00 -8.788441865915003035e-08 -5.241904989725722338e-08 -1.199235825270749118e-08 1.352726716924442404e-09 9.431128246793972583e-09 -2.695843584303313140e-09 -1.088031610354880233e-10 -1.806054632249938587e-10 3.477618533904027533e-11 2.434647686754127365e-10 -2.234274964245603082e-09 2.181436867207155958e-09 -5.594683431254340958e-09 0.000000000000000000e+00
0.000000000000000000e+00 0.000000000000000000e+00 0.000000000000000000e+00 0.000000000000000000e+00 0.000000000000000000e+00 0.000000000000000000e+00 -4.708259878322315918e-08 -2.555138379464124429e-08 -6.694290001266495460e-09 9.462059839087895243e-09 4.819081221502045764e-09 -1.308874838832466310e-09 -1.223309102907350749e-09 -3.298203504098329028e-10 1.588931546897372950e-10 2.026552247385688478e-10 -5.332601538121830396e-12 -1.028023619645513168e-11 1.120521894051008737e-04 0.000000000000000000e+00
0.000000000000000000e+00 0.000000000000000000e+00 0.000000000000000000e+00 0.000000000000000000e+00 0.000000000000000000e+00 0.000000000000000000e+00 -2.785309052185317084e-08 -1.046931861582036849e-08 1.488788469824673313e-08 2.623399544774092134e-08 1.434722228541205356e-08 1.631166470690494036e-09 1.760877324078736690e-09 9.604581329337763200e-10 6.249920926701232327e-10 4.894825508796602959e-10 1.753237965485072793e-11 -7.303512767507299987e-10 1.461209668377744090e-04 0.000000000000000000e+00
0.000000000000000000e+00 0.000000000000000000e+00 0.000000000000000000e+00 0.000000000000000000e+00 0.000000000000000000e+00 0.000000000000000000e+00 1.828275363534750408e-09 -2.253247016748183658e-09 -4.688536492299615948e-11 4.829979014252237576e-10 -3.339161829715851528e-10 -5.794242440467082994e-10 -1.217596923773020524e-09 -6.087440920778955140e-11 -1.373402127432805947e-10 -2.200743065570055755e-10 -8.629759596172081832e-11 -5.180712738312672107e-09 1.771992646329324314e-05 0.000000000000000000e+00
0.000000000000000000e+00 0.000000000000000000e+00 0.000000000000000000e+00 0.000000000000000000e+00 0.000000000000000000e+00 0.000000000000000000e+00 4.440693189430770533e-09 -9.517462554117453128e-09 -1.759609296717935793e-09 -1.824647373619806178e-10 -1.465561973308069330e-09 -3.534116226153758760e-11 -1.413571392816268019e-09 1.655967759644274876e-10 6.007566527443974015e-13 8.251742916185357616e-11 5.821610166371645991e-06 -7.862888338349097191e-09 1.773778796337630994e-05 0.000000000000000000e+00
0.000000000000000000e+00 0.000000000000000000e+00 0.000000000000000000e+00 0.000000000000000000e+00 0.000000000000000000e+00 0.000000000000000000e+00 2.533579880553769436e-09 -2.680235513978199731e-09 -8.470324233743391171e-10 8.513831753522331394e-10 -2.505050389770945757e-10 -4.479060888395783160e-10 -1.020883359322362651e-09 -2.062623287340368122e-10 -2.824556481076106300e-12 -2.366711344196359793e-10 -7.954231872843159507e-11 -5.239727905364051425e-09 -1.392239435318017286e+03 0.000000000000000000e+00
0.000000000000000000e+00 0.000000000000000000e+00 0.000000000000000000e+00 0.000000000000000000e+00 0.000000000000000000e+00 0.000000000000000000e+00 3.562312188370349463e-09 -2.380766185722069639e-09 -8.190652849737420116e-10 1.082703509612390730e-09 -2.997450925958979755e-10 -3.433990892693838861e-10 -1.037379800906555135e-09 -2.255301102325667868e-10 3.364345075127869483e-11 -2.433680126469261939e-10 -7.911978653618390120e-11 -5.033556518533973267e-09 -2.647101416348316889e+03 0.000000000000000000e+00
