0.000000000000000000e+00 0.000000000000000000e+00 0.000000000000000000e+00 0.000000000000000000e+00 0.000000000000000000e+00 0.000000000000000000e+00 6.898339462382147460e-09 6.849389304903418151e-09 2.394830744830201327e-09 3.719797352236783954e-09 3.392792583881771404e-09 4.015209643306492249e-09 3.447372611122176072e-09 2.424964402126636714e-09 1.266036418808461920e-09 2.727800014081673694e-10 2.742097107543983323e-09 2.676544044678171228e-07 5.388925548953298430e-07 0.000000000000000000e+00
0.000000000000000000e+00 0.000000000000000000e+00 0.000000000000000000e+00 0.000000000000000000e+00 0.000000000000000000e+00 0.000000000000000000e+00 2.398738937315185314e-10 1.233875888937801221e-09 1.055692995254702460e-09 1.774876581981281658e-10 4.996698404571503641e-10 4.062590383306025600e-10 3.419194978101814378e-10 3.177511607078250277e-10 3.443693553223264788e-10 6.040479568398831408e-10 2.907268361863447697e-04 2.619497774455423195e-07 5.415094024083018934e-07 0.000000000000000000e+00
0.000000000000000000e+00 0.000000000000000000e+00 0.000000000000000000e+00 0.000000000000000000e+00 0.000000000000000000e+00 0.000000000000000000e+00 5.964849863647102528e-10 8.315365593033360642e-10 5.888108389888831384e-10 3.452227409199589248e-10 5.683930255834588464e-10 5.990511674720773751e-10 6.232959866170020372e-10 6.126324765585194740e-10 4.510743711623630908e-10 1.861152903108336472e-10 9.704836874970106516e-10 3.571906798143515273e-06 7.926641428887556629e+00 0.000000000000000000e+00
0.000000000000000000e+00 0.000000000000000000e+00 0.000000000000000000e+00 0.000000000000000000e+00 0.000000000000000000e+00 0.000000000000000000e+00 4.085932165432559626e-10 6.491256402704498310e-10 4.979312188462135458e-10 2.000111671172165829e-10 3.657230734847973366e-10 3.262161791514423302e-10 3.836472707300607703e-10 3.963146380223794245e-10 2.572585701898416604e-10 1.130589574315036592e-10 4.751291143016573994e-10 5.219818767259048488e-06 2.963733461210630082e+01 0.000000000000000000e+00
0.000000000000000000e+00 0.000000000000000000e+00 0.000000000000000000e+00 0.000000000000000000e+00 0.000000000000000000e+00 0.000000000000000000e+00 -1.010839881277032365e-08 -1.461790521484939597e-08 -7.757766959070877529e-09 -1.090632289117895311e-08 -2.937689572793631255e-09 -2.760327823760468456e-09 -1.626643849482431712e-09 -8.439008730478274100e-10 -4.623665841580187109e-10 -8.578345768784133919e-11 2.097437739935110638e-10 1.089700895845503311e-09 1.301975349582930936e-10 0.000000000000000000e+00
0.000000000000000000e+00 0.000000000000000000e+00 0.000000000000000000e+00 0.000000000000000000e+00 0.000000000000000000e+00 0.000000000000000000e+00 1.521342427569599545e-09 -2.635475696448870158e-09 -6.382324099973343696e-09 1.078347647025200751e-11 4.434811306680907451e-10 1.918020927393805267e-10 1.359207356806907504e-10 -5.247413846247664015e-11 -1.637417939710114391e-10 -1.319095521524724573e-10 2.379463166047318093e-09 1.034466243928426775e-09 1.325792307625388298e-10 0.000000000000000000e+00
0.000000000000000000e+00 0.000000000000000000e+00 0.000000000000000000e+00 0.000000000000000000e+00 0.000000000000000000e+00 0.000000000000000000e+00 -2.143684039831401969e-09 -2.922833217695343499e-09 -3.926227347815060707e-09 -2.262514208258968253e-09 -4.211227423327423793e-10 -4.265257689431266863e-10 -3.697934903067056547e-10 -2.712213701162826957e-10 -2.211267318385951587e-10 -6.366511455179364799e-11 8.022881898035346572e-11 7.052969057296661516e-10 -1.825785155423484439e-07 0.000000000000000000e+00
0.000000000000000000e+00 0.000000000000000000e+00 0.000000000000000000e+00 0.000000000000000000e+00 0.000000000000000000e+00 0.000000000000000000e+00 -7.430920706647412190e-11 -1.084069024411204423e-09 -3.583340384855049950e-09 -8.273144035126060997e-10 7.835419042745837191e-11 3.809861524682678973e-11 -7.224573176085077672e-11 -1.008972652939350891e-10 -9.728371125219957745e-11 -8.098334493240394397e-12 1.924926078184320256e-11 5.599208219735856285e-10 -2.566854114945602840e-07 0.000000000000000000e+00
0.000000000000000000e+00 0.000000000000000000e+00 0.000000000000000000e+00 0.000000000000000000e+00 0.000000000000000000e+00 0.000000000000000000e+00 -4.599669756034495590e-08 -8.070931741231933011e-08 -1.531963134428214874e-08 -2.289266061278476417e-08 -1.180773102844127943e-08 -8.866777361137380050e-09 -2.154193458473413870e-09 -2.731524216261241832e-10 -2.108829241280572081e-10 -1.427620507690683189e-10 1.048546202102495852e-10 1.077003013542946779e-09 -4.321991735027757035e-10 0.000000000000000000e+00
0.000000000000000000e+00 0.000000000000000000e+00 0.000000000000000000e+00 0.000000000000000000e+00 0.000000000000000000e+00 0.000000000000000000e+00 6.041933185928944572e-09 -3.113762119941051369e-08 -1.194816399381184018e-08 3.406123777802615492e-09 5.042044800455091790e-10 2.009320004134573210e-09 -1.060045033540281181e-09 4.160235328608644137e-10 -1.351305986769532903e-10 -1.348031501755848903e-10 1.469667780286936783e-08 9.558648256231527231e-10 -4.414076109596149500e-10 0.000000000000000000e+00
0.000000000000000000e+00 0.000000000000000000e+00 0.000000000000000000e+00 0.000000000000000000e+00 0.000000000000000000e+00 0.000000000000000000e+00 -1.059489578811054076e-08 -2.979276028222624331e-08 -7.044610786206197889e-09 -2.106834088073473268e-09 -1.391290104649103173e-09 -1.141762864508978390e-09 -1.368815081968028566e-09 4.150085375281253258e-10 -1.227548274939171344e-10 -1.081431504020383898e-10 5.460470664182938654e-11 -1.412389127821374982e-08 -2.825388101707208577e-06 0.000000000000000000e+00
0.000000000000000000e+00 0.000000000000000000e+00 0.000000000000000000e+00 0.000000000000000000e+00 0.000000000000000000e+00 0.000000000000000000e+00 -1.713235917147166142e-09 -2.102911180794447932e-08 -5.927957550553364716e-09 1.376281088757390283e-09 3.817490184342100984e-10 3.928804349798867063e-10 -1.193726488847110662e-09 5.379187901144643499e-10 -9.553963808938388156e-11 -3.601804708956735490e-11 2.856131310997256840e-11 -1.819351273362736600e-08 -4.115680129925705007e-06 0.000000000000000000e+00
0.000000000000000000e+00 0.000000000000000000e+00 0.000000000000000000e+00 0.000000000000000000e+00 0.000000000000000000e+00 0.000000000000000000e+00 1.691306721783777244e-09 1.586880703992408340e-09 -3.377632426304622020e-10 -3.051218413496718875e-10 6.263906834986988239e-10 -8.888962503250908162e-10 -1.786562840744936181e-10 -7.157622477592929466e-10 -1.285784593988890119e-10 -6.430728289916846443e-11 -6.809690824308933755e-10 -1.512217514539910242e-07 -6.203734795366817261e-07 0.000000000000000000e+00
0.000000000000000000e+00 0.000000000000000000e+00 0.000000000000000000e+00 0.000000000000000000e+00 0.000000000000000000e+00 0.000000000000000000e+00 -3.707309092309503129e-09 -1.036359381891022288e-08 1.813768749457711090e-10 -1.241826338258578918e-10 -1.881693158119537595e-09 -2.361444592491000276e-09 -6.001159738555470782e-10 -3.809842233957534236e-10 -2.512264344777108829e-10 3.617506498530316331e-10 1.691021277965314411e-03 -1.564301534739382846e-07 -6.127199128503640054e-07 0.000000000000000000e+00
0.000000000000000000e+00 0.000000000000000000e+00 0.000000000000000000e+00 0.000000000000000000e+00 0.000000000000000000e+00 0.000000000000000000e+00 -2.202536931548197866e-09 -5.456375538830575183e-09 -1.528925996714137078e-09 5.562203341527661633e-10 -1.673384959028643083e-10 -1.293554347223931495e-09 -5.512341745499687483e-11 -3.771178525787804587e-10 -1.549414656741387019e-10 -7.798487796187342002e-11 -3.042525618991897686e-10 -8.456563863591868877e-06 -1.512568635349122701e+02 0.000000000000000000e+00
0.000000000000000000e+00 0.000000000000000000e+00 0.000000000000000000e+00 0.000000000000000000e+00 0.000000000000000000e+00 0.000000000000000000e+00 -2.450853700429714135e-09 -6.956247816218895847e-09 -2.038822772009536792e-09 6.824378720325886256e-10 -4.308117459833134370e-10 -1.319475968200622965e-09 -1.380662612029420436e-10 -2.993124443809237164e-10 -1.946993150653295187e-10 -9.811802617189970274e-11 -1.692616226163745493e-10 -1.214798534829136090e-05 -6.546257320908324573e+02 0.000000000000000000e+00
