0.000000000000000000e+00 0.000000000000000000e+00 0.000000000000000000e+00 0.000000000000000000e+00 0.000000000000000000e+00 0.000000000000000000e+00 2.972770868097134912e-09 2.024493999626122158e-09 1.720870216447783517e-09 1.701287950567547843e-09 1.498795771071692317e-09 1.610400805873069191e-09 1.257287350953641113e-09 8.811840093071865310e-10 4.834092489173766644e-10 1.259498607030347212e-10 9.332930004600492310e-10 1.400537154504546258e-07 8.749809359351701872e-07 0.000000000000000000e+00
0.000000000000000000e+00 0.000000000000000000e+00 0.000000000000000000e+00 0.000000000000000000e+00 0.000000000000000000e+00 0.000000000000000000e+00 1.556894155385714928e-10 1.357440753553572512e-10 -6.379345267155495157e-11 5.075674006385858465e-10 5.362818678509153779e-10 5.690294367043193301e-10 3.250462583537620156e-10 2.536037543501380222e-10 1.896079986713049914e-10 2.400937369754058269e-10 5.604006477269410407e-05 1.372950426445769914e-07 8.755838770361068881e-07 0.000000000000000000e+00
0.000000000000000000e+00 0.000000000000000000e+00 0.000000000000000000e+00 0.000000000000000000e+00 0.000000000000000000e+00 0.000000000000000000e+00 -8.931076072498260197e-12 5.277630659491719172e-10 1.920908069636181278e-10 2.961833009572352964e-10 3.458061724837477911e-10 4.356371017897410297e-10 3.950046570448408660e-10 3.312510619514885186e-10 2.301811152439700240e-10 9.927581183324987966e-11 4.040600808704669670e-10 6.445263413531625079e-06 1.076672757741490116e+01 0.000000000000000000e+00
0.000000000000000000e+00 0.000000000000000000e+00 0.000000000000000000e+00 0.000000000000000000e+00 0.000000000000000000e+00 0.000000000000000000e+00 -1.023449997922838554e-10 3.730198262987563483e-10 7.933833556952980982e-11 2.668995656263642738e-10 2.602391135370815696e-10 3.559458363279294429e-10 3.285279747123951714e-10 2.792010150394082290e-10 1.849552402667611906e-10 8.348579561725795081e-11 2.795086998404691703e-10 9.605009122254567491e-06 4.249661512165066313e+01 0.000000000000000000e+00
0.000000000000000000e+00 0.000000000000000000e+00 0.000000000000000000e+00 0.000000000000000000e+00 0.000000000000000000e+00 0.000000000000000000e+00 -7.999083183630394533e-09 -7.719695037609627072e-09 -6.610165630852835110e-09 -2.831401967027816242e-09 -1.797555486579857266e-09 -2.086627517872562163e-09 -7.765880029252485356e-10 -6.523771353990813846e-10 -2.476912260787144262e-10 -4.542005246088154108e-11 1.331447126298257337e-10 7.081157036999707171e-10 7.343779161575229642e-11 0.000000000000000000e+00
0.000000000000000000e+00 0.000000000000000000e+00 0.000000000000000000e+00 0.000000000000000000e+00 0.000000000000000000e+00 0.000000000000000000e+00 -9.019666598198681339e-10 -5.314267956208383264e-10 -3.868166645981521387e-10 1.205282074368222028e-09 1.562282631411166234e-10 -2.869094863700106269e-10 1.150175163588106270e-10 -6.302321207064988259e-11 -8.804401680726066110e-11 -7.247049058462511808e-11 1.032762648229610229e-09 6.747560770608924179e-10 7.437757915875645574e-11 0.000000000000000000e+00
0.000000000000000000e+00 0.000000000000000000e+00 0.000000000000000000e+00 0.000000000000000000e+00 0.000000000000000000e+00 0.000000000000000000e+00 -2.915088844823617212e-09 -1.586066696911653009e-09 -2.212801147169115547e-10 -2.373614509218692618e-10 -3.433628973887017366e-10 -5.578551631356927298e-10 -1.664963979570947315e-10 -2.377870727713859135e-10 -1.211150834973532544e-10 -3.103585046435666701e-11 5.088125057962697555e-11 7.392545155211477308e-10 3.016721767812326283e-08 0.000000000000000000e+00
0.000000000000000000e+00 0.000000000000000000e+00 0.000000000000000000e+00 0.000000000000000000e+00 0.000000000000000000e+00 0.000000000000000000e+00 -1.906194334444695857e-09 -6.796016024295619151e-10 5.646054607507092308e-10 2.983740560667647861e-10 -1.162335035602659159e-10 -2.644941341730827912e-10 -1.575832961793261746e-11 -1.112783746058353856e-10 -5.497327658732420982e-11 1.826858527419938803e-12 1.274848829319137557e-11 7.184381229563394281e-10 7.317364482022211412e-08 0.000000000000000000e+00
0.000000000000000000e+00 0.000000000000000000e+00 0.000000000000000000e+00 0.000000000000000000e+00 0.000000000000000000e+00 0.000000000000000000e+00 -8.077888160959292628e-08 -3.797712872942904424e-08 -4.011232000988782411e-08 -2.370316983429636578e-08 -8.475386441142088162e-09 -9.380809892269668333e-09 -2.297242003546471567e-09 -6.431740428885225247e-10 -1.164413512196995829e-10 1.381093108166497286e-11 2.272018636269966462e-11 1.656540228983552544e-09 2.719976623254358383e-11 0.000000000000000000e+00
0.000000000000000000e+00 0.000000000000000000e+00 0.000000000000000000e+00 0.000000000000000000e+00 0.000000000000000000e+00 0.000000000000000000e+00 -5.860849441230791469e-09 -8.992049229222075373e-09 -5.856868456157388739e-09 2.657017677159192940e-09 3.453197360266592301e-09 -1.032542389904111083e-09 5.949860918521260314e-10 -1.682276768769342077e-10 -7.476664366728151902e-11 -1.925613135070450043e-11 -1.907851317635942904e-09 1.642679043241420990e-09 3.323019619002172162e-11 0.000000000000000000e+00
0.000000000000000000e+00 0.000000000000000000e+00 0.000000000000000000e+00 0.000000000000000000e+00 0.000000000000000000e+00 0.000000000000000000e+00 -1.557323425671920394e-08 -1.030366885841791134e-08 -9.821219013738622339e-09 -3.969264106716206611e-09 2.872864596470708249e-10 -2.327445012908058664e-09 1.431989366166331228e-10 -3.270814834984762847e-10 -1.058682899986195521e-10 5.846067725455809888e-12 -6.808790284350932410e-11 -8.872625132474491173e-09 2.924650967303619212e-06 0.000000000000000000e+00
0.000000000000000000e+00 0.000000000000000000e+00 0.000000000000000000e+00 0.000000000000000000e+00 0.000000000000000000e+00 0.000000000000000000e+00 -6.274337811186184063e-09 -7.060503075902162382e-09 -5.081129658902970680e-09 -7.357011754356090427e-10 1.779717312793192207e-09 -1.154512184464911431e-09 6.049885400118414072e-10 -2.249385601654890588e-10 -9.733293040939989951e-11 2.198116004808579788e-11 -1.174488394615907192e-10 -1.092493434445433630e-08 6.365724419926289454e-06 0.000000000000000000e+00
0.000000000000000000e+00 0.000000000000000000e+00 0.000000000000000000e+00 0.000000000000000000e+00 0.000000000000000000e+00 0.000000000000000000e+00 -2.153795191670096707e-09 -2.231800135244412813e-09 -1.476801253223472899e-09 9.222097356528387754e-10 2.579445611620232587e-10 -3.058662449600253821e-10 -4.479851682692540858e-10 -3.255560070983671683e-10 -9.721624357599453788e-11 -5.317794845841828245e-11 -5.139352199213486605e-10 -7.604166581849843484e-08 -2.708116528701518813e-06 0.000000000000000000e+00
0.000000000000000000e+00 0.000000000000000000e+00 0.000000000000000000e+00 0.000000000000000000e+00 0.000000000000000000e+00 0.000000000000000000e+00 -2.254486118688331660e-09 -6.381092403260615979e-09 -2.974016860702748666e-10 -2.259232279194236424e-09 -1.982083230487663875e-09 -1.463397752507184063e-09 -7.101766484784343394e-10 -4.298141488364631593e-10 -2.671646980988612107e-10 -7.834677489246878123e-11 2.338311246881023472e-03 -6.394302394205365546e-08 -2.710868647061967279e-06 0.000000000000000000e+00
0.000000000000000000e+00 0.000000000000000000e+00 0.000000000000000000e+00 0.000000000000000000e+00 0.000000000000000000e+00 0.000000000000000000e+00 -9.964430516091200957e-10 -2.419697119295089732e-09 -9.322527289245875760e-10 -5.705062030946715335e-10 -5.227309932519387536e-10 -6.658539799550739373e-10 -4.793862746887771074e-10 -3.534092967829409044e-10 -2.248191425872762512e-10 -6.329768137618321132e-11 -3.032399165900631454e-10 -8.801878777835223558e-06 -3.302966470994943649e+01 0.000000000000000000e+00
0.000000000000000000e+00 0.000000000000000000e+00 0.000000000000000000e+00 0.000000000000000000e+00 0.000000000000000000e+00 0.000000000000000000e+00 -1.236628983464900875e-09 -2.345458415465512801e-09 -1.186348618029389840e-09 -7.512837359988682625e-10 -6.295697208395323031e-10 -7.917134530776732371e-10 -5.525422714155872865e-10 -3.934132432419739358e-10 -3.140113029561892763e-10 -9.651038934612489625e-11 -1.987910011789696201e-10 -1.261956294178622317e-05 -1.593370359121765887e+02 0.000000000000000000e+00
